62.1469586375 4.03163017032 3.5897810219 1.0603406326 1.37420924574 3.87883211679 0.258880778589 ;
40.9140305173 6.52791216971 2.01711946409 0.0 0.0 5.44045403796 0.148306661705 ;
56.8497547927 3.33883192153 3.8898796255 1.77886758805 0.0 26.1502452073 3.81899242086 ;
40.6067073171 27.0823170732 7.12195121951 0.701219512195 0.0396341463415 4.90243902439 0.0701219512195 ;
40.9951033732 7.59339862169 1.99782372144 0.0 0.0 5.380304679 0.141820819732 ;
51.1787610619 7.31150442478 10.2442477876 2.00353982301 1.29380530973 9.71504424779 0.872566371681 ;
62.5396182765 3.997686524 2.2967032967 0.774436090226 1.21804511278 2.92018507808 0.124349334876 ;
57.1729014599 3.11359489051 3.87910583942 1.79197080292 0.0 26.125 3.84489051095 ;
40.9130029806 6.4945976155 2.01788375559 0.0 0.0 5.44020119225 0.14847242921 ;
62.1469586375 4.03163017032 3.5897810219 1.0603406326 1.37420924574 3.87883211679 0.258880778589 ;
56.8497547927 3.33883192153 3.8898796255 1.77886758805 0.0 26.1502452073 3.81899242086 ;
40.628742515 27.248502994 7.01796407186 0.688622754491 0.0389221556886 4.91616766467 0.0688622754491 ;
62.1469586375 4.03163017032 3.5897810219 1.0603406326 1.37420924574 3.87883211679 0.258880778589 ;
40.628742515 27.248502994 7.01796407186 0.688622754491 0.0389221556886 4.91616766467 0.0688622754491 ;
56.8497547927 3.33883192153 3.8898796255 1.77886758805 0.0 26.1502452073 3.81899242086 ;
40.9130029806 6.4945976155 2.01788375559 0.0 0.0 5.44020119225 0.14847242921 ;
40.9951033732 7.59339862169 1.99782372144 0.0 0.0 5.380304679 0.141820819732 ;
51.1787610619 7.31150442478 10.2442477876 2.00353982301 1.29380530973 9.71504424779 0.872566371681 ;
57.1729014599 3.11359489051 3.87910583942 1.79197080292 0.0 26.125 3.84489051095 ;
62.5396182765 3.997686524 2.2967032967 0.774436090226 1.21804511278 2.92018507808 0.124349334876 ;
56.2931242461 6.22798552473 8.25211097708 1.66103739445 1.68998793727 5.58504221954 0.371531966224 ;
41.4617794486 7.46971595656 1.94987468672 0.0 0.0 4.24185463659 0.0 ;
52.3108245674 4.43739395996 3.49372242959 1.35324058364 0.0 22.9752290465 3.16287750254 ;
62.0271587744 3.99233983287 1.95334261838 0.720055710306 1.0 3.35863509749 0.201253481894 ;
41.4617794486 7.46971595656 1.94987468672 0.0 0.0 4.24185463659 0.0 ;
62.0271587744 3.99233983287 1.95334261838 0.720055710306 1.0 3.35863509749 0.201253481894 ;
52.3108245674 4.43739395996 3.49372242959 1.35324058364 0.0 22.9752290465 3.16287750254 ;
56.2931242461 6.22798552473 8.25211097708 1.66103739445 1.68998793727 5.58504221954 0.371531966224 ;
40.9951033732 7.59339862169 1.99782372144 0.0 0.0 5.380304679 0.141820819732 ;
51.1787610619 7.31150442478 10.2442477876 2.00353982301 1.29380530973 9.71504424779 0.872566371681 ;
57.1729014599 3.11359489051 3.87910583942 1.79197080292 0.0 26.125 3.84489051095 ;
62.5396182765 3.997686524 2.2967032967 0.774436090226 1.21804511278 2.92018507808 0.124349334876 ;
56.2931242461 6.22798552473 8.25211097708 1.66103739445 1.68998793727 5.58504221954 0.371531966224 ;
41.4617794486 7.46971595656 1.94987468672 0.0 0.0 4.24185463659 0.0 ;
52.3108245674 4.43739395996 3.49372242959 1.35324058364 0.0 22.9752290465 3.16287750254 ;
62.0271587744 3.99233983287 1.95334261838 0.720055710306 1.0 3.35863509749 0.201253481894 ;
56.2931242461 6.22798552473 8.25211097708 1.66103739445 1.68998793727 5.58504221954 0.371531966224 ;
62.0271587744 3.99233983287 1.95334261838 0.720055710306 1.0 3.35863509749 0.201253481894 ;
52.3108245674 4.43739395996 3.49372242959 1.35324058364 0.0 22.9752290465 3.16287750254 ;
41.4617794486 7.46971595656 1.94987468672 0.0 0.0 4.24185463659 0.0 ;
62.0271587744 3.99233983287 1.95334261838 0.720055710306 1.0 3.35863509749 0.201253481894 ;
52.3108245674 4.43739395996 3.49372242959 1.35324058364 0.0 22.9752290465 3.16287750254 ;
56.2931242461 6.22798552473 8.25211097708 1.66103739445 1.68998793727 5.58504221954 0.371531966224 ;
41.4617794486 7.46971595656 1.94987468672 0.0 0.0 4.24185463659 0.0 ;
52.3108245674 4.43739395996 3.49372242959 1.35324058364 0.0 22.9752290465 3.16287750254 ;
62.0271587744 3.99233983287 1.95334261838 0.720055710306 1.0 3.35863509749 0.201253481894 ;
56.2931242461 6.22798552473 8.25211097708 1.66103739445 1.68998793727 5.58504221954 0.371531966224 ;
41.4617794486 7.46971595656 1.94987468672 0.0 0.0 4.24185463659 0.0 ;
40.9951033732 7.59339862169 1.99782372144 0.0 0.0 5.380304679 0.141820819732 ;
51.1787610619 7.31150442478 10.2442477876 2.00353982301 1.29380530973 9.71504424779 0.872566371681 ;
62.5396182765 3.997686524 2.2967032967 0.774436090226 1.21804511278 2.92018507808 0.124349334876 ;
57.1729014599 3.11359489051 3.87910583942 1.79197080292 0.0 26.125 3.84489051095 ;
62.0271587744 3.99233983287 1.95334261838 0.720055710306 1.0 3.35863509749 0.201253481894 ;
52.3108245674 4.43739395996 3.49372242959 1.35324058364 0.0 22.9752290465 3.16287750254 ;
56.2931242461 6.22798552473 8.25211097708 1.66103739445 1.68998793727 5.58504221954 0.371531966224 ;
41.4617794486 7.46971595656 1.94987468672 0.0 0.0 4.24185463659 0.0 ;
40.9130029806 6.4945976155 2.01788375559 0.0 0.0 5.44020119225 0.14847242921 ;
62.1469586375 4.03163017032 3.5897810219 1.0603406326 1.37420924574 3.87883211679 0.258880778589 ;
56.8497547927 3.33883192153 3.8898796255 1.77886758805 0.0 26.1502452073 3.81899242086 ;
40.628742515 27.248502994 7.01796407186 0.688622754491 0.0389221556886 4.91616766467 0.0688622754491 ;
56.2931242461 6.22798552473 8.25211097708 1.66103739445 1.68998793727 5.58504221954 0.371531966224 ;
41.4617794486 7.46971595656 1.94987468672 0.0 0.0 4.24185463659 0.0 ;
52.3108245674 4.43739395996 3.49372242959 1.35324058364 0.0 22.9752290465 3.16287750254 ;
62.0271587744 3.99233983287 1.95334261838 0.720055710306 1.0 3.35863509749 0.201253481894 ;
40.9130029806 6.4945976155 2.01788375559 0.0 0.0 5.44020119225 0.14847242921 ;
62.1469586375 4.03163017032 3.5897810219 1.0603406326 1.37420924574 3.87883211679 0.258880778589 ;
56.8497547927 3.33883192153 3.8898796255 1.77886758805 0.0 26.1502452073 3.81899242086 ;
40.628742515 27.248502994 7.01796407186 0.688622754491 0.0389221556886 4.91616766467 0.0688622754491 ;
62.5396182765 3.997686524 2.2967032967 0.774436090226 1.21804511278 2.92018507808 0.124349334876 ;
40.9951033732 7.59339862169 1.99782372144 0.0 0.0 5.380304679 0.141820819732 ;
57.1729014599 3.11359489051 3.87910583942 1.79197080292 0.0 26.125 3.84489051095 ;
51.1787610619 7.31150442478 10.2442477876 2.00353982301 1.29380530973 9.71504424779 0.872566371681 ;
40.9951033732 7.59339862169 1.99782372144 0.0 0.0 5.380304679 0.141820819732 ;
57.1729014599 3.11359489051 3.87910583942 1.79197080292 0.0 26.125 3.84489051095 ;
62.5396182765 3.997686524 2.2967032967 0.774436090226 1.21804511278 2.92018507808 0.124349334876 ;
51.1787610619 7.31150442478 10.2442477876 2.00353982301 1.29380530973 9.71504424779 0.872566371681 ;
62.5396182765 3.997686524 2.2967032967 0.774436090226 1.21804511278 2.92018507808 0.124349334876 ;
40.9951033732 7.59339862169 1.99782372144 0.0 0.0 5.380304679 0.141820819732 ;
57.1729014599 3.11359489051 3.87910583942 1.79197080292 0.0 26.125 3.84489051095 ;
51.1787610619 7.31150442478 10.2442477876 2.00353982301 1.29380530973 9.71504424779 0.872566371681 ;
62.0271587744 3.99233983287 1.95334261838 0.720055710306 1.0 3.35863509749 0.201253481894 ;
56.2931242461 6.22798552473 8.25211097708 1.66103739445 1.68998793727 5.58504221954 0.371531966224 ;
52.3108245674 4.43739395996 3.49372242959 1.35324058364 0.0 22.9752290465 3.16287750254 ;
41.4617794486 7.46971595656 1.94987468672 0.0 0.0 4.24185463659 0.0 ;
56.2931242461 6.22798552473 8.25211097708 1.66103739445 1.68998793727 5.58504221954 0.371531966224 ;
62.0271587744 3.99233983287 1.95334261838 0.720055710306 1.0 3.35863509749 0.201253481894 ;
41.4617794486 7.46971595656 1.94987468672 0.0 0.0 4.24185463659 0.0 ;
52.3108245674 4.43739395996 3.49372242959 1.35324058364 0.0 22.9752290465 3.16287750254 ;
56.2931242461 6.22798552473 8.25211097708 1.66103739445 1.68998793727 5.58504221954 0.371531966224 ;
41.4617794486 7.46971595656 1.94987468672 0.0 0.0 4.24185463659 0.0 ;
52.3108245674 4.43739395996 3.49372242959 1.35324058364 0.0 22.9752290465 3.16287750254 ;
62.0271587744 3.99233983287 1.95334261838 0.720055710306 1.0 3.35863509749 0.201253481894 ;
41.4617794486 7.46971595656 1.94987468672 0.0 0.0 4.24185463659 0.0 ;
56.2931242461 6.22798552473 8.25211097708 1.66103739445 1.68998793727 5.58504221954 0.371531966224 ;
52.3108245674 4.43739395996 3.49372242959 1.35324058364 0.0 22.9752290465 3.16287750254 ;
62.0271587744 3.99233983287 1.95334261838 0.720055710306 1.0 3.35863509749 0.201253481894 ;
51.1787610619 7.31150442478 10.2442477876 2.00353982301 1.29380530973 9.71504424779 0.872566371681 ;
62.5396182765 3.997686524 2.2967032967 0.774436090226 1.21804511278 2.92018507808 0.124349334876 ;
40.9951033732 7.59339862169 1.99782372144 0.0 0.0 5.380304679 0.141820819732 ;
57.1729014599 3.11359489051 3.87910583942 1.79197080292 0.0 26.125 3.84489051095 ;
51.1787610619 7.31150442478 10.2442477876 2.00353982301 1.29380530973 9.71504424779 0.872566371681 ;
40.9951033732 7.59339862169 1.99782372144 0.0 0.0 5.380304679 0.141820819732 ;
62.5396182765 3.997686524 2.2967032967 0.774436090226 1.21804511278 2.92018507808 0.124349334876 ;
57.1729014599 3.11359489051 3.87910583942 1.79197080292 0.0 26.125 3.84489051095 ;
62.1469586375 4.03163017032 3.5897810219 1.0603406326 1.37420924574 3.87883211679 0.258880778589 ;
40.9130029806 6.4945976155 2.01788375559 0.0 0.0 5.44020119225 0.14847242921 ;
40.628742515 27.248502994 7.01796407186 0.688622754491 0.0389221556886 4.91616766467 0.0688622754491 ;
56.8497547927 3.33883192153 3.8898796255 1.77886758805 0.0 26.1502452073 3.81899242086 ;
56.8497547927 3.33883192153 3.8898796255 1.77886758805 0.0 26.1502452073 3.81899242086 ;
40.628742515 27.248502994 7.01796407186 0.688622754491 0.0389221556886 4.91616766467 0.0688622754491 ;
40.9130029806 6.4945976155 2.01788375559 0.0 0.0 5.44020119225 0.14847242921 ;
62.1469586375 4.03163017032 3.5897810219 1.0603406326 1.37420924574 3.87883211679 0.258880778589 ;
40.9130029806 6.4945976155 2.01788375559 0.0 0.0 5.44020119225 0.14847242921 ;
56.8497547927 3.33883192153 3.8898796255 1.77886758805 0.0 26.1502452073 3.81899242086 ;
62.1469586375 4.03163017032 3.5897810219 1.0603406326 1.37420924574 3.87883211679 0.258880778589 ;
40.628742515 27.248502994 7.01796407186 0.688622754491 0.0389221556886 4.91616766467 0.0688622754491 ;
56.8497547927 3.33883192153 3.8898796255 1.77886758805 0.0 26.1502452073 3.81899242086 ;
40.9130029806 6.4945976155 2.01788375559 0.0 0.0 5.44020119225 0.14847242921 ;
62.1469586375 4.03163017032 3.5897810219 1.0603406326 1.37420924574 3.87883211679 0.258880778589 ;
40.628742515 27.248502994 7.01796407186 0.688622754491 0.0389221556886 4.91616766467 0.0688622754491 ;
40.9130029806 6.4945976155 2.01788375559 0.0 0.0 5.44020119225 0.14847242921 ;
62.1469586375 4.03163017032 3.5897810219 1.0603406326 1.37420924574 3.87883211679 0.258880778589 ;
56.8497547927 3.33883192153 3.8898796255 1.77886758805 0.0 26.1502452073 3.81899242086 ;
40.628742515 27.248502994 7.01796407186 0.688622754491 0.0389221556886 4.91616766467 0.0688622754491 ;
41.4617794486 7.46971595656 1.94987468672 0.0 0.0 4.24185463659 0.0 ;
56.2931242461 6.22798552473 8.25211097708 1.66103739445 1.68998793727 5.58504221954 0.371531966224 ;
52.3108245674 4.43739395996 3.49372242959 1.35324058364 0.0 22.9752290465 3.16287750254 ;
62.0271587744 3.99233983287 1.95334261838 0.720055710306 1.0 3.35863509749 0.201253481894 ;
40.628742515 27.248502994 7.01796407186 0.688622754491 0.0389221556886 4.91616766467 0.0688622754491 ;
56.8497547927 3.33883192153 3.8898796255 1.77886758805 0.0 26.1502452073 3.81899242086 ;
62.1469586375 4.03163017032 3.5897810219 1.0603406326 1.37420924574 3.87883211679 0.258880778589 ;
40.9130029806 6.4945976155 2.01788375559 0.0 0.0 5.44020119225 0.14847242921 ;
62.5396182765 3.997686524 2.2967032967 0.774436090226 1.21804511278 2.92018507808 0.124349334876 ;
40.9951033732 7.59339862169 1.99782372144 0.0 0.0 5.380304679 0.141820819732 ;
51.1787610619 7.31150442478 10.2442477876 2.00353982301 1.29380530973 9.71504424779 0.872566371681 ;
57.1729014599 3.11359489051 3.87910583942 1.79197080292 0.0 26.125 3.84489051095 ;
62.1469586375 4.03163017032 3.5897810219 1.0603406326 1.37420924574 3.87883211679 0.258880778589 ;
40.628742515 27.248502994 7.01796407186 0.688622754491 0.0389221556886 4.91616766467 0.0688622754491 ;
56.8497547927 3.33883192153 3.8898796255 1.77886758805 0.0 26.1502452073 3.81899242086 ;
40.9130029806 6.4945976155 2.01788375559 0.0 0.0 5.44020119225 0.14847242921 ;
51.1787610619 7.31150442478 10.2442477876 2.00353982301 1.29380530973 9.71504424779 0.872566371681 ;
40.9951033732 7.59339862169 1.99782372144 0.0 0.0 5.380304679 0.141820819732 ;
62.5396182765 3.997686524 2.2967032967 0.774436090226 1.21804511278 2.92018507808 0.124349334876 ;
57.1729014599 3.11359489051 3.87910583942 1.79197080292 0.0 26.125 3.84489051095 ;
40.9130029806 6.4945976155 2.01788375559 0.0 0.0 5.44020119225 0.14847242921 ;
62.1469586375 4.03163017032 3.5897810219 1.0603406326 1.37420924574 3.87883211679 0.258880778589 ;
56.8497547927 3.33883192153 3.8898796255 1.77886758805 0.0 26.1502452073 3.81899242086 ;
40.628742515 27.248502994 7.01796407186 0.688622754491 0.0389221556886 4.91616766467 0.0688622754491 ;
52.3108245674 4.43739395996 3.49372242959 1.35324058364 0.0 22.9752290465 3.16287750254 ;
62.0271587744 3.99233983287 1.95334261838 0.720055710306 1.0 3.35863509749 0.201253481894 ;
41.4617794486 7.46971595656 1.94987468672 0.0 0.0 4.24185463659 0.0 ;
56.2931242461 6.22798552473 8.25211097708 1.66103739445 1.68998793727 5.58504221954 0.371531966224 ;
62.1469586375 4.03163017032 3.5897810219 1.0603406326 1.37420924574 3.87883211679 0.258880778589 ;
40.9130029806 6.4945976155 2.01788375559 0.0 0.0 5.44020119225 0.14847242921 ;
56.8497547927 3.33883192153 3.8898796255 1.77886758805 0.0 26.1502452073 3.81899242086 ;
40.628742515 27.248502994 7.01796407186 0.688622754491 0.0389221556886 4.91616766467 0.0688622754491 ;
41.4617794486 7.46971595656 1.94987468672 0.0 0.0 4.24185463659 0.0 ;
62.0271587744 3.99233983287 1.95334261838 0.720055710306 1.0 3.35863509749 0.201253481894 ;
52.3108245674 4.43739395996 3.49372242959 1.35324058364 0.0 22.9752290465 3.16287750254 ;
56.2931242461 6.22798552473 8.25211097708 1.66103739445 1.68998793727 5.58504221954 0.371531966224 ;
40.9130029806 6.4945976155 2.01788375559 0.0 0.0 5.44020119225 0.14847242921 ;
56.8497547927 3.33883192153 3.8898796255 1.77886758805 0.0 26.1502452073 3.81899242086 ;
62.1469586375 4.03163017032 3.5897810219 1.0603406326 1.37420924574 3.87883211679 0.258880778589 ;
40.628742515 27.248502994 7.01796407186 0.688622754491 0.0389221556886 4.91616766467 0.0688622754491 ;
52.3108245674 4.43739395996 3.49372242959 1.35324058364 0.0 22.9752290465 3.16287750254 ;
41.4617794486 7.46971595656 1.94987468672 0.0 0.0 4.24185463659 0.0 ;
56.2931242461 6.22798552473 8.25211097708 1.66103739445 1.68998793727 5.58504221954 0.371531966224 ;
62.0271587744 3.99233983287 1.95334261838 0.720055710306 1.0 3.35863509749 0.201253481894 ;
40.9130029806 6.4945976155 2.01788375559 0.0 0.0 5.44020119225 0.14847242921 ;
56.8497547927 3.33883192153 3.8898796255 1.77886758805 0.0 26.1502452073 3.81899242086 ;
62.1469586375 4.03163017032 3.5897810219 1.0603406326 1.37420924574 3.87883211679 0.258880778589 ;
40.628742515 27.248502994 7.01796407186 0.688622754491 0.0389221556886 4.91616766467 0.0688622754491 ;
40.9130029806 6.4945976155 2.01788375559 0.0 0.0 5.44020119225 0.14847242921 ;
56.8497547927 3.33883192153 3.8898796255 1.77886758805 0.0 26.1502452073 3.81899242086 ;
62.1469586375 4.03163017032 3.5897810219 1.0603406326 1.37420924574 3.87883211679 0.258880778589 ;
40.628742515 27.248502994 7.01796407186 0.688622754491 0.0389221556886 4.91616766467 0.0688622754491 ;
40.9130029806 6.4945976155 2.01788375559 0.0 0.0 5.44020119225 0.14847242921 ;
56.8497547927 3.33883192153 3.8898796255 1.77886758805 0.0 26.1502452073 3.81899242086 ;
62.1469586375 4.03163017032 3.5897810219 1.0603406326 1.37420924574 3.87883211679 0.258880778589 ;
40.628742515 27.248502994 7.01796407186 0.688622754491 0.0389221556886 4.91616766467 0.0688622754491 ;
40.9951033732 7.59339862169 1.99782372144 0.0 0.0 5.380304679 0.141820819732 ;
51.1787610619 7.31150442478 10.2442477876 2.00353982301 1.29380530973 9.71504424779 0.872566371681 ;
62.5396182765 3.997686524 2.2967032967 0.774436090226 1.21804511278 2.92018507808 0.124349334876 ;
57.1729014599 3.11359489051 3.87910583942 1.79197080292 0.0 26.125 3.84489051095 ;
62.1469586375 4.03163017032 3.5897810219 1.0603406326 1.37420924574 3.87883211679 0.258880778589 ;
56.8497547927 3.33883192153 3.8898796255 1.77886758805 0.0 26.1502452073 3.81899242086 ;
40.9130029806 6.4945976155 2.01788375559 0.0 0.0 5.44020119225 0.14847242921 ;
40.628742515 27.248502994 7.01796407186 0.688622754491 0.0389221556886 4.91616766467 0.0688622754491 ;
56.2931242461 6.22798552473 8.25211097708 1.66103739445 1.68998793727 5.58504221954 0.371531966224 ;
41.4617794486 7.46971595656 1.94987468672 0.0 0.0 4.24185463659 0.0 ;
52.3108245674 4.43739395996 3.49372242959 1.35324058364 0.0 22.9752290465 3.16287750254 ;
62.0271587744 3.99233983287 1.95334261838 0.720055710306 1.0 3.35863509749 0.201253481894 ;
40.628742515 27.248502994 7.01796407186 0.688622754491 0.0389221556886 4.91616766467 0.0688622754491 ;
40.9130029806 6.4945976155 2.01788375559 0.0 0.0 5.44020119225 0.14847242921 ;
56.8497547927 3.33883192153 3.8898796255 1.77886758805 0.0 26.1502452073 3.81899242086 ;
62.1469586375 4.03163017032 3.5897810219 1.0603406326 1.37420924574 3.87883211679 0.258880778589 ;
62.0271587744 3.99233983287 1.95334261838 0.720055710306 1.0 3.35863509749 0.201253481894 ;
52.3108245674 4.43739395996 3.49372242959 1.35324058364 0.0 22.9752290465 3.16287750254 ;
41.4617794486 7.46971595656 1.94987468672 0.0 0.0 4.24185463659 0.0 ;
56.2931242461 6.22798552473 8.25211097708 1.66103739445 1.68998793727 5.58504221954 0.371531966224 ;
56.8497547927 3.33883192153 3.8898796255 1.77886758805 0.0 26.1502452073 3.81899242086 ;
40.9130029806 6.4945976155 2.01788375559 0.0 0.0 5.44020119225 0.14847242921 ;
62.1469586375 4.03163017032 3.5897810219 1.0603406326 1.37420924574 3.87883211679 0.258880778589 ;
40.628742515 27.248502994 7.01796407186 0.688622754491 0.0389221556886 4.91616766467 0.0688622754491 ;
62.1469586375 4.03163017032 3.5897810219 1.0603406326 1.37420924574 3.87883211679 0.258880778589 ;
56.8497547927 3.33883192153 3.8898796255 1.77886758805 0.0 26.1502452073 3.81899242086 ;
40.628742515 27.248502994 7.01796407186 0.688622754491 0.0389221556886 4.91616766467 0.0688622754491 ;
40.9130029806 6.4945976155 2.01788375559 0.0 0.0 5.44020119225 0.14847242921 ;
62.537037037 3.99710648148 2.29456018519 0.773726851852 1.2181712963 2.91550925926 0.123842592593 ;
40.9951033732 7.59339862169 1.99782372144 0.0 0.0 5.380304679 0.141820819732 ;
57.1729014599 3.11359489051 3.87910583942 1.79197080292 0.0 26.125 3.84489051095 ;
51.2067137809 7.3074204947 10.2367491166 2.0035335689 1.29328621908 9.71731448763 0.872791519435 ;
56.2931242461 6.22798552473 8.25211097708 1.66103739445 1.68998793727 5.58504221954 0.371531966224 ;
41.4617794486 7.46971595656 1.94987468672 0.0 0.0 4.24185463659 0.0 ;
52.3108245674 4.43739395996 3.49372242959 1.35324058364 0.0 22.9752290465 3.16287750254 ;
62.0271587744 3.99233983287 1.95334261838 0.720055710306 1.0 3.35863509749 0.201253481894 ;
40.9951033732 7.59339862169 1.99782372144 0.0 0.0 5.380304679 0.141820819732 ;
51.1787610619 7.31150442478 10.2442477876 2.00353982301 1.29380530973 9.71504424779 0.872566371681 ;
57.1729014599 3.11359489051 3.87910583942 1.79197080292 0.0 26.125 3.84489051095 ;
62.5396182765 3.997686524 2.2967032967 0.774436090226 1.21804511278 2.92018507808 0.124349334876 ;
40.9951033732 7.59339862169 1.99782372144 0.0 0.0 5.380304679 0.141820819732 ;
62.5396182765 3.997686524 2.2967032967 0.774436090226 1.21804511278 2.92018507808 0.124349334876 ;
57.1729014599 3.11359489051 3.87910583942 1.79197080292 0.0 26.125 3.84489051095 ;
51.1787610619 7.31150442478 10.2442477876 2.00353982301 1.29380530973 9.71504424779 0.872566371681 ;
40.628742515 27.248502994 7.01796407186 0.688622754491 0.0389221556886 4.91616766467 0.0688622754491 ;
62.1469586375 4.03163017032 3.5897810219 1.0603406326 1.37420924574 3.87883211679 0.258880778589 ;
40.9130029806 6.4945976155 2.01788375559 0.0 0.0 5.44020119225 0.14847242921 ;
56.8497547927 3.33883192153 3.8898796255 1.77886758805 0.0 26.1502452073 3.81899242086 ;
41.4617794486 7.46971595656 1.94987468672 0.0 0.0 4.24185463659 0.0 ;
56.2931242461 6.22798552473 8.25211097708 1.66103739445 1.68998793727 5.58504221954 0.371531966224 ;
52.3108245674 4.43739395996 3.49372242959 1.35324058364 0.0 22.9752290465 3.16287750254 ;
62.0271587744 3.99233983287 1.95334261838 0.720055710306 1.0 3.35863509749 0.201253481894 ;
62.0271587744 3.99233983287 1.95334261838 0.720055710306 1.0 3.35863509749 0.201253481894 ;
52.3108245674 4.43739395996 3.49372242959 1.35324058364 0.0 22.9752290465 3.16287750254 ;
56.2931242461 6.22798552473 8.25211097708 1.66103739445 1.68998793727 5.58504221954 0.371531966224 ;
41.4617794486 7.46971595656 1.94987468672 0.0 0.0 4.24185463659 0.0 ;
57.1729014599 3.11359489051 3.87910583942 1.79197080292 0.0 26.125 3.84489051095 ;
62.5396182765 3.997686524 2.2967032967 0.774436090226 1.21804511278 2.92018507808 0.124349334876 ;
40.9951033732 7.59339862169 1.99782372144 0.0 0.0 5.380304679 0.141820819732 ;
51.1787610619 7.31150442478 10.2442477876 2.00353982301 1.29380530973 9.71504424779 0.872566371681 ;
56.2931242461 6.22798552473 8.25211097708 1.66103739445 1.68998793727 5.58504221954 0.371531966224 ;
41.4617794486 7.46971595656 1.94987468672 0.0 0.0 4.24185463659 0.0 ;
52.3108245674 4.43739395996 3.49372242959 1.35324058364 0.0 22.9752290465 3.16287750254 ;
62.0271587744 3.99233983287 1.95334261838 0.720055710306 1.0 3.35863509749 0.201253481894 ;
62.5396182765 3.997686524 2.2967032967 0.774436090226 1.21804511278 2.92018507808 0.124349334876 ;
40.9951033732 7.59339862169 1.99782372144 0.0 0.0 5.380304679 0.141820819732 ;
57.1729014599 3.11359489051 3.87910583942 1.79197080292 0.0 26.125 3.84489051095 ;
51.1787610619 7.31150442478 10.2442477876 2.00353982301 1.29380530973 9.71504424779 0.872566371681 ;
40.9951033732 7.59339862169 1.99782372144 0.0 0.0 5.380304679 0.141820819732 ;
51.1787610619 7.31150442478 10.2442477876 2.00353982301 1.29380530973 9.71504424779 0.872566371681 ;
57.1729014599 3.11359489051 3.87910583942 1.79197080292 0.0 26.125 3.84489051095 ;
62.5396182765 3.997686524 2.2967032967 0.774436090226 1.21804511278 2.92018507808 0.124349334876 ;
41.4617794486 7.46971595656 1.94987468672 0.0 0.0 4.24185463659 0.0 ;
56.2931242461 6.22798552473 8.25211097708 1.66103739445 1.68998793727 5.58504221954 0.371531966224 ;
52.3108245674 4.43739395996 3.49372242959 1.35324058364 0.0 22.9752290465 3.16287750254 ;
62.0271587744 3.99233983287 1.95334261838 0.720055710306 1.0 3.35863509749 0.201253481894 ;
62.1469586375 4.03163017032 3.5897810219 1.0603406326 1.37420924574 3.87883211679 0.258880778589 ;
40.9130029806 6.4945976155 2.01788375559 0.0 0.0 5.44020119225 0.14847242921 ;
56.8497547927 3.33883192153 3.8898796255 1.77886758805 0.0 26.1502452073 3.81899242086 ;
40.628742515 27.248502994 7.01796407186 0.688622754491 0.0389221556886 4.91616766467 0.0688622754491 ;
40.9130029806 6.4945976155 2.01788375559 0.0 0.0 5.44020119225 0.14847242921 ;
62.1469586375 4.03163017032 3.5897810219 1.0603406326 1.37420924574 3.87883211679 0.258880778589 ;
56.8497547927 3.33883192153 3.8898796255 1.77886758805 0.0 26.1502452073 3.81899242086 ;
40.628742515 27.248502994 7.01796407186 0.688622754491 0.0389221556886 4.91616766467 0.0688622754491 ;
56.2931242461 6.22798552473 8.25211097708 1.66103739445 1.68998793727 5.58504221954 0.371531966224 ;
41.4617794486 7.46971595656 1.94987468672 0.0 0.0 4.24185463659 0.0 ;
52.3108245674 4.43739395996 3.49372242959 1.35324058364 0.0 22.9752290465 3.16287750254 ;
62.0271587744 3.99233983287 1.95334261838 0.720055710306 1.0 3.35863509749 0.201253481894 ;
40.628742515 27.248502994 7.01796407186 0.688622754491 0.0389221556886 4.91616766467 0.0688622754491 ;
40.9130029806 6.4945976155 2.01788375559 0.0 0.0 5.44020119225 0.14847242921 ;
62.1469586375 4.03163017032 3.5897810219 1.0603406326 1.37420924574 3.87883211679 0.258880778589 ;
56.8497547927 3.33883192153 3.8898796255 1.77886758805 0.0 26.1502452073 3.81899242086 ;
56.2931242461 6.22798552473 8.25211097708 1.66103739445 1.68998793727 5.58504221954 0.371531966224 ;
41.4617794486 7.46971595656 1.94987468672 0.0 0.0 4.24185463659 0.0 ;
52.3108245674 4.43739395996 3.49372242959 1.35324058364 0.0 22.9752290465 3.16287750254 ;
62.0271587744 3.99233983287 1.95334261838 0.720055710306 1.0 3.35863509749 0.201253481894 ;
56.8497547927 3.33883192153 3.8898796255 1.77886758805 0.0 26.1502452073 3.81899242086 ;
40.9130029806 6.4945976155 2.01788375559 0.0 0.0 5.44020119225 0.14847242921 ;
62.1469586375 4.03163017032 3.5897810219 1.0603406326 1.37420924574 3.87883211679 0.258880778589 ;
40.628742515 27.248502994 7.01796407186 0.688622754491 0.0389221556886 4.91616766467 0.0688622754491 ;
57.1729014599 3.11359489051 3.87910583942 1.79197080292 0.0 26.125 3.84489051095 ;
40.9951033732 7.59339862169 1.99782372144 0.0 0.0 5.380304679 0.141820819732 ;
51.1787610619 7.31150442478 10.2442477876 2.00353982301 1.29380530973 9.71504424779 0.872566371681 ;
62.5396182765 3.997686524 2.2967032967 0.774436090226 1.21804511278 2.92018507808 0.124349334876 ;
62.5396182765 3.997686524 2.2967032967 0.774436090226 1.21804511278 2.92018507808 0.124349334876 ;
40.9951033732 7.59339862169 1.99782372144 0.0 0.0 5.380304679 0.141820819732 ;
57.1729014599 3.11359489051 3.87910583942 1.79197080292 0.0 26.125 3.84489051095 ;
51.1787610619 7.31150442478 10.2442477876 2.00353982301 1.29380530973 9.71504424779 0.872566371681 ;
52.3108245674 4.43739395996 3.49372242959 1.35324058364 0.0 22.9752290465 3.16287750254 ;
41.4617794486 7.46971595656 1.94987468672 0.0 0.0 4.24185463659 0.0 ;
56.2931242461 6.22798552473 8.25211097708 1.66103739445 1.68998793727 5.58504221954 0.371531966224 ;
62.0271587744 3.99233983287 1.95334261838 0.720055710306 1.0 3.35863509749 0.201253481894 ;
62.5396182765 3.997686524 2.2967032967 0.774436090226 1.21804511278 2.92018507808 0.124349334876 ;
40.9951033732 7.59339862169 1.99782372144 0.0 0.0 5.380304679 0.141820819732 ;
51.1787610619 7.31150442478 10.2442477876 2.00353982301 1.29380530973 9.71504424779 0.872566371681 ;
57.1729014599 3.11359489051 3.87910583942 1.79197080292 0.0 26.125 3.84489051095 ;
40.9130029806 6.4945976155 2.01788375559 0.0 0.0 5.44020119225 0.14847242921 ;
56.8497547927 3.33883192153 3.8898796255 1.77886758805 0.0 26.1502452073 3.81899242086 ;
40.628742515 27.248502994 7.01796407186 0.688622754491 0.0389221556886 4.91616766467 0.0688622754491 ;
62.1469586375 4.03163017032 3.5897810219 1.0603406326 1.37420924574 3.87883211679 0.258880778589 ;
51.1787610619 7.31150442478 10.2442477876 2.00353982301 1.29380530973 9.71504424779 0.872566371681 ;
40.9951033732 7.59339862169 1.99782372144 0.0 0.0 5.380304679 0.141820819732 ;
62.5396182765 3.997686524 2.2967032967 0.774436090226 1.21804511278 2.92018507808 0.124349334876 ;
57.1729014599 3.11359489051 3.87910583942 1.79197080292 0.0 26.125 3.84489051095 ;
62.0271587744 3.99233983287 1.95334261838 0.720055710306 1.0 3.35863509749 0.201253481894 ;
56.2931242461 6.22798552473 8.25211097708 1.66103739445 1.68998793727 5.58504221954 0.371531966224 ;
41.4617794486 7.46971595656 1.94987468672 0.0 0.0 4.24185463659 0.0 ;
52.3108245674 4.43739395996 3.49372242959 1.35324058364 0.0 22.9752290465 3.16287750254 ;
52.3108245674 4.43739395996 3.49372242959 1.35324058364 0.0 22.9752290465 3.16287750254 ;
41.4617794486 7.46971595656 1.94987468672 0.0 0.0 4.24185463659 0.0 ;
56.2931242461 6.22798552473 8.25211097708 1.66103739445 1.68998793727 5.58504221954 0.371531966224 ;
62.0271587744 3.99233983287 1.95334261838 0.720055710306 1.0 3.35863509749 0.201253481894 ;
41.4617794486 7.46971595656 1.94987468672 0.0 0.0 4.24185463659 0.0 ;
52.3108245674 4.43739395996 3.49372242959 1.35324058364 0.0 22.9752290465 3.16287750254 ;
56.2931242461 6.22798552473 8.25211097708 1.66103739445 1.68998793727 5.58504221954 0.371531966224 ;
62.0271587744 3.99233983287 1.95334261838 0.720055710306 1.0 3.35863509749 0.201253481894 ;
40.9951033732 7.59339862169 1.99782372144 0.0 0.0 5.380304679 0.141820819732 ;
51.1787610619 7.31150442478 10.2442477876 2.00353982301 1.29380530973 9.71504424779 0.872566371681 ;
62.5396182765 3.997686524 2.2967032967 0.774436090226 1.21804511278 2.92018507808 0.124349334876 ;
57.1729014599 3.11359489051 3.87910583942 1.79197080292 0.0 26.125 3.84489051095 ;
57.1729014599 3.11359489051 3.87910583942 1.79197080292 0.0 26.125 3.84489051095 ;
40.9951033732 7.59339862169 1.99782372144 0.0 0.0 5.380304679 0.141820819732 ;
51.1787610619 7.31150442478 10.2442477876 2.00353982301 1.29380530973 9.71504424779 0.872566371681 ;
62.5396182765 3.997686524 2.2967032967 0.774436090226 1.21804511278 2.92018507808 0.124349334876 ;
56.8497547927 3.33883192153 3.8898796255 1.77886758805 0.0 26.1502452073 3.81899242086 ;
62.1469586375 4.03163017032 3.5897810219 1.0603406326 1.37420924574 3.87883211679 0.258880778589 ;
40.9130029806 6.4945976155 2.01788375559 0.0 0.0 5.44020119225 0.14847242921 ;
40.628742515 27.248502994 7.01796407186 0.688622754491 0.0389221556886 4.91616766467 0.0688622754491 ;
62.0271587744 3.99233983287 1.95334261838 0.720055710306 1.0 3.35863509749 0.201253481894 ;
52.3108245674 4.43739395996 3.49372242959 1.35324058364 0.0 22.9752290465 3.16287750254 ;
41.4617794486 7.46971595656 1.94987468672 0.0 0.0 4.24185463659 0.0 ;
56.2931242461 6.22798552473 8.25211097708 1.66103739445 1.68998793727 5.58504221954 0.371531966224 ;
62.5396182765 3.997686524 2.2967032967 0.774436090226 1.21804511278 2.92018507808 0.124349334876 ;
40.9951033732 7.59339862169 1.99782372144 0.0 0.0 5.380304679 0.141820819732 ;
51.1787610619 7.31150442478 10.2442477876 2.00353982301 1.29380530973 9.71504424779 0.872566371681 ;
57.1729014599 3.11359489051 3.87910583942 1.79197080292 0.0 26.125 3.84489051095 ;
40.9130029806 6.4945976155 2.01788375559 0.0 0.0 5.44020119225 0.14847242921 ;
62.1469586375 4.03163017032 3.5897810219 1.0603406326 1.37420924574 3.87883211679 0.258880778589 ;
56.8497547927 3.33883192153 3.8898796255 1.77886758805 0.0 26.1502452073 3.81899242086 ;
40.628742515 27.248502994 7.01796407186 0.688622754491 0.0389221556886 4.91616766467 0.0688622754491 ;
62.0271587744 3.99233983287 1.95334261838 0.720055710306 1.0 3.35863509749 0.201253481894 ;
41.4617794486 7.46971595656 1.94987468672 0.0 0.0 4.24185463659 0.0 ;
52.3108245674 4.43739395996 3.49372242959 1.35324058364 0.0 22.9752290465 3.16287750254 ;
56.2931242461 6.22798552473 8.25211097708 1.66103739445 1.68998793727 5.58504221954 0.371531966224 ;
56.2931242461 6.22798552473 8.25211097708 1.66103739445 1.68998793727 5.58504221954 0.371531966224 ;
41.4617794486 7.46971595656 1.94987468672 0.0 0.0 4.24185463659 0.0 ;
52.3108245674 4.43739395996 3.49372242959 1.35324058364 0.0 22.9752290465 3.16287750254 ;
62.0271587744 3.99233983287 1.95334261838 0.720055710306 1.0 3.35863509749 0.201253481894 ;
52.3108245674 4.43739395996 3.49372242959 1.35324058364 0.0 22.9752290465 3.16287750254 ;
62.0271587744 3.99233983287 1.95334261838 0.720055710306 1.0 3.35863509749 0.201253481894 ;
41.4617794486 7.46971595656 1.94987468672 0.0 0.0 4.24185463659 0.0 ;
56.2931242461 6.22798552473 8.25211097708 1.66103739445 1.68998793727 5.58504221954 0.371531966224 ;
51.1787610619 7.31150442478 10.2442477876 2.00353982301 1.29380530973 9.71504424779 0.872566371681 ;
57.1729014599 3.11359489051 3.87910583942 1.79197080292 0.0 26.125 3.84489051095 ;
40.9951033732 7.59339862169 1.99782372144 0.0 0.0 5.380304679 0.141820819732 ;
62.5396182765 3.997686524 2.2967032967 0.774436090226 1.21804511278 2.92018507808 0.124349334876 ;
62.1469586375 4.03163017032 3.5897810219 1.0603406326 1.37420924574 3.87883211679 0.258880778589 ;
40.9130029806 6.4945976155 2.01788375559 0.0 0.0 5.44020119225 0.14847242921 ;
40.628742515 27.248502994 7.01796407186 0.688622754491 0.0389221556886 4.91616766467 0.0688622754491 ;
56.8497547927 3.33883192153 3.8898796255 1.77886758805 0.0 26.1502452073 3.81899242086 ;
40.9130029806 6.4945976155 2.01788375559 0.0 0.0 5.44020119225 0.14847242921 ;
62.1469586375 4.03163017032 3.5897810219 1.0603406326 1.37420924574 3.87883211679 0.258880778589 ;
56.8497547927 3.33883192153 3.8898796255 1.77886758805 0.0 26.1502452073 3.81899242086 ;
40.628742515 27.248502994 7.01796407186 0.688622754491 0.0389221556886 4.91616766467 0.0688622754491 ;
40.9951033732 7.59339862169 1.99782372144 0.0 0.0 5.380304679 0.141820819732 ;
51.1787610619 7.31150442478 10.2442477876 2.00353982301 1.29380530973 9.71504424779 0.872566371681 ;
62.5396182765 3.997686524 2.2967032967 0.774436090226 1.21804511278 2.92018507808 0.124349334876 ;
57.1729014599 3.11359489051 3.87910583942 1.79197080292 0.0 26.125 3.84489051095 ;
62.1469586375 4.03163017032 3.5897810219 1.0603406326 1.37420924574 3.87883211679 0.258880778589 ;
56.8497547927 3.33883192153 3.8898796255 1.77886758805 0.0 26.1502452073 3.81899242086 ;
40.628742515 27.248502994 7.01796407186 0.688622754491 0.0389221556886 4.91616766467 0.0688622754491 ;
40.9130029806 6.4945976155 2.01788375559 0.0 0.0 5.44020119225 0.14847242921 ;
62.1469586375 4.03163017032 3.5897810219 1.0603406326 1.37420924574 3.87883211679 0.258880778589 ;
40.9130029806 6.4945976155 2.01788375559 0.0 0.0 5.44020119225 0.14847242921 ;
56.8497547927 3.33883192153 3.8898796255 1.77886758805 0.0 26.1502452073 3.81899242086 ;
40.628742515 27.248502994 7.01796407186 0.688622754491 0.0389221556886 4.91616766467 0.0688622754491 ;
62.0271587744 3.99233983287 1.95334261838 0.720055710306 1.0 3.35863509749 0.201253481894 ;
52.3108245674 4.43739395996 3.49372242959 1.35324058364 0.0 22.9752290465 3.16287750254 ;
56.2931242461 6.22798552473 8.25211097708 1.66103739445 1.68998793727 5.58504221954 0.371531966224 ;
41.4617794486 7.46971595656 1.94987468672 0.0 0.0 4.24185463659 0.0 ;
40.9130029806 6.4945976155 2.01788375559 0.0 0.0 5.44020119225 0.14847242921 ;
40.628742515 27.248502994 7.01796407186 0.688622754491 0.0389221556886 4.91616766467 0.0688622754491 ;
62.1469586375 4.03163017032 3.5897810219 1.0603406326 1.37420924574 3.87883211679 0.258880778589 ;
56.8497547927 3.33883192153 3.8898796255 1.77886758805 0.0 26.1502452073 3.81899242086 ;
62.1469586375 4.03163017032 3.5897810219 1.0603406326 1.37420924574 3.87883211679 0.258880778589 ;
56.8497547927 3.33883192153 3.8898796255 1.77886758805 0.0 26.1502452073 3.81899242086 ;
40.9140305173 6.52791216971 2.01711946409 0.0 0.0 5.44045403796 0.148306661705 ;
40.6067073171 27.0823170732 7.12195121951 0.701219512195 0.0396341463415 4.90243902439 0.0701219512195 ;
51.1787610619 7.31150442478 10.2442477876 2.00353982301 1.29380530973 9.71504424779 0.872566371681 ;
40.9951033732 7.59339862169 1.99782372144 0.0 0.0 5.380304679 0.141820819732 ;
62.5396182765 3.997686524 2.2967032967 0.774436090226 1.21804511278 2.92018507808 0.124349334876 ;
57.1729014599 3.11359489051 3.87910583942 1.79197080292 0.0 26.125 3.84489051095 ;
51.1787610619 7.31150442478 10.2442477876 2.00353982301 1.29380530973 9.71504424779 0.872566371681 ;
62.5396182765 3.997686524 2.2967032967 0.774436090226 1.21804511278 2.92018507808 0.124349334876 ;
40.9951033732 7.59339862169 1.99782372144 0.0 0.0 5.380304679 0.141820819732 ;
57.1729014599 3.11359489051 3.87910583942 1.79197080292 0.0 26.125 3.84489051095 ;
56.8497547927 3.33883192153 3.8898796255 1.77886758805 0.0 26.1502452073 3.81899242086 ;
62.1469586375 4.03163017032 3.5897810219 1.0603406326 1.37420924574 3.87883211679 0.258880778589 ;
40.628742515 27.248502994 7.01796407186 0.688622754491 0.0389221556886 4.91616766467 0.0688622754491 ;
40.9130029806 6.4945976155 2.01788375559 0.0 0.0 5.44020119225 0.14847242921 ;
