cluster 0
size:150
#377eb8
[ 1.76969804  4.66626109  1.91913997  2.19590988  1.91730183  0.92612476
  0.05856395]

cluster 1
size:731
#ff7f00
[ 2.92390208  4.50938707  3.28139397  3.55907336  4.52681357  1.97185923
  3.40715223]

cluster 2
size:776
#4daf4a
[ 1.82964458  4.72083151  2.30324224  1.88233308  3.87253     0.96348695
  3.22589034]

cluster 3
size:488
#f781bf
[ 2.19290626  4.76319392  2.66941762  2.75023204  1.48859193  0.85943711
  3.12704221]

cluster 4
size:431
#a65628
[ 2.16514297  4.6825451   3.09124169  4.37256556  2.71054227  3.78575167
  2.82202332]

cluster 5
size:433
#984ea3
[ 1.08438491  4.75504373  1.05655087  1.18158042  1.64470418  0.54705736
  2.99945507]

