59.094894027 3.62524084778 2.3704238921 0.432080924855 1.43208092486 1.91473988439 0.0 ;
62.9238095238 3.76952380952 9.79238095238 2.32571428571 2.8019047619 2.85142857143 0.0 ;
55.7727666956 2.57285342585 0.382914137034 0.0 0.0 1.73460537728 0.050303555941 ;
64.5876977153 4.2927943761 2.2611599297 1.0 1.0 4.03796133568 0.265729349736 ;
56.2317569684 2.9752583777 2.26025681178 1.0 0.0 13.5737550893 1.6583150642 ;
57.356431853 3.22779479326 4.84762633997 2.23774885145 0.0 33.0535987749 4.89471669219 ;
63.3736951983 4.62212943633 9.6993736952 2.68475991649 1.7139874739 12.7014613779 1.65970772443 ;
60.2118518519 3.45185185185 7.80740740741 3.80740740741 0.0 58.8711111111 10.3555555556 ;
56.2317569684 2.9752583777 2.26025681178 1.0 0.0 13.5737550893 1.6583150642 ;
62.9258555133 3.76996197719 9.79467680608 2.32699619772 2.80418250951 2.8536121673 0.0 ;
57.3539992346 3.22770761577 4.84845005741 2.2380405664 0.0 33.0604668963 4.89552238806 ;
64.5876977153 4.2927943761 2.2611599297 1.0 1.0 4.03796133568 0.265729349736 ;
55.7727666956 2.57285342585 0.382914137034 0.0 0.0 1.73460537728 0.050303555941 ;
59.0925301205 3.62506024096 2.36626506024 0.430843373494 1.43084337349 1.91373493976 0.0 ;
63.3736951983 4.62212943633 9.6993736952 2.68475991649 1.7139874739 12.7014613779 1.65970772443 ;
60.2255192878 3.45252225519 7.80860534125 3.80860534125 0.0 58.8827893175 10.3605341246 ;
62.9238095238 3.76952380952 9.79238095238 2.32571428571 2.8019047619 2.85142857143 0.0 ;
60.1952662722 3.45118343195 7.80177514793 3.80621301775 0.0 58.8565088757 10.3520710059 ;
55.7727666956 2.57285342585 0.382914137034 0.0 0.0 1.73460537728 0.050303555941 ;
64.5876977153 4.2927943761 2.2611599297 1.0 1.0 4.03796133568 0.265729349736 ;
63.3736951983 4.62212943633 9.6993736952 2.68475991649 1.7139874739 12.7014613779 1.65970772443 ;
56.2317569684 2.9752583777 2.26025681178 1.0 0.0 13.5737550893 1.6583150642 ;
57.3596323248 3.22788203753 4.84795097664 2.23745691306 0.0 33.0474913826 4.89352738414 ;
59.094894027 3.62524084778 2.3704238921 0.432080924855 1.43208092486 1.91473988439 0.0 ;
62.0 4.19718309859 12.544600939 3.60563380282 1.6338028169 17.5352112676 2.38497652582 ;
56.2797823597 2.88115693013 0.6735395189 0.0 0.382016036655 1.49112256586 0.0 ;
61.8817204301 3.56989247312 7.96344086022 3.94838709677 0.0 60.8365591398 11.0215053763 ;
56.2296830875 2.96642610606 2.25949168497 1.0 0.0 13.5804832131 1.6592406652 ;
64.5568461809 4.28018303414 2.26047166491 1.0 1.0 4.02921506512 0.264695529743 ;
64.3412162162 4.97635135135 8.2027027027 2.15878378378 1.87837837838 8.5 1.0 ;
57.0609257999 3.1929884275 4.88904016338 2.23927842069 0.0 33.570115725 5.02654867257 ;
63.0430023456 3.9429241595 6.27912431587 1.56919468335 2.36982017201 2.62314308053 0.0 ;
55.9922374429 2.58356164384 0.342922374429 0.0 0.0 1.44520547945 0.0 ;
61.5888501742 3.80923344948 1.70731707317 0.635598141696 1.0 2.22967479675 0.0 ;
62.6899350649 3.77840909091 6.32954545455 1.54951298701 2.39042207792 2.54058441558 0.0 ;
60.8248587571 3.47457627119 7.93785310734 3.90207156309 0.0 60.7306967985 10.8945386064 ;
56.1864566929 2.94992125984 2.25795275591 1.0 0.0 13.5811023622 1.65921259843 ;
57.1553465691 3.19923371648 4.82340647858 2.20933472658 0.0 32.9696969697 4.91292232672 ;
65.4676258993 5.34772182254 3.26618705036 1.0 1.13669064748 8.14268585132 1.02398081535 ;
62.4193548387 4.23502304147 11.0322580645 3.07603686636 1.78110599078 13.064516129 1.67050691244 ;
60.2946867826 3.44916366022 1.2684486717 0.458346999016 0.672515578878 1.92226959659 0.0 ;
59.240201005 3.37286432161 7.20301507538 3.44120603015 0.0 53.9407035176 9.2783919598 ;
59.3414634146 3.41463414634 25.9756097561 7.26829268293 1.75609756098 22.8048780488 3.21951219512 ;
60.68 3.48717948718 7.39897435897 1.73846153846 2.47487179487 2.58256410256 0.0 ;
62.3902439024 4.56097560976 10.756097561 2.71219512195 2.31707317073 9.63902439024 1.1756097561 ;
63.5615141956 4.72555205047 5.66561514196 1.7570977918 1.0 13.3406940063 1.69716088328 ;
60.5582608696 3.84695652174 2.32869565217 1.0 0.424347826087 8.93101449275 1.0 ;
55.7572904707 3.01446613088 3.66796785304 1.56303099885 0.0 24.3402985075 3.41423650976 ;
64.5568461809 4.28018303414 2.26047166491 1.0 1.0 4.02921506512 0.264695529743 ;
64.3412162162 4.97635135135 8.2027027027 2.15878378378 1.87837837838 8.5 1.0 ;
56.2296830875 2.96642610606 2.25949168497 1.0 0.0 13.5804832131 1.6592406652 ;
63.0430023456 3.9429241595 6.27912431587 1.56919468335 2.36982017201 2.62314308053 0.0 ;
61.9163090129 3.57296137339 7.95278969957 3.94420600858 0.0 60.7446351931 11.0021459227 ;
57.0537963909 3.1923731699 4.88968335036 2.23935989105 0.0 33.5754170923 5.02757916241 ;
62.0 4.19718309859 12.544600939 3.60563380282 1.6338028169 17.5352112676 2.38497652582 ;
56.2797823597 2.88115693013 0.6735395189 0.0 0.382016036655 1.49112256586 0.0 ;
59.4982219727 3.29309376755 1.12539771664 0.393786262399 0.642710087966 1.62399401086 0.0 ;
61.2892857143 4.075 13.3892857143 3.55714285714 2.11071428571 12.7607142857 1.63928571429 ;
56.5688763517 3.2247296662 5.57498824636 2.45933239304 0.0 38.6713681241 5.98965679361 ;
66.7315254237 5.08745762712 2.95796610169 1.0 1.06033898305 6.62711864407 0.637288135593 ;
63.2558746736 3.63707571802 7.99738903394 4.0182767624 0.0 61.27154047 11.2062663185 ;
60.8294491525 3.49470338983 7.49788135593 1.76165254237 2.50741525424 2.55826271186 0.0 ;
65.6428571429 4.57792207792 5.57792207792 2.0 1.0 13.3571428571 1.67532467532 ;
55.6484394507 2.9038701623 2.5443196005 1.13383270911 0.0 16.0401997503 2.00948813983 ;
61.42002442 3.53601953602 8.17582417582 1.93650793651 2.59462759463 2.60317460317 0.0 ;
59.0809484873 3.36058871627 6.99264104661 3.29026982829 0.0 51.4210956664 8.72117743254 ;
63.0666666667 4.41428571429 8.44761904762 2.31428571429 1.9380952381 8.88095238095 1.00476190476 ;
55.741193535 2.9944053046 3.34003315375 1.42913385827 0.0 21.4883961873 2.91545793618 ;
62.0833333333 4.14215686275 13.1617647059 3.75980392157 1.42647058824 18.2009803922 2.5 ;
66.6195499297 5.09071729958 3.20253164557 1.0 1.1870604782 6.64838255977 0.65611814346 ;
55.5714285714 2.52176339286 0.193638392857 0.193638392857 0.0 2.33761160714 0.193638392857 ;
60.8896797153 3.59169632266 1.52930011862 0.55231316726 0.853855278766 2.02016607355 0.0 ;
62.9525801953 4.06136680614 3.79358437936 1.0 2.0 2.46025104603 0.0 ;
56.2144018583 3.04204413473 3.49175377468 1.52055749129 0.0 23.0408826945 3.21138211382 ;
65.682230869 5.23216601816 3.20103761349 1.0 1.04928664073 8.49935149157 1.10505836576 ;
62.48441247 4.25899280576 10.6642685851 2.99520383693 1.68824940048 13.5395683453 1.75779376499 ;
61.5812536274 3.81021474173 1.70922809054 0.635809634359 1.0 2.23157283807 0.0 ;
56.5844350962 2.74128605769 0.896634615385 0.369891826923 0.0 4.46123798077 0.369891826923 ;
59.039964476 3.36056838366 7.06127886323 3.378330373 0.0 52.4698046181 8.96625222025 ;
62.5690515807 3.77870216306 9.45257903494 2.24292845258 2.85690515807 2.80698835275 0.0 ;
56.2797823597 2.88115693013 0.6735395189 0.0 0.382016036655 1.49112256586 0.0 ;
57.0609257999 3.1929884275 4.88904016338 2.23927842069 0.0 33.570115725 5.02654867257 ;
64.3412162162 4.97635135135 8.2027027027 2.15878378378 1.87837837838 8.5 1.0 ;
64.5568461809 4.28018303414 2.26047166491 1.0 1.0 4.02921506512 0.264695529743 ;
61.8817204301 3.56989247312 7.96344086022 3.94838709677 0.0 60.8365591398 11.0215053763 ;
56.2296830875 2.96642610606 2.25949168497 1.0 0.0 13.5804832131 1.6592406652 ;
63.0430023456 3.9429241595 6.27912431587 1.56919468335 2.36982017201 2.62314308053 0.0 ;
62.0 4.19718309859 12.544600939 3.60563380282 1.6338028169 17.5352112676 2.38497652582 ;
62.4556354916 4.26618705036 10.654676259 2.9928057554 1.68105515588 13.5371702638 1.75779376499 ;
62.5049833887 3.7657807309 9.46843853821 2.23588039867 2.85215946844 2.78903654485 0.0 ;
55.5714285714 2.52176339286 0.193638392857 0.193638392857 0.0 2.33761160714 0.193638392857 ;
61.5812536274 3.81021474173 1.70922809054 0.635809634359 1.0 2.23157283807 0.0 ;
58.7783251232 3.35679099226 6.84869809993 3.24489795918 0.0 50.0562983814 8.38986629134 ;
65.7905236908 5.23940149626 3.16334164589 1.0 1.01496259352 8.5187032419 1.09725685786 ;
56.3865968586 3.02931937173 3.15769633508 1.38136125654 0.0 20.0458638743 2.69214659686 ;
60.0570054945 3.42994505495 2.36675824176 0.491758241758 0.983516483516 2.45535714286 0.0 ;
65.6428571429 4.57792207792 5.57792207792 2.0 1.0 13.3571428571 1.67532467532 ;
59.4746965453 3.29206349206 1.12530345472 0.39533146592 0.642203548086 1.63137254902 0.0 ;
59.011971269 3.33918595371 6.90981644054 3.27454110136 0.0 51.1332801277 8.66081404629 ;
66.9068283344 5.00127632419 2.87236758137 1.0 1.00255264837 6.66113592853 0.653477983408 ;
55.5371195968 2.97053692576 3.15913936809 1.37565419655 0.0 20.3661562318 2.73793370808 ;
61.6831683168 4.25247524752 9.88118811881 2.56930693069 2.19801980198 9.93069306931 1.19801980198 ;
60.8512221041 3.49521785335 7.5472901169 1.77364505845 2.5132837407 2.55260361318 0.0 ;
60.3 3.725 21.6625 5.9625 1.7125 21.0125 2.95 ;
61.5812536274 3.81021474173 1.70922809054 0.635809634359 1.0 2.23157283807 0.0 ;
62.4556354916 4.26618705036 10.654676259 2.9928057554 1.68105515588 13.5371702638 1.75779376499 ;
62.5049833887 3.7657807309 9.46843853821 2.23588039867 2.85215946844 2.78903654485 0.0 ;
58.7658227848 3.35654008439 6.84739803094 3.24331926864 0.0 50.035161744 8.38537271449 ;
65.7905236908 5.23940149626 3.16334164589 1.0 1.01496259352 8.5187032419 1.09725685786 ;
55.5714285714 2.52176339286 0.193638392857 0.193638392857 0.0 2.33761160714 0.193638392857 ;
56.3898198576 3.0293255132 3.1573104315 1.38144113951 0.0 20.0458734814 2.69229157939 ;
60.0570054945 3.42994505495 2.36675824176 0.491758241758 0.983516483516 2.45535714286 0.0 ;
60.8921289711 3.59174964438 1.52939781887 0.552157420578 0.853722143196 2.02157420578 0.0 ;
55.7369402985 2.99419568823 3.3416252073 1.43014096186 0.0 21.502694859 2.91791044776 ;
63.0666666667 4.41428571429 8.44761904762 2.31428571429 1.9380952381 8.88095238095 1.00476190476 ;
55.5714285714 2.52176339286 0.193638392857 0.193638392857 0.0 2.33761160714 0.193638392857 ;
61.4065533981 3.53640776699 8.15048543689 1.93082524272 2.59101941748 2.60436893204 0.0 ;
59.0818330606 3.36088379705 6.99427168576 3.29050736498 0.0 51.4271685761 8.72258592471 ;
62.0833333333 4.14215686275 13.1617647059 3.75980392157 1.42647058824 18.2009803922 2.5 ;
66.6436132675 5.09527170078 3.19901199718 1.0 1.18278052223 6.66619618913 0.659139026112 ;
62.5690515807 3.77870216306 9.45257903494 2.24292845258 2.85690515807 2.80698835275 0.0 ;
56.2126423426 3.0420636765 3.49012316988 1.51986985824 0.0 23.0288171043 3.20938879851 ;
62.9525801953 4.06136680614 3.79358437936 1.0 2.0 2.46025104603 0.0 ;
62.48441247 4.25899280576 10.6642685851 2.99520383693 1.68824940048 13.5395683453 1.75779376499 ;
59.0416666667 3.35992907801 7.06117021277 3.37765957447 0.0 52.4636524823 8.96365248227 ;
65.682230869 5.23216601816 3.20103761349 1.0 1.04928664073 8.49935149157 1.10505836576 ;
56.5844350962 2.74128605769 0.896634615385 0.369891826923 0.0 4.46123798077 0.369891826923 ;
61.5812536274 3.81021474173 1.70922809054 0.635809634359 1.0 2.23157283807 0.0 ;
63.3314393939 3.79545454545 9.98863636364 2.4375 2.83333333333 2.88446969697 0.0 ;
56.5844350962 2.74128605769 0.896634615385 0.369891826923 0.0 4.46123798077 0.369891826923 ;
63.6221903396 4.06504065041 2.79387852702 1.0 1.23194643711 3.15973218556 0.0 ;
59.1404444444 3.35288888889 7.08711111111 3.35022222222 0.0 52.8551111111 9.02222222222 ;
60.2470355731 3.60039525692 1.42292490119 0.502371541502 1.0 1.70830039526 0.0 ;
55.6096815287 3.01579617834 3.72789808917 1.57987261146 0.0 24.8428025478 3.50777070064 ;
65.6732026144 5.21176470588 3.20392156863 1.0 1.05098039216 8.52026143791 1.11111111111 ;
62.5059665871 4.28162291169 10.5417661098 2.96420047733 1.68019093079 13.5369928401 1.76133651551 ;
62.0 4.19718309859 12.544600939 3.60563380282 1.6338028169 17.5352112676 2.38497652582 ;
56.2797823597 2.88115693013 0.6735395189 0.0 0.382016036655 1.49112256586 0.0 ;
64.5568461809 4.28018303414 2.26047166491 1.0 1.0 4.02921506512 0.264695529743 ;
57.0609257999 3.1929884275 4.88904016338 2.23927842069 0.0 33.570115725 5.02654867257 ;
63.0430023456 3.9429241595 6.27912431587 1.56919468335 2.36982017201 2.62314308053 0.0 ;
64.3412162162 4.97635135135 8.2027027027 2.15878378378 1.87837837838 8.5 1.0 ;
61.8817204301 3.56989247312 7.96344086022 3.94838709677 0.0 60.8365591398 11.0215053763 ;
56.2296830875 2.96642610606 2.25949168497 1.0 0.0 13.5804832131 1.6592406652 ;
64.5568461809 4.28018303414 2.26047166491 1.0 1.0 4.02921506512 0.264695529743 ;
61.8817204301 3.56989247312 7.96344086022 3.94838709677 0.0 60.8365591398 11.0215053763 ;
64.3412162162 4.97635135135 8.2027027027 2.15878378378 1.87837837838 8.5 1.0 ;
57.0609257999 3.1929884275 4.88904016338 2.23927842069 0.0 33.570115725 5.02654867257 ;
63.0430023456 3.9429241595 6.27912431587 1.56919468335 2.36982017201 2.62314308053 0.0 ;
56.2296830875 2.96642610606 2.25949168497 1.0 0.0 13.5804832131 1.6592406652 ;
56.2797823597 2.88115693013 0.6735395189 0.0 0.382016036655 1.49112256586 0.0 ;
62.0 4.19718309859 12.544600939 3.60563380282 1.6338028169 17.5352112676 2.38497652582 ;
63.3314393939 3.79545454545 9.98863636364 2.4375 2.83333333333 2.88446969697 0.0 ;
62.5059665871 4.28162291169 10.5417661098 2.96420047733 1.68019093079 13.5369928401 1.76133651551 ;
55.6096815287 3.01579617834 3.72789808917 1.57987261146 0.0 24.8428025478 3.50777070064 ;
60.2472310127 3.60047468354 1.42286392405 0.501977848101 1.0 1.70727848101 0.0 ;
63.618729097 4.06450071667 2.79264214047 1.0 1.23172479694 3.15957955088 0.0 ;
59.1404444444 3.35288888889 7.08711111111 3.35022222222 0.0 52.8551111111 9.02222222222 ;
65.6732026144 5.21176470588 3.20392156863 1.0 1.05098039216 8.52026143791 1.11111111111 ;
56.5844350962 2.74128605769 0.896634615385 0.369891826923 0.0 4.46123798077 0.369891826923 ;
65.6732026144 5.21176470588 3.20392156863 1.0 1.05098039216 8.52026143791 1.11111111111 ;
56.5844350962 2.74128605769 0.896634615385 0.369891826923 0.0 4.46123798077 0.369891826923 ;
62.5214285714 4.28571428571 10.5214285714 2.9619047619 1.67619047619 13.5285714286 1.75952380952 ;
59.1298586572 3.35070671378 7.07862190813 3.34363957597 0.0 52.7720848057 9.00530035336 ;
60.271902131 3.60615627466 1.42423046567 0.503157063931 1.0 1.70955011839 0.0 ;
55.6030125096 3.01506254787 3.72478937963 1.57850395711 0.0 24.8205259127 3.50344651519 ;
63.5984666986 4.05893627216 2.79492093915 1.0 1.23239099185 3.1609966459 0.0 ;
63.3314393939 3.79545454545 9.98863636364 2.4375 2.83333333333 2.88446969697 0.0 ;
63.0430023456 3.9429241595 6.27912431587 1.56919468335 2.36982017201 2.62314308053 0.0 ;
56.2296830875 2.96642610606 2.25949168497 1.0 0.0 13.5804832131 1.6592406652 ;
56.2797823597 2.88115693013 0.6735395189 0.0 0.382016036655 1.49112256586 0.0 ;
62.0 4.19718309859 12.544600939 3.60563380282 1.6338028169 17.5352112676 2.38497652582 ;
61.8817204301 3.56989247312 7.96344086022 3.94838709677 0.0 60.8365591398 11.0215053763 ;
64.3412162162 4.97635135135 8.2027027027 2.15878378378 1.87837837838 8.5 1.0 ;
57.0609257999 3.1929884275 4.88904016338 2.23927842069 0.0 33.570115725 5.02654867257 ;
64.5568461809 4.28018303414 2.26047166491 1.0 1.0 4.02921506512 0.264695529743 ;
64.5568461809 4.28018303414 2.26047166491 1.0 1.0 4.02921506512 0.264695529743 ;
63.0430023456 3.9429241595 6.27912431587 1.56919468335 2.36982017201 2.62314308053 0.0 ;
61.8817204301 3.56989247312 7.96344086022 3.94838709677 0.0 60.8365591398 11.0215053763 ;
64.3412162162 4.97635135135 8.2027027027 2.15878378378 1.87837837838 8.5 1.0 ;
56.2296830875 2.96642610606 2.25949168497 1.0 0.0 13.5804832131 1.6592406652 ;
57.0609257999 3.1929884275 4.88904016338 2.23927842069 0.0 33.570115725 5.02654867257 ;
56.2797823597 2.88115693013 0.6735395189 0.0 0.382016036655 1.49112256586 0.0 ;
62.0 4.19718309859 12.544600939 3.60563380282 1.6338028169 17.5352112676 2.38497652582 ;
61.5888501742 3.80923344948 1.70731707317 0.635598141696 1.0 2.22967479675 0.0 ;
57.1653899721 3.19951253482 4.82381615599 2.20961002786 0.0 32.9724930362 4.91364902507 ;
65.4676258993 5.34772182254 3.26618705036 1.0 1.13669064748 8.14268585132 1.02398081535 ;
60.7773584906 3.47358490566 7.94150943396 3.90377358491 0.0 60.7679245283 10.9018867925 ;
62.4193548387 4.23502304147 11.0322580645 3.07603686636 1.78110599078 13.064516129 1.67050691244 ;
55.9922374429 2.58356164384 0.342922374429 0.0 0.0 1.44520547945 0.0 ;
56.1864566929 2.94992125984 2.25795275591 1.0 0.0 13.5811023622 1.65921259843 ;
62.6899350649 3.77840909091 6.32954545455 1.54951298701 2.39042207792 2.54058441558 0.0 ;
61.2892857143 4.075 13.3892857143 3.55714285714 2.11071428571 12.7607142857 1.63928571429 ;
55.6438014467 2.90396607633 2.54327762534 1.13369917685 0.0 16.0401596408 2.00947867299 ;
60.8294491525 3.49470338983 7.49788135593 1.76165254237 2.50741525424 2.55826271186 0.0 ;
66.7138024357 5.08525033829 2.95602165088 1.0 1.0602165088 6.62381596752 0.63599458728 ;
65.6428571429 4.57792207792 5.57792207792 2.0 1.0 13.3571428571 1.67532467532 ;
59.5043087299 3.29261895841 1.12532783814 0.393593106032 0.642750093668 1.62101910828 0.0 ;
63.2558746736 3.63707571802 7.99738903394 4.0182767624 0.0 61.27154047 11.2062663185 ;
56.5689411765 3.22541176471 5.57741176471 2.45976470588 0.0 38.6818823529 5.99152941176 ;
64.5819268636 4.28938115331 2.26125175809 1.0 1.0 4.03551336146 0.26547116737 ;
63.0417322835 3.93464566929 6.17637795276 1.54881889764 2.36220472441 2.6157480315 0.0 ;
57.0472926662 3.19259766964 4.88005483208 2.23406442769 0.0 33.4818368746 5.00925291295 ;
56.2797823597 2.88115693013 0.6735395189 0.0 0.382016036655 1.49112256586 0.0 ;
60.8226600985 3.85714285714 16.4236453202 4.33004926108 2.16748768473 15.1428571429 2.02955665025 ;
56.2317569684 2.9752583777 2.26025681178 1.0 0.0 13.5737550893 1.6583150642 ;
64.8267973856 5.06535947712 6.31045751634 1.82679738562 1.60784313725 10.2254901961 1.25490196078 ;
61.8206185567 3.54639175258 7.88453608247 3.90927835052 0.0 60.224742268 10.8742268041 ;
63.0430023456 3.9429241595 6.27912431587 1.56919468335 2.36982017201 2.62314308053 0.0 ;
62.0 4.19718309859 12.544600939 3.60563380282 1.6338028169 17.5352112676 2.38497652582 ;
56.2296830875 2.96642610606 2.25949168497 1.0 0.0 13.5804832131 1.6592406652 ;
64.5568461809 4.28018303414 2.26047166491 1.0 1.0 4.02921506512 0.264695529743 ;
57.0609257999 3.1929884275 4.88904016338 2.23927842069 0.0 33.570115725 5.02654867257 ;
64.3412162162 4.97635135135 8.2027027027 2.15878378378 1.87837837838 8.5 1.0 ;
61.8817204301 3.56989247312 7.96344086022 3.94838709677 0.0 60.8365591398 11.0215053763 ;
56.2797823597 2.88115693013 0.6735395189 0.0 0.382016036655 1.49112256586 0.0 ;
61.5939675174 3.81583526682 1.70881670534 0.636020881671 1.0 2.2340487239 0.0 ;
56.2065416285 3.04322964318 3.53316559927 1.54277218664 0.0 23.3870082342 3.27310155535 ;
56.5922038981 2.75022488756 0.900149925037 0.371214392804 0.0 4.47406296852 0.371214392804 ;
62.5678233438 3.7334384858 9.21608832808 2.16561514196 2.77602523659 2.7570977918 0.0 ;
62.6952380952 4.34285714286 10.2095238095 2.84761904762 1.63571428571 13.5380952381 1.77619047619 ;
59.1358024691 3.37132003799 7.14150047483 3.41785375119 0.0 53.118708452 9.11396011396 ;
55.3636363636 2.63636363636 23.7272727273 6.81818181818 5.45454545455 6.09090909091 0.272727272727 ;
64.4763560501 4.67454798331 3.421418637 1.0 1.49860917942 5.66898470097 0.586230876217 ;
60.1952662722 3.45118343195 7.80177514793 3.80621301775 0.0 58.8565088757 10.3520710059 ;
63.3736951983 4.62212943633 9.6993736952 2.68475991649 1.7139874739 12.7014613779 1.65970772443 ;
62.9238095238 3.76952380952 9.79238095238 2.32571428571 2.8019047619 2.85142857143 0.0 ;
57.3596323248 3.22788203753 4.84795097664 2.23745691306 0.0 33.0474913826 4.89352738414 ;
55.7727666956 2.57285342585 0.382914137034 0.0 0.0 1.73460537728 0.050303555941 ;
56.2317569684 2.9752583777 2.26025681178 1.0 0.0 13.5737550893 1.6583150642 ;
64.5876977153 4.2927943761 2.2611599297 1.0 1.0 4.03796133568 0.265729349736 ;
59.094894027 3.62524084778 2.3704238921 0.432080924855 1.43208092486 1.91473988439 0.0 ;
61.9163090129 3.57296137339 7.95278969957 3.94420600858 0.0 60.7446351931 11.0021459227 ;
63.0430023456 3.9429241595 6.27912431587 1.56919468335 2.36982017201 2.62314308053 0.0 ;
62.0 4.19718309859 12.544600939 3.60563380282 1.6338028169 17.5352112676 2.38497652582 ;
56.2797823597 2.88115693013 0.6735395189 0.0 0.382016036655 1.49112256586 0.0 ;
57.0537963909 3.1923731699 4.88968335036 2.23935989105 0.0 33.5754170923 5.02757916241 ;
64.3412162162 4.97635135135 8.2027027027 2.15878378378 1.87837837838 8.5 1.0 ;
64.5568461809 4.28018303414 2.26047166491 1.0 1.0 4.02921506512 0.264695529743 ;
56.2296830875 2.96642610606 2.25949168497 1.0 0.0 13.5804832131 1.6592406652 ;
63.0430023456 3.9429241595 6.27912431587 1.56919468335 2.36982017201 2.62314308053 0.0 ;
62.0 4.19718309859 12.544600939 3.60563380282 1.6338028169 17.5352112676 2.38497652582 ;
56.2797823597 2.88115693013 0.6735395189 0.0 0.382016036655 1.49112256586 0.0 ;
64.5568461809 4.28018303414 2.26047166491 1.0 1.0 4.02921506512 0.264695529743 ;
64.3412162162 4.97635135135 8.2027027027 2.15878378378 1.87837837838 8.5 1.0 ;
61.8817204301 3.56989247312 7.96344086022 3.94838709677 0.0 60.8365591398 11.0215053763 ;
56.2296830875 2.96642610606 2.25949168497 1.0 0.0 13.5804832131 1.6592406652 ;
57.0609257999 3.1929884275 4.88904016338 2.23927842069 0.0 33.570115725 5.02654867257 ;
56.2797823597 2.88115693013 0.6735395189 0.0 0.382016036655 1.49112256586 0.0 ;
57.0609257999 3.1929884275 4.88904016338 2.23927842069 0.0 33.570115725 5.02654867257 ;
63.0430023456 3.9429241595 6.27912431587 1.56919468335 2.36982017201 2.62314308053 0.0 ;
62.0 4.19718309859 12.544600939 3.60563380282 1.6338028169 17.5352112676 2.38497652582 ;
64.5568461809 4.28018303414 2.26047166491 1.0 1.0 4.02921506512 0.264695529743 ;
61.8817204301 3.56989247312 7.96344086022 3.94838709677 0.0 60.8365591398 11.0215053763 ;
64.3412162162 4.97635135135 8.2027027027 2.15878378378 1.87837837838 8.5 1.0 ;
56.2296830875 2.96642610606 2.25949168497 1.0 0.0 13.5804832131 1.6592406652 ;
63.3736951983 4.62212943633 9.6993736952 2.68475991649 1.7139874739 12.7014613779 1.65970772443 ;
62.9238095238 3.76952380952 9.79238095238 2.32571428571 2.8019047619 2.85142857143 0.0 ;
55.7727666956 2.57285342585 0.382914137034 0.0 0.0 1.73460537728 0.050303555941 ;
56.2317569684 2.9752583777 2.26025681178 1.0 0.0 13.5737550893 1.6583150642 ;
64.5876977153 4.2927943761 2.2611599297 1.0 1.0 4.03796133568 0.265729349736 ;
59.094894027 3.62524084778 2.3704238921 0.432080924855 1.43208092486 1.91473988439 0.0 ;
60.2118518519 3.45185185185 7.80740740741 3.80740740741 0.0 58.8711111111 10.3555555556 ;
57.356431853 3.22779479326 4.84762633997 2.23774885145 0.0 33.0535987749 4.89471669219 ;
63.0430023456 3.9429241595 6.27912431587 1.56919468335 2.36982017201 2.62314308053 0.0 ;
57.0609257999 3.1929884275 4.88904016338 2.23927842069 0.0 33.570115725 5.02654867257 ;
56.2296830875 2.96642610606 2.25949168497 1.0 0.0 13.5804832131 1.6592406652 ;
64.5568461809 4.28018303414 2.26047166491 1.0 1.0 4.02921506512 0.264695529743 ;
61.8817204301 3.56989247312 7.96344086022 3.94838709677 0.0 60.8365591398 11.0215053763 ;
64.3412162162 4.97635135135 8.2027027027 2.15878378378 1.87837837838 8.5 1.0 ;
62.0 4.19718309859 12.544600939 3.60563380282 1.6338028169 17.5352112676 2.38497652582 ;
56.2797823597 2.88115693013 0.6735395189 0.0 0.382016036655 1.49112256586 0.0 ;
56.2317569684 2.9752583777 2.26025681178 1.0 0.0 13.5737550893 1.6583150642 ;
57.356431853 3.22779479326 4.84762633997 2.23774885145 0.0 33.0535987749 4.89471669219 ;
64.5876977153 4.2927943761 2.2611599297 1.0 1.0 4.03796133568 0.265729349736 ;
63.3736951983 4.62212943633 9.6993736952 2.68475991649 1.7139874739 12.7014613779 1.65970772443 ;
55.7727666956 2.57285342585 0.382914137034 0.0 0.0 1.73460537728 0.050303555941 ;
59.094894027 3.62524084778 2.3704238921 0.432080924855 1.43208092486 1.91473988439 0.0 ;
60.2118518519 3.45185185185 7.80740740741 3.80740740741 0.0 58.8711111111 10.3555555556 ;
62.9238095238 3.76952380952 9.79238095238 2.32571428571 2.8019047619 2.85142857143 0.0 ;
63.3736951983 4.62212943633 9.6993736952 2.68475991649 1.7139874739 12.7014613779 1.65970772443 ;
55.7727666956 2.57285342585 0.382914137034 0.0 0.0 1.73460537728 0.050303555941 ;
64.5876977153 4.2927943761 2.2611599297 1.0 1.0 4.03796133568 0.265729349736 ;
57.3596323248 3.22788203753 4.84795097664 2.23745691306 0.0 33.0474913826 4.89352738414 ;
59.094894027 3.62524084778 2.3704238921 0.432080924855 1.43208092486 1.91473988439 0.0 ;
60.1952662722 3.45118343195 7.80177514793 3.80621301775 0.0 58.8565088757 10.3520710059 ;
62.9238095238 3.76952380952 9.79238095238 2.32571428571 2.8019047619 2.85142857143 0.0 ;
56.2317569684 2.9752583777 2.26025681178 1.0 0.0 13.5737550893 1.6583150642 ;
64.3412162162 4.97635135135 8.2027027027 2.15878378378 1.87837837838 8.5 1.0 ;
56.2296830875 2.96642610606 2.25949168497 1.0 0.0 13.5804832131 1.6592406652 ;
56.2797823597 2.88115693013 0.6735395189 0.0 0.382016036655 1.49112256586 0.0 ;
61.8817204301 3.56989247312 7.96344086022 3.94838709677 0.0 60.8365591398 11.0215053763 ;
63.0430023456 3.9429241595 6.27912431587 1.56919468335 2.36982017201 2.62314308053 0.0 ;
64.5568461809 4.28018303414 2.26047166491 1.0 1.0 4.02921506512 0.264695529743 ;
62.0 4.19718309859 12.544600939 3.60563380282 1.6338028169 17.5352112676 2.38497652582 ;
57.0609257999 3.1929884275 4.88904016338 2.23927842069 0.0 33.570115725 5.02654867257 ;
56.2797823597 2.88115693013 0.6735395189 0.0 0.382016036655 1.49112256586 0.0 ;
62.0 4.19718309859 12.544600939 3.60563380282 1.6338028169 17.5352112676 2.38497652582 ;
64.3412162162 4.97635135135 8.2027027027 2.15878378378 1.87837837838 8.5 1.0 ;
56.2296830875 2.96642610606 2.25949168497 1.0 0.0 13.5804832131 1.6592406652 ;
57.0609257999 3.1929884275 4.88904016338 2.23927842069 0.0 33.570115725 5.02654867257 ;
64.5568461809 4.28018303414 2.26047166491 1.0 1.0 4.02921506512 0.264695529743 ;
61.8817204301 3.56989247312 7.96344086022 3.94838709677 0.0 60.8365591398 11.0215053763 ;
63.0430023456 3.9429241595 6.27912431587 1.56919468335 2.36982017201 2.62314308053 0.0 ;
63.242501271 3.95246568378 2.71352313167 0.989832231825 1.26054905948 2.58057956279 0.0 ;
59.9649122807 3.45614035088 24.9649122807 6.75438596491 2.12280701754 18.6315789474 2.54385964912 ;
59.1451612903 3.37711213518 6.86175115207 3.19738863287 0.0 49.9193548387 8.43625192012 ;
62.352303523 4.09756097561 12.5311653117 3.0243902439 2.82113821138 6.37940379404 0.588075880759 ;
55.8815278377 2.97669400086 3.20435908502 1.30664652568 0.0 20.670694864 2.83297367285 ;
63.347826087 4.64130434783 6.05072463768 1.88043478261 1.0 14.5471014493 1.94927536232 ;
56.0526097763 2.80033140017 0.40637945319 0.0 0.40637945319 1.11309030655 0.0 ;
60.5582608696 3.84695652174 2.32869565217 1.0 0.424347826087 8.93101449275 1.0 ;
63.0417322835 3.93464566929 6.17637795276 1.54881889764 2.36220472441 2.6157480315 0.0 ;
57.0490229688 3.19266369558 4.87967089475 2.23380185122 0.0 33.4789166952 5.00822763113 ;
64.5819268636 4.28938115331 2.26125175809 1.0 1.0 4.03551336146 0.26547116737 ;
56.2317569684 2.9752583777 2.26025681178 1.0 0.0 13.5737550893 1.6583150642 ;
56.2797823597 2.88115693013 0.6735395189 0.0 0.382016036655 1.49112256586 0.0 ;
64.8267973856 5.06535947712 6.31045751634 1.82679738562 1.60784313725 10.2254901961 1.25490196078 ;
61.8004115226 3.54526748971 7.88065843621 3.90740740741 0.0 60.1872427984 10.8683127572 ;
60.8226600985 3.85714285714 16.4236453202 4.33004926108 2.16748768473 15.1428571429 2.02955665025 ;
63.0430023456 3.9429241595 6.27912431587 1.56919468335 2.36982017201 2.62314308053 0.0 ;
62.0 4.19718309859 12.544600939 3.60563380282 1.6338028169 17.5352112676 2.38497652582 ;
61.8817204301 3.56989247312 7.96344086022 3.94838709677 0.0 60.8365591398 11.0215053763 ;
64.3412162162 4.97635135135 8.2027027027 2.15878378378 1.87837837838 8.5 1.0 ;
56.2797823597 2.88115693013 0.6735395189 0.0 0.382016036655 1.49112256586 0.0 ;
64.5568461809 4.28018303414 2.26047166491 1.0 1.0 4.02921506512 0.264695529743 ;
57.0609257999 3.1929884275 4.88904016338 2.23927842069 0.0 33.570115725 5.02654867257 ;
56.2296830875 2.96642610606 2.25949168497 1.0 0.0 13.5804832131 1.6592406652 ;
62.0 4.19718309859 12.544600939 3.60563380282 1.6338028169 17.5352112676 2.38497652582 ;
56.2296830875 2.96642610606 2.25949168497 1.0 0.0 13.5804832131 1.6592406652 ;
56.2797823597 2.88115693013 0.6735395189 0.0 0.382016036655 1.49112256586 0.0 ;
61.8817204301 3.56989247312 7.96344086022 3.94838709677 0.0 60.8365591398 11.0215053763 ;
64.3412162162 4.97635135135 8.2027027027 2.15878378378 1.87837837838 8.5 1.0 ;
63.0430023456 3.9429241595 6.27912431587 1.56919468335 2.36982017201 2.62314308053 0.0 ;
57.0609257999 3.1929884275 4.88904016338 2.23927842069 0.0 33.570115725 5.02654867257 ;
64.5568461809 4.28018303414 2.26047166491 1.0 1.0 4.02921506512 0.264695529743 ;
62.0 4.19718309859 12.544600939 3.60563380282 1.6338028169 17.5352112676 2.38497652582 ;
61.9163090129 3.57296137339 7.95278969957 3.94420600858 0.0 60.7446351931 11.0021459227 ;
56.2797823597 2.88115693013 0.6735395189 0.0 0.382016036655 1.49112256586 0.0 ;
57.0537963909 3.1923731699 4.88968335036 2.23935989105 0.0 33.5754170923 5.02757916241 ;
56.2296830875 2.96642610606 2.25949168497 1.0 0.0 13.5804832131 1.6592406652 ;
63.0430023456 3.9429241595 6.27912431587 1.56919468335 2.36982017201 2.62314308053 0.0 ;
64.3412162162 4.97635135135 8.2027027027 2.15878378378 1.87837837838 8.5 1.0 ;
64.5568461809 4.28018303414 2.26047166491 1.0 1.0 4.02921506512 0.264695529743 ;
55.5714285714 2.52176339286 0.193638392857 0.193638392857 0.0 2.33761160714 0.193638392857 ;
62.6680161943 3.79190283401 6.2955465587 1.54412955466 2.38056680162 2.55060728745 0.0 ;
62.5266821346 4.23897911833 11.120649652 3.10208816705 1.78886310905 13.030162413 1.65893271462 ;
58.678202793 3.35397692775 6.59198542805 3.03764420158 0.0 47.4080145719 7.86885245902 ;
65.6342668863 5.03953871499 2.98187808896 1.0 1.0 7.9373970346 1.0 ;
56.4507068803 2.99245994345 2.77719132893 1.17191328935 0.0 17.0980207352 2.22940622055 ;
65.8554216867 6.09236947791 3.90763052209 1.0 1.39357429719 8.91164658635 1.12851405622 ;
61.5854862119 3.80899854862 1.70827285922 0.635703918723 1.0 2.22960812772 0.0 ;
64.5568461809 4.28018303414 2.26047166491 1.0 1.0 4.02921506512 0.264695529743 ;
63.0430023456 3.9429241595 6.27912431587 1.56919468335 2.36982017201 2.62314308053 0.0 ;
62.0 4.19718309859 12.544600939 3.60563380282 1.6338028169 17.5352112676 2.38497652582 ;
64.3412162162 4.97635135135 8.2027027027 2.15878378378 1.87837837838 8.5 1.0 ;
56.2296830875 2.96642610606 2.25949168497 1.0 0.0 13.5804832131 1.6592406652 ;
57.0609257999 3.1929884275 4.88904016338 2.23927842069 0.0 33.570115725 5.02654867257 ;
61.8817204301 3.56989247312 7.96344086022 3.94838709677 0.0 60.8365591398 11.0215053763 ;
56.2797823597 2.88115693013 0.6735395189 0.0 0.382016036655 1.49112256586 0.0 ;
56.2072978924 2.95501730104 2.25888644228 1.0 0.0 13.5841459578 1.65964139667 ;
62.6039823009 4.22345132743 11.3451327434 3.12610619469 1.84513274336 12.8119469027 1.63053097345 ;
57.348952381 3.22628571429 4.85561904762 2.24114285714 0.0 33.1291428571 4.9100952381 ;
55.7727666956 2.57285342585 0.382914137034 0.0 0.0 1.73460537728 0.050303555941 ;
62.7212216132 3.91386061081 6.03602192639 1.4839467502 2.35943617854 2.5841816758 0.0 ;
65.5359477124 5.24052287582 3.21045751634 1.0 1.06928104575 8.40392156863 1.08888888889 ;
60.2975830816 3.46223564955 7.83383685801 3.8247734139 0.0 59.0785498489 10.4018126888 ;
61.5854862119 3.80899854862 1.70827285922 0.635703918723 1.0 2.22960812772 0.0 ;
56.5844350962 2.74128605769 0.896634615385 0.369891826923 0.0 4.46123798077 0.369891826923 ;
63.3314393939 3.79545454545 9.98863636364 2.4375 2.83333333333 2.88446969697 0.0 ;
60.2622432859 3.60426540284 1.42377567141 0.502764612954 1.0 1.70892575039 0.0 ;
59.1394316163 3.35257548845 7.08703374778 3.34902309059 0.0 52.8428063943 9.01953818828 ;
63.6069889899 4.06079463858 2.79415988511 1.0 1.23216850168 3.16036381044 0.0 ;
55.6090723751 3.01580020387 3.72706422018 1.57976554536 0.0 24.8391946993 3.50713557594 ;
62.5059665871 4.28162291169 10.5417661098 2.96420047733 1.68019093079 13.5369928401 1.76133651551 ;
65.6732026144 5.21176470588 3.20392156863 1.0 1.05098039216 8.52026143791 1.11111111111 ;
55.5714285714 2.52176339286 0.193638392857 0.193638392857 0.0 2.33761160714 0.193638392857 ;
60.8896797153 3.59169632266 1.52930011862 0.55231316726 0.853855278766 2.02016607355 0.0 ;
59.0818330606 3.36088379705 6.99427168576 3.29050736498 0.0 51.4271685761 8.72258592471 ;
62.1170731707 4.14146341463 13.2048780488 3.76585365854 1.43414634146 18.156097561 2.49268292683 ;
61.4231707317 3.53658536585 8.17073170732 1.93536585366 2.59390243902 2.60365853659 0.0 ;
63.038277512 4.41626794258 8.38277511962 2.3014354067 1.93301435407 8.88038277512 1.004784689 ;
55.7374637381 2.99419809366 3.34065478657 1.42954828015 0.0 21.4954413593 2.91670120182 ;
66.6279887482 5.09071729958 3.20112517581 1.0 1.18565400844 6.65330520394 0.65682137834 ;
62.48441247 4.25899280576 10.6642685851 2.99520383693 1.68824940048 13.5395683453 1.75779376499 ;
61.5812536274 3.81021474173 1.70922809054 0.635809634359 1.0 2.23157283807 0.0 ;
65.682230869 5.23216601816 3.20103761349 1.0 1.04928664073 8.49935149157 1.10505836576 ;
59.0383244207 3.36185383244 7.0614973262 3.37967914439 0.0 52.4946524064 8.97237076649 ;
62.5690515807 3.77870216306 9.45257903494 2.24292845258 2.85690515807 2.80698835275 0.0 ;
56.217451845 3.04200510559 3.49501044326 1.52193084242 0.0 23.0617312602 3.21513112091 ;
62.9525801953 4.06136680614 3.79358437936 1.0 2.0 2.46025104603 0.0 ;
56.5844350962 2.74128605769 0.896634615385 0.369891826923 0.0 4.46123798077 0.369891826923 ;
63.0430023456 3.9429241595 6.27912431587 1.56919468335 2.36982017201 2.62314308053 0.0 ;
57.0609257999 3.1929884275 4.88904016338 2.23927842069 0.0 33.570115725 5.02654867257 ;
56.2296830875 2.96642610606 2.25949168497 1.0 0.0 13.5804832131 1.6592406652 ;
56.2797823597 2.88115693013 0.6735395189 0.0 0.382016036655 1.49112256586 0.0 ;
64.3412162162 4.97635135135 8.2027027027 2.15878378378 1.87837837838 8.5 1.0 ;
64.5568461809 4.28018303414 2.26047166491 1.0 1.0 4.02921506512 0.264695529743 ;
62.0 4.19718309859 12.544600939 3.60563380282 1.6338028169 17.5352112676 2.38497652582 ;
61.8817204301 3.56989247312 7.96344086022 3.94838709677 0.0 60.8365591398 11.0215053763 ;
62.9525801953 4.06136680614 3.79358437936 1.0 2.0 2.46025104603 0.0 ;
56.5844350962 2.74128605769 0.896634615385 0.369891826923 0.0 4.46123798077 0.369891826923 ;
62.5690515807 3.77870216306 9.45257903494 2.24292845258 2.85690515807 2.80698835275 0.0 ;
59.0355871886 3.36120996441 7.06138790036 3.37900355872 0.0 52.4848754448 8.96975088968 ;
62.48441247 4.25899280576 10.6642685851 2.99520383693 1.68824940048 13.5395683453 1.75779376499 ;
61.5812536274 3.81021474173 1.70922809054 0.635809634359 1.0 2.23157283807 0.0 ;
65.682230869 5.23216601816 3.20103761349 1.0 1.04928664073 8.49935149157 1.10505836576 ;
56.2168562805 3.0420246111 3.4933828651 1.52124448572 0.0 23.0506152775 3.21314139772 ;
63.6006289308 4.72012578616 5.66352201258 1.75471698113 1.0 13.3144654088 1.69182389937 ;
62.6358695652 4.67934782609 9.54347826087 2.47282608696 2.23913043478 9.77717391304 1.20108695652 ;
55.6990566038 3.00990566038 3.6141509434 1.5358490566 0.0 23.9125 3.3375 ;
60.5538818076 3.84646581692 2.3302433372 1.0 0.4258400927 8.93105446118 1.0 ;
59.1055004509 3.35347159603 7.05951307484 3.35437330929 0.0 52.6023444545 8.98106402164 ;
60.2733990148 3.44844006568 1.26469622332 0.457471264368 0.670607553366 1.9223316913 0.0 ;
60.7728194726 3.48884381339 7.35496957404 1.73123732252 2.47363083164 2.58012170385 0.0 ;
59.9482758621 3.5 25.6379310345 6.77586206897 2.10344827586 17.8448275862 2.43103448276 ;
55.7727666956 2.57285342585 0.382914137034 0.0 0.0 1.73460537728 0.050303555941 ;
62.9238095238 3.76952380952 9.79238095238 2.32571428571 2.8019047619 2.85142857143 0.0 ;
60.1952662722 3.45118343195 7.80177514793 3.80621301775 0.0 58.8565088757 10.3520710059 ;
59.094894027 3.62524084778 2.3704238921 0.432080924855 1.43208092486 1.91473988439 0.0 ;
64.5876977153 4.2927943761 2.2611599297 1.0 1.0 4.03796133568 0.265729349736 ;
56.2317569684 2.9752583777 2.26025681178 1.0 0.0 13.5737550893 1.6583150642 ;
63.3736951983 4.62212943633 9.6993736952 2.68475991649 1.7139874739 12.7014613779 1.65970772443 ;
57.3596323248 3.22788203753 4.84795097664 2.23745691306 0.0 33.0474913826 4.89352738414 ;
62.5059665871 4.28162291169 10.5417661098 2.96420047733 1.68019093079 13.5369928401 1.76133651551 ;
55.6090723751 3.01580020387 3.72706422018 1.57976554536 0.0 24.8391946993 3.50713557594 ;
60.229216152 3.59936658749 1.42240696754 0.501583531275 1.0 1.70625494854 0.0 ;
63.3314393939 3.79545454545 9.98863636364 2.4375 2.83333333333 2.88446969697 0.0 ;
56.5844350962 2.74128605769 0.896634615385 0.369891826923 0.0 4.46123798077 0.369891826923 ;
59.1394316163 3.35257548845 7.08703374778 3.34902309059 0.0 52.8428063943 9.01953818828 ;
63.6372315036 4.06539379475 2.79188544153 1.0 1.23150357995 3.15942720764 0.0 ;
65.6732026144 5.21176470588 3.20392156863 1.0 1.05098039216 8.52026143791 1.11111111111 ;
56.2797823597 2.88115693013 0.6735395189 0.0 0.382016036655 1.49112256586 0.0 ;
62.0 4.19718309859 12.544600939 3.60563380282 1.6338028169 17.5352112676 2.38497652582 ;
57.0609257999 3.1929884275 4.88904016338 2.23927842069 0.0 33.570115725 5.02654867257 ;
64.3412162162 4.97635135135 8.2027027027 2.15878378378 1.87837837838 8.5 1.0 ;
61.8817204301 3.56989247312 7.96344086022 3.94838709677 0.0 60.8365591398 11.0215053763 ;
56.2296830875 2.96642610606 2.25949168497 1.0 0.0 13.5804832131 1.6592406652 ;
64.5568461809 4.28018303414 2.26047166491 1.0 1.0 4.02921506512 0.264695529743 ;
63.0430023456 3.9429241595 6.27912431587 1.56919468335 2.36982017201 2.62314308053 0.0 ;
59.1368421053 3.35 7.07192982456 3.33771929825 0.0 52.6596491228 8.98245614035 ;
62.509569378 4.28947368421 10.4234449761 2.93062200957 1.66507177033 13.5741626794 1.76794258373 ;
65.6732026144 5.21176470588 3.20392156863 1.0 1.05098039216 8.52026143791 1.11111111111 ;
57.2339506173 3.37839506173 2.31049382716 0.301851851852 1.30185185185 1.70185185185 0.0 ;
56.5844350962 2.74128605769 0.896634615385 0.369891826923 0.0 4.46123798077 0.369891826923 ;
55.5907928389 3.01432225064 3.72020460358 1.57647058824 0.0 24.7910485934 3.49795396419 ;
64.0507433743 4.02844214609 2.14156431803 1.0 1.0698125404 2.71299288946 0.0 ;
64.4311926606 3.85550458716 10.1009174312 2.48623853211 2.73165137615 2.99082568807 0.0 ;
65.6824817518 5.11496350365 3.28467153285 1.0 1.30109489051 6.99452554745 0.808394160584 ;
62.4066193853 4.25531914894 10.7872340426 3.01654846336 1.73286052009 13.3286052009 1.71631205674 ;
57.1662721893 3.09881656805 1.0 0.0 0.566272189349 1.83846153846 0.0 ;
58.8345534407 3.36310395315 6.89751098097 3.2701317716 0.0 50.4941434846 8.48901903367 ;
63.2944243883 4.00160449258 1.98074608905 0.878459687124 1.0 2.5559566787 0.0 ;
56.3997524752 3.03609735974 3.18131188119 1.39232673267 0.0 20.208539604 2.71905940594 ;
55.5714285714 2.52176339286 0.193638392857 0.193638392857 0.0 2.33761160714 0.193638392857 ;
62.0877367896 3.66400797607 7.16849451645 1.7258225324 2.49351944167 2.5333998006 0.0 ;
62.9238095238 3.76952380952 9.79238095238 2.32571428571 2.8019047619 2.85142857143 0.0 ;
57.3596323248 3.22788203753 4.84795097664 2.23745691306 0.0 33.0474913826 4.89352738414 ;
56.2317569684 2.9752583777 2.26025681178 1.0 0.0 13.5737550893 1.6583150642 ;
55.7727666956 2.57285342585 0.382914137034 0.0 0.0 1.73460537728 0.050303555941 ;
64.5876977153 4.2927943761 2.2611599297 1.0 1.0 4.03796133568 0.265729349736 ;
59.094894027 3.62524084778 2.3704238921 0.432080924855 1.43208092486 1.91473988439 0.0 ;
63.3736951983 4.62212943633 9.6993736952 2.68475991649 1.7139874739 12.7014613779 1.65970772443 ;
60.1952662722 3.45118343195 7.80177514793 3.80621301775 0.0 58.8565088757 10.3520710059 ;
62.0783020812 3.83824438492 2.3956315681 0.79826911189 1.22501545436 2.32722027612 0.0 ;
61.0070257611 3.68618266979 14.8946135831 3.65807962529 2.64871194379 9.39344262295 1.07025761124 ;
59.3881431767 3.38926174497 7.38590604027 3.55369127517 0.0 55.4205816555 9.60850111857 ;
56.6000599161 2.75494307969 0.901737567406 0.371779508688 0.0 4.47843019772 0.371779508688 ;
65.6342668863 5.03953871499 2.98187808896 1.0 1.0 7.9373970346 1.0 ;
64.7575757576 4.43939393939 5.19696969697 1.80303030303 1.0 9.27272727273 1.0 ;
55.7623181605 3.02604411075 3.78859690286 1.61848897231 0.0 25.3456123885 3.59807602065 ;
65.6401515152 5.49242424242 4.82575757576 1.43560606061 1.36742424242 12.1439393939 1.67045454545 ;
64.5568461809 4.28018303414 2.26047166491 1.0 1.0 4.02921506512 0.264695529743 ;
57.0609257999 3.1929884275 4.88904016338 2.23927842069 0.0 33.570115725 5.02654867257 ;
64.3412162162 4.97635135135 8.2027027027 2.15878378378 1.87837837838 8.5 1.0 ;
56.2797823597 2.88115693013 0.6735395189 0.0 0.382016036655 1.49112256586 0.0 ;
56.2296830875 2.96642610606 2.25949168497 1.0 0.0 13.5804832131 1.6592406652 ;
61.8817204301 3.56989247312 7.96344086022 3.94838709677 0.0 60.8365591398 11.0215053763 ;
63.0430023456 3.9429241595 6.27912431587 1.56919468335 2.36982017201 2.62314308053 0.0 ;
62.0 4.19718309859 12.544600939 3.60563380282 1.6338028169 17.5352112676 2.38497652582 ;
55.7727666956 2.57285342585 0.382914137034 0.0 0.0 1.73460537728 0.050303555941 ;
62.9238095238 3.76952380952 9.79238095238 2.32571428571 2.8019047619 2.85142857143 0.0 ;
59.094894027 3.62524084778 2.3704238921 0.432080924855 1.43208092486 1.91473988439 0.0 ;
60.2255192878 3.45252225519 7.80860534125 3.80860534125 0.0 58.8827893175 10.3605341246 ;
56.2317569684 2.9752583777 2.26025681178 1.0 0.0 13.5737550893 1.6583150642 ;
64.5876977153 4.2927943761 2.2611599297 1.0 1.0 4.03796133568 0.265729349736 ;
57.3539992346 3.22770761577 4.84845005741 2.2380405664 0.0 33.0604668963 4.89552238806 ;
63.3736951983 4.62212943633 9.6993736952 2.68475991649 1.7139874739 12.7014613779 1.65970772443 ;
56.7220472441 3.36535433071 1.19763779528 0.0 1.0 1.55826771654 0.0 ;
55.7167766258 2.90433553252 2.83930254477 1.15221489161 0.0 18.5004712535 2.44392082941 ;
62.4548440066 4.05582922824 12.1116584565 3.1789819376 2.23645320197 10.1871921182 1.1855500821 ;
65.5813664596 5.32298136646 3.1900621118 1.0 1.05714285714 8.3801242236 1.07453416149 ;
55.7964196503 3.16444629475 5.15445462115 2.27643630308 0.0 35.6119900083 5.39300582848 ;
56.5843609023 2.74015037594 0.892932330827 0.368421052632 0.0 4.45082706767 0.368421052632 ;
63.7616951018 3.94138690149 2.77765547606 1.07347275729 1.2732526142 2.64584479912 0.0 ;
61.5257352941 3.49080882353 7.79227941176 3.81801470588 0.0 59.4080882353 10.6341911765 ;
66.4515050167 5.52842809365 4.69899665552 1.47157190635 1.32441471572 11.2642140468 1.4983277592 ;
62.0812203669 3.83611626469 2.39373325088 0.79797979798 1.22428365286 2.32673675531 0.0 ;
55.7640449438 3.02574906367 3.7968164794 1.62219101124 0.0 25.4094101124 3.609082397 ;
67.319266055 5.23119266055 2.98899082569 1.0 1.0 8.06788990826 1.0 ;
59.4097616345 3.38819523269 7.40522133939 3.56640181612 0.0 55.6072644722 9.6515323496 ;
56.5951453401 2.75337129158 0.901408450704 0.371591249625 0.0 4.47767455799 0.371591249625 ;
60.6788793103 3.67672413793 14.2112068966 3.50646551724 2.51724137931 9.70905172414 1.12284482759 ;
50.8225806452 3.35483870968 2.91935483871 1.0 1.0 6.79032258065 1.0 ;
59.0214698596 3.35507844756 7.03633360859 3.32287365813 0.0 52.0074318745 8.8323699422 ;
56.9506595017 3.18026380068 1.15144113337 0.0 0.654616511969 1.88470933073 0.0 ;
62.4927884615 4.28125 10.5793269231 2.97836538462 1.67067307692 13.5841346154 1.76682692308 ;
63.9743083004 3.81027667984 10.3458498024 2.59090909091 2.8557312253 2.95454545455 0.0 ;
55.8064304462 3.01640419948 3.46587926509 1.48053368329 0.0 22.3722659668 3.07174103237 ;
66.1351025332 5.13630880579 3.12786489747 1.0 0.980699638118 8.55247285887 1.10373944511 ;
55.5714285714 2.52176339286 0.193638392857 0.193638392857 0.0 2.33761160714 0.193638392857 ;
63.6500898742 3.97723187537 2.35859796285 1.0 1.14349910126 2.66896345117 0.0 ;
64.3412162162 4.97635135135 8.2027027027 2.15878378378 1.87837837838 8.5 1.0 ;
64.5568461809 4.28018303414 2.26047166491 1.0 1.0 4.02921506512 0.264695529743 ;
56.2296830875 2.96642610606 2.25949168497 1.0 0.0 13.5804832131 1.6592406652 ;
57.0609257999 3.1929884275 4.88904016338 2.23927842069 0.0 33.570115725 5.02654867257 ;
63.0430023456 3.9429241595 6.27912431587 1.56919468335 2.36982017201 2.62314308053 0.0 ;
62.0 4.19718309859 12.544600939 3.60563380282 1.6338028169 17.5352112676 2.38497652582 ;
61.8817204301 3.56989247312 7.96344086022 3.94838709677 0.0 60.8365591398 11.0215053763 ;
56.2797823597 2.88115693013 0.6735395189 0.0 0.382016036655 1.49112256586 0.0 ;
63.0430023456 3.9429241595 6.27912431587 1.56919468335 2.36982017201 2.62314308053 0.0 ;
61.8817204301 3.56989247312 7.96344086022 3.94838709677 0.0 60.8365591398 11.0215053763 ;
64.5568461809 4.28018303414 2.26047166491 1.0 1.0 4.02921506512 0.264695529743 ;
62.0 4.19718309859 12.544600939 3.60563380282 1.6338028169 17.5352112676 2.38497652582 ;
64.3412162162 4.97635135135 8.2027027027 2.15878378378 1.87837837838 8.5 1.0 ;
56.2296830875 2.96642610606 2.25949168497 1.0 0.0 13.5804832131 1.6592406652 ;
56.2797823597 2.88115693013 0.6735395189 0.0 0.382016036655 1.49112256586 0.0 ;
57.0609257999 3.1929884275 4.88904016338 2.23927842069 0.0 33.570115725 5.02654867257 ;
62.9238095238 3.76952380952 9.79238095238 2.32571428571 2.8019047619 2.85142857143 0.0 ;
55.7727666956 2.57285342585 0.382914137034 0.0 0.0 1.73460537728 0.050303555941 ;
57.3596323248 3.22788203753 4.84795097664 2.23745691306 0.0 33.0474913826 4.89352738414 ;
64.5876977153 4.2927943761 2.2611599297 1.0 1.0 4.03796133568 0.265729349736 ;
59.094894027 3.62524084778 2.3704238921 0.432080924855 1.43208092486 1.91473988439 0.0 ;
60.1952662722 3.45118343195 7.80177514793 3.80621301775 0.0 58.8565088757 10.3520710059 ;
63.3736951983 4.62212943633 9.6993736952 2.68475991649 1.7139874739 12.7014613779 1.65970772443 ;
56.2317569684 2.9752583777 2.26025681178 1.0 0.0 13.5737550893 1.6583150642 ;
56.2797823597 2.88201603666 0.674112256586 0.0 0.382875143184 1.48940435281 0.0 ;
61.1641791045 3.77611940299 19.2985074627 5.12686567164 1.97014925373 16.4253731343 2.17910447761 ;
64.9203187251 4.85258964143 6.50996015936 2.0796812749 1.0796812749 12.2908366534 1.49800796813 ;
64.1147540984 5.22404371585 6.24043715847 1.61202185792 2.2131147541 8.0 1.01092896175 ;
62.9473264166 3.92976855547 6.26017557861 1.5530726257 2.38547486034 2.60095770152 0.0 ;
56.38423548 3.0144211774 2.97629395496 1.33504543659 0.0 18.950019755 2.52785460292 ;
64.5819268636 4.28938115331 2.26125175809 1.0 1.0 4.03551336146 0.26547116737 ;
58.7989276139 3.35120643432 6.78016085791 3.22050938338 0.0 49.495308311 8.26608579088 ;
65.6732026144 5.21176470588 3.20392156863 1.0 1.05098039216 8.52026143791 1.11111111111 ;
56.5844350962 2.74128605769 0.896634615385 0.369891826923 0.0 4.46123798077 0.369891826923 ;
59.1265486726 3.35309734513 7.07787610619 3.34513274336 0.0 52.7867256637 9.00884955752 ;
60.2530644524 3.60142348754 1.42309213128 0.502174772637 1.0 1.70739422697 0.0 ;
63.3314393939 3.79545454545 9.98863636364 2.4375 2.83333333333 2.88446969697 0.0 ;
62.5059665871 4.28162291169 10.5417661098 2.96420047733 1.68019093079 13.5369928401 1.76133651551 ;
55.6091836735 3.01530612245 3.7262755102 1.57908163265 0.0 24.8267857143 3.50459183673 ;
63.6132887189 4.06357552581 2.7930210325 1.0 1.23183556405 3.16013384321 0.0 ;
56.2115787026 3.04115322018 3.48965356894 1.51987909788 0.0 23.0265054638 3.2087886538 ;
61.5812536274 3.81021474173 1.70922809054 0.635809634359 1.0 2.23157283807 0.0 ;
62.5690515807 3.77870216306 9.45257903494 2.24292845258 2.85690515807 2.80698835275 0.0 ;
56.5844350962 2.74128605769 0.896634615385 0.369891826923 0.0 4.46123798077 0.369891826923 ;
62.4688995215 4.26315789474 10.6411483254 2.98803827751 1.68421052632 13.519138756 1.75598086124 ;
59.04340124 3.36049601417 7.06200177148 3.37732506643 0.0 52.4623560673 8.96279893711 ;
65.682230869 5.23216601816 3.20103761349 1.0 1.04928664073 8.49935149157 1.10505836576 ;
62.9525801953 4.06136680614 3.79358437936 1.0 2.0 2.46025104603 0.0 ;
62.9238095238 3.76952380952 9.79238095238 2.32571428571 2.8019047619 2.85142857143 0.0 ;
56.2317569684 2.9752583777 2.26025681178 1.0 0.0 13.5737550893 1.6583150642 ;
55.7727666956 2.57285342585 0.382914137034 0.0 0.0 1.73460537728 0.050303555941 ;
59.094894027 3.62524084778 2.3704238921 0.432080924855 1.43208092486 1.91473988439 0.0 ;
60.1952662722 3.45118343195 7.80177514793 3.80621301775 0.0 58.8565088757 10.3520710059 ;
64.5876977153 4.2927943761 2.2611599297 1.0 1.0 4.03796133568 0.265729349736 ;
57.3596323248 3.22788203753 4.84795097664 2.23745691306 0.0 33.0474913826 4.89352738414 ;
63.3736951983 4.62212943633 9.6993736952 2.68475991649 1.7139874739 12.7014613779 1.65970772443 ;
61.5812536274 3.81021474173 1.70922809054 0.635809634359 1.0 2.23157283807 0.0 ;
62.48441247 4.25899280576 10.6642685851 2.99520383693 1.68824940048 13.5395683453 1.75779376499 ;
65.682230869 5.23216601816 3.20103761349 1.0 1.04928664073 8.49935149157 1.10505836576 ;
56.2126423426 3.0420636765 3.49012316988 1.51986985824 0.0 23.0288171043 3.20938879851 ;
56.5844350962 2.74128605769 0.896634615385 0.369891826923 0.0 4.46123798077 0.369891826923 ;
62.9525801953 4.06136680614 3.79358437936 1.0 2.0 2.46025104603 0.0 ;
59.0416666667 3.35992907801 7.06117021277 3.37765957447 0.0 52.4636524823 8.96365248227 ;
62.5690515807 3.77870216306 9.45257903494 2.24292845258 2.85690515807 2.80698835275 0.0 ;
66.6075857039 5.13129102845 3.19401896426 1.0 1.17067833698 6.77461706783 0.680525164114 ;
61.450180072 3.53541416567 8.12004801921 1.91596638655 2.58463385354 2.61944777911 0.0 ;
55.7358373106 2.99398215397 3.33035899564 1.4256069724 0.0 21.4276820917 2.90558207097 ;
63.0666666667 4.41428571429 8.44761904762 2.31428571429 1.9380952381 8.88095238095 1.00476190476 ;
55.5714285714 2.52176339286 0.193638392857 0.193638392857 0.0 2.33761160714 0.193638392857 ;
60.9641931684 3.59787985866 1.54204946996 0.557597173145 0.860777385159 2.02661955241 0.0 ;
59.0606305578 3.35812449475 6.97574777688 3.27647534357 0.0 51.219886823 8.6774454325 ;
62.0833333333 4.14215686275 13.1617647059 3.75980392157 1.42647058824 18.2009803922 2.5 ;
62.0 4.19718309859 12.544600939 3.60563380282 1.6338028169 17.5352112676 2.38497652582 ;
56.2296830875 2.96642610606 2.25949168497 1.0 0.0 13.5804832131 1.6592406652 ;
64.3412162162 4.97635135135 8.2027027027 2.15878378378 1.87837837838 8.5 1.0 ;
56.2797823597 2.88115693013 0.6735395189 0.0 0.382016036655 1.49112256586 0.0 ;
64.5568461809 4.28018303414 2.26047166491 1.0 1.0 4.02921506512 0.264695529743 ;
57.0537963909 3.1923731699 4.88968335036 2.23935989105 0.0 33.5754170923 5.02757916241 ;
63.0430023456 3.9429241595 6.27912431587 1.56919468335 2.36982017201 2.62314308053 0.0 ;
61.9163090129 3.57296137339 7.95278969957 3.94420600858 0.0 60.7446351931 11.0021459227 ;
63.6500898742 3.97723187537 2.35859796285 1.0 1.14349910126 2.66896345117 0.0 ;
62.4927884615 4.28125 10.5793269231 2.97836538462 1.67067307692 13.5841346154 1.76682692308 ;
59.0214698596 3.35507844756 7.03633360859 3.32287365813 0.0 52.0074318745 8.8323699422 ;
63.9743083004 3.81027667984 10.3458498024 2.59090909091 2.8557312253 2.95454545455 0.0 ;
56.9506595017 3.18026380068 1.15144113337 0.0 0.654616511969 1.88470933073 0.0 ;
55.5714285714 2.52176339286 0.193638392857 0.193638392857 0.0 2.33761160714 0.193638392857 ;
55.8064304462 3.01640419948 3.46587926509 1.48053368329 0.0 22.3722659668 3.07174103237 ;
66.1351025332 5.13630880579 3.12786489747 1.0 0.980699638118 8.55247285887 1.10373944511 ;
55.7727666956 2.57285342585 0.382914137034 0.0 0.0 1.73460537728 0.050303555941 ;
59.0925301205 3.62506024096 2.36626506024 0.430843373494 1.43084337349 1.91373493976 0.0 ;
64.5876977153 4.2927943761 2.2611599297 1.0 1.0 4.03796133568 0.265729349736 ;
63.3736951983 4.62212943633 9.6993736952 2.68475991649 1.7139874739 12.7014613779 1.65970772443 ;
57.3539992346 3.22770761577 4.84845005741 2.2380405664 0.0 33.0604668963 4.89552238806 ;
56.2317569684 2.9752583777 2.26025681178 1.0 0.0 13.5737550893 1.6583150642 ;
62.9258555133 3.76996197719 9.79467680608 2.32699619772 2.80418250951 2.8536121673 0.0 ;
60.2255192878 3.45252225519 7.80860534125 3.80860534125 0.0 58.8827893175 10.3605341246 ;
59.094894027 3.62524084778 2.3704238921 0.432080924855 1.43208092486 1.91473988439 0.0 ;
63.3736951983 4.62212943633 9.6993736952 2.68475991649 1.7139874739 12.7014613779 1.65970772443 ;
64.5876977153 4.2927943761 2.2611599297 1.0 1.0 4.03796133568 0.265729349736 ;
60.1952662722 3.45118343195 7.80177514793 3.80621301775 0.0 58.8565088757 10.3520710059 ;
57.3596323248 3.22788203753 4.84795097664 2.23745691306 0.0 33.0474913826 4.89352738414 ;
56.2317569684 2.9752583777 2.26025681178 1.0 0.0 13.5737550893 1.6583150642 ;
62.9238095238 3.76952380952 9.79238095238 2.32571428571 2.8019047619 2.85142857143 0.0 ;
55.7727666956 2.57285342585 0.382914137034 0.0 0.0 1.73460537728 0.050303555941 ;
61.5812536274 3.81021474173 1.70922809054 0.635809634359 1.0 2.23157283807 0.0 ;
56.5844350962 2.74128605769 0.896634615385 0.369891826923 0.0 4.46123798077 0.369891826923 ;
65.682230869 5.23216601816 3.20103761349 1.0 1.04928664073 8.49935149157 1.10505836576 ;
59.0382222222 3.36088888889 7.06133333333 3.37866666667 0.0 52.4773333333 8.968 ;
56.2155132373 3.04203437065 3.49256850906 1.52090106828 0.0 23.0457501161 3.21226196006 ;
62.48441247 4.25899280576 10.6642685851 2.99520383693 1.68824940048 13.5395683453 1.75779376499 ;
62.9525801953 4.06136680614 3.79358437936 1.0 2.0 2.46025104603 0.0 ;
62.5690515807 3.77870216306 9.45257903494 2.24292845258 2.85690515807 2.80698835275 0.0 ;
56.2317569684 2.9752583777 2.26025681178 1.0 0.0 13.5737550893 1.6583150642 ;
62.9238095238 3.76952380952 9.79238095238 2.32571428571 2.8019047619 2.85142857143 0.0 ;
60.1952662722 3.45118343195 7.80177514793 3.80621301775 0.0 58.8565088757 10.3520710059 ;
57.3596323248 3.22788203753 4.84795097664 2.23745691306 0.0 33.0474913826 4.89352738414 ;
59.094894027 3.62524084778 2.3704238921 0.432080924855 1.43208092486 1.91473988439 0.0 ;
64.5876977153 4.2927943761 2.2611599297 1.0 1.0 4.03796133568 0.265729349736 ;
55.7727666956 2.57285342585 0.382914137034 0.0 0.0 1.73460537728 0.050303555941 ;
63.3736951983 4.62212943633 9.6993736952 2.68475991649 1.7139874739 12.7014613779 1.65970772443 ;
62.5059665871 4.28162291169 10.5417661098 2.96420047733 1.68019093079 13.5369928401 1.76133651551 ;
63.5984666986 4.05893627216 2.79492093915 1.0 1.23239099185 3.1609966459 0.0 ;
55.6085182351 3.0155572558 3.72711043101 1.57944401938 0.0 24.831420556 3.50548329508 ;
60.271902131 3.60615627466 1.42423046567 0.503157063931 1.0 1.70955011839 0.0 ;
65.6732026144 5.21176470588 3.20392156863 1.0 1.05098039216 8.52026143791 1.11111111111 ;
56.5844350962 2.74128605769 0.896634615385 0.369891826923 0.0 4.46123798077 0.369891826923 ;
59.1319751993 3.35252435784 7.07794508415 3.3454384411 0.0 52.7953941541 9.01062887511 ;
63.3314393939 3.79545454545 9.98863636364 2.4375 2.83333333333 2.88446969697 0.0 ;
61.1387478849 3.47208121827 7.75126903553 3.7834179357 0.0 58.9712351946 10.4991539763 ;
65.5568862275 4.99101796407 3.14520958084 1.06137724551 1.0 8.04640718563 1.0 ;
56.0085216747 3.17154501667 4.93701370878 2.20414968507 0.0 33.6435716932 4.99740644683 ;
62.0240384615 3.8083479021 2.45192307692 0.789772727273 1.26923076923 2.26835664336 0.0 ;
56.5843609023 2.74015037594 0.892932330827 0.368421052632 0.0 4.45082706767 0.368421052632 ;
62.1685823755 4.00191570881 13.1858237548 3.38314176245 2.35823754789 10.5670498084 1.25095785441 ;
55.9990319458 2.89012584705 2.44433688287 1.01355275895 0.0 15.7318489835 2.04743465634 ;
65.2992424242 5.99242424242 3.95454545455 1.0 1.52651515152 8.45075757576 1.01515151515 ;
56.2317569684 2.9752583777 2.26025681178 1.0 0.0 13.5737550893 1.6583150642 ;
59.094894027 3.62524084778 2.3704238921 0.432080924855 1.43208092486 1.91473988439 0.0 ;
64.5876977153 4.2927943761 2.2611599297 1.0 1.0 4.03796133568 0.265729349736 ;
57.3539992346 3.22770761577 4.84845005741 2.2380405664 0.0 33.0604668963 4.89552238806 ;
62.9238095238 3.76952380952 9.79238095238 2.32571428571 2.8019047619 2.85142857143 0.0 ;
55.7727666956 2.57285342585 0.382914137034 0.0 0.0 1.73460537728 0.050303555941 ;
63.3736951983 4.62212943633 9.6993736952 2.68475991649 1.7139874739 12.7014613779 1.65970772443 ;
60.2255192878 3.45252225519 7.80860534125 3.80860534125 0.0 58.8827893175 10.3605341246 ;
61.5812536274 3.81021474173 1.70922809054 0.635809634359 1.0 2.23157283807 0.0 ;
55.5714285714 2.52176339286 0.193638392857 0.193638392857 0.0 2.33761160714 0.193638392857 ;
58.7658227848 3.35654008439 6.84739803094 3.24331926864 0.0 50.035161744 8.38537271449 ;
56.3898198576 3.0293255132 3.1573104315 1.38144113951 0.0 20.0458734814 2.69229157939 ;
65.7905236908 5.23940149626 3.16334164589 1.0 1.01496259352 8.5187032419 1.09725685786 ;
62.5049833887 3.7657807309 9.46843853821 2.23588039867 2.85215946844 2.78903654485 0.0 ;
62.4556354916 4.26618705036 10.654676259 2.9928057554 1.68105515588 13.5371702638 1.75779376499 ;
60.0570054945 3.42994505495 2.36675824176 0.491758241758 0.983516483516 2.45535714286 0.0 ;
62.9525801953 4.06136680614 3.79358437936 1.0 2.0 2.46025104603 0.0 ;
62.5690515807 3.77870216306 9.45257903494 2.24292845258 2.85690515807 2.80698835275 0.0 ;
56.2158273381 3.04130888837 3.49593873288 1.52262705964 0.0 23.070782084 3.21629148294 ;
61.5812536274 3.81021474173 1.70922809054 0.635809634359 1.0 2.23157283807 0.0 ;
65.682230869 5.23216601816 3.20103761349 1.0 1.04928664073 8.49935149157 1.10505836576 ;
59.047279215 3.36217662801 7.06333630687 3.38001784121 0.0 52.5022301517 8.97502230152 ;
56.5844350962 2.74128605769 0.896634615385 0.369891826923 0.0 4.46123798077 0.369891826923 ;
62.4688995215 4.26315789474 10.6411483254 2.98803827751 1.68421052632 13.519138756 1.75598086124 ;
58.5285714286 3.47976190476 2.94702380952 0.5125 1.41488095238 1.84226190476 0.0 ;
55.677346115 3.02093844601 3.74243188698 1.5870332997 0.0 24.9460141271 3.5274974773 ;
56.4820777643 2.71780072904 0.880619684083 0.363001215067 0.0 4.40370595383 0.363001215067 ;
63.6632302405 4.48453608247 5.94845360825 1.87285223368 1.0 14.1202749141 1.87285223368 ;
63.6541804016 3.98082109679 2.35181300569 1.0 1.14563979622 2.67275996404 0.0 ;
65.7260083449 5.16968011127 3.10570236439 1.0 1.0264255911 7.9916550765 1.0 ;
59.0817263545 3.35537190083 7.13865932048 3.3810835629 0.0 53.3728191001 9.12947658402 ;
61.7492625369 4.12389380531 14.4601769912 3.61946902655 2.598820059 9.09734513274 1.0412979351 ;
60.8896797153 3.59169632266 1.52930011862 0.55231316726 0.853855278766 2.02016607355 0.0 ;
62.0833333333 4.14215686275 13.1617647059 3.75980392157 1.42647058824 18.2009803922 2.5 ;
59.0818330606 3.36088379705 6.99427168576 3.29050736498 0.0 51.4271685761 8.72258592471 ;
61.42002442 3.53601953602 8.17582417582 1.93650793651 2.59462759463 2.60317460317 0.0 ;
66.6261419536 5.08995080815 3.20168657765 1.0 1.1862262825 6.65073787772 0.656359803233 ;
55.5714285714 2.52176339286 0.193638392857 0.193638392857 0.0 2.33761160714 0.193638392857 ;
63.0666666667 4.41428571429 8.44761904762 2.31428571429 1.9380952381 8.88095238095 1.00476190476 ;
55.7374637381 2.99419809366 3.34065478657 1.42954828015 0.0 21.4954413593 2.91670120182 ;
59.094894027 3.62524084778 2.3704238921 0.432080924855 1.43208092486 1.91473988439 0.0 ;
56.2317569684 2.9752583777 2.26025681178 1.0 0.0 13.5737550893 1.6583150642 ;
60.2118518519 3.45185185185 7.80740740741 3.80740740741 0.0 58.8711111111 10.3555555556 ;
63.3736951983 4.62212943633 9.6993736952 2.68475991649 1.7139874739 12.7014613779 1.65970772443 ;
64.5876977153 4.2927943761 2.2611599297 1.0 1.0 4.03796133568 0.265729349736 ;
55.7727666956 2.57285342585 0.382914137034 0.0 0.0 1.73460537728 0.050303555941 ;
62.9238095238 3.76952380952 9.79238095238 2.32571428571 2.8019047619 2.85142857143 0.0 ;
57.356431853 3.22779479326 4.84762633997 2.23774885145 0.0 33.0535987749 4.89471669219 ;
63.0666666667 4.41428571429 8.44761904762 2.31428571429 1.9380952381 8.88095238095 1.00476190476 ;
55.7345371523 2.99398090494 3.3295973433 1.42528019925 0.0 21.4229970942 2.90493980905 ;
55.5714285714 2.52176339286 0.193638392857 0.193638392857 0.0 2.33761160714 0.193638392857 ;
61.450180072 3.53541416567 8.12004801921 1.91596638655 2.58463385354 2.61944777911 0.0 ;
62.0833333333 4.14215686275 13.1617647059 3.75980392157 1.42647058824 18.2009803922 2.5 ;
60.9641931684 3.59787985866 1.54204946996 0.557597173145 0.860777385159 2.02661955241 0.0 ;
59.0630048465 3.35783521809 6.97576736672 3.27625201939 0.0 51.2140549273 8.67528271405 ;
66.6075857039 5.13129102845 3.19401896426 1.0 1.17067833698 6.77461706783 0.680525164114 ;
62.0 4.19718309859 12.544600939 3.60563380282 1.6338028169 17.5352112676 2.38497652582 ;
61.8817204301 3.56989247312 7.96344086022 3.94838709677 0.0 60.8365591398 11.0215053763 ;
64.5568461809 4.28018303414 2.26047166491 1.0 1.0 4.02921506512 0.264695529743 ;
64.3412162162 4.97635135135 8.2027027027 2.15878378378 1.87837837838 8.5 1.0 ;
57.0609257999 3.1929884275 4.88904016338 2.23927842069 0.0 33.570115725 5.02654867257 ;
63.0430023456 3.9429241595 6.27912431587 1.56919468335 2.36982017201 2.62314308053 0.0 ;
56.2296830875 2.96642610606 2.25949168497 1.0 0.0 13.5804832131 1.6592406652 ;
56.2797823597 2.88115693013 0.6735395189 0.0 0.382016036655 1.49112256586 0.0 ;
57.0609257999 3.1929884275 4.88904016338 2.23927842069 0.0 33.570115725 5.02654867257 ;
63.0430023456 3.9429241595 6.27912431587 1.56919468335 2.36982017201 2.62314308053 0.0 ;
56.2797823597 2.88115693013 0.6735395189 0.0 0.382016036655 1.49112256586 0.0 ;
56.2296830875 2.96642610606 2.25949168497 1.0 0.0 13.5804832131 1.6592406652 ;
64.3412162162 4.97635135135 8.2027027027 2.15878378378 1.87837837838 8.5 1.0 ;
64.5568461809 4.28018303414 2.26047166491 1.0 1.0 4.02921506512 0.264695529743 ;
61.8817204301 3.56989247312 7.96344086022 3.94838709677 0.0 60.8365591398 11.0215053763 ;
62.0 4.19718309859 12.544600939 3.60563380282 1.6338028169 17.5352112676 2.38497652582 ;
59.094894027 3.62524084778 2.3704238921 0.432080924855 1.43208092486 1.91473988439 0.0 ;
55.7727666956 2.57285342585 0.382914137034 0.0 0.0 1.73460537728 0.050303555941 ;
62.9238095238 3.76952380952 9.79238095238 2.32571428571 2.8019047619 2.85142857143 0.0 ;
57.356431853 3.22779479326 4.84762633997 2.23774885145 0.0 33.0535987749 4.89471669219 ;
63.3736951983 4.62212943633 9.6993736952 2.68475991649 1.7139874739 12.7014613779 1.65970772443 ;
56.2317569684 2.9752583777 2.26025681178 1.0 0.0 13.5737550893 1.6583150642 ;
64.5876977153 4.2927943761 2.2611599297 1.0 1.0 4.03796133568 0.265729349736 ;
60.2118518519 3.45185185185 7.80740740741 3.80740740741 0.0 58.8711111111 10.3555555556 ;
61.5812536274 3.81021474173 1.70922809054 0.635809634359 1.0 2.23157283807 0.0 ;
56.2142525534 3.04201485608 3.49442896936 1.52158774373 0.0 23.0571030641 3.21425255339 ;
65.682230869 5.23216601816 3.20103761349 1.0 1.04928664073 8.49935149157 1.10505836576 ;
62.48441247 4.25899280576 10.6642685851 2.99520383693 1.68824940048 13.5395683453 1.75779376499 ;
62.5690515807 3.77870216306 9.45257903494 2.24292845258 2.85690515807 2.80698835275 0.0 ;
59.0480854853 3.36153161175 7.06055209261 3.37934105076 0.0 52.4861976848 8.97061442565 ;
62.9525801953 4.06136680614 3.79358437936 1.0 2.0 2.46025104603 0.0 ;
56.5844350962 2.74128605769 0.896634615385 0.369891826923 0.0 4.46123798077 0.369891826923 ;
56.2797823597 2.88115693013 0.6735395189 0.0 0.382016036655 1.49112256586 0.0 ;
57.0537963909 3.1923731699 4.88968335036 2.23935989105 0.0 33.5754170923 5.02757916241 ;
64.3412162162 4.97635135135 8.2027027027 2.15878378378 1.87837837838 8.5 1.0 ;
56.2296830875 2.96642610606 2.25949168497 1.0 0.0 13.5804832131 1.6592406652 ;
61.9163090129 3.57296137339 7.95278969957 3.94420600858 0.0 60.7446351931 11.0021459227 ;
64.5568461809 4.28018303414 2.26047166491 1.0 1.0 4.02921506512 0.264695529743 ;
63.0430023456 3.9429241595 6.27912431587 1.56919468335 2.36982017201 2.62314308053 0.0 ;
62.0 4.19718309859 12.544600939 3.60563380282 1.6338028169 17.5352112676 2.38497652582 ;
59.094894027 3.62524084778 2.3704238921 0.432080924855 1.43208092486 1.91473988439 0.0 ;
55.7727666956 2.57285342585 0.382914137034 0.0 0.0 1.73460537728 0.050303555941 ;
64.5876977153 4.2927943761 2.2611599297 1.0 1.0 4.03796133568 0.265729349736 ;
57.3596323248 3.22788203753 4.84795097664 2.23745691306 0.0 33.0474913826 4.89352738414 ;
62.9238095238 3.76952380952 9.79238095238 2.32571428571 2.8019047619 2.85142857143 0.0 ;
63.3736951983 4.62212943633 9.6993736952 2.68475991649 1.7139874739 12.7014613779 1.65970772443 ;
56.2317569684 2.9752583777 2.26025681178 1.0 0.0 13.5737550893 1.6583150642 ;
60.1952662722 3.45118343195 7.80177514793 3.80621301775 0.0 58.8565088757 10.3520710059 ;
62.9238095238 3.76952380952 9.79238095238 2.32571428571 2.8019047619 2.85142857143 0.0 ;
57.3596323248 3.22788203753 4.84795097664 2.23745691306 0.0 33.0474913826 4.89352738414 ;
55.7727666956 2.57285342585 0.382914137034 0.0 0.0 1.73460537728 0.050303555941 ;
63.3736951983 4.62212943633 9.6993736952 2.68475991649 1.7139874739 12.7014613779 1.65970772443 ;
59.094894027 3.62524084778 2.3704238921 0.432080924855 1.43208092486 1.91473988439 0.0 ;
60.1952662722 3.45118343195 7.80177514793 3.80621301775 0.0 58.8565088757 10.3520710059 ;
64.5876977153 4.2927943761 2.2611599297 1.0 1.0 4.03796133568 0.265729349736 ;
56.2317569684 2.9752583777 2.26025681178 1.0 0.0 13.5737550893 1.6583150642 ;
63.3314393939 3.79545454545 9.98863636364 2.4375 2.83333333333 2.88446969697 0.0 ;
55.6090723751 3.01580020387 3.72706422018 1.57976554536 0.0 24.8391946993 3.50713557594 ;
60.229216152 3.59936658749 1.42240696754 0.501583531275 1.0 1.70625494854 0.0 ;
59.1394316163 3.35257548845 7.08703374778 3.34902309059 0.0 52.8428063943 9.01953818828 ;
62.5059665871 4.28162291169 10.5417661098 2.96420047733 1.68019093079 13.5369928401 1.76133651551 ;
63.6372315036 4.06539379475 2.79188544153 1.0 1.23150357995 3.15942720764 0.0 ;
56.5844350962 2.74128605769 0.896634615385 0.369891826923 0.0 4.46123798077 0.369891826923 ;
65.6732026144 5.21176470588 3.20392156863 1.0 1.05098039216 8.52026143791 1.11111111111 ;
62.0 4.19718309859 12.544600939 3.60563380282 1.6338028169 17.5352112676 2.38497652582 ;
63.0430023456 3.9429241595 6.27912431587 1.56919468335 2.36982017201 2.62314308053 0.0 ;
61.8405172414 3.56681034483 7.97198275862 3.9525862069 0.0 60.9245689655 11.0409482759 ;
64.5568461809 4.28018303414 2.26047166491 1.0 1.0 4.02921506512 0.264695529743 ;
64.3412162162 4.97635135135 8.2027027027 2.15878378378 1.87837837838 8.5 1.0 ;
56.2797823597 2.88115693013 0.6735395189 0.0 0.382016036655 1.49112256586 0.0 ;
57.0690711126 3.19360326642 4.88873766587 2.23919700578 0.0 33.5654984689 5.02551888397 ;
56.2296830875 2.96642610606 2.25949168497 1.0 0.0 13.5804832131 1.6592406652 ;
61.594837587 3.81438515081 1.70881670534 0.636020881671 1.0 2.23201856148 0.0 ;
56.2560254661 3.04843110505 3.53751705321 1.54479308777 0.0 23.420418372 3.27967257844 ;
62.1269230769 4.32692307692 13.9807692308 3.62692307692 2.34615384615 10.95 1.35384615385 ;
65.6607387141 5.16142270862 3.09439124487 1.0 1.00957592339 8.0123119015 1.0 ;
62.8718944099 3.94254658385 6.10170807453 1.50388198758 2.36413043478 2.59239130435 0.0 ;
59.1658630665 3.37512054002 7.16393442623 3.43297974928 0.0 53.3297974928 9.16297010608 ;
56.462804878 2.71067073171 0.875 0.360670731707 0.0 4.38597560976 0.360670731707 ;
63.0706319703 4.46096654275 6.20074349442 1.91821561338 1.0 14.9739776952 2.02602230483 ;
60.2663514578 3.61150512214 1.42513790386 0.503940110323 1.0 1.71473601261 0.0 ;
55.5992337165 3.01507024266 3.72362707535 1.57803320562 0.0 24.8120051086 3.50191570881 ;
65.6732026144 5.21176470588 3.20392156863 1.0 1.05098039216 8.52026143791 1.11111111111 ;
59.1366843034 3.35008818342 7.07671957672 3.34215167549 0.0 52.7522045855 9.00088183422 ;
62.5214285714 4.28571428571 10.5214285714 2.9619047619 1.67619047619 13.5285714286 1.75952380952 ;
63.3314393939 3.79545454545 9.98863636364 2.4375 2.83333333333 2.88446969697 0.0 ;
63.6116178589 4.05328852616 2.79644743159 1.0 1.23283725396 3.15746519443 0.0 ;
56.5844350962 2.74128605769 0.896634615385 0.369891826923 0.0 4.46123798077 0.369891826923 ;
63.3314393939 3.79545454545 9.98863636364 2.4375 2.83333333333 2.88446969697 0.0 ;
56.5844350962 2.74128605769 0.896634615385 0.369891826923 0.0 4.46123798077 0.369891826923 ;
60.271902131 3.60615627466 1.42423046567 0.503157063931 1.0 1.70955011839 0.0 ;
59.1319751993 3.35252435784 7.07794508415 3.3454384411 0.0 52.7953941541 9.01062887511 ;
55.6085182351 3.0155572558 3.72711043101 1.57944401938 0.0 24.831420556 3.50548329508 ;
62.5059665871 4.28162291169 10.5417661098 2.96420047733 1.68019093079 13.5369928401 1.76133651551 ;
65.6732026144 5.21176470588 3.20392156863 1.0 1.05098039216 8.52026143791 1.11111111111 ;
63.5984666986 4.05893627216 2.79492093915 1.0 1.23239099185 3.1609966459 0.0 ;
