2.52283946532 4.66100482602 3.06020310147 3.80533531442 3.44929362286 2.57133866827 3.02176747555 ;
2.10112989408 4.77158874772 2.01208451281 2.34112318549 1.33982633336 0.635313374352 2.77082671976 ;
1.15211441052 4.76248664678 2.10253072062 1.43238280287 3.59532491138 0.922114972898 3.1119291849 ;
2.54109426172 4.64909095729 3.10969169799 4.07147926453 3.16476899327 2.86377280074 2.90540379448 ;
1.69880821242 4.77351969754 1.81983882998 1.95195744382 1.20243718521 0.619308257844 2.74897670381 ;
1.82181619934 4.75028883544 2.4219509658 2.08812459538 3.80277187988 1.01685165439 3.19152220222 ;
2.05218909462 4.71840420161 2.63597591543 2.45700917644 4.00662379779 1.27935014734 3.27688261963 ;
1.72528664132 4.77442567059 1.85900322313 1.97680033209 1.38859221949 0.647679136604 2.75719648611 ;
2.38994181854 4.66011173961 3.05976823974 4.2046529771 2.74962149951 3.19395197591 2.70100125772 ;
1.83741806174 4.75572865284 2.37152109742 2.1100950291 3.66331909512 0.949999782204 3.12873930111 ;
2.53421914114 4.64867827331 3.10650517736 4.0515505746 3.18038902912 2.83698370986 2.90188973475 ;
1.64353436966 4.7728048324 1.78510147117 1.86077133184 1.02013891546 0.628673833938 2.78639303463 ;
2.5718254807 4.66001470222 3.09322671164 4.0189274964 3.19523185617 2.68567493648 2.91464343794 ;
1.73062132424 4.75148901001 2.33885656096 1.96333727599 3.7931596984 0.970678381163 3.16713590631 ;
1.69070438616 4.77157503982 1.83045606486 1.9465608169 1.09439525496 0.660944419328 2.77070499213 ;
1.87637403743 4.76400398984 1.90837615537 2.21399608173 0.918523106454 0.702814128488 2.69128896682 ;
1.61400719006 4.75973431296 2.2555060376 1.82606731892 3.60261455126 0.925515451419 3.14370308789 ;
2.56511390072 4.65658859285 3.09970968393 3.99262252401 3.34235179571 2.7114273976 2.97261371808 ;
1.7659699113 4.76910703696 1.84442691254 2.04254794334 1.09735523674 0.634845201491 2.74369549424 ;
1.70101271027 4.75436399332 2.34781292589 1.92792805276 3.76793560036 0.993223700553 3.17664010725 ;
2.56013491572 4.65616597276 3.09850785379 4.03105814077 3.22939082126 2.74071815485 2.92575204685 ;
2.60177723041 4.66528242436 3.05091438568 3.96146064331 3.13076269258 2.49974305067 2.92247906492 ;
1.60961898446 4.75708199458 2.35852166536 1.84922844292 3.7724563976 0.994531595186 3.18765349901 ;
1.6673852649 4.77272216388 1.717178084 1.85680022047 1.09758740077 0.609584057934 2.74422661818 ;
1.94437788565 4.76243599961 2.08884534998 2.31121218519 0.729476043741 0.729450289297 2.69269086211 ;
1.64490840826 4.7607999303 2.14492756364 1.87004612103 3.46811566296 0.882372111356 3.10026451887 ;
2.54503955004 4.65205840775 3.11398799127 4.00279296841 3.34873845199 2.80708771381 2.97124393453 ;
2.57024943668 4.65822561459 3.10009569095 4.02709541242 3.18193000396 2.71597270038 2.91484871009 ;
1.75043684263 4.75536898783 2.35897936478 2.00357446126 3.6674603775 0.955813468367 3.15134277035 ;
1.67405647454 4.76893178843 1.74928645634 1.91186843806 0.978694853632 0.639362057574 2.74448772034 ;
2.55996450227 4.66950721048 3.06631730975 3.77422875237 3.53687234366 2.45918070116 3.0753626199 ;
1.94170778492 4.75632055333 2.20157175269 2.44622340366 0.762311359853 0.891913833413 2.66084415965 ;
1.44415953352 4.76739531103 1.92888944545 1.59024337159 3.35659173582 0.7738281808 3.0487323211 ;
2.56968979468 4.662090162 3.06375493894 3.87390548504 3.40779614156 2.5101326529 3.0023668072 ;
1.95400192149 4.76485017298 2.04100461548 2.27543634172 0.899845183356 0.698156009789 2.74806870244 ;
1.42353385723 4.76730245495 2.06806103843 1.61917103169 3.52295981589 0.899719589728 3.08050903238 ;
1.48709238871 4.75972792005 2.05125857051 1.66830023772 3.50855363175 0.929795845599 3.08270736225 ;
2.53851834218 4.65336162574 3.09308605519 3.95746852852 3.39977421323 2.72465017946 2.99084975897 ;
2.06291231967 4.76918707245 2.18480799124 2.43441317429 1.01597333883 0.660381141957 2.7600065297 ;
2.48935863822 4.68171459653 3.05152924719 3.04726172185 4.25617568277 1.71822619944 3.37885096718 ;
1.46720998557 4.77336667843 1.82261119065 1.62547434593 2.23409755396 0.661322907901 2.88425735717 ;
2.43422683232 4.69167116276 2.87867162939 4.05221205178 2.13516049687 2.58397690324 2.6535206014 ;
2.52336077364 4.64480233324 3.11694090135 4.05518011323 3.29226631972 2.87708073531 2.93975437077 ;
1.72881320226 4.7572536644 2.31649969806 1.97732482346 3.70698718875 0.977826113788 3.15999084902 ;
1.8351139114 4.76925108796 1.92038280489 2.1208975884 1.04789087118 0.651582087204 2.72768798815 ;
1.60048915003 4.75637700506 2.2499458913 1.80819223467 3.75025380288 1.01539576444 3.16317614887 ;
2.5482872931 4.65139700944 3.11044900555 4.02334834229 3.32028012175 2.7728390185 2.95947766171 ;
1.90401429475 4.76880739741 1.97994511573 2.22265162995 1.13880746908 0.633701752253 2.73947071394 ;
1.81460936084 4.75197950436 2.37888549303 2.02441478091 3.84519312785 1.02019972537 3.19150860303 ;
1.7312513701 4.77230094344 1.89529130045 2.03285441676 1.21762030324 0.64096100496 2.76829465302 ;
2.5238918357 4.64675029583 3.11069298267 4.0739275125 3.22677385104 2.86623598203 2.90495491979 ;
1.80478886965 4.75867447597 2.35921186527 2.09349585629 3.59534653718 0.899821063773 3.10942479266 ;
1.68991521069 4.76861163754 1.78273528388 1.90749538507 0.929304185589 0.683739915112 2.77998360883 ;
2.53197814754 4.64881427686 3.10766532406 4.02816026408 3.26534414204 2.84780856166 2.9217473921 ;
1.88091371584 4.76505852348 1.97284009358 2.19980425533 0.854103517257 0.679036695076 2.71796744015 ;
1.63973077335 4.75981044412 2.20736947437 1.87034252141 3.56228844652 0.91181431629 3.12184783308 ;
2.55286701028 4.65451379105 3.10338636481 3.99330161344 3.32786264893 2.76080871269 2.95693482122 ;
1.6242775495 4.75546561236 2.32051692787 1.84136764715 3.80122835945 0.994695400258 3.16424125629 ;
2.59386833154 4.66233866164 3.06991549379 3.99006034349 3.22957544999 2.59273830451 2.93634712738 ;
1.73471165714 4.76947501516 1.83958399139 1.99872441353 1.10118354976 0.649298997949 2.76601296294 ;
1.62385561273 4.75450663937 2.32632470129 1.843519225 3.82261904229 1.00915012622 3.16807301462 ;
2.5792321573 4.66037541931 3.07237926718 4.0041085819 3.22589790383 2.61267797925 2.92605833283 ;
1.76366181099 4.77105497472 1.85128284387 2.00907700783 1.12823641281 0.641886270947 2.77812756462 ;
1.85064843685 4.76914647034 1.90282762053 2.15182421801 1.13188335751 0.682095400408 2.73281264172 ;
1.71731927215 4.75600150951 2.35417567403 1.96572851492 3.76040852482 0.975348786565 3.16985085531 ;
2.52438251651 4.6440648696 3.12809295502 4.05491010236 3.3144042557 2.89615676744 2.94901129791 ;
2.55996256783 4.65575348618 3.10344292876 4.02757952734 3.29128512369 2.74959377363 2.9472977207 ;
1.8215909177 4.76953698908 1.90807687322 2.10847994842 1.15958570174 0.661826215653 2.75730776853 ;
1.6537101435 4.75215422783 2.32473385007 1.88566440096 3.82188990752 1.00416809691 3.16908936072 ;
2.57063162694 4.65555530461 3.09408521702 3.99584666633 3.34513237416 2.70262279797 2.97622458364 ;
1.85607367274 4.76756619427 1.93084027532 2.16737606912 1.16636735406 0.686332576428 2.73954242757 ;
1.58261297761 4.75655646079 2.29714659576 1.80052628182 3.81117898205 0.987265080159 3.16926776207 ;
1.87571595886 4.75567452418 2.11507128491 2.35526273358 0.449905173569 0.91043131939 2.67695300446 ;
2.59453621624 4.66343384906 3.08791987166 3.90229628896 3.44541085971 2.50715585315 3.01137538672 ;
1.56426583192 4.76617958346 2.04581408141 1.74247725943 3.30292162987 0.831161352226 3.05335107794 ;
2.44949134269 4.6532059389 3.09701510248 3.82161679781 3.49314118156 2.84843399382 3.02172248691 ;
2.34565975707 4.76234582597 2.65645599812 2.67602755275 2.29666149594 0.682416263618 2.95956124988 ;
1.05718216403 4.76510437676 1.40995575772 1.29306988715 2.5360298613 0.852842502919 2.8917174731 ;
1.87840641223 4.7522416669 2.16831956952 2.40434345724 0.387225160971 0.962705054605 2.66448001806 ;
1.61332637147 4.76225383977 2.0519992075 1.81715801614 3.25483392811 0.796753337849 3.03332622426 ;
2.58838947155 4.66507285647 3.10402410947 3.90069569226 3.48246494448 2.60939680698 3.03351151706 ;
2.31120873653 4.68309422474 2.84236723542 4.04633880971 1.86343914562 2.75455705744 2.58210753956 ;
1.54746560284 4.77219297773 1.84412115582 1.69400965744 2.24696536712 0.589593916128 2.88429644359 ;
2.47435022295 4.6876704039 3.05291930425 3.17316175284 4.10499330396 1.89980451097 3.31339900111 ;
1.25201812505 4.76660498388 1.7202463889 1.42754648292 2.9969194548 0.717765045336 2.99527489098 ;
2.46991562758 4.6660330803 3.06071417221 3.65153220391 3.68591752104 2.52521241065 3.1173546166 ;
2.30708351635 4.76067473449 2.48407729334 2.82156012919 1.18310617789 0.901700699952 2.69557857562 ;
1.40259187854 4.76523547573 1.81716833035 1.5696033284 3.25488255117 0.727658414289 2.97790222235 ;
2.01861092624 4.76087692833 2.31425126192 2.49958399149 0.761562735421 0.903903813348 2.72521215865 ;
2.513750935 4.67180204985 3.05567118667 3.69093702181 3.59718387253 2.43460901616 3.09219233188 ;
1.66414820735 4.77615787503 1.72392105332 1.86441142643 1.27706666761 0.5988324403 2.74812209318 ;
2.5450563872 4.65680042173 3.09004405268 4.07257629511 3.05324750106 2.84117146828 2.87286346209 ;
1.84414291962 4.74219426886 2.51322076571 2.15261619815 3.81421919756 1.04194178104 3.2173256578 ;
1.8821488934 4.75461193902 2.43830001686 2.14919514824 3.68708797458 0.950192329293 3.18733226397 ;
2.55274840025 4.65085755431 3.10547961694 4.05321407175 3.11925747028 2.8176498758 2.90243686647 ;
1.56200685748 4.77253457187 1.70884170078 1.79295011441 1.15283745675 0.6391164522 2.72197852089 ;
1.93176023795 4.75757581011 2.17031613455 2.37187892668 0.447208737943 0.876919372848 2.7599921439 ;
1.593421472 4.76276928047 2.06103180784 1.80604909748 3.30899388891 0.836775322851 3.02322686161 ;
2.58520413338 4.66061658153 3.09742436438 3.9394350812 3.44061857947 2.61984317668 2.99799085213 ;
1.75518237862 4.77323079605 1.86460956994 2.01754107844 1.23850615596 0.636171534373 2.76932480863 ;
2.524656461 4.64690576179 3.10914391547 4.06885127614 3.21681103065 2.85825761174 2.90332045317 ;
1.78520493129 4.7517507986 2.40549165038 2.02653052981 3.84840015131 1.01780609541 3.19586615321 ;
1.51700277968 4.77209557062 1.85137754704 1.71243878351 2.13099515855 0.670433675401 2.86983928539 ;
2.58268851172 4.6976505807 3.0075291535 3.15533870439 3.94021786309 1.58391950818 3.30450938477 ;
2.20714895539 4.66032630204 2.93257959073 4.21495621702 2.25428825973 3.30676789798 2.55610468283 ;
1.5529459747 4.77385797048 1.73677265147 1.79845391632 1.19877287074 0.622614934257 2.73922653114 ;
1.98671405011 4.73770494576 2.50809239663 2.28782803318 3.7666694338 1.04935385762 3.21033338879 ;
2.50749481071 4.65999788769 3.08459344631 4.10769525083 2.95654676183 2.94729111207 2.82683094218 ;
2.53835997054 4.67186959788 3.03983651201 3.72966294114 3.52968656957 2.39768395554 3.05710768678 ;
1.43693515764 4.77006985846 1.9114736983 1.59496026492 3.2437676332 0.737234568516 3.00787526139 ;
1.95854374885 4.75532968816 2.20955069279 2.43490201993 0.56808330521 0.92123465736 2.7034895308 ;
2.40299953682 4.67588723708 2.98782763833 4.16481942947 2.40731648368 3.06551193579 2.64544202687 ;
2.25655678017 4.71147979395 2.78647228596 2.7144338081 3.96858249954 1.35812413467 3.29026646886 ;
1.48822674606 4.77342163179 1.73201873099 1.68829256052 1.66731334436 0.605841287323 2.78802066032 ;
1.80467485149 4.75772258418 2.41305833271 2.07605153325 3.62499730779 0.925224882913 3.17465980276 ;
1.65554968104 4.76955730891 1.69121347475 1.873439581 1.00995938297 0.644034616456 2.7018493944 ;
2.5452606693 4.65159416321 3.10239259005 4.03643061325 3.17492238422 2.80723470121 2.91098764224 ;
1.68389819214 4.76832620166 1.77782372093 1.93319595027 0.892266499767 0.65297664044 2.73276653202 ;
1.82035650143 4.75878992766 2.35766465078 2.08416488465 3.57461870978 0.929052309258 3.13668466272 ;
2.52771017746 4.64683170181 3.11220292522 4.05538795642 3.23524474008 2.86875307456 2.90963387399 ;
2.28921075925 4.70747679917 2.83193188062 2.78433533961 3.99943450112 1.41017899138 3.30473546314 ;
2.38543126831 4.67956865018 2.94176473702 4.14589305568 2.25364285111 2.96495067387 2.56351234785 ;
1.47254757028 4.77492411523 1.72294285437 1.62961421162 1.76332416616 0.610223676317 2.83137472786 ;
2.54582674762 4.67215021293 3.04211628486 3.75741943014 3.49087714554 2.42159250271 3.0357885796 ;
1.91475286203 4.75481379959 2.19997696787 2.33963165978 0.280052427717 0.941624656714 2.74424035541 ;
1.50561382355 4.7679454409 1.94934565173 1.70358537124 3.1643351288 0.733342271925 2.98281777571 ;
2.53394514949 4.64882856676 3.11002382167 4.04910801526 3.23684811828 2.84166168627 2.91527624068 ;
1.78647579294 4.75687484417 2.38161745318 2.05142657318 3.65727743387 0.937727443241 3.15031075497 ;
1.72539015722 4.76969317738 1.78232967568 1.96948145919 0.996264401477 0.664509311302 2.74338275796 ;
2.50220804964 4.69138914185 3.02774389345 3.12944394577 4.09476178201 1.77685440947 3.31451175218 ;
2.33400491635 4.68873728936 2.81206759054 3.97251926981 1.84717142869 2.5536352104 2.59514566281 ;
1.43953328739 4.77426064758 1.78344876938 1.57615409732 2.2399633388 0.61872136949 2.88476693026 ;
1.56462377317 4.76076375671 2.14280514421 1.75740397096 3.48875946415 0.899631846475 3.10384955772 ;
2.57140919103 4.65472559491 3.11889268145 3.97570491929 3.44598753222 2.72530938398 3.01232560586 ;
1.98612330185 4.76131226984 2.07208753032 2.42742744693 0.856602840186 0.778257868911 2.68095936486 ;
2.41217879431 4.73687652195 2.57181134098 3.28371041796 1.00516349263 1.30181343713 2.40455744258 ;
2.4174976178 4.6693707829 3.06257483359 3.57764763246 3.75221814188 2.48579693567 3.20943065438 ;
1.45474280778 4.77254882003 1.82963154384 1.55851411344 2.68734959881 0.619403640499 2.98976585411 ;
1.69614841495 4.76281315382 2.16133527856 1.93041727348 3.33029008791 0.838354224061 3.06216043219 ;
2.559321179 4.65248555355 3.11138130785 4.00084486182 3.41744726729 2.78559214713 2.9715543499 ;
1.87388066355 4.75530801841 2.0615322304 2.29359769026 0.43400681817 0.873787271306 2.70359163416 ;
1.7478540008 4.75308231609 2.34230254297 1.9820451861 3.79386358362 0.988529996432 3.17489235701 ;
1.73929909449 4.77187731395 1.87169885164 2.00902291915 1.13055700096 0.643406122596 2.75901877341 ;
2.54803333072 4.65267590609 3.10583225425 4.03871951682 3.23438321961 2.7793871542 2.92046155302 ;
1.54295050219 4.76724070544 2.13302037502 1.72242500693 3.505158641 0.924504476569 3.08586884233 ;
2.59099119156 4.66164836083 3.0829555078 3.93420110025 3.36535434762 2.5024769531 2.9900850869 ;
1.83882134465 4.76060034073 1.95579021532 2.1886648703 0.750923766643 0.726782304168 2.72490061221 ;
2.59012487186 4.66404813519 3.0547000493 3.91337260233 3.29341611839 2.47045139392 2.96165468022 ;
1.47477640346 4.76268972036 2.26126776433 1.6768269332 3.75994955999 0.991968432159 3.14563474487 ;
1.79505426488 4.76948179035 1.83846310983 2.04921676394 1.08945963369 0.643374673197 2.7711908355 ;
2.52117543932 4.65803141914 3.09356925847 3.90534765028 3.35715848297 2.77894924233 2.97909354977 ;
1.64200516951 4.76294729075 1.94951085099 1.86581018103 0.477019429303 0.717210135793 2.78980937622 ;
1.77170111028 4.7622230571 2.16029423456 2.05929847178 3.2938174591 0.788014592543 3.01875624953 ;
1.88928672716 4.75124932993 2.4450806729 2.18859183285 3.67938978083 0.981721383369 3.17864396848 ;
1.63618711653 4.77459782432 1.74831946075 1.85442803118 1.09161419027 0.638820571993 2.74574753038 ;
2.52360626169 4.64528002402 3.11110760076 4.08922337923 3.14861738399 2.92206227597 2.8693715933 ;
1.52581827586 4.75650567798 2.29523581057 1.74495075011 3.83921492288 1.00479646759 3.16929086468 ;
2.5842284823 4.66051744116 3.07138086829 3.96732915654 3.30724597409 2.5847085643 2.95013665111 ;
1.81986810674 4.7702632399 1.89069181832 2.08226485256 1.18783395791 0.660227342257 2.77804454824 ;
1.8607269286 4.76166566851 2.28249391417 2.24326915138 0.666947016678 0.891066843571 2.77010638153 ;
2.54096084682 4.67538995905 3.04985721609 3.72380142352 3.49430551155 2.35259671574 3.04284724641 ;
1.43993820639 4.76525995415 1.79574168227 1.62414886895 3.3406241041 0.749957613202 2.99221906519 ;
1.88697515055 4.75432400518 2.40237330381 2.15608341737 3.67726951789 0.972757311734 3.16833851749 ;
1.63309287755 4.7731194652 1.7926229915 1.87422094694 1.07704090351 0.643627428829 2.74131720187 ;
2.52038019463 4.64432971626 3.11884292384 4.08193090739 3.19659024974 2.89729846907 2.89654687559 ;
1.80931035962 4.7682119239 2.63278030731 2.09182373403 2.1128207735 0.633121227427 2.89890900258 ;
2.34616575206 4.6732697638 3.04561345372 3.5244911682 3.61567862032 2.52608654992 3.08792266537 ;
1.57987093538 4.75849172736 0.0666723297803 1.79035559611 2.23461254098 0.790608567754 2.76969880476 ;
1.4043384947 4.76852842707 2.13285669549 1.59116171001 3.52688513208 0.86864382791 3.08517359077 ;
2.58084173646 4.66543400031 3.05060956076 3.82948425385 3.42481476037 2.44079035579 3.01395791736 ;
1.90552737593 4.76366579787 1.93066708454 2.26418094019 0.871817716478 0.757622257418 2.72875338194 ;
1.89615059617 4.75596737627 2.08313794025 2.35805462478 0.549218649194 0.907964449221 2.62704857427 ;
1.50223297085 4.76900609667 2.04314312452 1.67135401141 3.33692030825 0.837588345724 3.090404178 ;
2.60039110805 4.66437092659 3.06878218482 3.87643533372 3.44455577272 2.43784852789 3.01524222465 ;
1.89204068496 4.76288714253 1.96726647901 2.2398213758 0.646642064945 0.786542544312 2.62594068235 ;
2.54599289092 4.67157999976 3.03326435207 3.74943739563 3.41036225657 2.38925008133 3.0345279484 ;
1.42029135614 4.7696085392 2.02760505339 1.60172344128 3.36153012087 0.766515994862 3.08745687384 ;
1.52492014308 4.75756007144 2.25612423714 1.77399842815 3.70402949728 0.978297131552 3.14231525058 ;
1.9063736353 4.76992962098 1.90457216637 2.14747135023 1.05920908215 0.640090224624 2.75939295625 ;
2.56801440618 4.65807751785 3.08638206373 3.97820943751 3.30529860773 2.64576766514 2.95237684339 ;
1.69609745344 4.76552002149 1.71463205076 1.97632467414 0.865648889446 0.680778560068 2.73826098086 ;
2.54423306261 4.65612230616 3.09067032674 3.98172542808 3.27244573959 2.78901181539 2.94073842018 ;
1.76028675937 4.75908136967 2.3673943568 2.01054408934 3.54635883687 0.870032651298 3.11522958699 ;
1.52693455852 4.77729983449 1.68649557932 1.70034012969 1.37803390333 0.588433265879 2.77963579395 ;
2.44445333234 4.68220846754 2.98289036462 4.12045128538 2.3916445659 2.89117786924 2.62439053641 ;
2.09947361337 4.71502837672 2.67437784981 2.52808025222 3.95506529846 1.28740407961 3.27272700867 ;
2.03999610679 4.76121066549 2.68957325831 2.37920172163 3.0391578541 0.884629963761 3.07677970179 ;
1.34562486105 4.76796086919 1.19062319201 1.48412034924 1.60267503158 0.671132775267 2.76966539285 ;
2.49338573634 4.6438061587 3.11307327876 4.00709099584 3.34103591134 2.91228197008 2.95355654632 ;
2.5306694693 4.64848446446 3.10973962453 4.05735794672 3.22587805654 2.8419881074 2.90408833224 ;
1.80127000128 4.75730340505 2.38700014404 2.08452499681 3.62237797568 0.928172043718 3.14305239019 ;
1.70683324786 4.76960203746 1.75387541596 1.91321033918 0.958330852025 0.673890716331 2.75084255217 ;
2.550181549 4.64682878563 3.11306699636 4.07593558791 3.1946576657 2.8698916865 2.88883358289 ;
1.6820649696 4.77269920321 1.73483050015 1.89855593124 1.12047476009 0.612170251767 2.75455689461 ;
1.82223862119 4.75375875198 2.44935935294 2.12312934773 3.68192796369 0.999287135809 3.17250625197 ;
1.65819675455 4.75406102468 2.31778731812 1.88369290395 3.79583321731 1.00468382523 3.17695859266 ;
1.85408043304 4.76876294499 1.92846439771 2.16087479289 1.15382687225 0.653690277275 2.74533095525 ;
2.54697182039 4.65182169896 3.10995193791 4.03561903155 3.30106611876 2.80461311539 2.94318548667 ;
2.55781640066 4.67062498518 3.05368212263 3.74851254456 3.52561190611 2.43291223689 3.06301742609 ;
1.97110904105 4.75835276646 2.0499872112 2.40582970551 0.795549759453 0.853123785917 2.68876086616 ;
1.37927262079 4.76777036075 2.01940388052 1.56622552316 3.39311383846 0.780065883553 3.04910371791 ;
1.43063842978 4.76484523068 2.09215887585 1.629983603 3.57425422105 0.931238924152 3.09801318562 ;
2.00082528249 4.76379844298 2.0794221596 2.35473422356 1.01522770942 0.723526988629 2.73221545737 ;
2.5719679689 4.65748286451 3.08635707044 3.92114272706 3.44705299886 2.59668634926 3.0172269784 ;
2.47223174109 4.67298581581 3.0457961459 3.60583518866 3.67304466304 2.4230545511 3.11549664819 ;
1.29242643798 4.76830713017 1.72825742801 1.44887981398 2.96887519312 0.66958816515 2.9733701249 ;
2.24522712832 4.75596465767 2.45176356711 2.80601144221 0.96697730736 0.982448924146 2.6834172844 ;
2.46860188877 4.76022645256 2.51602528933 2.9713082537 1.37133162887 0.78010475749 2.77878598695 ;
2.47176002431 4.64513907479 3.12053533399 3.87738146851 3.54572868696 2.82882024071 3.04301892011 ;
1.36335266868 4.76767656332 1.87666171003 1.53510976921 3.03575254345 0.83519553026 3.00977168857 ;
1.93300216269 4.76447298608 1.97464783676 2.23733333605 1.02325082968 0.721896323641 2.73159451725 ;
1.40645725503 4.76585635998 2.14899541625 1.62501216151 3.6433442429 0.93435643711 3.1144604105 ;
2.58001237473 4.66173170935 3.06969556911 3.89000469878 3.42181476554 2.51034556097 3.01265426361 ;
1.99567676863 4.76632915362 2.05261239096 2.34062241286 1.00938318908 0.732917493035 2.75272930502 ;
2.57007446717 4.65990486583 3.06749491022 3.85998658769 3.46963344565 2.51622374736 3.02034623696 ;
1.36531108658 4.76663974728 2.0744923534 1.56728476895 3.55859049135 0.908092152616 3.08056421785 ;
1.91041612721 4.77123297563 1.92184475373 2.14609918658 1.23898150519 0.640297250384 2.78348982638 ;
2.570584284 4.65854586377 3.06765546759 3.93355743481 3.35414787826 2.56305645972 2.96925134863 ;
1.40117550843 4.75991967752 2.25573029081 1.64543005992 3.81416257775 1.02486762153 3.15633583976 ;
2.5711874487 4.65631665238 3.11828600638 3.99297735656 3.34646061006 2.74390949991 2.98016488139 ;
1.69528960772 4.75876277827 2.23078824475 1.90377035524 3.58625269205 0.899954195395 3.15168079567 ;
1.78009659098 4.76315590776 1.93706373787 2.16426370208 0.87314028897 0.743369042277 2.6563283838 ;
2.58967446636 4.6609917185 3.10440494283 3.92972359539 3.47301758968 2.61114134213 3.02208868506 ;
1.93857333559 4.7567977542 2.12329705043 2.38864101798 0.726380107814 0.84453082407 2.69169080376 ;
1.55009416088 4.76320647548 2.07500006312 1.74626797357 3.43431153676 0.865114746255 3.07488474447 ;
1.77097361398 4.7526844198 2.36763952914 2.00501790839 3.82718157988 0.984371054747 3.18596008039 ;
2.5332982861 4.6481895431 3.10952923769 4.05141606952 3.26866829991 2.84951224958 2.92164444541 ;
1.75999881371 4.77158133519 1.89579963271 2.05128584068 1.18173150755 0.670311527455 2.75819065758 ;
1.63792647206 4.77270199931 1.74095838108 1.86944656397 1.0805886416 0.626057974867 2.73627863688 ;
1.75012796967 4.75381358287 2.3756645291 1.98495577957 3.74605171624 0.981374907628 3.18449586624 ;
2.58007185075 4.65904458292 3.08837570575 4.02863207456 3.11507465283 2.66074773709 2.90602811701 ;
1.70428839449 4.7652496145 1.6733869021 1.94316519597 1.03816500395 0.696925424353 2.70723628844 ;
2.55467749103 4.64869396875 3.11322691606 4.04727576761 3.27225527614 2.86309630815 2.92674472986 ;
1.7941079895 4.75885364658 2.46550025294 2.09429989057 3.60133716109 0.920701273222 3.1651736329 ;
1.8848686992 4.7556845529 2.4067648401 2.14198132467 3.67778468744 0.921464861372 3.18120488242 ;
2.53541003579 4.64819098013 3.10568406689 4.04808626404 3.1630167761 2.84714022844 2.9029100414 ;
1.58370826466 4.77288027987 1.75598219946 1.82886452981 1.09988743349 0.666032675568 2.72445839482 ;
1.70405966301 4.75242818641 2.33749360915 1.92834234066 3.81226842037 0.973304985326 3.1762645903 ;
1.75278626074 4.7698413032 1.87803816528 2.04173007101 1.13050159718 0.671785088674 2.75898255906 ;
2.56505306604 4.65718614793 3.09405103889 4.02172444448 3.25335570803 2.7351283477 2.92842418316 ;
2.5914876565 4.66212010093 3.08288222547 3.94622511799 3.35551358852 2.5186833647 2.9850399862 ;
1.5554689823 4.76534076044 2.1544574132 1.74042503976 3.51173485166 0.921719038571 3.10493431688 ;
1.83634658254 4.76107205258 1.9386879454 2.1803496569 0.752847716071 0.733843129754 2.70117384248 ;
2.3899570811 4.67983436123 2.94924667396 4.13147587486 2.18726628531 2.94532547977 2.61517048602 ;
2.3129846867 4.70790401564 2.86406341561 2.80742894581 3.96617058162 1.39603419509 3.29614486745 ;
1.43443783582 4.77515436028 1.67061476238 1.59566717648 1.82049474306 0.623227519948 2.80644298811 ;
2.58057782607 4.66483701981 3.07110701951 3.82634981504 3.50721733803 2.48266152263 3.05384000845 ;
1.44681514845 4.76856638667 2.02143636115 1.64476541793 3.41004851974 0.819093263106 3.07492252038 ;
1.95357273202 4.75727678259 2.11015076328 2.38199601857 0.754337122601 0.866051117333 2.65874551877 ;
1.84016928435 4.7625159738 1.91051851478 2.2144385513 0.888193596704 0.74741559315 2.69189067453 ;
2.58215954421 4.65909561626 3.10810232516 3.97627871642 3.35931429545 2.6948682672 2.99263793082 ;
1.62285364197 4.7591056439 2.24051087158 1.83342273508 3.59038551847 0.898816833041 3.12336096169 ;
2.57653473843 4.66850343023 3.0709036234 3.82624789793 3.33619821229 2.43882288526 2.99667018454 ;
1.82357810974 4.75965588649 1.4139883511 2.10165253166 1.18364290646 0.737277153324 2.72905228482 ;
1.42348453831 4.77251024185 2.52128897793 1.63141780446 3.41596937539 0.824043781215 3.11589877981 ;
1.74503563719 4.76565650718 1.78729930721 2.0422209527 0.916022770156 0.666955514104 2.73233172435 ;
2.59373244025 4.66156505475 3.08117264319 3.98476464817 3.26521586811 2.59536291744 2.94249595382 ;
1.63216662477 4.75991670402 2.30357403576 1.84011221996 3.63267698741 0.952618401963 3.14249016875 ;
1.75336459068 4.77425662678 1.89315623842 2.02059998887 1.19707489911 0.637201871787 2.77196362703 ;
1.81396282522 4.74541160424 2.39335874481 2.08948402168 3.84111219103 1.03257093431 3.18324541821 ;
2.52554326754 4.64912364352 3.11467759574 4.08448235466 3.18669544803 2.91907394761 2.89305798314 ;
2.57782746088 4.66332055364 3.06381685355 3.85290514286 3.45816978116 2.47936756222 3.01755820552 ;
1.46050663706 4.76873935601 2.03898721303 1.64523669227 3.41012698551 0.846423894301 3.07416134752 ;
1.94309823766 4.76030516029 2.08412400245 2.34168567474 0.715608958135 0.808706427822 2.69878675172 ;
1.74593547178 4.76633747519 1.73838471216 2.01485091931 0.916549630333 0.671326587246 2.72823559004 ;
1.60972538576 4.76005263497 2.32523505565 1.82113019091 3.63138685378 0.942954649967 3.13654919341 ;
2.59393960605 4.66337212143 3.07017352841 3.97455117198 3.24375991081 2.55900296102 2.9516389004 ;
2.54622289406 4.6538290571 3.11091239494 4.0183644935 3.30622287508 2.79919803919 2.95386839666 ;
1.88170360675 4.76514824408 1.91199994645 2.18210674311 0.905349389578 0.676460009537 2.70274912195 ;
1.65900628349 4.7578948554 2.26692847821 1.90135058824 3.59844924542 0.928359159689 3.13970303595 ;
2.58350330655 4.65990690049 3.09018207569 4.02379879078 3.16400252615 2.66075770345 2.91190843059 ;
1.67525453135 4.77292755953 1.82394473093 1.9261217823 1.11216229995 0.629073700808 2.76857688363 ;
1.72442721458 4.75137185112 2.33843902531 1.95659938477 3.80429786205 1.00484003961 3.17259961317 ;
2.8925928512 4.75675827156 2.80716541794 3.5699838913 2.44048823453 0.809174564852 2.95136634676 ;
1.44938549822 4.77105329451 1.88002888439 1.59778020532 2.40377524055 0.768741356341 2.91355281556 ;
2.31714730626 4.63790757752 3.08792834669 3.74280772623 3.5432910016 2.94626348572 3.04006276017 ;
1.70872364564 4.75138733323 2.35749941912 1.94340548318 3.86644881198 1.0178081654 3.18609583664 ;
2.54783985169 4.65278000462 3.09844901369 4.0388516452 3.21533206943 2.76796303698 2.91966762347 ;
1.7724984579 4.77338144944 1.88158683507 2.02853234933 1.22065245985 0.627402685181 2.77255389186 ;
2.61115199664 4.67190021636 3.13732991576 3.39648161104 4.18208557563 2.13421997652 3.33876994097 ;
1.48402885039 4.77354525848 1.88565551379 1.63086877932 2.45858150253 0.665296899348 2.94832156807 ;
2.38719393285 4.69167716673 2.79369230185 3.91327241852 1.83934844828 2.31861968046 2.57007595667 ;
2.50492397403 4.64504251389 3.11831678775 4.09521637837 3.16848620828 2.97320559564 2.89286353634 ;
1.93403111265 4.7455436567 2.49074595658 2.23458599827 3.85026292906 1.03009209015 3.216910673 ;
1.66848507639 4.77332229344 1.83482739805 1.91989774654 1.32030696522 0.667748683348 2.75040548757 ;
1.8224023858 4.75855646152 2.45281217553 2.09144243296 3.63736073266 0.94718514162 3.18947709604 ;
2.53824135685 4.64946074745 3.0896380581 4.04937865716 3.12187747552 2.79326983656 2.88959130153 ;
1.63294993874 4.7716430176 1.64619809122 1.82130110575 1.07069257023 0.615381462998 2.7098849911 ;
2.59224009457 4.66265992132 3.06846417045 3.98949365929 3.17485564882 2.59149422267 2.93146013989 ;
1.6763900453 4.77043260652 1.74824933559 1.92118949037 1.02032025257 0.636673022523 2.74023735231 ;
1.66952174182 4.75645216082 2.34808810821 1.89171807923 3.71740005535 0.962465052623 3.16094440916 ;
1.5054812652 4.76951088681 2.05971673358 1.6781643167 3.44083929803 0.878914637533 3.05338723402 ;
2.58452384755 4.66440367545 3.05590419825 3.88427000278 3.3555117958 2.44368120101 2.98420072328 ;
1.84283823493 4.76118737916 2.02127800872 2.18696877855 0.640248701398 0.740930175942 2.7654834337 ;
1.84125284328 4.7638187956 1.86900425879 2.16132425497 0.952627629446 0.710634484449 2.69827748913 ;
2.58355537842 4.6612322851 3.09456323925 3.96155690043 3.35769277 2.64051994479 2.99097909299 ;
1.58493433863 4.75892421839 2.2710783537 1.81269736597 3.63780498878 0.930685980245 3.13811370259 ;
1.21678428219 4.7662746117 1.75644751149 1.42694892262 3.08956794741 0.799441824457 3.05594974407 ;
2.47819517382 4.65906283485 3.08332771081 3.73279234876 3.60697291548 2.67003838566 3.11463918853 ;
2.32896758938 4.76224581583 2.44533763925 2.7614433757 1.40005444194 0.756841304863 2.66831956202 ;
