1.57696662665 4.7467172637 1.87438289022 1.75527992252 2.30623293287 0.666590496128 2.84249640013 ;
2.72861565392 4.57139492496 3.10785895634 3.19787319434 4.31877147754 1.73834391056 3.34661840507 ;
2.20139919484 4.67955718174 3.05930789797 4.29739367563 2.54269747156 3.51440040669 2.75081993274 ;
2.43063291144 4.61557585208 2.87428923032 2.79862199304 4.19475496436 1.48635685479 3.29528057973 ;
1.52053008884 4.75080618172 1.70467553572 1.71219223002 1.73690621922 0.57288269976 2.71818511768 ;
2.26009236823 4.67922152642 3.05562699456 4.23149396406 2.56005735493 3.37813622289 2.78705917299 ;
2.63516936025 4.58786497431 3.18464263083 3.83033045833 3.75912511343 2.62709146038 3.15984321766 ;
1.84974506301 4.72939303218 2.12524368465 1.97459020629 3.39279715555 0.805075138252 3.08012189622 ;
1.41659724792 4.73886940419 1.87868064424 1.78844921305 0.775267589027 0.702899554761 2.49852522747 ;
2.65024498281 4.58887151268 3.15172355234 3.75956485577 3.75685551835 2.50545035048 3.1421574083 ;
1.82022770132 4.75518994538 1.84448259486 2.00100846637 1.57349469186 0.60899318126 2.70362363287 ;
1.38412980564 4.71808974734 2.24649482559 1.63850625501 3.90106027087 0.980145999121 3.18600880876 ;
1.33985217422 4.73880071246 1.70189650369 1.69163501761 0.981300232859 0.660070659637 2.53888955603 ;
2.60996377195 4.58293877378 3.19306937947 3.88324784908 3.71279249913 2.81515026291 3.14177626915 ;
1.99960023683 4.72151449889 2.30726396306 2.14021831634 3.50462355932 0.814976100274 3.11450723647 ;
2.61259699318 4.58040743049 3.20606535036 3.89999902567 3.72379653002 2.84762936433 3.1460406631 ;
2.01535428849 4.7166430044 2.31838642508 2.18482999267 3.57748573747 0.84066967138 3.12320346637 ;
1.39384816915 4.74361771706 1.75568839461 1.70556768603 1.06402881995 0.668981554177 2.5682429894 ;
1.40953818614 4.74774012061 1.6950881061 1.70542602251 1.10950100507 0.630838365072 2.60560010198 ;
2.61147474661 4.58069272881 3.20520630314 3.9096551904 3.70646510032 2.83496182856 3.13749591732 ;
2.01256523173 4.71439561385 2.35719171011 2.17284525714 3.60159312309 0.865227677639 3.11702940741 ;
1.9728137786 4.70552297969 2.32940376184 2.11981954147 3.75205033294 0.858882976573 3.14424632353 ;
2.61922819459 4.58707159493 3.19535442919 3.88948393001 3.6874298632 2.78946379043 3.13792518562 ;
1.50003563677 4.75212461134 1.79139582137 1.79024393381 1.22972797408 0.651061314904 2.62906131598 ;
2.6078944115 4.5797707846 3.20558487255 3.91950725192 3.69601792341 2.86276740645 3.13684692762 ;
1.43939240261 4.74771262767 1.70518469021 1.73041721119 1.20834982719 0.653977110951 2.5971016988 ;
2.03626789033 4.71143229612 2.39706291112 2.19899722668 3.67279667448 0.868046134318 3.14895932658 ;
1.44757248788 4.75106344907 1.76711091452 1.72957927362 1.18312529529 0.637769492011 2.6378890655 ;
2.6069824925 4.58022125698 3.21119630328 3.9170169754 3.68968292946 2.86414193703 3.13482189486 ;
2.03129460045 4.70886839863 2.35103885983 2.20145878674 3.69295990538 0.877104760659 3.12389182346 ;
1.51945808618 4.74652107282 1.73612155697 1.69362087203 2.03908841775 0.628427046132 2.77081436772 ;
2.57311365057 4.60244651077 3.01295558726 2.99444062044 4.20511831044 1.57783401195 3.31755863727 ;
2.21038061811 4.68021719855 3.06354779254 4.29614074242 2.55225631284 3.51372702776 2.76655850043 ;
2.60443229854 4.57050709297 3.22976387186 3.96120236982 3.71927611287 2.98439099324 3.13528836716 ;
1.37580607733 4.74151174476 1.63878248658 1.61333901541 1.60058861196 0.67016743119 2.67067067358 ;
2.22040260999 4.70807490711 2.59278008068 2.47250048762 3.66088892531 0.954242178383 3.16225865558 ;
2.22774803104 4.68199279478 3.05545894024 4.2760570448 2.54807842691 3.45756635271 2.7773928956 ;
1.52552993983 4.74751388423 1.68447827343 1.69805812531 1.93186966191 0.601840965885 2.75046068668 ;
2.50545352278 4.60818194848 2.98457613188 2.90661901826 4.1924368071 1.54162380239 3.30590655419 ;
2.21005011108 4.67881836933 3.07439099935 4.30953797605 2.64055885259 3.54117580579 2.77848709801 ;
2.40889343877 4.62630150122 2.78874486928 2.75517830296 4.05916184745 1.4249430129 3.26770521545 ;
1.46182085615 4.75283653973 1.70626423405 1.68529650508 1.52594948997 0.576881081762 2.66990878309 ;
1.48546589268 4.74783603078 1.73663024157 1.66325915678 2.0871079347 0.642314490907 2.78567197014 ;
2.61539671689 4.59974992045 3.0231707326 3.03548094071 4.17811765426 1.57183531465 3.31383296072 ;
2.20184324596 4.68151526156 3.05923934965 4.28976675888 2.54220361226 3.51660206514 2.74969160752 ;
2.61831565935 4.59412475952 3.162846031 3.73715363404 3.74836396911 2.50272607029 3.17015097476 ;
1.41709053098 4.74737638842 2.0569626875 1.80259539192 1.02254888712 0.678826296959 2.58170511003 ;
1.82709763761 4.73136288126 1.93059806483 1.88519786578 3.50756634575 0.779269075329 3.06881925919 ;
1.37764418017 4.74340405768 1.51511496601 1.64917720371 1.34087252876 0.687593608116 2.61136901248 ;
2.08095039958 4.71546191693 2.52455506486 2.25420169669 3.58638228486 0.838359040672 3.14236406821 ;
2.60255825519 4.57815318611 3.20056110612 3.91992051258 3.69030502754 2.87636397898 3.1324695644 ;
1.52050379686 4.74571603703 1.79399387461 1.68687497237 2.19285915001 0.649087993569 2.80963546076 ;
2.66030646376 4.58925607795 3.06245442032 3.10151273159 4.25409977308 1.63108176083 3.32564472818 ;
2.20756453098 4.68423525803 3.03473451475 4.26412908294 2.49594679919 3.45629143041 2.76562862292 ;
1.40852779559 4.7446227797 1.64158187436 1.72378356833 1.02002225834 0.680588832362 2.62749225813 ;
2.60686345125 4.58582924344 3.18336707064 3.85604691126 3.7300458366 2.80041814716 3.14784355741 ;
1.97265471021 4.71734226384 2.35082101842 2.13276993036 3.52876910148 0.790355101606 3.07504501017 ;
1.41480569982 4.74831420745 1.72821396038 1.72508193548 1.15252961549 0.625888948004 2.61995323068 ;
2.60926299248 4.58320688968 3.19562770839 3.89098476327 3.69738938369 2.82006159404 3.13798901339 ;
2.01616505853 4.71306239023 2.34755351442 2.16028597498 3.644030834 0.854641959823 3.11997655526 ;
1.60988054298 4.74721263673 1.71659266231 1.94324430106 1.22249423052 0.647253011609 2.59259366108 ;
1.72816912923 4.72497093409 2.28235446596 1.79948072964 3.66917997214 0.872173788701 3.14172213113 ;
2.64398049416 4.59112942167 3.16179073333 3.80654011744 3.73002175135 2.54314217474 3.15651311732 ;
2.60772528336 4.57974897744 3.20695251245 3.91144695754 3.68511876123 2.8503573486 3.1388523232 ;
1.3378728156 4.74700002647 1.5877746523 1.624373696 1.14827506019 0.611109332094 2.61268608552 ;
2.04486226828 4.71588582871 2.40370709789 2.21177416521 3.54923871684 0.863918540158 3.10163580777 ;
2.60525560914 4.59665393111 3.13567417149 3.66438864449 3.78926111114 2.44691717013 3.17450254805 ;
1.55658347558 4.73715709776 2.08547881337 2.09144372147 0.360596583381 0.84832348139 2.62432904435 ;
1.66111097483 4.74280471781 1.9148823089 1.75328254684 3.13542523709 0.67214735733 2.93626766059 ;
2.21443280939 4.68226515012 3.0526809845 4.28143385691 2.52104813994 3.48187596904 2.77103331666 ;
2.66257343461 4.58293575685 3.08036506655 3.12541121332 4.28435180684 1.67338840668 3.33296537992 ;
1.55492588622 4.74674596254 1.81790367241 1.71837954689 2.22207252333 0.649657751518 2.81679333174 ;
2.62980315048 4.58684578613 3.19309876166 3.89319377748 3.73278576641 2.73982674556 3.14683589002 ;
1.57704817686 4.74885178351 1.84084435297 1.99081912424 1.24358167834 0.662609742857 2.63393029713 ;
1.90378415421 4.70864749981 2.29530078235 1.944589379 3.74992507411 0.887211793503 3.14251429199 ;
2.2112600683 4.68273018509 3.05019213847 4.26979885221 2.50925213885 3.47852929337 2.76702985171 ;
1.51566445322 4.7455818915 1.79192298348 1.68364045959 2.2055812716 0.656227307943 2.81233850886 ;
2.66935048646 4.58949656821 3.06626476783 3.11795182126 4.23929473392 1.62925655252 3.32271587455 ;
2.20348574283 4.67842156897 3.05981583907 4.30525891721 2.55644699973 3.53022529204 2.75276059721 ;
1.39007328812 4.74794758171 1.68990981252 1.61661752204 1.83202539847 0.607200839352 2.73892495319 ;
2.53566366047 4.61977760874 2.89171592111 2.89121058367 4.07825516479 1.47840011648 3.27624495117 ;
2.19340384739 4.68043491753 3.06089999004 4.30450421524 2.54639679971 3.54150523609 2.75249094975 ;
1.51368669687 4.74700419087 1.77709600427 1.68860971485 2.13359453042 0.65986073443 2.79363795091 ;
2.63909418151 4.59482471455 3.04074048539 3.07584507982 4.21337135684 1.60063286608 3.3247690387 ;
2.21921753688 4.68298149944 3.05252054457 4.27146420761 2.52832922037 3.45958719613 2.77627805238 ;
1.48979035177 4.74666666942 1.70784343324 1.66165053272 2.05395120438 0.634778999714 2.76613410386 ;
2.58399200699 4.60248776672 3.02174367403 2.99543216482 4.18816762521 1.55372623415 3.31615866969 ;
1.63577675833 4.73335231872 1.84905963423 1.65927611097 3.49404453336 0.785045256019 3.05548877702 ;
2.63768127373 4.58883496095 3.15935824714 3.744125163 3.80327604276 2.51091850713 3.16098081539 ;
1.69578151642 4.74800657456 2.21615957951 2.17484468682 1.09456665119 0.731608818471 2.64947102812 ;
2.24913520869 4.681446728 3.07609597502 4.27203676911 2.60198719692 3.46314765409 2.78545204206 ;
2.49468966871 4.60852311121 2.98524852493 2.89231132154 4.21056088308 1.52630085563 3.3149020838 ;
1.54094740974 4.74544972283 1.68975238974 1.72824068316 1.91706510877 0.623873005077 2.74424750281 ;
2.590179642 4.57579008383 3.21206592042 3.9573580436 3.63836198515 2.92270547554 3.11086963047 ;
1.32831878637 4.74758239456 1.61902804939 1.60121657736 1.39165789111 0.632254152849 2.6364649046 ;
2.15739284856 4.70954005168 2.49090953302 2.32236143828 3.65140624146 0.906144722046 3.15615219534 ;
2.21027786877 4.68164956503 3.05365196655 4.28332746025 2.5376151784 3.48689624968 2.7725421944 ;
1.50422161786 4.74621342131 1.72492420337 1.67993447986 2.03044581434 0.62764944436 2.75961103202 ;
2.57376746957 4.6037652748 3.00814205099 2.98503419919 4.19741614239 1.56368066266 3.3206554695 ;
1.32801729168 4.74489207123 1.6466728483 1.63925572701 1.48332697985 0.685805960094 2.64703450927 ;
2.59350492204 4.57675952878 3.21522100582 3.95187201445 3.65403050726 2.92019386439 3.1204597841 ;
2.2003033426 4.70855891742 2.51536307927 2.33871576296 3.69279990786 0.883399087332 3.1680025115 ;
2.01215656624 4.7136170001 2.36062176988 2.17018486282 3.62593565396 0.873259359588 3.12126766702 ;
1.42987207577 4.74613894955 1.71282223657 1.73474403124 1.11539937201 0.636614370059 2.60323261683 ;
2.612440736 4.58054569806 3.2074118898 3.92049198452 3.7021626689 2.84995136192 3.13976902098 ;
2.70490973594 4.57793870691 3.09646859672 3.17590856166 4.28561306622 1.72554837519 3.34644406706 ;
1.5753616096 4.7466181131 1.85701306451 1.74863271875 2.2741879935 0.655628889657 2.83213103287 ;
2.17910406892 4.67810667883 3.06040156832 4.30731145851 2.54639894101 3.55363223169 2.73673410795 ;
2.22532634448 4.68196761078 3.06474595841 4.29035499239 2.57331674163 3.48521549848 2.76157611935 ;
2.50491942539 4.60461386202 2.99519629317 2.91580184354 4.22947454067 1.56211148773 3.32178662166 ;
1.56222163637 4.7468768529 1.71800003001 1.73753796248 1.95119635533 0.616447852707 2.75652517178 ;
2.41687194825 4.6233706696 2.82070993847 2.76966201786 4.09407449045 1.43269470896 3.27014384218 ;
2.24053669357 4.68047983479 3.07461711237 4.28691406388 2.64699341881 3.48815503054 2.79154447529 ;
1.47498991332 4.75030783142 1.69265968801 1.68580933311 1.60072442766 0.584566799334 2.69377704038 ;
1.71460872327 4.75007530237 2.12531562262 2.16995440452 1.02324461109 0.741047930107 2.66534420278 ;
2.64392079966 4.59080222723 3.14773284737 3.7216203866 3.79236432756 2.45923030224 3.15850802811 ;
1.57376231606 4.73560695074 1.88822697433 1.62563847549 3.46486499973 0.778239893846 3.02935634808 ;
2.24070559956 4.68122807602 3.05765826609 4.26141140267 2.55620360247 3.43501556961 2.78198018822 ;
2.47753478617 4.61334748261 2.93529403466 2.84552790022 4.18547462511 1.50673060843 3.2989710989 ;
1.50734137696 4.7476773981 1.68047784049 1.71202783445 1.83375364582 0.594570622913 2.73297531384 ;
1.50721905024 4.752818457 1.81497773792 1.82133989014 1.272531066 0.660178028481 2.64587483171 ;
2.00789569094 4.70316598992 2.346980617 2.14624194927 3.79074437508 0.875431201599 3.14613672565 ;
2.61588447768 4.58337281715 3.20637986101 3.9111280151 3.69061870982 2.83927319696 3.13863506123 ;
2.48046977152 4.61905132803 2.91207116634 2.85079810608 4.12155428141 1.47678010216 3.28688461058 ;
1.46013874023 4.74610848242 1.65349662136 1.65303336283 1.79292987604 0.597848680718 2.72274317463 ;
2.2244884877 4.68278848102 3.05508649157 4.27956504423 2.55057151114 3.46352568205 2.76978285975 ;
2.60414976817 4.57787306136 3.21398518529 3.94506742748 3.67185637157 2.89539281872 3.12515942928 ;
1.48488188062 4.75286299971 1.79519557361 1.80384622913 1.35421980061 0.626305849202 2.64154350099 ;
2.07813661837 4.70191390582 2.40786248819 2.21055377321 3.82087924759 0.935950571133 3.17836668239 ;
2.61285390204 4.58184884555 3.20596700309 3.90837386411 3.70623213606 2.83228061849 3.14203712799 ;
1.37802608615 4.7440009308 1.75239948534 1.6958288985 1.09703189147 0.639465168318 2.59148742612 ;
2.02644066123 4.71573708506 2.32007972722 2.1761674773 3.59857852033 0.860118496651 3.1188573194 ;
2.23044395092 4.70356375293 2.52707592932 2.39457046877 3.72809124444 0.937893084689 3.17496346498 ;
2.59137390966 4.57591177241 3.22009076031 3.97112424483 3.64114212468 2.95515642444 3.11564024913 ;
1.33909558071 4.7460850869 1.68434076123 1.63077421605 1.53481700375 0.657505266963 2.66156982531 ;
1.98984976337 4.71563317592 2.30667018217 2.16654369933 3.58199700477 0.801294908834 3.11487396679 ;
2.60988303251 4.58602843498 3.18747861191 3.86064871514 3.70755710668 2.80384515855 3.14372457616 ;
1.39958441435 4.74569507979 1.74344267287 1.68016660757 1.07301652945 0.666495908657 2.58487257811 ;
1.42579748644 4.74951936832 1.74687353156 1.71611381855 1.26129798329 0.641367831086 2.61920276806 ;
2.08069247953 4.7074268796 2.40085405905 2.24925273013 3.72579912282 0.907423170092 3.15848029199 ;
2.6052052871 4.57733117199 3.21755905923 3.94657167118 3.66838016756 2.90282230182 3.12499453657 ;
2.60747228082 4.57864304387 3.21577022222 3.93684550434 3.67510909246 2.89388720409 3.12856064017 ;
2.06653792659 4.70798985029 2.39098864269 2.23283623609 3.7003752551 0.899416956338 3.13744769 ;
1.41886407242 4.74974184 1.73514028504 1.71745612122 1.22121826999 0.632406141392 2.63169917845 ;
2.68909856749 4.58016024648 3.09939873927 3.1444216346 4.30942705526 1.716593871 3.34846556379 ;
1.55511377497 4.74485449224 1.82884314092 1.72928455508 2.2725981194 0.636629104552 2.82516577876 ;
2.22121074775 4.6826876885 3.04293359316 4.2453656299 2.48289174419 3.42132514745 2.75667777217 ;
1.62900663554 4.7467340612 1.91231375427 1.79258340989 2.36170540814 0.672521356568 2.85125683665 ;
2.17559555093 4.67756710846 3.06361035034 4.31329951112 2.55261217367 3.57586938177 2.73684779026 ;
2.7383898331 4.56155608416 3.13877448546 3.26087809782 4.34545188126 1.81113441741 3.36614965491 ;
2.64290321005 4.59054904457 3.18072021765 3.86198034676 3.69989536925 2.64216956719 3.14147523407 ;
1.77775663802 4.70980883076 2.33876206278 1.91637242731 3.78659138496 0.932701903324 3.17091165686 ;
1.64947435305 4.75096714608 1.75023119948 1.9069194133 1.32557567538 0.607983194021 2.62459957454 ;
2.58241771627 4.61367295725 2.96268966822 2.98353953245 4.10414639472 1.5357448995 3.30007556992 ;
1.44144890343 4.74510270889 1.70948574425 1.62463785764 1.98305623022 0.617621547628 2.75739140405 ;
2.17610140861 4.6779382902 3.05772834918 4.31106722836 2.55460595874 3.56300946399 2.73907803496 ;
2.60651025053 4.57827943925 3.20702457768 3.92339594325 3.69485480186 2.87222481172 3.13573286037 ;
1.43454782298 4.74605218496 1.7089328784 1.74107380665 1.16160297895 0.649852502544 2.5885073972 ;
2.03185802836 4.71375422251 2.38431204528 2.18961579757 3.65321725906 0.869424323814 3.14409388015 ;
1.35467070904 4.74575262247 1.68364175968 1.67198929244 1.22377169772 0.642504040078 2.60108408739 ;
2.08794047862 4.71357819592 2.40670623728 2.24644712509 3.62050756616 0.876208724967 3.13874934897 ;
2.60660676586 4.57749042902 3.20937860297 3.92302255694 3.7027578329 2.88590360207 3.13607144895 ;
2.20760872054 4.68095072699 3.05485192388 4.28847301052 2.539464222 3.50074420909 2.77024581674 ;
1.48694788657 4.74605253535 1.7062748378 1.65265731954 2.01480332701 0.622283265718 2.76528620289 ;
2.56778088454 4.60717963626 2.99889655233 2.98499181883 4.16304308875 1.5504409628 3.30412043148 ;
2.63179542684 4.5875234206 3.20036016432 3.88747027307 3.72495231777 2.74671307198 3.1459337185 ;
1.48045887804 4.74579744311 1.85624614442 1.8314341869 1.15308500263 0.671366807484 2.60579533132 ;
1.95318177627 4.71192671484 2.25504934551 2.06727935579 3.69085941875 0.865641456513 3.13661449901 ;
2.60425952297 4.57889218613 3.20339108049 3.93231327862 3.68039409002 2.88398981776 3.12726745026 ;
1.47430843373 4.74894032536 1.68512891221 1.76739572967 1.30251346728 0.648259079669 2.60997842352 ;
2.05025451144 4.70784726849 2.456856141 2.2062950767 3.73388412293 0.890163720512 3.17404585626 ;
2.17954083476 4.67944200729 3.06253643045 4.31015181889 2.56108910837 3.55634887943 2.72474642431 ;
2.58846137002 4.60412550524 3.00023661191 2.99358352963 4.17282244814 1.58669460372 3.32093843801 ;
1.5010387612 4.74729951118 1.73953110874 1.69303133419 2.0303324845 0.616131796891 2.77274358114 ;
2.22134670633 4.68152983857 3.06319718507 4.29094866306 2.56412568178 3.47853945919 2.77317809341 ;
2.46134053699 4.61899097293 2.90586835739 2.82681747927 4.11951496547 1.47749356414 3.28351929737 ;
1.47981151379 4.74825886963 1.64761615395 1.6773060703 1.76157938549 0.588892108174 2.71877652178 ;
2.45759273863 4.61790494274 2.89354254454 2.81925377582 4.13238435868 1.4787315283 3.28715804129 ;
2.21720520822 4.68173375695 3.07419840161 4.29914319221 2.59951252114 3.51213026159 2.78207318959 ;
1.49687303164 4.74875808271 1.67616802793 1.71068956809 1.73878914338 0.598110119315 2.71107039636 ;
1.79798936826 4.74197035672 2.32541474178 2.36809672915 0.789362270864 0.867892374984 2.70695392335 ;
2.60831718476 4.59595349328 3.12715028505 3.63901008538 3.83157976079 2.41873917695 3.16676378804 ;
1.5391841852 4.74278176738 1.77553506313 1.59429154405 3.1794193072 0.669576382702 2.93956239475 ;
1.55291242817 4.74454882172 1.87022696525 1.7121948435 2.366524221 0.672273508058 2.84538401575 ;
2.19441027471 4.68430921645 3.02432822239 4.23675319705 2.44027174152 3.40047586461 2.77010282112 ;
2.76727389018 4.57075675537 3.12102471612 3.24530720449 4.31678157575 1.73360411472 3.34328722589 ;
1.54375722541 4.74603157108 1.79026913516 1.71404380123 2.17119862542 0.63931757893 2.80628544642 ;
2.63857214386 4.59029698329 3.06440282021 3.0846072199 4.25218742955 1.6513917752 3.32802125823 ;
2.20317836771 4.68155466286 3.05833440246 4.29300172024 2.53215314374 3.50548095659 2.75918201768 ;
1.60800781274 4.71817352993 0.137952976096 1.66114202017 2.30827140197 0.691986756553 2.70141702448 ;
2.60799993709 4.58917564643 3.14777998325 3.7136825188 3.81397055965 2.53558224229 3.17346771966 ;
1.69928077732 4.74817823355 2.62720460342 1.96149002849 2.50112179613 0.738277318748 2.92657999987 ;
2.61594449989 4.59227879971 3.04469908225 3.05292369063 4.25830412324 1.62309387999 3.32713649041 ;
1.54152014668 4.74708143843 1.78296434605 1.71163841791 2.12737075715 0.642188300166 2.79797917704 ;
2.21461094468 4.68062766743 3.06099444375 4.29070820833 2.54798343829 3.49102385528 2.76408632285 ;
2.65188160058 4.58293726766 3.19047770741 3.85462438744 3.78486029397 2.58081265522 3.15748155519 ;
1.62844294837 4.7485817607 1.97047566733 2.04010644563 1.26275595341 0.682264361867 2.66137295002 ;
1.77805837278 4.7228634993 2.12065732903 1.78847805297 3.74065538588 0.932266052642 3.11850357251 ;
1.72801380092 4.73037510262 1.8382543459 1.77156772339 3.53677377113 0.774683021527 3.04352027535 ;
2.6340717142 4.59041591098 3.16675707908 3.75145982418 3.78385176727 2.50809585331 3.16984953218 ;
1.57597245366 4.74940422508 2.21173275296 2.00300103398 1.08252133019 0.746122467125 2.65046462971 ;
2.63904053252 4.58842780528 3.14905413073 3.70394546464 3.83204706103 2.46345382383 3.17200945904 ;
1.47099692227 4.73415950769 1.8019917534 1.52987690778 3.49296385619 0.767030745635 3.05551307393 ;
1.83388397672 4.75215125392 2.20567068137 2.26614379883 1.23374529741 0.772435548429 2.66002017151 ;
1.55301016272 4.74633188552 1.80185398117 1.71765787087 2.18090634504 0.654662033888 2.80948310124 ;
2.64690413581 4.58898557781 3.0696906067 3.10617006996 4.25182250124 1.64778488089 3.33144733564 ;
2.19085492379 4.67994072911 3.06105231655 4.30324129014 2.55115849066 3.54292762568 2.75131433883 ;
2.60943545119 4.59707926885 3.03457746473 3.02758009093 4.21264377014 1.57098836629 3.32088325297 ;
2.23045791465 4.68415430016 3.05114398765 4.25622017542 2.522028099 3.43085113341 2.77220045009 ;
1.49084172423 4.74723298205 1.73078100936 1.66196633051 2.10200796265 0.64065237665 2.78211125887 ;
2.60330559065 4.57865237898 3.20332199827 3.92492866206 3.68064796567 2.86875997034 3.13250896188 ;
1.43329686443 4.74488639484 1.63217688713 1.73552190994 1.25754012564 0.63499990553 2.58321569573 ;
2.04757471483 4.71397528559 2.45077697687 2.19516984153 3.66340910497 0.87906110415 3.16397798085 ;
1.54892056363 4.74625101752 1.77905458245 1.71856596924 2.12720787155 0.635458058272 2.79541290283 ;
2.21188486544 4.68179204744 3.06028845762 4.29125531191 2.53824958753 3.49928467135 2.76698871669 ;
2.60839343717 4.59286538114 3.04912473089 3.04850577349 4.2584252422 1.63119087441 3.32718615091 ;
2.22053406094 4.68137451269 3.05483673657 4.28518878505 2.5504813187 3.47256035498 2.77279003683 ;
1.47167310803 4.74719252303 1.67785596397 1.66089343906 1.86865145477 0.597487117092 2.74230126795 ;
2.50877636579 4.61442112609 2.93863794871 2.88809435924 4.14373181783 1.50888526483 3.28992470833 ;
2.6116486441 4.5813755515 3.19263473241 3.89761017129 3.70219683698 2.83810272268 3.1395864099 ;
1.41483332146 4.74282545467 1.59193902604 1.724258133 1.26402511652 0.671903005289 2.55579046872 ;
2.03210449184 4.71628650882 2.46127175149 2.18238439999 3.61473561464 0.833668774341 3.17027725718 ;
1.42887893726 4.74680412111 1.70785828344 1.73420217088 1.23990777617 0.646476215253 2.57716637793 ;
2.06022630736 4.70980289128 2.41309984374 2.21678957525 3.69796880504 0.889479851581 3.1721799722 ;
2.60700265423 4.57913092063 3.20979795302 3.93752526396 3.6713462077 2.88795609493 3.13104499494 ;
2.60373118656 4.57797368326 3.20661235021 3.92276081059 3.69328061553 2.8713226266 3.13267630544 ;
2.03413120528 4.71462971339 2.39914198627 2.19326162182 3.62153959296 0.873486592673 3.13193244463 ;
1.41568308166 4.7463551409 1.66208694856 1.71774976717 1.14446817498 0.632212946055 2.59752518955 ;
1.58251668993 4.74851138235 2.26124763391 2.04463768751 1.04540891512 0.715932633858 2.65389374363 ;
2.60138336873 4.5982121813 3.13631585419 3.65715388352 3.77956754001 2.41607855391 3.16194202177 ;
1.65447533708 4.73697721733 1.69385067915 1.64882954487 3.44630056851 0.725458645274 3.02246123412 ;
1.59882944212 4.74732194916 1.87648701649 1.76073056191 2.31284150867 0.655617046778 2.84265972131 ;
2.15627414679 4.67692279863 3.05021558114 4.30120899071 2.52069369032 3.53637266594 2.72709411859 ;
2.72162713359 4.57201813079 3.11779031562 3.21491623748 4.3103709027 1.77556518146 3.35287961561 ;
1.52176405332 4.7471269555 1.75528673878 1.69422895613 2.09291502494 0.63677412397 2.78236815547 ;
2.60172658756 4.59675834988 3.03193990517 3.03101050444 4.22454182429 1.5978867412 3.32309539334 ;
2.21079269501 4.68210622036 3.06039735504 4.28886150033 2.53739979033 3.5000791165 2.76685289394 ;
1.49868595069 4.74562963761 1.76934198079 1.67466005004 2.18841941564 0.661553464627 2.79209984546 ;
2.66104835078 4.59154374803 3.06408529585 3.09107359315 4.23329309044 1.60127077818 3.32964187804 ;
2.21751458236 4.68460311934 3.04221090498 4.25720199171 2.48615441527 3.44696402824 2.78200634227 ;
2.60206034777 4.59302186166 3.14166016336 3.68805961374 3.80153679211 2.48883559492 3.17282559941 ;
1.63598408729 4.71713751881 0.0809712124401 1.69409840085 2.39342798185 0.729999565299 2.76214091518 ;
1.66217037309 4.7496675737 2.6051869892 1.91159646251 2.43639426558 0.712036263893 2.89551046449 ;
2.60227851614 4.59407033239 3.13950532908 3.67070739081 3.82456130545 2.45003174521 3.18047755006 ;
1.68046488025 4.74625756173 2.26297679843 2.20454008734 0.930289727157 0.843455456811 2.67184197166 ;
1.62877994456 4.73874409176 1.78421440797 1.63866632244 3.33874384201 0.670390255772 2.97041625701 ;
1.52731971518 4.75170040252 1.8366124213 1.84651235935 1.26234834947 0.642620415057 2.65392142567 ;
2.62193491637 4.58324579791 3.2121874938 3.92151100571 3.69204990045 2.81327966094 3.13643172044 ;
1.9829238453 4.7047595993 2.31988029063 2.10770538652 3.7952353032 0.906310474897 3.14177739313 ;
2.6447699582 4.58884334362 3.17049742839 3.79851500534 3.77406177602 2.53857188184 3.16541247334 ;
1.75283449094 4.73405080214 2.02788195401 1.84607121574 3.33715066361 0.807454149807 3.00006714312 ;
1.50352645296 4.74132368591 2.00958271825 1.95511189783 0.646420563026 0.717246806641 2.62098998883 ;
1.5530589205 4.74637536969 1.80444809103 1.70982980014 2.19667278391 0.65527550598 2.81082982098 ;
2.18365085125 4.67921299215 3.05950238875 4.30558014662 2.53959838122 3.54089883827 2.74020178846 ;
2.65377771742 4.58873731603 3.07280254851 3.1217768836 4.24507143305 1.65536367858 3.3359204626 ;
1.40912141733 4.74712463351 1.68787192869 1.71779232652 1.18570824733 0.619001604228 2.61397023169 ;
2.60978974573 4.57973850137 3.20766585761 3.92340510026 3.69555176607 2.85249560708 3.13562844348 ;
2.04085580109 4.71291882186 2.39091037392 2.18912723081 3.64348084289 0.888772763073 3.12980152487 ;
2.52979540193 4.61144450789 2.94822912073 2.90557462786 4.16847015737 1.53802818358 3.30479554905 ;
2.20221685567 4.67917422585 3.06503272041 4.30288057086 2.58404210002 3.53073926219 2.76469381725 ;
1.49622733053 4.74696770281 1.71970975412 1.70754004714 1.90031721188 0.605331064948 2.7442545496 ;
2.54364014778 4.60972982474 2.96291187369 2.943403715 4.16840922617 1.53039027466 3.30345920898 ;
2.20484804363 4.68117168376 3.05877137359 4.29421955131 2.57237515072 3.50998563749 2.7736493419 ;
1.49096299176 4.74631847968 1.71725264869 1.6708719941 1.9384957064 0.62355133866 2.75060866366 ;
2.09223264458 4.71308297984 2.40705718784 2.24865157016 3.62841386112 0.877916660992 3.14192577514 ;
2.60359512468 4.57815926419 3.20967627637 3.92562594368 3.6782169035 2.88491605139 3.1320520014 ;
1.34730333654 4.74640571265 1.67632935563 1.653980655 1.2397650548 0.629648669652 2.60034869645 ;
1.56534749768 4.74625792743 1.85803230014 1.72883277687 2.29384080816 0.659991984159 2.83421902942 ;
2.19470913996 4.68262852048 3.04906341854 4.27471359064 2.51284663235 3.47040541136 2.76529101248 ;
2.71868756971 4.57446258489 3.09803309839 3.18820340823 4.30950750411 1.71698374453 3.3419618739 ;
2.62733420054 4.58900493402 3.17295447401 3.79270175803 3.75451150005 2.57122457051 3.16453076785 ;
1.32325714391 4.73715121378 1.70948101586 1.61958412205 0.83292437818 0.640008316069 2.54209379226 ;
1.86061372272 4.73602193834 2.16348264266 2.00220669412 3.33697502637 0.805338932465 3.04704690545 ;
2.32381705869 4.68024857019 3.09747280282 4.25795102706 2.74666394497 3.40951155586 2.8438489129 ;
2.40656069243 4.61117426383 2.87427269897 2.75973633499 4.20385589418 1.47724342831 3.30466107442 ;
1.55984870992 4.74929288505 1.73343391236 1.78523211775 1.74922682054 0.592989346309 2.70573315201 ;
2.6152353903 4.58198567386 3.20672608761 3.91145639909 3.69846110071 2.83857079944 3.13828067426 ;
1.44927579624 4.74819898714 1.7583279001 1.74765044791 1.18538180483 0.646536367238 2.61384801074 ;
2.01526925742 4.71070853014 2.35039607606 2.17290465725 3.68529363449 0.870098072556 3.13670665396 ;
1.41717219669 4.74818013315 1.70809318147 1.71361869254 1.20110095634 0.659643697023 2.61361320197 ;
2.60632898572 4.57862952181 3.20776101541 3.92242340489 3.69750163889 2.87632086346 3.13718321165 ;
2.05318224981 4.71135628281 2.3958718408 2.21778103974 3.66370811471 0.866189974477 3.13523137264 ;
2.62748197898 4.58687665546 3.16173962431 3.7244244001 3.82145016541 2.49660383904 3.17126765571 ;
1.85922948174 4.75726148234 2.38219197795 2.16501789363 1.46351339119 0.658247379233 2.73673082614 ;
1.44880149541 4.72621674583 1.57543936297 1.57196293557 3.51202679679 0.870281572847 3.01880005586 ;
1.45224913661 4.74677217603 1.73260963062 1.63727706165 2.0377737974 0.622623568156 2.77596535084 ;
2.19316085514 4.68169211698 3.05093659439 4.28549507777 2.53175373444 3.51508546494 2.75558463915 ;
2.60603810726 4.60602780931 2.98270390093 3.00928715732 4.14814311361 1.55536603844 3.30058281817 ;
1.73248914413 4.7501244683 2.28486455636 2.15088745899 1.04988223115 0.758361006144 2.68751807311 ;
2.60937019849 4.59760820814 3.12471737713 3.65307583965 3.79392629375 2.41033276094 3.159655907 ;
1.52650453622 4.73680499434 1.69850012815 1.57700760917 3.40332991554 0.702336558319 2.99801321979 ;
2.20579021862 4.6814908247 3.06160932176 4.2948265623 2.58581763425 3.50581432505 2.75096854003 ;
2.49276668929 4.61118764868 2.91370179967 2.87227415008 4.19504384289 1.53695660064 3.30688937403 ;
1.52950449718 4.74761491077 1.74762965002 1.72834182015 1.84479994786 0.593048310712 2.74389767202 ;
1.42792431297 4.74957944119 1.73253961807 1.70939555186 1.17413582827 0.630415782561 2.62545927277 ;
2.60782119302 4.57847743669 3.21277963738 3.92287701296 3.69047797253 2.87678029678 3.1333640618 ;
2.04025979882 4.71081964869 2.37101441795 2.21720044108 3.66620459831 0.883937607046 3.12692355638 ;
2.2338784515 4.68670960479 2.99994090213 4.15455589554 2.35584467922 3.19665650471 2.76582859915 ;
1.52174200851 4.74485214087 1.83332998062 1.66467275185 2.36269408323 0.649294966642 2.85112033613 ;
2.73977789699 4.57394107062 3.11102928302 3.21088931784 4.34323533479 1.73130296264 3.33642981531 ;
