cluster 0
size:394
#377eb8
[ 3.01439357  4.40477436  3.45047     3.54690206  4.75972216  2.39572265
  3.4303532 ]

cluster 1
size:320
#ff7f00
[ 1.50690499  4.67352266  2.3604558   2.19049029  1.93373961  1.09497385
  1.6247608 ]

cluster 2
size:367
#4daf4a
[ 2.12834562  4.69223786  3.11758764  4.40341313  2.79532807  3.82768974
  2.84331567]

cluster 3
size:376
#f781bf
[ 1.65910293  4.71694718  0.          1.74387034  2.39602556  0.77489825
  2.79396739]

cluster 4
size:843
#a65628
[ 1.67941783  4.76250332  2.61693352  1.9679516   3.54723738  1.03191041
  3.23433151]

cluster 5
size:709
#984ea3
[ 2.54573968  4.68236076  2.96376982  2.96319537  2.53508241  1.06575895
  3.31693061]

