[[ 1.78828403  4.76572482  2.13520384 ...,  2.72793056  0.89598297
   3.21373891]
 [ 2.78102792  4.54155018  3.29532457 ...,  3.99108997  2.57278301
   3.33285224]
 [ 1.79342756  4.59594948  2.3109478  ...,  2.35363269  1.77934383
   1.49847301]
 ..., 
 [ 1.86960282  4.75014534  2.6254859  ...,  2.74763805  0.94886235
   2.96764913]
 [ 2.61265632  4.53239836  3.27376873 ...,  3.81229695  2.76060589
   3.14562986]
 [ 1.65910293  4.71694718  0.         ...,  2.39602556  0.77489825
   2.79396739]]