cluster 0
size:636
#377eb8
[ 2.9537493   4.50408927  3.29804376  3.54190262  4.4808745   2.28088764
  3.41157399]

cluster 1
size:414
#ff7f00
[ 2.64526187  4.68403601  2.8541005   2.87100145  3.77244982  0.18562713
  3.23340711]

cluster 2
size:387
#4daf4a
[ 1.644985    4.77727891  2.57660596  1.96049838  2.13466216  0.76825387
  3.08922316]

cluster 3
size:453
#f781bf
[ 2.16686347  4.68068908  3.07646384  4.34759194  2.65286076  3.68713319
  2.81624026]

cluster 4
size:229
#a65628
[ 1.57972972  4.77074519  2.53465692  2.01917145  0.10023049  0.68417843
  3.06321327]

cluster 5
size:383
#984ea3
[ 1.23924014  4.72527866  2.64768408  1.50996033  4.0853402   1.47684931
  3.27463022]

cluster 6
size:221
#999999
[ 1.72042359  4.74588962  0.04054488  1.65018576  1.7418042   0.39813079
  3.01931112]

cluster 7
size:141
#e41a1c
[ 1.61545424  4.68039072  0.10033855  1.71594852  3.66830171  1.2758473
  3.09336916]

cluster 8
size:145
#dede00
[ 1.78747456  4.67038636  1.92295038  2.16076785  1.92630913  0.90125877
  0.03439066]

