cluster 0
size:483
#377eb8
[ 1.1857922   4.72464157  2.56573542  1.47781344  3.93257084  1.08432686
  3.22492393]

cluster 1
size:734
#ff7f00
[ 2.88030166  4.50629034  3.27120483  3.49151002  4.57600069  2.00784038
  3.41095809]

cluster 2
size:582
#4daf4a
[ 2.63397885  4.75358726  2.71608136  2.82453254  2.67725827  0.80141711
  2.95916529]

cluster 3
size:444
#f781bf
[ 2.10905727  4.67389432  3.07542497  4.35795614  2.65426105  3.75047584
  2.75805281]

cluster 4
size:385
#a65628
[ 1.30480993  4.75605803  2.48406115  1.61928198  0.81460318  0.58752532
  2.52774433]

cluster 5
size:381
#984ea3
[ 1.67154034  4.72104378  0.06154154  1.7094137   2.36251467  0.68408347
  2.78867128]

