cluster 0
size:183
#377eb8
[ 1.78842331  4.65274179  2.22205952  2.65784201  2.18663656  1.58179004
  0.        ]

cluster 1
size:985
#ff7f00
[ 2.5428827   4.71453797  2.86985627  2.77667301  2.77633003  0.93214823
  3.2689219 ]

cluster 2
size:581
#4daf4a
[ 1.24267037  4.72442329  1.30502069  1.76838722  2.00628614  0.75369406
  2.86157757]

cluster 3
size:362
#f781bf
[ 2.16413981  4.69241818  3.11523321  4.39693368  2.68856999  3.82817943
  3.09072783]

cluster 4
size:398
#a65628
[ 3.01129425  4.40417557  3.45099696  3.54829397  4.76184269  2.39084084
  3.43399682]

cluster 5
size:500
#984ea3
[ 1.51911746  4.73907406  2.14699981  1.75464184  4.07929043  1.26613671
  3.35143523]

