cluster 0
size:393
#377eb8
[ 3.01344783  4.40449482  3.451441    3.54794365  4.76074984  2.39652769
  3.43077581]

cluster 1
size:842
#ff7f00
[ 1.68141239  4.76247027  2.61794868  1.96614748  3.54938249  1.03313595
  3.23444621]

cluster 2
size:367
#4daf4a
[ 2.12834562  4.69223786  3.11758764  4.40341313  2.79532807  3.82768974
  2.84331567]

cluster 3
size:709
#f781bf
[ 2.54828519  4.68173117  2.96385542  2.96492879  2.54122605  1.06698782
  3.31775289]

cluster 4
size:322
#a65628
[ 1.5024562   4.67477826  2.36060931  2.19364122  1.92713581  1.09192454
  1.63274062]

cluster 5
size:376
#984ea3
[ 1.65910293  4.71694718  0.          1.74387034  2.39602556  0.77489825
  2.79396739]

