cluster 0
size:437
#377eb8
[ 2.11904678  4.67328497  3.07533756  4.36186242  2.68712931  3.77379242
  2.76621449]

cluster 1
size:482
#ff7f00
[ 1.17715442  4.72926822  2.61629212  1.43991545  3.87529962  1.08385076
  3.22710325]

cluster 2
size:483
#4daf4a
[ 1.53481106  4.76088106  2.5377199   1.90732046  0.94775795  0.67292554
  2.60329068]

cluster 3
size:643
#f781bf
[ 2.89187388  4.5016193   3.2947699   3.50377975  4.60044029  2.22844386
  3.42237709]

cluster 4
size:397
#a65628
[ 1.65112148  4.72105498  0.07708966  1.69257492  2.39135582  0.71100689
  2.78556682]

cluster 5
size:567
#984ea3
[ 2.72625946  4.71107136  2.79812661  2.96963203  3.17676257  0.71288937
  3.02576556]

