cluster 0
size:184
#377eb8
[ 1.82032445  4.75837605  1.72317336  2.64546561  0.24120112  0.93202084
  2.8838657 ]

cluster 1
size:335
#ff7f00
[ 1.90265282  4.73848704  2.04111629  1.84092895  3.65183053  1.17667662
  3.12612218]

cluster 2
size:319
#4daf4a
[ 2.77117395  4.58625846  3.27880958  3.74146171  4.57391067  2.2953791
  3.47556726]

cluster 3
size:201
#f781bf
[ 0.97096676  4.78140889  2.35138116  1.51645065  1.53727081  0.41593831
  2.77785076]

cluster 4
size:477
#a65628
[ 2.20503703  4.75706702  3.17590767  4.47195725  2.80795474  3.78913226
  2.87473647]

cluster 5
size:248
#984ea3
[ 2.63372013  4.71520532  2.87317689  3.64285881  3.24411545  0.57228181
  3.06289222]

