cluster 0
size:774
#377eb8
[ 2.87312241  4.51490888  3.24915679  3.48273599  4.52083636  1.94155906
  3.40426853]

cluster 1
size:364
#ff7f00
[ 1.50550915  4.74693451  2.45169561  2.08255339  0.54223621  0.69839613
  2.41068431]

cluster 2
size:429
#4daf4a
[ 0.92512834  4.72901781  2.60768321  1.28769272  3.7501983   1.08445671
  3.16458773]

cluster 3
size:382
#f781bf
[ 1.65569106  4.72179433  0.06714775  1.63018712  2.45115139  0.6836118
  2.81283871]

cluster 4
size:601
#a65628
[ 2.49161501  4.75734425  2.6643004   2.50540117  2.87325937  0.7125142
  3.04644873]

cluster 5
size:459
#984ea3
[ 2.17182597  4.67789601  3.07955954  4.34746849  2.7017596   3.7132423
  2.7632578 ]

