cluster 0
size:1107
#377eb8
[ 2.79807552  4.74659939  2.83058974  3.17693926  3.19494457  1.06965609
  3.26953007]

cluster 1
size:338
#ff7f00
[  1.81455936e+00   4.76859032e+00   2.61507805e+00   2.59581168e+00
   1.20088695e-05   9.89153441e-01   2.67200584e+00]

cluster 2
size:351
#4daf4a
[ 1.69061056  4.76214575  0.          2.19215044  2.01952658  0.78575341
  2.62096938]

cluster 3
size:386
#f781bf
[ 1.20892922  4.71310076  2.66015166  2.36414021  3.16947072  1.10655109
  2.05250197]

cluster 4
size:603
#a65628
[ 2.98120837  4.50805976  3.4990686   4.07440112  4.4934735   2.5106678
  3.48122261]

cluster 5
size:426
#984ea3
[ 2.14094938  4.69667321  3.141578    4.43964665  2.97609536  3.82931005
  2.82397778]

