cluster 0
size:644
#377eb8
[ 2.71324522  4.52420299  3.30910769  3.91449307  3.88123264  3.06188037
  3.293484  ]

cluster 1
size:344
#ff7f00
[ 1.66257042  4.72336347  0.          1.71455251  2.42427308  0.77207052
  3.05387133]

cluster 2
size:637
#4daf4a
[ 2.76206205  4.67859341  3.01279799  3.1192973   3.36971023  1.06175793
  3.37758398]

cluster 3
size:531
#f781bf
[ 1.71157285  4.75339736  2.69909347  1.91223873  4.07971065  1.19995789
  3.33699948]

cluster 4
size:670
#a65628
[ 1.46368738  4.72689904  2.50194069  2.28441352  1.73457125  1.15750083
  2.90858704]

cluster 5
size:183
#984ea3
[ 1.78842331  4.65274179  2.22205952  2.65784201  2.18663656  1.58179004
  0.        ]

