cluster 0
size:424
#377eb8
[ 1.62505091  4.75052444  2.12843326  1.90283218  0.49790079  0.66915177
  2.58854317]

cluster 1
size:817
#ff7f00
[ 2.42437962  4.72140031  2.74630595  2.51834835  3.4240399   0.7998452
  3.12273864]

cluster 2
size:351
#4daf4a
[ 0.52659349  4.73649815  2.38575872  0.98981766  3.33925679  0.92096996
  3.00232551]

cluster 3
size:489
#f781bf
[ 2.15986389  4.67660067  3.06059328  4.31344986  2.61969475  3.57892727
  2.76022083]

cluster 4
size:620
#a65628
[ 2.93371959  4.4942542   3.33336924  3.58491623  4.60253318  2.21533724
  3.43107327]

cluster 5
size:308
#984ea3
[ 1.83711437  4.72014049  0.06319949  1.90399481  2.90059024  0.75290568
  2.80554229]

