2.5347232335 4.77825361586 2.63609021936 2.79464260276 3.08863092461 0.662838063025 3.06546713042 ;
1.92529102544 4.72935721219 2.98560102719 4.40229616026 2.53401006467 3.65534212872 2.71836706163 ;
2.89945621318 4.59477267956 3.41098979021 3.75345713345 4.51212566384 2.30147752688 3.38788835847 ;
1.52180943651 4.7625901423 0.169231855861 1.97859948476 1.71216963109 0.786691765356 2.76456447324 ;
1.61964265605 4.76087238991 2.62655619747 2.47516425168 0.466127260052 0.73118501476 2.63538500335 ;
2.60692889653 4.76409723532 2.73365529628 3.34341001563 1.16795226122 0.936581424523 2.94063240089 ;
2.36514071767 4.76306900951 2.50030665396 2.5689295497 3.52274638387 0.555859823242 3.11950829301 ;
2.93006930686 4.60044328088 3.40072711091 3.75826213705 4.48149732707 2.32155854199 3.35761128808 ;
1.20062785145 4.77580798647 1.12865308491 1.77421730555 1.23073196412 0.684980077947 2.59452511898 ;
1.90663452612 4.72841821978 2.98138059709 4.41125907926 2.53833353219 3.68030932016 2.71631476502 ;
1.18620656795 4.77328593701 1.05645620544 1.58988839063 1.5352510785 0.646454040174 2.61697515922 ;
2.90366985891 4.58597392555 3.4418665295 3.77424288738 4.55545797441 2.41991165537 3.39581581797 ;
1.93329022249 4.72978162941 2.98203522232 4.40372109656 2.53738873626 3.65462666904 2.71244032271 ;
2.58612162419 4.77124703853 2.61235923075 2.91350548518 3.26160320762 0.693604475092 3.0941195212 ;
2.14139515401 4.74691880862 2.54591586 3.08550000545 0.343728352648 0.906048213448 2.83041326162 ;
1.97074608951 4.73059019753 2.98453527559 4.40370003636 2.53525540346 3.6534409689 3.0508904333 ;
2.57294916285 4.77278546791 2.49386724614 2.90250408517 3.26868546957 0.693499828616 3.1918775587 ;
1.5792504793 4.77045982037 1.77083371705 2.17882480425 0.870795306691 0.693422452813 2.76944085965 ;
2.86571097244 4.58363300012 3.42554457421 3.74110585693 4.57891500947 2.40890119591 3.44087268873 ;
1.97396397803 4.68568575887 2.83253386272 3.89913956161 2.54573565054 2.74399919793 0.00719212895286 ;
1.96619922862 4.73158154933 2.9910461738 4.40640213599 2.53824667706 3.65460937405 3.05269501029 ;
2.55249048139 4.76989994548 2.50577599635 2.87967395081 3.28335400396 0.749179959077 3.19245638396 ;
1.6056717497 4.76906889769 1.7473706896 2.19349964404 0.826582041361 0.688773266285 2.82598200994 ;
1.77800453788 4.68433403095 2.74160194923 3.74700451993 2.4942420812 2.53255202471 0.0201282612707 ;
2.90694899279 4.58227510571 3.45904461013 3.7910785223 4.60135599208 2.43787476035 3.44066109842 ;
2.86810363115 4.58955104948 3.41438772264 3.7226049893 4.5702099014 2.34075913908 3.39819541375 ;
1.84095200042 4.74732919142 2.42153011046 2.87215535325 0.202873120296 0.907848367787 2.65823683676 ;
1.20547066192 4.77502574197 0.993071545662 1.50228620658 1.86953137181 0.666522122953 2.78191170275 ;
2.67323308758 4.77436658985 2.6163927044 2.99737668439 3.07810943474 0.671605259584 3.0449632012 ;
1.93911463662 4.73052769666 2.9876307309 4.40607940412 2.55728958083 3.66196357092 2.72633383085 ;
2.36698636719 4.78145309694 2.68672809355 2.66759554044 2.88943363514 0.617341055746 3.00445625722 ;
1.70684002717 4.75654767309 2.04906544648 2.41824043403 0.134801581755 0.761767504973 2.72150922354 ;
2.91378726656 4.60854399357 3.364211512 3.72758495943 4.46997261901 2.17161979114 3.37949739692 ;
1.50487210568 4.75293179968 0.26243083564 2.14575328692 2.60981958074 0.918910490473 2.6680858014 ;
1.95283106723 4.7308508371 3.02268247865 4.4032959056 2.5395918681 3.65668860669 2.73470060839 ;
0.178240295443 4.7103825435 2.77020548861 4.11922041379 2.43880492755 3.30610512965 2.2202850649 ;
2.6758457723 4.76890524927 2.57765752501 3.02408529366 3.27193792347 0.722727691885 3.06870847294 ;
2.8897431491 4.56949369966 3.468837376 3.75486932238 4.62872894487 2.48371096941 3.40235837915 ;
2.33952416897 4.73056176861 3.0069261857 4.39080822375 2.51448609029 3.62342291193 2.84582597067 ;
1.56641449797 4.77411376593 1.7084685782 2.09706285005 0.980764151102 0.671899064082 2.75581782405 ;
2.91811642829 4.77828948769 2.85428546805 3.33489399454 3.30547969862 0.587399064451 3.10038573317 ;
1.78007222774 4.76272212333 2.05457620473 2.44709280654 0.151096110987 0.737927112436 2.72575760166 ;
2.85574559447 4.5997524307 3.42191261743 3.81582347315 4.46072496935 2.62846606592 3.38557961141 ;
1.82282915038 4.71699665065 2.95131095765 4.38697409934 2.40143013473 3.64770371706 2.6431210972 ;
1.52694177546 4.76567679958 1.5169441017 1.92084477714 2.64505153967 0.865541244297 2.86210233566 ;
2.45811560236 4.77623259039 2.45331188284 2.73648105642 3.12770304391 0.685500953913 3.06593112801 ;
0.341840854304 4.70095501682 2.78712116346 4.29535115042 2.21128634989 3.47390294836 2.03145255425 ;
1.54144299901 4.76714033606 1.63509268999 2.1625432501 0.738472736478 0.679092799978 2.70498695848 ;
2.37754856061 4.73458833012 3.01648342724 4.38233963954 2.54637470436 3.58073789017 2.8791152483 ;
2.91168776586 4.58930148136 3.43343481439 3.78301321962 4.54162216362 2.30188432755 3.38148546028 ;
2.89127564005 4.59965506901 3.38050928687 3.68739838094 4.48794826809 2.35852882826 3.38195140845 ;
2.72191143587 4.78060689309 2.79042388179 3.15103523073 3.00779960828 0.506742916285 3.02142632643 ;
1.91454719967 4.72869788061 2.98999405882 4.40607366651 2.52610893822 3.66970509185 2.72063403924 ;
1.39126269188 4.76221583899 1.16225122858 1.7988496456 2.74604545348 0.846689097375 2.85379191534 ;
1.74789323427 4.75595787633 2.03914147246 2.41657757297 0.153485075398 0.791686090438 2.71120462831 ;
2.16414945743 4.73731249792 2.37270796066 3.08409105131 0.3884461016 1.15519703569 2.76971144541 ;
2.86553533207 4.58824624082 3.40330816655 3.69283718506 4.52674923956 2.40638254954 3.3942150745 ;
1.92343620059 4.73459362494 2.99653086768 4.41396040311 2.6031890451 3.67466454352 2.72007090615 ;
1.07229253569 4.77890632274 1.16681357668 1.50433535195 1.6138036156 0.587158196613 2.69904179295 ;
2.65363927681 4.77254059039 2.61179149751 3.0015921053 3.21427665448 0.6007880435 3.05700222038 ;
2.54519689593 4.77173054643 2.73537376242 2.88010492758 3.05985100666 0.755658454279 3.05670297269 ;
1.63217271418 4.75367627999 0.167254217063 2.13928747189 2.6232519595 0.868207595613 2.85720964761 ;
1.9395653589 4.72743129225 2.99902559574 4.40060491958 2.49206033649 3.6497513707 2.70981109204 ;
2.90118057301 4.58824819962 3.44408421844 3.7953989735 4.59735696416 2.34473663669 3.40004654475 ;
1.55571913345 4.76850513 2.10009380416 2.22206510105 0.387049748959 0.666956786791 2.66301915772 ;
2.90863703618 4.59034511702 3.43208249906 3.78308806228 4.51465006944 2.43757010963 3.38594644793 ;
1.09288829895 4.7773881177 1.16370661544 1.60802786958 1.29575826191 0.648815452484 2.63646943119 ;
1.89949473715 4.72603078957 2.97267408188 4.4049680045 2.51724408896 3.66909631375 2.70812563134 ;
2.53523588896 4.76528496591 2.53776730923 2.77289903616 3.61005803896 0.600307584977 3.12881660352 ;
2.48893785822 4.76392380689 2.60930651127 3.20895660622 1.17465171317 0.917976107651 2.86999104052 ;
2.03701051714 4.7323423238 2.54530640633 3.20314122766 0.286276889668 1.24041960358 2.85105726572 ;
2.88862348414 4.57850976779 3.45171090431 3.76552955126 4.58810542096 2.44152536414 3.39515539706 ;
1.94369279128 4.73410298777 2.99209213021 4.41047020844 2.64928637606 3.65680603287 2.71918693513 ;
2.62427624952 4.77213110405 2.62888317658 2.96728746084 3.25584627651 0.695074045295 3.10326101918 ;
1.24026108753 4.77678116424 1.10831109319 1.57104017108 1.55492190842 0.61103805459 2.59022242369 ;
1.90071427493 4.72478612243 2.96958094318 4.40414417673 2.51105799832 3.6723080248 2.69825342735 ;
2.36027937371 4.76347940825 2.40580639104 2.46708435228 3.59729622368 0.655977927037 3.13314509674 ;
1.20846476706 4.77456971624 1.29954830287 1.79173993123 1.07021247413 0.693062681245 2.60947215452 ;
2.9157557505 4.59455372816 3.42376978125 3.78883283224 4.52027331349 2.36176169437 3.38214466155 ;
2.70163143598 4.77220177706 2.74994767757 3.48528164605 1.46260854017 0.832010899976 2.93764644493 ;
1.50605208498 4.76269092671 0.151266682092 1.98440612182 2.30492655779 0.735367323139 2.87292360799 ;
2.93755842095 4.61528864207 3.35104112895 3.74624848061 4.39701639507 2.13521264971 3.35276469455 ;
1.80286100348 4.75573302687 2.2138365556 2.558629896 0.231172359147 0.781969947138 2.66000239698 ;
2.29620119538 4.78124882982 2.67271562625 2.56921108818 2.95373416837 0.622937323728 3.00043067893 ;
1.92204048606 4.7290502703 2.99131464324 4.40421977774 2.53501634166 3.66620674754 2.72146184332 ;
2.91776721248 4.59686505194 3.41128670615 3.78052076715 4.51142237953 2.29543283741 3.42850435174 ;
1.58087782235 4.76412824659 1.74544078923 2.24515350535 0.591683960625 0.705261704556 2.81263164059 ;
1.99695995387 4.7323255442 2.98459956516 4.38376586554 2.51596450163 3.5930300718 3.04912363103 ;
2.40592256953 4.78120788332 2.35700861495 2.66352805263 3.14504668596 0.646774500027 3.17752981047 ;
1.78397468832 4.68226344819 2.70406736266 3.64198567514 2.5042578171 2.46451936356 0.0192965149372 ;
1.18108234327 4.76581632917 1.49123756541 1.89470202907 0.736807195144 0.631925741075 2.57290205352 ;
1.91187249687 4.72461354946 2.97530129132 4.40522435709 2.52382847493 3.67581613747 2.71457038157 ;
2.89730969434 4.59679866226 3.41357599661 3.78000402372 4.55860036353 2.21515829555 3.38909511959 ;
2.20928333763 4.77797571297 2.13143455114 2.16484635056 3.33387801922 0.780475521395 3.09795223624 ;
2.84204817495 4.76932267814 2.78861398438 3.66858430779 1.76878331585 0.832708431686 2.92761886369 ;
2.66022290696 4.75960003767 2.61754894313 2.94980514869 3.58164600766 0.808672071373 3.12599232051 ;
1.13255906735 4.77802356406 1.21371138305 1.66638939511 1.41103435333 0.65228335313 2.62928799027 ;
1.89263980855 4.72370249786 2.96458588491 4.40201337361 2.49903723021 3.66941828064 2.69060843956 ;
2.48760215258 4.77280053738 2.66567098588 3.19705922333 1.06770728411 0.804807613307 2.92182922342 ;
2.88966232695 4.57162063217 3.49100783303 3.80794238858 4.61331344246 2.54241543213 3.42089183802 ;
1.94225712006 4.73046078365 3.00107834897 4.40218971744 2.54284466629 3.64811244657 2.72231905805 ;
1.59477080971 4.75591718314 0.0954210131118 2.10168741353 1.87481281842 0.830103105177 2.85400324255 ;
2.92217604916 4.61232491212 3.35157372913 3.71759235735 4.44588945435 2.14715988437 3.37812578055 ;
1.78483945932 4.75468760016 2.5558395747 2.5184392023 0.196232111765 0.737146363382 2.65188650592 ;
2.29228611382 4.78190489657 2.67214993838 2.6211698351 2.90243910554 0.615621690626 2.96961154481 ;
2.67503395459 4.768820141 2.71451857654 3.03742400663 3.32682007831 0.787943325465 3.10576101028 ;
1.95310822157 4.753933684 2.56143498743 2.83531986021 0.450908142915 0.789170415075 2.77375996811 ;
1.33591118284 4.77292741636 0.890233742176 1.6622667435 1.82869673211 0.673766668794 2.6987427656 ;
2.88474198991 4.57183770642 3.47791995414 3.77800273437 4.63293087327 2.48669070592 3.40584596783 ;
1.92362824684 4.72994643242 2.98759182732 4.40849541272 2.53568742225 3.66657244885 2.71613002955 ;
1.92601564465 4.72782647283 2.98930563117 4.40206982532 2.52761958359 3.66374494335 2.73025186681 ;
1.7598827434 4.75479967057 2.05245779242 2.44802257693 0.133510212326 0.769008649871 2.7030006946 ;
2.8280967299 4.77259524024 2.82703629077 3.23220851947 3.26763876095 0.744200241234 3.08445704235 ;
2.88316628668 4.56879604774 3.4829810735 3.77230926342 4.64626231523 2.50527969774 3.41658763742 ;
1.46619779134 4.7693556434 1.37627763261 1.88868523524 2.60639883735 0.77484858773 2.83277256087 ;
2.35017310168 4.76361619944 2.35466291371 2.47536819239 3.41292903961 0.760970106297 3.06670336637 ;
2.92033233952 4.59410137262 3.43040999411 3.7973382632 4.53346588568 2.30702854229 3.38395561556 ;
1.91395097985 4.7256252049 2.97266125408 4.40266342332 2.5189531712 3.66320704977 2.70668327483 ;
2.70755410945 4.77515624355 2.76193378645 3.47662158923 1.26191015053 0.760617349448 2.95018342491 ;
1.10187169845 4.77496695051 1.24121393783 1.74961107177 1.02163116579 0.648326914492 2.61051750323 ;
1.57878565873 4.75864096965 0.140404904781 2.09609378579 1.86883643265 0.837956127602 2.80362807764 ;
1.9234342426 4.72734528501 2.99467822652 4.40347976499 2.52020359962 3.66225015598 2.71425434471 ;
2.62370724743 4.77361546555 2.74085106372 3.00266657041 3.17659913133 0.70033287711 3.07444247888 ;
2.87001137614 4.58251798831 3.43258986656 3.73810392111 4.58099160844 2.42483267654 3.39397005932 ;
1.64666674998 4.76977035803 2.6128464626 2.25517417954 0.628560124174 0.670241365461 2.68800362918 ;
2.2080967387 4.74748336541 2.28850552441 3.10022964342 0.320177371801 0.855803671805 2.91640424535 ;
2.89268247021 4.57608085622 3.47797949968 3.78889118946 4.6134600955 2.48708532422 3.40849490245 ;
1.91112173749 4.72842722867 2.97709501518 4.40421190754 2.51982080112 3.66225168335 2.70804392676 ;
1.10164069288 4.77784781046 1.32565840719 1.45945480582 1.57615129824 0.614731149532 2.54521712184 ;
2.62566054092 4.76885651671 2.58186618446 3.00056864408 3.27337464395 0.780848814332 3.09648608738 ;
2.55621576878 4.76724874224 2.53358416061 2.84858163188 3.38769672082 0.589127873194 3.06775211978 ;
2.90874791727 4.589393544 3.4282955964 3.75852284441 4.52003579158 2.39973602243 3.39296929008 ;
2.31266881516 4.75144862624 2.54976859211 3.21813446917 0.764967104027 1.10280031655 2.88667082163 ;
1.91709592697 4.73163532017 2.98952310321 4.4115884701 2.56775365257 3.67265341853 2.71044883589 ;
1.1232926311 4.77832618434 1.15737023369 1.5368114258 1.36492438521 0.605309150009 2.63433167474 ;
2.85698380341 4.58511375824 3.3959909493 3.66171149144 4.5457104466 2.42885114212 3.39230750872 ;
1.65241431818 4.77106296526 1.53701369926 1.9005704257 2.68168913509 0.8737869146 2.89008572054 ;
1.9331137058 4.72691056842 2.98346950573 4.38971803144 2.51696002912 3.63667761757 2.7214633399 ;
1.64869865584 4.75777857714 2.02432426026 2.4231370256 0.171800626148 0.733714583398 2.69666965613 ;
2.93191011367 4.78136564525 2.87240953083 3.42878767955 3.21544060141 0.456534213341 3.06984699259 ;
2.8422363943 4.5913023297 3.39595066082 3.7127301568 4.57934925087 2.26408032012 3.4071199177 ;
1.49292826792 4.76614530434 2.05140988146 2.16094640378 0.428467334422 0.668948254219 2.62972944341 ;
2.85700809098 4.7871005139 2.78489771664 3.20070059628 2.74559892238 0.736878359453 2.99758144706 ;
1.47845799998 4.75552057555 0.985452411608 1.87699168788 2.93049411317 0.827618553241 2.96979358844 ;
1.90471856443 4.72669839282 2.98261726382 4.40844795018 2.51772793006 3.68297774219 2.71445740977 ;
1.64155621966 4.70928232571 2.89127080008 4.36399872879 2.21972515954 3.6208804351 2.49088142542 ;
2.82910060462 4.77528358076 2.81281571992 3.22436516472 3.18939715897 0.762619244705 3.08939999927 ;
1.73441893859 4.76559335758 2.08510594732 2.36883629336 0.218524820265 0.688794344633 2.75714410815 ;
2.79309933797 4.61693679508 3.40018062637 3.9564573252 4.26448812308 2.84038000224 3.35790820824 ;
1.4006834024 4.76486581621 1.21520847497 1.80480369122 2.74018957475 0.786632876852 2.83443295787 ;
2.26647983513 4.75635817748 2.26618687677 3.10687039251 0.890935285456 1.02872357778 2.85189748696 ;
2.84092949035 4.59044966728 3.38232327901 3.66921922352 4.49225567737 2.41595057755 3.3867609043 ;
2.77372200738 4.77405183332 2.63452554099 3.09080044654 3.45350819671 0.446136961854 3.11589597541 ;
1.09001284145 4.78000411178 1.40641535716 1.40740550294 1.69798660524 0.609283153604 2.64663384142 ;
1.91618536082 4.72959931789 2.98601604114 4.40793185309 2.5359442509 3.66772462018 2.71266877987 ;
2.93696563303 4.63805894043 3.26327775144 3.67836799095 4.22371220989 1.83037906766 3.38345578478 ;
1.75601557474 4.75741173289 1.98701146951 2.42671596682 0.178922057481 0.73896196079 2.88942831114 ;
1.77035960924 4.68289056126 2.59875220687 3.53914936031 2.28276932615 2.2683188892 0.0437586753284 ;
2.02104091976 4.73997438754 3.03162004886 4.41932751552 2.63694899512 3.68856782328 3.05663205951 ;
1.94096740405 4.77893832794 1.93272681075 2.23416435284 2.80006342177 0.674620704498 3.09488347019 ;
2.0784790863 4.77663731769 2.19599359508 2.07725979304 3.26609333086 0.743568214939 3.03640073947 ;
1.91580441048 4.72565447728 2.9842700376 4.40616667781 2.54126241783 3.67627809544 2.71901093059 ;
1.18053413835 4.76595127837 1.19930278489 1.83446631192 0.783712544842 0.653945192362 2.61597775971 ;
2.91259474374 4.61020030686 3.3619037604 3.7394006046 4.48535776586 2.11350662898 3.37534489642 ;
2.73171826721 4.77080782913 2.75005318952 3.54010303642 1.54278855585 0.780016786572 2.89579028322 ;
2.82591694396 4.63240277838 3.22812235572 3.5546887684 4.33301597039 1.85579581699 3.34453143648 ;
2.46872924132 4.78040873796 2.31137652927 2.92469953882 2.03143518145 0.660423987793 2.93594824013 ;
0.351820154459 4.70384418738 2.80092413559 4.31077180628 2.14017416579 3.49722693354 2.13442635734 ;
2.38814803841 4.73288429687 3.06069884938 4.39647472167 2.68736940604 3.69849218091 2.89300279119 ;
1.02233299359 4.76827880088 1.36288201908 1.44962604872 1.19271691065 0.651280851201 2.6166107058 ;
1.1740508034 4.77698672333 1.11295070253 1.38459936471 1.79953221297 0.591009566116 2.73273387206 ;
2.88645896709 4.5930575402 3.41562817524 3.74522999713 4.5536008565 2.33127052749 3.39673407895 ;
2.62125259606 4.77269835148 2.59430396242 2.94642777134 3.13287677643 0.670688495368 3.05979693002 ;
1.93664518531 4.73252655474 2.99389608882 4.40949863057 2.56571454494 3.66488032176 2.73139146764 ;
1.91617109155 4.74102945861 2.25098953558 2.97653270996 0.286027773205 0.995437803945 2.67336468121 ;
1.46289654217 4.77541234986 1.32464006104 1.69000368408 2.00410697906 0.692688860899 2.84012752513 ;
1.94669977613 4.73463025466 2.99647069971 4.42002669309 2.71904755611 3.68378574813 2.74682188091 ;
1.82113965334 4.73453338834 2.50587522334 3.18738321278 0.175528590218 1.32212956131 2.63844422018 ;
2.8433913769 4.56786602482 3.46040633298 3.72300152906 4.6443174748 2.47972193932 3.42198750799 ;
2.84696934236 4.77103914548 2.79666416514 3.25166365798 3.25917676092 0.725735028964 3.05788244366 ;
1.75621827607 4.75735718912 2.60021668046 2.5833844374 0.445346452923 0.805953848038 2.73335968556 ;
2.89301250378 4.5765441528 3.45746043129 3.7756465794 4.58567866002 2.4743118827 3.40168796486 ;
2.62937774416 4.77115304612 2.73698442437 3.00306362704 3.24721975437 0.724715009882 3.07472587376 ;
1.46794850021 4.77130378409 0.541788673303 1.80777685314 1.89916013634 0.717360277335 2.76110847759 ;
1.91557189717 4.7305355307 2.98414413814 4.40809056345 2.53039017971 3.66705698361 2.70760376388 ;
1.85144911763 4.73475006545 2.98789705902 4.42915275178 2.74721390543 3.70807364382 2.71324949381 ;
2.73153064684 4.72626256073 2.74060645268 3.81589981001 1.19952789978 1.99121188467 2.80989049424 ;
2.89901065085 4.59213785065 3.42893811466 3.77310810583 4.55844362663 2.36700982489 3.39053439306 ;
1.25868468642 4.76877901115 1.65394700187 1.87254902522 0.745398810969 0.614369682342 2.6220352074 ;
2.39617354003 4.77423037893 2.31349455717 2.67520875375 3.24677926394 0.57583382439 3.08688344391 ;
2.9146095514 4.58909405804 3.43249302511 3.78117271361 4.51425514899 2.41775218062 3.38307456851 ;
2.46333926503 4.76119908019 2.48977081525 2.69242339507 3.66949138862 0.600239540714 3.18515955875 ;
2.46983443263 4.77111026411 2.68237170731 2.98016354516 1.28763032027 0.867769946895 2.76123923523 ;
1.90554331841 4.72760837212 2.98417112528 4.40679315195 2.52610784077 3.67103631798 2.71302945399 ;
1.04469709896 4.77401007467 0.924191994797 1.8256204876 1.17546776799 0.678436277173 2.68985476402 ;
2.91254734999 4.59519408431 3.40186204404 3.72959278118 4.50302756506 2.32126764524 3.39285091903 ;
1.24267056198 4.77508326652 1.2957741307 1.76521419672 1.22314921331 0.608660374152 2.60091923201 ;
2.29223629072 4.72205570009 2.72600628502 3.64321234762 0.39711305424 1.92615414813 2.86827173398 ;
1.94719872523 4.73543045468 2.99773057759 4.41909830962 2.81382941537 3.67472697932 2.71866663467 ;
2.53320416953 4.77167256299 2.56850782751 2.85861265256 3.18406438395 0.591116238359 3.07821687071 ;
2.19403786121 4.78204782115 2.03613082191 2.19363845423 3.17385740941 0.763087026399 3.04277063968 ;
1.92745335849 4.72659088094 2.98402178209 4.40505578328 2.54475788058 3.66995386922 2.71659653412 ;
1.02575055754 4.76792050141 1.42038734999 1.67282723263 0.718725448921 0.642077533133 2.5546981736 ;
2.90782955081 4.60868037442 3.35834018074 3.74278443089 4.46329715331 2.08257893098 3.37322750083 ;
2.67106605847 4.76657672809 2.7393142838 3.57835017559 1.34139104416 0.745361504233 2.89415974037 ;
1.14184662346 4.77788546981 1.3325736237 1.64675424364 1.39235010761 0.631686811173 2.60007897488 ;
2.89470237644 4.58156302383 3.44573243314 3.76683167994 4.55338261767 2.46302066308 3.39474630243 ;
1.90950898035 4.72587592796 2.97700092657 4.40530939677 2.52248600889 3.66903483328 2.71921428567 ;
2.56321524763 4.76281852409 2.59129941745 3.28829693354 1.23777151308 0.931039713646 2.93035548528 ;
2.62952162528 4.76534596865 2.58607353208 2.86730228367 3.67708883598 0.62930021096 3.15553190909 ;
1.98070767015 4.759861401 2.16634910984 2.62183150465 0.410870851397 0.824352409356 2.73431828714 ;
2.86715338048 4.5715154315 3.45394573577 3.73962799754 4.60289490182 2.48823061238 3.40309032433 ;
2.84858359363 4.77151219329 2.6877724248 3.18335083172 3.29166180744 0.67704716812 3.09302596124 ;
1.0557772015 4.77431558272 1.32594391744 1.62770283172 2.40648689011 0.73448804327 2.78767442019 ;
1.92492430113 4.73036191952 2.98197061851 4.40364486294 2.52914016446 3.66149772375 2.72073252748 ;
2.88622914282 4.57526762253 3.47403026426 3.78955740773 4.60980181089 2.49972385879 3.40512716136 ;
2.67438144037 4.77049261297 2.64511963384 2.99514359714 3.37186781793 0.77178699349 3.13046685485 ;
1.91006411956 4.72691411984 2.97637884284 4.40176950949 2.51286703834 3.66123191176 2.70817018797 ;
1.20443280246 4.77583218911 0.999841263954 1.5761638947 1.60587060434 0.622576056263 2.74418292107 ;
2.09503085541 4.7543382734 2.5758516624 2.9844723162 0.619657705721 0.834746971036 2.67591124635 ;
2.86109329904 4.58423184925 3.40624114373 3.68551112269 4.56104175716 2.44765835087 3.39739604393 ;
1.75566382096 4.75872618667 2.05552545581 2.43017697903 0.136334271252 0.765223930636 2.71929512588 ;
1.92895471724 4.72773620972 2.99039111228 4.3907528058 2.51704396685 3.63890540422 2.72577754745 ;
1.53006182919 4.76357296892 1.46944030917 1.94611800846 2.65607608183 0.870976289169 2.84816140069 ;
2.92288644613 4.78302719578 2.8723340118 3.33994170219 3.22970304576 0.487484315552 3.07420041616 ;
2.85729686691 4.58833512758 3.4046874586 3.69726417862 4.55760328507 2.44940374588 3.39359704186 ;
2.67227566532 4.76347114701 2.52076703509 3.176117292 1.66814674314 1.27058355276 2.9463701336 ;
1.90872257618 4.72585781118 2.98464100879 4.40720327035 2.52427877648 3.67765848573 2.71144306075 ;
1.23118287901 4.77641903271 1.4028362642 1.75525232895 1.14279344601 0.589226232504 2.64496097202 ;
2.56438914294 4.76449802319 2.65815791591 2.99567712036 3.61164561413 0.344716393936 3.12579687082 ;
2.70282234912 4.7699016205 2.60120391489 3.07652750143 3.22705358106 0.738297178974 3.07978679406 ;
1.92762182204 4.73025171752 2.98219866209 4.40558042234 2.53921105652 3.66180816471 2.71654787607 ;
2.88576386748 4.57601908146 3.46334805694 3.76501243901 4.59796471691 2.44730805899 3.39918807675 ;
1.15658833952 4.77931423066 1.38186129135 1.39206378031 2.00523440104 0.636054777679 2.72619492339 ;
1.94533335994 4.7517402086 2.1365361224 2.90153297229 0.225014650858 0.856956079875 2.75099753896 ;
1.88400379598 4.67579444055 2.84097235288 3.95516197289 2.57632031121 2.85728793542 0.023117607004 ;
2.89957294933 4.60603514358 3.37194349753 3.71215556374 4.47969939038 2.23569472132 3.43210399305 ;
2.40903398682 4.77929101604 2.31015228067 2.74465318812 3.03056515061 0.61556542146 3.09740782114 ;
1.98680426782 4.73107342909 2.98498010556 4.39691845678 2.5167940663 3.62974600878 3.04991932407 ;
1.50458437315 4.76612665681 1.77544383801 2.11627706681 0.612779989022 0.70411048558 2.74227791662 ;
1.1862882357 4.77193167123 1.23034443001 1.78290256578 1.17501381998 0.605893288322 2.64686521076 ;
1.90730587414 4.72640203243 2.97808564452 4.40712494163 2.51977159326 3.67883400813 2.70983895861 ;
2.67838244354 4.77346770932 2.63515964932 3.07187488651 3.63958143464 0.249829947411 3.22260043213 ;
2.51180333468 4.7634455155 2.63541719129 2.9502286225 1.73901794321 1.17769084895 2.8581734307 ;
2.85085464985 4.59013703448 3.39560717685 3.69960339489 4.53299270828 2.42772034792 3.38419924726 ;
1.92688086657 4.73501827568 3.0018065775 4.4163377494 2.64747222637 3.67222957777 2.74628258699 ;
2.61739341624 4.77017025363 2.57928291806 2.89474766572 3.27023849681 0.658352134691 3.10616137469 ;
2.31288858312 4.73128169468 2.47065239739 3.24321243698 0.441788343746 1.27670054702 2.6574476075 ;
2.89629522304 4.58607506354 3.43953799792 3.76434985203 4.55303394072 2.40251874227 3.39312082625 ;
1.0496019756 4.77825300925 1.22223651978 1.61469092337 1.49584340135 0.585128968045 2.69131347807 ;
2.87686722536 4.58168188145 3.45435726183 3.7990994138 4.55405801697 2.53323373511 3.40274875938 ;
1.70297784627 4.77407491479 2.60777831596 2.31793136158 0.764216666452 0.712858224595 2.70652792554 ;
1.8999159087 4.72385279497 2.96952015165 4.39339186498 2.47090773738 3.65500486636 2.68084907473 ;
1.56671140125 4.76306912836 0.150412570984 2.04828692042 1.84158644153 0.813176595668 2.78741058122 ;
2.64859317575 4.77007880924 2.75087172129 3.03011399652 3.32860676 0.703679645689 3.11111479999 ;
1.97364599975 4.73280884588 2.99772386655 4.40792643658 2.53304135813 3.65659910021 3.05394586618 ;
2.69090896538 4.77167728899 2.59979878129 3.02060992941 3.29174934584 0.711473755863 3.18292186508 ;
1.57194729275 4.77217748419 1.71054268128 2.13932824218 1.00940198756 0.707404371957 2.84096482236 ;
2.84856289817 4.57573752185 3.44600969724 3.73523185501 4.61762794565 2.45833671975 3.44315947214 ;
1.77325857786 4.67811940271 2.74798752813 3.78078438443 2.46358723046 2.61648269207 0.0377225793248 ;
1.9193946703 4.72631232466 2.9863805879 4.39650698185 2.50595923195 3.64596136988 2.70056123511 ;
2.60973642265 4.77389901208 2.7622368386 2.97200998445 3.36652697313 0.689552497275 3.11849171009 ;
1.74020927335 4.77445002694 2.61032126218 2.37225530507 0.773722505979 0.697159167052 2.71525430199 ;
2.89908933914 4.57582256299 3.45423585948 3.77975065188 4.55981154991 2.49030579166 3.39780897179 ;
1.60821074109 4.75652436654 0.125045095603 2.10232868997 1.84580526541 0.844261293848 2.77495664055 ;
2.89882497542 4.78309659274 2.85013240959 3.31732719725 3.13663027859 0.593920562688 3.07722097655 ;
1.92115692773 4.72750940885 2.98514733262 4.40762528521 2.51156225874 3.67918977464 2.71676731305 ;
1.55017493027 4.7576196432 1.29271055642 1.93285844042 2.84855927039 0.997269110466 2.87260020012 ;
1.64438134237 4.76663600261 2.09440041882 2.32364811303 0.372545259858 0.658774783088 2.71232210461 ;
2.86325169389 4.57547135711 3.43062194285 3.71204276726 4.5930585698 2.45062386236 3.39881837007 ;
2.91266561384 4.59178976421 3.42145662029 3.77083308265 4.54011295212 2.24686148477 3.39785756663 ;
1.59465322279 4.76930918381 1.73390043615 2.17914755161 0.764967843467 0.658709060074 2.72254765938 ;
2.37045989355 4.73450415275 3.02210634653 4.38728426238 2.54742975588 3.59729913679 2.8127202084 ;
0.177364462313 4.71250660354 2.78237981415 4.27041333537 2.32284968243 3.41577280496 2.24026119286 ;
2.45862166357 4.77248421282 2.39874434287 2.73634204532 3.16421932497 0.712576174377 3.04932564274 ;
1.93293874359 4.73349885632 2.98973302381 4.40851755693 2.57551079241 3.66210237516 2.71717509237 ;
1.3822556118 4.76640495413 0.389691153809 1.83454961632 1.64183345326 0.676474524957 2.66326097925 ;
2.508523343 4.77512274559 2.61773361703 2.79542906037 3.12519503154 0.667234054859 3.05258963998 ;
1.76211101554 4.74822031208 2.62548509245 2.7015524764 0.329799063608 0.93986912479 2.74291902823 ;
2.91390142351 4.58931438276 3.42679042538 3.76414866125 4.53897160213 2.33962356025 3.39774121157 ;
1.88713283682 4.72319600068 2.95744631017 4.40108406082 2.48701039064 3.66691702066 2.68811404689 ;
2.43788952008 4.77177417262 2.68127330785 3.34291336393 0.947268044368 0.827084241689 2.94446887739 ;
2.89622847592 4.58150854649 3.47642323841 3.814377919 4.58339319882 2.51273792026 3.4112866289 ;
2.61766573927 4.75979442697 2.58959136616 2.88661362389 3.51193294517 0.789714200294 3.11102393403 ;
1.21560004387 4.77752514763 1.24029964338 1.62340054219 1.41026970107 0.621923865278 2.61743002378 ;
1.25052649073 4.77898863369 1.31092076677 1.63572983861 1.58201178085 0.611585060925 2.67169269747 ;
1.92617657558 4.73321461476 2.99222135125 4.41483395999 2.69275474705 3.67246279282 2.73040694369 ;
2.87584540604 4.57084077221 3.4735193387 3.76089173435 4.62717421475 2.48386263716 3.40380114307 ;
2.70506695695 4.76900448537 2.64910283273 3.05240489466 3.32170386398 0.73895282063 3.10886117307 ;
2.1607896756 4.73197934238 2.56263958116 3.35757255337 0.300346426367 1.37286168767 2.77996963514 ;
1.68928973668 4.78052191015 2.34789653714 1.37322838512 1.67224706684 0.864569294001 2.8723918523 ;
1.95910005178 4.72642900354 2.97888742974 4.37728934595 2.44769470672 3.59036429852 2.71471848133 ;
1.35396982202 4.75917158983 1.14846963606 2.64918489737 0.955224254438 0.66943026533 2.62426573753 ;
2.84219372406 4.59596292507 3.34772633849 3.65015488225 4.47542987326 2.40524601864 3.37450652886 ;
2.80021629765 4.77773047942 2.66455836649 3.20991014181 3.19881302846 0.450497030422 3.09030291813 ;
2.20125956543 4.77725172339 2.24813190586 2.2561669722 3.22084884554 0.722191822994 3.04561320206 ;
1.92748578508 4.72804840138 2.98729447771 4.40592925717 2.55131178681 3.67112815412 2.72410653048 ;
1.05416782939 4.77018873098 1.09209420413 1.74913918014 0.895353881167 0.626316993753 2.62361790349 ;
2.62196038586 4.76742359106 2.72526920949 3.42783464531 1.1280276913 0.813709079786 2.82214846975 ;
2.91974995234 4.60878253558 3.35788005358 3.74658819131 4.45168633687 2.08934856279 3.37027028584 ;
1.9440740832 4.72742558955 3.00000526351 4.38718744923 2.49987272873 3.6254708881 2.71842888575 ;
1.64081050549 4.77418832076 2.57544496022 2.18969749236 0.970926467552 0.725454645151 2.71397881882 ;
2.85460502149 4.58294722749 3.41084578695 3.70427066059 4.54921219451 2.4529983746 3.39263882975 ;
2.7378858182 4.77487201182 2.78870799163 3.12916307118 3.31503590211 0.580516371654 3.0957419583 ;
1.6234946504 4.75507857254 0.0657180739448 2.1747724868 1.85346282842 0.859283584861 2.8262649697 ;
2.69517248104 4.77395116957 2.73380284678 3.05441770452 3.14638738268 0.581233984234 3.09649323283 ;
1.93230971941 4.7285092173 3.0005081403 4.40131314653 2.52698005653 3.65085368618 2.71410708158 ;
1.84734997855 4.76102931337 2.56370110804 2.43952520522 0.360206584903 0.730499626744 2.50851852134 ;
1.31581962992 4.76957275895 0.681418127598 1.92653123661 1.92630909913 0.832573568458 2.90413744555 ;
2.82791427409 4.59111812202 3.37134412891 3.66005494983 4.5391438591 2.40891487562 3.3870340277 ;
1.91749713288 4.7238353894 2.97784789972 4.39217361214 2.51851773389 3.65331707538 2.72519025583 ;
3.01286932089 4.79111366741 2.79463427901 3.60756489971 2.37692869502 0.593905410436 2.87138537657 ;
1.95755781444 4.7446315332 2.15997179794 2.22635341413 3.59451186066 0.802325015628 3.15465137614 ;
2.92170881394 4.59429913582 3.41344691342 3.74529627134 4.54062371702 2.33404836852 3.39228490636 ;
1.47493525149 4.77461841675 1.64619150589 2.02267901307 0.840435703449 0.732507530846 2.70643595211 ;
1.94139103803 4.73051171355 2.99790010373 4.405041241 2.5424746234 3.65034206314 2.79939313073 ;
2.40185276991 4.77957250914 2.33312854121 2.64760086297 3.04395637441 0.693746095665 3.15626134519 ;
2.91154207275 4.59943603112 3.4085581033 3.76786884671 4.51096197823 2.23004307938 3.39887994409 ;
1.54455560718 4.7703949373 1.74880592339 2.2646280136 0.563419593968 0.710221101684 3.02756160801 ;
1.8195143511 4.69161444736 2.11153644379 2.77677085096 1.68192129034 1.20322974733 0.0361056806754 ;
2.21734904954 4.73179311309 2.59678598147 3.40304520416 0.246337549633 1.4788657154 2.86982188397 ;
2.55569541092 4.77540771326 2.48115898968 2.84045185497 3.10958693678 0.686576427446 3.04564434261 ;
1.93188247692 4.7324662542 2.99421985214 4.41170795974 2.75232692612 3.66300200407 2.73162520462 ;
2.89650355441 4.59217059188 3.42328907879 3.75787779633 4.54162054407 2.27738461851 3.39074305025 ;
1.06754738296 4.77753178734 1.20265550502 1.54856425917 1.34082873245 0.609109014052 2.56974980126 ;
2.89644331433 4.59787565612 3.40514744738 3.74287717312 4.52158288116 2.2756386734 3.42633114789 ;
1.56206454477 4.76358379401 1.72162745102 2.24935064022 0.531190495634 0.746675483688 2.94123116213 ;
1.96760130563 4.73273095672 2.99755715989 4.41032443886 2.56486594442 3.66816308855 3.04141637629 ;
1.7637384497 4.69461516506 2.58186828083 3.45669596604 2.18365354655 2.13482129267 0.0200836699146 ;
2.41492716661 4.78051309543 2.35301103214 2.70041905395 3.03657708008 0.670258703214 3.15680229127 ;
1.55074848387 4.76182818843 0.171201652267 2.10116441704 1.86626605882 0.827932530111 2.75531434043 ;
1.95883905156 4.73525439122 3.02118460224 4.41258787858 2.5840741375 3.67719593821 2.73205062439 ;
2.55193647651 4.78154322019 2.7032243313 2.89327088989 2.93692699284 0.528496171301 2.99328132647 ;
2.84219380492 4.60358830188 3.32561869066 3.62985237098 4.46555294262 2.18643151038 3.38583831209 ;
1.61955408292 4.75650078695 2.61261548362 2.30811248832 0.445694771577 0.812505420903 2.71178552481 ;
1.99003563054 4.73397439534 2.99392292816 4.40287216277 2.53926435336 3.63633916252 3.05562558678 ;
1.53577044211 4.76344839546 1.7825822617 2.21582552379 0.552169320448 0.709573977162 2.80930821682 ;
2.43012797859 4.77973407639 2.33051678025 2.7063267378 3.08302562626 0.67708982611 3.16372435006 ;
1.78397468832 4.68226344819 2.70406736266 3.64198567514 2.5042578171 2.46451936356 0.0192965149372 ;
2.90612067739 4.59462443348 3.41366621268 3.77058672822 4.52870304335 2.29294123437 3.43141230048 ;
1.65824150474 4.75525944361 2.10644327578 2.4264745186 0.343288451331 0.755868440995 2.65009205402 ;
1.93621653786 4.73213666439 3.00227183111 4.41187149117 2.54793494079 3.67392473886 2.7228989671 ;
2.81539855597 4.78069141538 2.82924791305 3.20637481544 3.14699531222 0.672377149542 3.0817562978 ;
2.86073444097 4.57209631999 3.45474202004 3.73471585485 4.62637076362 2.47227308645 3.40963808431 ;
1.48836283351 4.75450239378 1.08484544976 1.82685112767 2.81518532392 0.903990327192 2.90903358647 ;
1.59332207571 4.75357119958 0.115098567761 2.10947201726 1.83651268825 0.817887182426 2.78918889638 ;
1.94093770952 4.73352058146 3.00125559223 4.40792761837 2.55908253997 3.65923863779 2.71545363024 ;
2.92433630244 4.61306918309 3.35140712242 3.71756470671 4.43234615268 2.15424803739 3.37920751614 ;
2.28327434864 4.78220610614 2.66963950282 2.59316167841 2.92973291821 0.590145860634 2.9755325557 ;
1.81760163486 4.74948779553 2.61654326281 2.60644207743 0.24339325295 0.811488414688 2.71010150831 ;
2.88296546904 4.62870200544 3.26062457605 3.59126684641 4.37473282876 1.86868293077 3.35263584455 ;
0.964395083177 4.74372450332 1.35757653377 2.17148150127 0.448402577675 0.880435581043 2.48498375193 ;
2.68302619807 4.78495752392 2.67116513069 3.17277091798 1.6138953822 0.655416703338 2.89771860094 ;
1.61626486996 4.76680075092 1.58698204147 1.67738397757 2.99713796303 0.766120638286 2.96152024259 ;
1.98048338001 4.73332509231 3.02384172947 4.41093469893 2.60651882155 3.68281841144 2.7478160256 ;
1.24118076271 4.77811219129 1.48512724003 1.78787499865 1.28402660004 0.578772966408 2.70488996788 ;
1.90604590337 4.72928729654 2.98848672575 4.41398357067 2.54357423246 3.68392720722 2.72747551537 ;
2.69189775472 4.74209501577 2.52355921531 3.13454319912 1.69344321699 1.46985858515 2.84857955796 ;
2.72364134093 4.77675940087 2.70825228679 3.18075825754 3.49262863137 0.164562651961 3.14691131093 ;
2.82338616426 4.59400887405 3.35706336203 3.64317237964 4.532907681 2.41055158305 3.3844388013 ;
2.8458110418 4.59911585183 3.3566019883 3.63090899599 4.45396905524 2.39337644534 3.37516738917 ;
1.55803327266 4.7552685493 0.275046082544 2.02730311194 1.91109370686 0.82260162613 2.71982659972 ;
1.93798893036 4.73286866655 3.00289119139 4.40720463848 2.54595362838 3.65793341651 2.7183394109 ;
1.77383680773 4.76949869017 2.61503694859 2.42129365965 0.894393369607 0.857473699009 2.77596744436 ;
2.7163770529 4.77169291112 2.81173488214 3.1098866685 3.360198482 0.37037684363 3.10027767391 ;
2.58329783068 4.77441631489 2.51216002541 2.92444033954 2.93873117896 0.671177429228 2.99577381426 ;
1.9428546243 4.73292252617 2.99924734803 4.41207969944 2.57000674298 3.67501020292 2.72322310231 ;
1.08937442805 4.77648717757 0.975362795872 1.42850242263 1.82963953876 0.614096203551 2.69611023545 ;
1.90184135639 4.75013310728 2.34455303945 2.77755048636 0.117570126162 0.896345299338 2.74025474387 ;
2.8636531109 4.6014755562 3.36669443322 3.6881260585 4.5127713796 2.1868290676 3.4017072168 ;
2.87940315794 4.58856344181 3.40337382708 3.71018149231 4.53525851116 2.46023461628 3.38944918877 ;
2.83226101318 4.77989329635 2.84122856493 3.25909650471 3.14155429412 0.543776966785 3.07261643138 ;
1.74015927631 4.75846633965 2.08081322467 2.4279027217 0.261527178168 0.763065049152 2.69720709168 ;
1.90609808123 4.72756392975 2.98754910739 4.40414631816 2.51081985466 3.66967255063 2.7157831575 ;
1.44735270747 4.76274901019 1.26451133981 1.83973401805 2.76550004004 0.885256808938 2.85834166074 ;
1.9436973157 4.738130603 3.01113251113 4.42157764831 2.65494823293 3.683195001 2.76933349065 ;
2.22873692448 4.73360048016 2.56198489925 3.22378968427 0.574600441501 1.17486697291 2.5954519555 ;
2.89315495318 4.60658101117 3.3403359944 3.70391751674 4.4493928828 2.15932928768 3.36481341006 ;
1.12861642302 4.77407462569 0.91231858876 1.60414610384 1.44992377555 0.629925772734 2.70003311371 ;
2.4600573891 4.78089829454 2.54630114414 2.65849082486 3.12018205627 0.53984342938 3.09103940263 ;
0.939016641818 4.77209936871 1.78944640712 1.15629230479 2.00222860006 0.645119206456 2.58579146516 ;
2.85392974244 4.58663871414 3.42140513616 3.73424294226 4.59818023822 2.28488520549 3.40368104416 ;
1.91289152902 4.72768227237 2.98784242706 4.40918309678 2.53870870297 3.67828785968 2.72666325229 ;
1.95311747656 4.7636101687 1.6545272065 2.85550926174 0.501029812716 0.800442652817 2.86397674009 ;
2.74265812296 4.77640391304 2.58408788924 3.04901449148 3.04360867156 0.757910057052 3.02714443788 ;
2.86248909502 4.56264087466 3.474805319 3.74584357784 4.64901009141 2.51605170268 3.41471907021 ;
1.77796149388 4.75572081803 2.05686213814 2.47079042633 0.185270389487 0.779297532074 2.71041740637 ;
1.9250927681 4.72830549203 2.98619466263 4.39741022592 2.52274255748 3.6548323252 2.7298401783 ;
2.90132340846 4.78129330382 2.84078758196 3.30680374882 3.27273163025 0.708395750262 3.08817437014 ;
1.45931961332 4.76499373244 1.43979412863 1.86678350638 2.67729833557 0.793564397051 2.84547482138 ;
1.74670777092 4.67980288546 2.5888299708 3.52126498037 2.33702729523 2.31336746997 0.0325393241504 ;
2.91689020741 4.59809851463 3.41360622421 3.77303811127 4.51267038555 2.31551546003 3.43042771459 ;
2.43884770009 4.77543311798 2.34628599513 2.76019020301 3.16296885967 0.667472315999 3.17574024853 ;
1.98735160358 4.73106502745 2.98436118723 4.39415521879 2.51516378125 3.62131206884 3.04238528864 ;
1.57686403708 4.77333028685 1.80897133088 2.15338017609 0.650446097317 0.673921745309 2.89655755529 ;
1.91437410557 4.72678761302 2.98082101088 4.39892671779 2.51050618219 3.65353218313 2.70459611062 ;
2.79447642424 4.7685421525 2.64367683426 3.16487980359 3.32475620896 0.713894434648 3.12691165845 ;
1.80554570111 4.75965707617 1.90818743228 2.87889218111 0.505038151978 0.751411424103 2.72072128339 ;
1.29374219426 4.78385109352 1.64911846678 1.2312433117 2.23379990239 0.767239295145 2.75624621387 ;
2.87665470234 4.57191630705 3.47234524589 3.76755512572 4.60110777221 2.51020160188 3.40550373058 ;
2.0777718545 4.76822291987 2.24297228572 2.06736292151 3.41980014342 0.766473054746 3.04879522896 ;
2.25307177259 4.77504821252 2.70242896353 3.03392953015 1.13846267577 0.718265768005 2.82261118331 ;
2.94970236783 4.62151135614 3.33976771824 3.75531293695 4.3655799924 2.00416025832 3.34033670937 ;
1.92781085369 4.72839131796 2.98969224575 4.40359826229 2.54511545867 3.6682728387 2.73374804757 ;
1.28303161891 4.76518230496 0.556460052458 1.83393454366 1.11851924062 0.673353184847 2.64442575754 ;
2.92389185971 4.60406788022 3.38758949449 3.75901000481 4.45803146183 2.20661932601 3.37028495281 ;
1.57749686705 4.75938553377 0.108113748583 2.16611957612 1.83400779792 0.842126337935 2.76232885188 ;
2.43264154066 4.78014435244 2.66983238735 2.70330602748 3.0586149538 0.650792723298 3.04925072261 ;
1.93476858272 4.73103852755 3.00837511925 4.40618814609 2.54335295217 3.66790941681 2.72822073813 ;
1.68950841964 4.75699620007 2.60592315807 2.41323134203 0.439122089883 0.723998405829 2.66062991909 ;
1.93523072818 4.73236664619 2.99223299396 4.41857403075 2.78922911352 3.68103731866 2.73702952696 ;
1.15358962604 4.77543352547 1.19142712577 1.69912906386 1.56898372725 0.600384393703 2.69391169208 ;
2.7146434248 4.77254133312 2.66350969184 3.04659780767 3.18713034813 0.753613331103 3.06708359436 ;
2.86592529348 4.57038230242 3.46278599467 3.74041984854 4.63380750437 2.45206461305 3.41057017669 ;
2.11429222724 4.73180452441 2.6556174894 3.32984429733 0.169929072681 1.6056421229 2.75434000359 ;
2.8274889073 4.57878634836 3.41447739177 3.66896544485 4.58579890002 2.45297556085 3.39991236384 ;
2.291277847 4.77818064113 1.86285929982 2.31451107354 1.27892969565 0.90007115612 2.82164768528 ;
1.93231269677 4.72607872635 2.9859418036 4.40006777227 2.50852908443 3.65836334783 2.72501086025 ;
2.90310498106 4.77105939508 2.78507515836 3.31295694359 3.30698664193 0.550260040844 3.08522679493 ;
0.203436355897 4.75839500925 1.57323318887 1.85774507838 1.73799441353 0.613859573356 2.67791830174 ;
2.69201587162 4.76953825746 2.77569735134 3.08157332252 3.21488045946 0.770155587083 3.08752593403 ;
1.92138293096 4.72682114385 2.98886646832 4.40371861759 2.51806314806 3.66452241412 2.71166470044 ;
1.7149589419 4.76708107119 2.16107736613 2.40429735286 0.428333672303 0.725355806384 2.70157920562 ;
1.41954900584 4.76711913247 0.699185950821 1.76225280922 2.62308578025 0.737640020516 2.83516436424 ;
2.88317434802 4.57293534861 3.47118392388 3.77501997085 4.63251150396 2.47307047225 3.40466795416 ;
2.2808955738 4.77816737148 2.25567593932 2.59215250324 2.9366985139 0.632335863174 2.96726842644 ;
1.49154427085 4.68964336593 2.843107952 4.31049668024 2.04271364963 3.51811462692 2.3016493286 ;
2.54654496862 4.77432749383 3.19896028959 4.46790423479 3.15627413156 3.74687547962 3.19723456998 ;
2.90072612121 4.60174934344 3.34094065659 3.69835222298 4.45541702461 2.07957226818 3.37504735219 ;
1.56206229714 4.76302557009 1.7610076997 2.24144165173 0.430010613803 0.743399078383 2.73038429713 ;
1.93345263526 4.72616932504 2.99619109285 4.39755514037 2.51755887791 3.6492731141 2.71027523166 ;
2.72539124337 4.77265539791 2.77178845512 3.09746105932 3.38703464579 0.695998581377 3.11727884305 ;
1.54867389149 4.76096818402 0.184692417496 2.06907029398 1.87201158348 0.857046140327 2.81276767823 ;
2.84990393905 4.57117388648 3.45914652331 3.73440577353 4.61248275005 2.48876795445 3.40267314603 ;
1.74877647681 4.77312031055 2.60598241493 2.33944671178 0.886277139409 0.701916502474 2.71885004864 ;
1.33747032888 4.7650821699 2.49950808557 1.94473697297 0.585493547075 0.637723690043 2.62406780993 ;
1.9400603194 4.7295688371 3.01266601368 4.40846610091 2.5344494647 3.67280527441 2.71164381858 ;
1.62777403463 4.7552382463 0.0817392078608 2.21599534581 1.90404322325 0.877479301791 2.82483736306 ;
2.84574414319 4.60240368555 3.36540558148 3.70034820044 4.54076189998 2.17957735219 3.39864506754 ;
2.61209898275 4.77849644147 2.71825622916 2.94108583854 2.75088808443 0.704272449199 3.01071034931 ;
0.77711452266 4.76501732456 1.57397119554 1.7550609103 2.75895377622 0.790755990973 2.72560163215 ;
1.93045700769 4.72562610858 2.98197299785 4.40347291108 2.50150860221 3.66696623298 2.71048635533 ;
2.82575458906 4.77250865241 2.64266453868 3.1411900345 3.18883547346 0.749449083062 3.08475876387 ;
2.8709314335 4.57372180132 3.46173394092 3.7633078294 4.61723245987 2.47628313789 3.40241302333 ;
1.87774177392 4.76996796258 1.86072313868 2.33051064007 0.4608446319 0.700253080279 2.76723048215 ;
1.58439418 4.7649080257 1.79919597651 2.32391277661 0.540465463042 0.734327811175 2.9892074478 ;
2.92810892992 4.60414712121 3.37706169775 3.74099959566 4.45705019353 2.19208686501 3.41341402001 ;
2.34256639483 4.78340045178 2.2846266772 2.57790751527 3.0658452459 0.636318217439 3.1567281477 ;
1.99864812917 4.73603346322 3.00137048331 4.40596757896 2.56965652133 3.64739210942 3.04976506912 ;
1.73521564274 4.68460734175 2.49182217435 3.40088176166 2.09379922523 2.08932730301 0.0498378324774 ;
1.47097840449 4.76505147896 1.47486511495 1.86967415427 2.68726008961 0.828538935324 2.83917642633 ;
1.92987963587 4.72716788952 2.98715316514 4.39842574464 2.52785939266 3.65552522399 2.72581816403 ;
1.75820695107 4.75568975989 2.03877059234 2.44984695721 0.13237107467 0.784020831509 2.71070719479 ;
2.85808187403 4.58046461819 3.41400746348 3.69469790119 4.58099872221 2.4424423781 3.39736391972 ;
2.9093834464 4.78499612804 2.83389782605 3.33382347991 3.16078182536 0.566585743105 3.07962863843 ;
1.48194786563 4.76967710162 1.49060975974 1.85582733463 2.66860788726 0.774891782087 2.86586452211 ;
2.85586877675 4.57402297201 3.46227795548 3.77056355123 4.59771705696 2.55769686581 3.4171063522 ;
2.89748367111 4.77837011141 2.83127798849 3.33986339963 3.21978861658 0.719984736937 3.07606755757 ;
1.88249817949 4.72370866475 2.96641995606 4.40232930341 2.48597035794 3.67170874866 2.68375474573 ;
1.76211881961 4.75802030898 2.03659433236 2.43985321317 0.127442467604 0.778061473609 2.72072968714 ;
2.8556630696 4.56614095416 3.46665024394 3.72509064767 4.66169932542 2.48247927294 3.42801874834 ;
1.66662860807 4.7747448004 1.72748582215 1.92322081086 2.83674031862 0.740606194365 2.90409882732 ;
1.9193825748 4.72962300636 2.98694199938 4.41420968191 2.55047700566 3.69036876051 2.73214222405 ;
1.72264210317 4.75060500191 2.01411734978 2.46345910225 0.139888175386 0.813678248837 2.71924236623 ;
2.99016952427 4.77287108816 2.85553199949 3.56087174914 3.1332931908 0.782516912225 3.03376689503 ;
2.1946703827 4.73663659268 2.56338573243 3.20977741745 0.346953403168 1.09383232833 2.83726766238 ;
2.63210470681 4.77163841874 2.62040557315 2.94129318551 3.25074655088 0.738131264187 3.08956447634 ;
1.17520737575 4.77493036772 1.14045595282 1.61074792965 1.56593615311 0.626003082819 2.63854576085 ;
1.92304839154 4.73335975002 2.99321231951 4.41595114069 2.61811815135 3.67682991672 2.71725910236 ;
2.89712005087 4.58083827796 3.4516754684 3.77269422239 4.59748642715 2.39672192581 3.39733143904 ;
2.91067137672 4.58397458491 3.45786373713 3.78372128213 4.58154564317 2.39702691341 3.40301873771 ;
1.39419317002 4.76054557619 0.158433201967 2.00450900693 1.59958361253 0.763040181356 2.74029011739 ;
1.94501463451 4.72652387974 2.98468816423 4.39318830455 2.51599547697 3.63212254701 2.71660507065 ;
1.78405925626 4.7755413487 2.63244550164 2.3740187852 0.834060575798 0.677068929252 2.73246214259 ;
2.60700272566 4.76704172982 2.60081238564 2.93149179723 3.37233274361 0.741462327089 3.0957771256 ;
0.785666173487 4.77057582153 1.32947685336 1.59434749035 2.70028902126 0.799003853608 2.73004978444 ;
2.86887102226 4.60629490729 3.34648815733 3.69524684134 4.47929261457 2.11315564673 3.38890887614 ;
1.95514516403 4.73412847161 3.01334907894 4.41365037394 2.5767773379 3.68863141276 2.73880976319 ;
1.76662401582 4.75180779366 2.07047186643 2.45646174868 0.142419072167 0.807329338832 2.70124759886 ;
2.71443819529 4.77955603621 2.40033951527 2.90750459313 2.80503514715 0.633114581273 2.99164523749 ;
1.92543596224 4.72996683023 2.9809465162 4.40431436296 2.53205429203 3.65750287924 2.71148326878 ;
2.0086476746 4.75178589133 2.12522565042 2.92317270121 0.28415745055 0.860742063924 2.7247471927 ;
2.8057981622 4.77323406603 2.65952592073 3.1381630096 3.29325332021 0.708284974419 3.11156016737 ;
2.87166732905 4.57127438547 3.45939079105 3.75271071495 4.60535148389 2.47966343767 3.40284137568 ;
1.175677201 4.77650714253 1.48460337949 1.52101030819 2.08930572643 0.679757613554 2.75889209682 ;
2.8482018709 4.57543508295 3.43358733507 3.70450169295 4.62176892424 2.38929466149 3.41237081368 ;
1.49322531109 4.76386810541 1.52047328137 1.87027569815 2.7529843519 0.775141492934 2.87253636999 ;
1.91272960227 4.72894932634 2.98574371132 4.41360676679 2.54163653077 3.68812435759 2.73283525174 ;
2.940079429 4.78859431213 2.80873141212 3.3797480976 3.04427612399 0.70819139676 3.01328475926 ;
1.7386890501 4.75372220403 2.04299050342 2.42440168216 0.124098695573 0.788500204683 2.7265096815 ;
2.71610180161 4.77542541679 2.75306104568 3.07957073309 3.19354538644 0.727536091929 3.08170694993 ;
1.93317973983 4.73004137022 3.01070193897 4.40970732018 2.5336909591 3.67600012536 2.73316883987 ;
1.67099426805 4.76579837243 2.58707849034 2.32996405379 0.619453916067 0.688696377525 2.6552652599 ;
1.48692260885 4.75673674685 0.306983510999 2.0114863735 2.008064053 0.877999103565 2.81726133888 ;
2.83457884025 4.57302611659 3.45173781855 3.727742778 4.6232688222 2.45257103447 3.40292448086 ;
2.60427274922 4.77016326537 2.74957391413 2.97040280421 3.27973999382 0.658475284398 3.10039586903 ;
1.92925473939 4.72728319237 2.99282431738 4.39986092439 2.51793246874 3.65065750341 2.7106817687 ;
1.71012722446 4.7728281869 2.5964468828 2.32528152499 0.72046764128 0.706776290182 2.68387983334 ;
2.8846627465 4.58486534532 3.42810129559 3.74601378556 4.55955451833 2.43136993161 3.39218074241 ;
1.59466729934 4.75965551173 0.109088880525 2.10354801756 1.84173379017 0.836217299159 2.81005327661 ;
