cluster 0
size:376
#377eb8
[ 1.65910293  4.71694718  0.          1.74387034  2.39602556  0.77489825
  2.79396739]

cluster 1
size:726
#ff7f00
[ 2.54157935  4.68430559  2.95805633  2.95172681  2.54489952  1.05777838
  3.31137114]

cluster 2
size:369
#4daf4a
[ 2.13202245  4.69057875  3.11536805  4.40038108  2.79421868  3.82718779
  2.84652003]

cluster 3
size:830
#f781bf
[ 1.66844154  4.76215102  2.60924554  1.95597582  3.55387572  1.03671903
  3.23369856]

cluster 4
size:314
#a65628
[ 1.48971592  4.67528312  2.36881583  2.1860232   1.92177761  1.0848908
  1.60114035]

cluster 5
size:394
#984ea3
[ 3.01315228  4.40454331  3.45119741  3.54774655  4.76113803  2.39411206
  3.43166375]

