cluster 0
size:480
#377eb8
[ 2.15212127  4.67714078  3.06040639  4.32546935  2.62336206  3.60528517
  2.74843246]

cluster 1
size:400
#ff7f00
[ 1.59400016  4.75350443  2.12971427  1.91059328  0.40664786  0.67867585
  2.635882  ]

cluster 2
size:413
#4daf4a
[ 0.74477203  4.73328     2.46733551  1.11797803  3.45986145  1.12144929
  3.0339758 ]

cluster 3
size:700
#f781bf
[ 2.84100148  4.52253129  3.24308503  3.39256374  4.50060672  2.26681717
  3.41564963]

cluster 4
size:672
#a65628
[ 2.52981154  4.71728669  2.79936721  2.70473075  3.34138995  0.46710186
  3.08281851]

cluster 5
size:344
#984ea3
[ 1.82715506  4.72137593  0.2184559   1.84741769  2.79644853  0.72710336
  2.77475378]

