cluster 0
size:174
#377eb8
[ 2.15090482  4.72113564  1.8195594   1.77371779  3.82126148  1.47636759
  3.21872786]

cluster 1
size:451
#ff7f00
[ 2.22235091  4.75825461  3.1964386   4.49993909  2.85621291  3.87627308
  2.87600278]

cluster 2
size:300
#4daf4a
[ 2.77519425  4.58016727  3.29092033  3.67007907  4.65005671  2.31533349
  3.51676184]

cluster 3
size:168
#f781bf
[ 1.51145365  4.76035045  2.63149872  2.40629952  0.05683306  0.93313443
  2.85712179]

cluster 4
size:121
#a65628
[ 0.08075396  4.74447147  2.57357959  2.0819312   3.09267353  0.81669836
  2.9651559 ]

cluster 5
size:100
#984ea3
[ 1.52034869  4.73008009  0.0694223   1.77663696  1.06083625  0.61580512
  2.73613454]

cluster 6
size:194
#999999
[ 2.22276044  4.78689351  2.6119168   2.0336955   2.62016351  0.28349874
  2.95639673]

cluster 7
size:106
#e41a1c
[ 2.84443037  4.68009681  2.97712352  3.74059396  4.07533766  0.07446299
  3.21799207]

cluster 8
size:150
#dede00
[ 2.65940684  4.7495315   2.79109475  3.82909075  2.67691391  1.67402273
  2.91050925]

