cluster 0
size:264
#377eb8
[ 1.60278037  4.76012616  0.          2.23652513  2.11656586  0.87072773
  2.71032497]

cluster 1
size:586
#ff7f00
[ 2.10910687  4.81252733  2.59029776  2.31210537  3.37096277  0.96735327
  3.28964635]

cluster 2
size:144
#4daf4a
[ 2.0043502   4.66061564  2.93107618  3.46395635  2.39609723  1.91406065
  0.        ]

cluster 3
size:910
#f781bf
[ 2.89537859  4.57945264  3.28138377  4.06879072  4.05777872  1.79354731
  3.34431747]

cluster 4
size:481
#a65628
[ 1.81575942  4.72234531  2.71876814  2.81889972  1.04596406  1.17170006
  2.89134219]

cluster 5
size:346
#984ea3
[ 2.07794313  4.70809275  3.07969799  4.49968649  3.00823818  3.77506793
  3.11405899]

