50.8939960413 3.05893996041 1.88102045305 0.565207829338 0.650318891577 3.71783593578 0.257532438971 ;
53.7436265709 3.00143626571 3.83698384201 1.54290843806 0.0678635547576 22.3245960503 3.02477558348 ;
79.8649237473 4.6746550472 3.0697167756 1.13725490196 0.981118373275 5.59259259259 0.525780682643 ;
64.8161290323 3.69801488834 2.71885856079 0.889578163772 0.893052109181 4.35459057072 0.347642679901 ;
59.2151029748 3.29290617849 8.53775743707 4.25400457666 0.00228832951945 68.3501144165 12.2883295195 ;
58.8214983713 3.30879478827 5.87557003257 2.59283387622 0.00846905537459 40.5609120521 6.28469055375 ;
52.8383096004 3.03031694993 4.59255856684 1.95039044557 0.0124023886082 30.6270096463 4.45062011943 ;
49.883038315 2.99977593547 1.98140264396 0.619314362536 0.579879005153 5.0732691015 0.449025319292 ;
78.14 4.58411764706 2.91176470588 1.04882352941 1.04 4.42294117647 0.346470588235 ;
59.3468085106 3.30212765957 7.48723404255 3.63510638298 0.0031914893617 57.6808510638 9.88510638298 ;
62.9814700432 3.42680667078 4.25756639901 1.60469425571 0.142680667078 20.4311303274 2.7523162446 ;
63.0099685205 3.59286463799 2.47927597062 0.799842602308 0.916316894019 3.23321091291 0.185466946485 ;
58.5094339623 3.30106644791 6.15340442986 2.77522559475 0.00492206726825 43.7973748975 6.92124692371 ;
55.1709461836 3.06858951811 4.13155117833 1.67428772423 0.0464298276469 24.5842419979 3.38972915934 ;
63.0477447217 3.5976487524 2.55590211132 0.830614203455 0.867322456814 4.04438579655 0.307101727447 ;
49.8859200743 3.00511152416 1.94632899628 0.602462825279 0.595260223048 4.7030669145 0.399163568773 ;
77.9600886918 4.55321507761 3.12361419069 1.12084257206 0.994456762749 5.44512195122 0.503880266075 ;
59.345844504 3.3109919571 8.74262734584 4.38873994638 0.00268096514745 70.3887399464 12.7506702413 ;
53.2338416848 2.99019607843 3.71278140886 1.47893972404 0.0809731299927 21.1880900508 2.84132171387 ;
50.5735434575 3.05969436485 1.84049665712 0.542979942693 0.657831900669 3.48853868195 0.223256924546 ;
59.0884773663 3.29218106996 8.36625514403 4.16666666667 0.00205761316872 66.950617284 11.9547325103 ;
58.8442865601 3.3007696862 5.75192421551 2.51568975725 0.0106571936057 38.9100059207 5.97276494967 ;
77.9055248619 4.5453038674 3.12928176796 1.12541436464 0.974585635359 5.66519337017 0.537016574586 ;
63.6680761099 3.61390063425 2.58853065539 0.845401691332 0.885042283298 3.96035940803 0.29254756871 ;
76.0759275237 4.38826574633 2.94003451251 1.0595340811 0.947799827437 5.18119068162 0.471958584987 ;
58.6706324358 3.29743268629 5.7983719474 2.5516593613 0.00814026299311 39.8979336255 6.16593613024 ;
49.4069735007 2.99860529986 1.78075313808 0.530264993026 0.619246861925 3.69762900976 0.254393305439 ;
53.9087719298 3.02070175439 3.81789473684 1.51894736842 0.080350877193 21.6561403509 2.91368421053 ;
59.2984749455 3.30283224401 8.47276688453 4.22222222222 0.00217864923747 67.7102396514 12.1263616558 ;
61.6143003588 3.53997949769 2.54843669913 0.809328549462 0.884161968221 3.761404408 0.259866735008 ;
59.4180107527 3.31720430108 7.8561827957 3.81989247312 0.00268817204301 60.997311828 10.6021505376 ;
56.1495448635 3.11226701344 3.65149544863 1.36757693975 0.130472475076 18.4555700043 2.3966189857 ;
61.5735146022 3.52618328298 2.34466263847 0.747482376636 0.896525679758 3.08610271903 0.170443101712 ;
48.949594438 2.9808806489 1.83082271147 0.54808806489 0.607763615295 4.01882966396 0.300115874855 ;
76.6704014939 4.45985060691 3.05508870215 1.08590102708 0.989729225023 5.0639589169 0.450980392157 ;
55.8385864374 3.16571155683 5.12273161414 2.23161413563 0.0133715377268 34.1556829035 5.08166189112 ;
50.0505243089 3.01668255481 1.94709246902 0.593183984747 0.616062917064 4.30576739752 0.343422306959 ;
60.8816979819 3.40083507307 5.84133611691 2.53792623521 0.018093249826 38.4411969381 5.87821851079 ;
63.3868767639 3.62558795861 2.59289746002 0.842427093133 0.873941674506 4.11429915334 0.313734713076 ;
53.1282348397 2.97450753187 3.84820393975 1.5573580533 0.0552336809579 23.1738122827 3.1618385477 ;
78.4714714715 4.56696696697 2.9951951952 1.09009009009 0.984384384384 5.21681681682 0.47027027027 ;
58.0734265734 3.25174825175 8.1013986014 4.00699300699 0.00174825174825 64.6416083916 11.4440559441 ;
60.9188708037 3.49237029502 2.41174974568 0.763733468973 0.87487283825 3.41403865717 0.215412004069 ;
58.9128440367 3.28287461774 7.95412844037 3.90214067278 0.00152905198777 62.8639143731 11.0290519878 ;
58.3348017621 3.28291727851 5.34948604993 2.33529123837 0.0156632403328 35.1708272149 5.26970141948 ;
75.5415147833 4.38031591738 2.98217901985 1.06520858647 0.962332928311 5.09680032402 0.453624949372 ;
52.8751950078 2.95280811232 3.501950078 1.33892355694 0.115444617785 18.7340093604 2.43408736349 ;
48.9071826828 3.0022958347 1.7110528042 0.481469334208 0.644473597901 3.09937684487 0.180387012135 ;
53.1417072258 3.16978659678 1.91183077499 0.562336203669 0.729314863347 3.0056158742 0.165293897417 ;
60.1428571429 3.31168831169 9.30303030303 4.75324675325 0.0 76.6753246753 14.1774891775 ;
71.197365211 4.09904854843 2.89558428885 0.994876799219 0.949987801903 4.7004147353 0.395706269822 ;
60.0979498861 3.31264236902 4.87927107062 2.05808656036 0.0313211845103 29.861047836 4.31207289294 ;
57.3346534653 3.25841584158 6.57227722772 3.06435643564 0.0039603960396 48.4762376238 7.86831683168 ;
50.7646282446 2.86757589089 3.40343158821 1.3057633084 0.114826220853 18.4896612407 2.39243290805 ;
72.2493674445 4.16165307844 2.84593758785 0.980882766376 0.977228001125 4.27129603599 0.335676131572 ;
51.2085048011 2.90946502058 3.21170553269 1.18792866941 0.165066300869 15.6447187929 1.94375857339 ;
52.2581287326 3.03118779031 4.94890510949 2.1599203716 0.0119442601194 33.6682149967 4.98208360982 ;
59.4467312349 3.30992736077 7.69007263923 3.73486682809 0.00363196125908 59.4830508475 10.2736077482 ;
65.2516129032 3.52258064516 4.78548387097 1.975 0.0701612903226 26.5387096774 3.76532258065 ;
53.8913607712 3.20541342232 1.90619206526 0.552651093808 0.772154245458 2.64590285502 0.116611049314 ;
63.7746147819 3.62836249674 2.60720814834 0.850352572473 0.898668059546 3.83964481588 0.274745364325 ;
58.3219789132 3.28467153285 7.10300081103 3.39334955393 0.00324412003244 53.8296836983 9.06488240065 ;
50.1325136612 2.86111111111 3.75182149362 1.51684881603 0.0578324225865 23.3383424408 3.20901639344 ;
50.6168876483 3.0604791812 1.89578971854 0.564317283089 0.650383810188 3.72249360316 0.255873458944 ;
63.6609195402 3.47573435504 4.77522349936 1.91698595147 0.0817369093231 26.1200510856 3.68965517241 ;
78.685138539 4.59697732997 2.87468513854 1.04408060453 1.01637279597 4.55100755668 0.367128463476 ;
51.4245606515 3.08144020574 1.88962708958 0.55915130733 0.670167166738 3.4584226318 0.223103300471 ;
57.9569266589 3.28637951106 7.59371362049 3.68800931315 0.0034924330617 58.9965075669 10.1664726426 ;
80.3470031546 4.68533123028 2.93690851735 1.09305993691 0.98738170347 5.0047318612 0.43690851735 ;
60.9743895176 3.35080405003 5.28231089934 2.26503871352 0.0250148898154 33.3859440143 4.95890410959 ;
65.3279775567 3.74088242795 2.79342004591 0.919408314206 0.897985207855 4.62943126753 0.383320581484 ;
51.0366695427 2.88610871441 3.57506471096 1.4176013805 0.0711820534944 21.1781708369 2.83865401208 ;
57.3169475655 3.23220973783 5.3202247191 2.33192883895 0.0112359550562 35.3469101124 5.30056179775 ;
50.4994957136 3.07085224407 1.79727685325 0.51235501765 0.684568835098 3.04387291982 0.170953101362 ;
78.7439403356 4.61591050342 3.20696084525 1.1547545059 0.988812927284 5.78371659416 0.550652579242 ;
53.8513409962 3.01034482759 3.49157088123 1.32183908046 0.129501915709 18.0865900383 2.33180076628 ;
59.0599675851 3.29173419773 8.04051863857 3.95299837925 0.00162074554295 63.6758508914 11.2106969206 ;
64.1508083753 3.63848396501 2.50384309568 0.820832228995 0.912006360986 3.46832759078 0.224754837 ;
67.025974026 3.61938061938 4.74625374625 1.92807192807 0.0949050949051 24.7762237762 3.45954045954 ;
70.7147023086 4.06148238153 2.76379100851 0.94532199271 0.973511543135 3.98201701094 0.293317132442 ;
51.4482617587 2.89570552147 3.42617586912 1.31533742331 0.119836400818 18.309202454 2.35950920245 ;
55.3226616447 3.18204645323 5.53797865662 2.45260514752 0.00627746390458 38.5317011927 5.89265536723 ;
52.6909163188 3.16100178891 1.88789505069 0.548399920493 0.736434108527 2.88034188034 0.150069568674 ;
59.6007604563 3.30418250951 8.27376425856 4.0969581749 0.00190114068441 65.8441064639 11.7034220532 ;
63.5360453141 3.62770339856 2.6377445932 0.858135942327 0.896240988671 3.98583934089 0.294541709578 ;
58.6881067961 3.29854368932 5.77609223301 2.54126213592 0.00788834951456 39.6990291262 6.125 ;
53.6558988764 3.00632022472 3.7808988764 1.50351123596 0.0825140449438 21.378511236 2.87008426966 ;
78.0534608891 4.55655599325 3.05514912774 1.10692177828 0.97692740574 5.49690489589 0.51153629713 ;
50.3709480868 3.03460882281 1.79819644163 0.530343650987 0.644406531806 3.47574945162 0.223982451864 ;
59.3458980044 3.30376940133 8.50110864745 4.23725055432 0.00221729490022 67.9356984479 12.1884700665 ;
60.7522405319 3.46429603932 2.31425267418 0.746747614918 0.831165076612 3.6790980052 0.250939577913 ;
54.8380345769 3.06794055202 4.19350925083 1.70185016682 0.049135577798 25.3742796482 3.53685168335 ;
59.1189913318 3.30654058314 7.07486209614 3.37746256895 0.00315208825847 53.3632781718 8.97714736013 ;
49.3765546441 2.9920613919 1.88674252448 0.570521301932 0.609420481609 4.18708653083 0.326541413072 ;
84.2927864215 4.94766619519 2.80622347949 1.08486562942 1.02404526167 4.77510608204 0.39603960396 ;
71.04 4.10318181818 3.29545454545 1.11545454545 0.928181818182 5.98045454545 0.591818181818 ;
64.3510861948 3.50665732306 4.36229852838 1.63559915907 0.166783461808 20.0686755431 2.70427470217 ;
49.5452970297 2.98811881188 1.95024752475 0.604455445545 0.585396039604 4.77351485149 0.409405940594 ;
52.1161262051 2.97020157756 4.22830850131 1.75328659071 0.022787028922 27.5008764242 3.88606485539 ;
59.1266447368 3.31578947368 7.14555921053 3.41940789474 0.00246710526316 53.9777960526 9.10197368421 ;
77.25 4.51365546218 2.86134453782 1.02468487395 1.03466386555 4.19537815126 0.317226890756 ;
62.0871941697 3.55179593961 2.41618948464 0.773295158771 0.906298802707 3.16345653306 0.178032274857 ;
60.9824016563 3.50077639752 2.69565217391 0.888457556936 0.767598343685 5.62965838509 0.526138716356 ;
74.872005988 4.31549401198 2.96332335329 1.03892215569 0.98877245509 4.61976047904 0.385104790419 ;
61.3835171966 3.40558079169 5.61129136924 2.42829331603 0.020116807268 36.0817650876 5.44321868916 ;
57.9703264095 3.25816023739 7.85459940653 3.86646884273 0.00148367952522 62.3753709199 10.9243323442 ;
49.7071913161 3.0 1.7579375848 0.505563093623 0.639620081411 3.35820895522 0.211668928087 ;
50.9507692308 2.88747252747 3.7010989011 1.51076923077 0.0496703296703 23.0083516484 3.14021978022 ;
71.9575533878 4.14843132085 2.93013445821 1.01265489059 0.953598734511 4.81334036383 0.412865805431 ;
58.7859007833 3.31592689295 6.09921671018 2.74934725849 0.00522193211488 43.2184508268 6.7998259356 ;
53.7530981888 3.19599618684 1.86882745472 0.536129647283 0.768922783603 2.53498570067 0.102955195424 ;
51.0286669852 2.9044433827 3.1519350215 1.16913521261 0.181557572862 14.967032967 1.83564261825 ;
59.0394431555 3.28770301624 8.57308584687 4.26218097448 0.00232018561485 68.5290023202 12.3225058005 ;
56.889 3.161 4.4785 1.8805 0.0365 27.193 3.8325 ;
60.040192926 3.32475884244 8.0578778135 3.9501607717 0.0016077170418 63.4099678457 11.1511254019 ;
70.1061427281 4.0162601626 2.72583559169 0.93315266486 0.954155374887 4.03974706414 0.301264679313 ;
53.8655913978 3.12231182796 5.3810483871 2.3810483871 0.00672043010753 37.4072580645 5.6747311828 ;
52.2715607909 3.1508203618 1.88178376104 0.54059739167 0.734539335297 2.85443836769 0.147665124106 ;
65.1362229102 3.52631578947 4.71207430341 1.92879256966 0.0851393188854 25.3359133127 3.5479876161 ;
50.7099200752 2.86459802539 3.31452750353 1.25199811942 0.127879642689 17.4724964739 2.22708039492 ;
53.1698040722 2.96043027276 3.53860929697 1.36842105263 0.105263157895 19.2281982328 2.5147906262 ;
59.1802721088 3.29081632653 8.11734693878 3.99489795918 0.00170068027211 64.3418367347 11.362244898 ;
58.0584382872 3.27858942065 5.44987405542 2.38438287154 0.0125944584383 36.2554156171 5.47153652393 ;
76.5293577982 4.44449541284 3.02706422018 1.08623853211 0.956880733945 5.40275229358 0.501376146789 ;
49.4816983895 3.02137628111 1.78301610542 0.508345534407 0.658857979502 3.20497803807 0.190043923865 ;
61.9753807107 3.54568527919 2.4576142132 0.789086294416 0.881725888325 3.52411167513 0.230203045685 ;
61.6453734147 3.52348520432 2.46806012212 0.791216533584 0.856035697511 3.88774072334 0.286989196806 ;
58.7679425837 3.30622009569 6.40350877193 2.93859649123 0.00558213716108 46.2224880383 7.41866028708 ;
55.2540559199 3.07939247497 4.19537452537 1.70107007249 0.0448740075941 25.1118398343 3.48325854332 ;
76.5416285453 4.45242451967 3.06084172004 1.09286367795 0.967978042086 5.37419945105 0.496340347667 ;
59.4703389831 3.28813559322 9.28813559322 4.72033898305 0.0 76.3940677966 14.1355932203 ;
49.1842783505 2.97603092784 1.95798969072 0.611340206186 0.570103092784 5.00412371134 0.438144329897 ;
65.2507747934 3.71513429752 2.63481404959 0.869318181818 0.911673553719 3.93853305785 0.286931818182 ;
53.3314141778 2.98992443325 3.65419215545 1.44440446204 0.0910399424253 20.5008996042 2.72292191436 ;
51.1649854293 3.0784577449 1.87267428828 0.548755884331 0.681461555705 3.3169692894 0.204662631697 ;
59.258490566 3.28867924528 8.25094339623 4.09245283019 0.00188679245283 65.7698113208 11.6905660377 ;
80.004494382 4.69213483146 3.18052434457 1.17528089888 0.949063670412 6.31610486891 0.634456928839 ;
58.3177623991 3.28258362168 5.67647058824 2.47462514418 0.0109573241061 38.1487889273 5.82641291811 ;
52.2469135802 2.9406610912 3.77578653923 1.51413779371 0.0641178813222 22.6316208682 3.07606531262 ;
61.8044596913 3.53124234256 2.53222249449 0.810340602793 0.849546679735 4.09580985053 0.311933349669 ;
76.3517679057 4.44152311877 2.96962828649 1.06572982774 0.980507706256 4.9632819583 0.431550317316 ;
57.6863979849 3.2758186398 7.69395465995 3.74685138539 0.00377833753149 60.0528967254 10.4055415617 ;
49.4600053865 3.00215459197 1.86264476165 0.559924589281 0.614597360625 3.98814974414 0.295179100458 ;
61.9815078236 3.40327169275 5.53485064011 2.37766714083 0.0241820768137 35.1899004267 5.28449502134 ;
62.5587937152 3.56918398378 2.53877344146 0.821084642676 0.871262037506 3.9257475925 0.287633046123 ;
58.2230080151 3.25459688826 5.04431871759 2.17680339463 0.021216407355 32.3206034889 4.75058934465 ;
58.5123873874 3.28941441441 7.56756756757 3.67792792793 0.00337837837838 58.5731981982 10.0698198198 ;
50.001419245 3.04314504684 1.7331819472 0.483962531933 0.675276752768 2.86914561453 0.152710757877 ;
76.9211417513 4.48669569424 3.09966134494 1.10933720368 0.970972423803 5.55007256894 0.517658442187 ;
51.2391505078 2.8730378578 3.33471837488 1.26315789474 0.109879963066 17.9238227147 2.297322253 ;
72.7214527547 4.17359187442 2.72114496768 0.943367189905 1.01600492459 3.56294244383 0.235149276701 ;
58.8900949796 3.3052917232 7.83582089552 3.81818181818 0.00271370420624 61.1831750339 10.6417910448 ;
64.2982332155 3.58586572438 4.20141342756 1.53498233216 0.269964664311 17.0339222615 2.20989399293 ;
49.2459102902 2.79525065963 3.21213720317 1.2617414248 0.0970976253298 18.2865435356 2.34986807388 ;
53.6793233759 3.19776858017 1.93611660968 0.568832103653 0.75976246176 2.83930178154 0.141623177974 ;
57.1415500538 3.22335844995 5.25618945102 2.28955866523 0.0102260495156 35.1221743811 5.25457481163 ;
58.9734299517 3.28985507246 8.62801932367 4.29468599034 0.0024154589372 69.0458937198 12.4323671498 ;
62.8683196919 3.59364467983 2.5748675975 0.83822821377 0.858208955224 4.23712084738 0.332691381801 ;
60.0688644689 3.35824175824 6.04542124542 2.68058608059 0.00952380952381 41.6241758242 6.50549450549 ;
77.6195536663 4.51434643996 3.10467587673 1.10839532412 0.995217853348 5.27098831031 0.48087141339 ;
49.8973429952 3.00748792271 1.88623188406 0.57729468599 0.602415458937 4.3 0.342512077295 ;
53.7819303338 3.01342525399 3.99165457184 1.61901306241 0.0595065312046 23.851233672 3.26741654572 ;
51.0986762936 3.08880866426 1.78339350181 0.50734055355 0.697232250301 2.8789410349 0.152346570397 ;
58.4617618587 3.27492739593 5.24056147144 2.28315585673 0.0164569215876 34.2149080348 5.096321394 ;
79.4193989071 4.60519125683 3.00819672131 1.10382513661 0.995901639344 5.16871584699 0.46174863388 ;
58.6993103448 3.29655172414 7.84827586207 3.82482758621 0.00275862068966 61.4179310345 10.6937931034 ;
51.701754386 2.89807852966 3.40643274854 1.31203007519 0.105680868839 18.5179615706 2.39515455305 ;
64.6900435116 3.70002559509 2.73534681341 0.896339902739 0.887125671871 4.44893780394 0.361402610699 ;
59.3759398496 3.33233082707 6.26390977444 2.84210526316 0.00601503759398 44.5954887218 7.0954887218 ;
50.3588538169 3.02775912245 1.94000447728 0.59637340497 0.605775688381 4.43877322588 0.361092455787 ;
77.8435261708 4.56363636364 3.21652892562 1.16033057851 0.957024793388 6.18016528926 0.610468319559 ;
54.4006884682 3.04096385542 4.06574870912 1.64578313253 0.0519793459552 24.2860585198 3.34492254733 ;
58.9464285714 3.27857142857 9.14642857143 4.6 0.00357142857143 74.1 13.5785714286 ;
63.5396014308 3.61113949923 2.54624425141 0.82728666326 0.896014307614 3.78206438426 0.270822687787 ;
72.0587901164 4.14882135757 2.73672252201 0.945754047146 1.01902868503 3.61914228912 0.241976711162 ;
53.135684722 3.15961849919 1.94979305381 0.57854957711 0.727910743207 3.14954111931 0.179953212165 ;
58.079640334 3.28002569043 5.73153500321 2.51252408478 0.00834938985228 39.2639691715 6.03532434168 ;
59.5424710425 3.29922779923 8.27992277992 4.10810810811 0.0019305019305 66.0656370656 11.7548262548 ;
49.5100704935 2.82326283988 3.47532729104 1.41842900302 0.0599194360524 21.3544813696 2.85699899295 ;
63.5165394402 3.52226463104 4.19020356234 1.56170483461 0.218829516539 18.096692112 2.36959287532 ;
52.2125143075 3.12228157192 1.97577260588 0.593475772606 0.691148416635 3.60034338039 0.236932468523 ;
50.4876686831 2.8664495114 3.59609120521 1.46114471847 0.0586319218241 22.2214983713 3.01209865054 ;
70.4143098864 4.04544355813 2.65796470873 0.911771815325 0.992264926275 3.51752477641 0.2260091854 ;
59.0347826087 3.3 8.45652173913 4.2152173913 0.00217391304348 67.6782608696 12.1195652174 ;
65.4918918919 3.58687258687 4.44401544402 1.67567567568 0.187644787645 19.9266409266 2.67181467181 ;
58.1050420168 3.29131652661 5.91526610644 2.60854341737 0.00840336134454 40.856442577 6.33893557423 ;
50.5157402853 3.06591244466 1.80595179538 0.52459419577 0.670683718642 3.24840137727 0.195031972455 ;
57.177035913 3.22357106727 5.2569549823 2.29489124937 0.0111279716743 34.8351036925 5.20586747597 ;
78.6980319803 4.60701107011 3.06396063961 1.12177121771 0.982164821648 5.58610086101 0.521525215252 ;
59.1454046639 3.31275720165 7.86694101509 3.83127572016 0.00274348422497 61.3209876543 10.6735253772 ;
64.0455378173 3.63517403821 2.58675739335 0.840879350955 0.90761580738 3.66684114106 0.252289976446 ;
53.8555377207 3.00601926164 3.54574638844 1.34711075441 0.11797752809 18.6938202247 2.43138041734 ;
53.8727984344 3.00352250489 3.4915851272 1.32054794521 0.12446183953 18.162035225 2.34520547945 ;
59.0452196382 3.30749354005 7.78294573643 3.78165374677 0.00258397932817 60.4857881137 10.4896640827 ;
79.1501639344 4.60655737705 3.0662295082 1.12524590164 0.977049180328 5.61901639344 0.533114754098 ;
64.2860109006 3.66545548923 2.57046457306 0.837529198028 0.919024137036 3.55411367765 0.234622372178 ;
50.5256057957 3.07169622783 1.80689482888 0.517361978516 0.68273794654 3.10716962278 0.178366225331 ;
57.1934032984 3.2223888056 5.20489755122 2.26986506747 0.0129935032484 34.251874063 5.09495252374 ;
78.4694976077 4.56937799043 2.98684210526 1.09031100478 0.977870813397 5.31519138756 0.483851674641 ;
52.1333333333 2.91893004115 3.42222222222 1.30411522634 0.11646090535 18.2489711934 2.35185185185 ;
58.7762237762 3.29230769231 7.86293706294 3.83636363636 0.0027972027972 61.6097902098 10.7412587413 ;
63.9483653347 3.64971458225 2.64841722885 0.862999481059 0.896730669434 4.01816294759 0.300467047224 ;
58.3004251299 3.26735947095 5.23287671233 2.28105810109 0.0165328294757 34.1469059991 5.08266414738 ;
50.6380321183 3.07315829722 1.77313280653 0.501401988274 0.687993882233 2.9061942391 0.15676777976 ;
57.828277635 3.25552699229 5.29820051414 2.30848329049 0.013881748072 34.9419023136 5.22622107969 ;
64.0597784076 3.64390620974 2.60190672507 0.848234990982 0.898995104355 3.82556042257 0.274671476424 ;
53.0830023828 2.96306592534 3.52025416998 1.34829229547 0.110802223987 18.9019062748 2.46346306593 ;
50.5675273088 3.06752730884 1.80461767627 0.520357497517 0.67676266137 3.15417080437 0.183714001986 ;
59.1551246537 3.30886426593 7.87534626039 3.83933518006 0.00277008310249 61.4556786704 10.703601108 ;
78.7204700062 4.60482374768 3.06184291899 1.12059369202 0.981447124304 5.55287569573 0.516388373531 ;
54.951316264 3.05517490083 3.86043995673 1.53083303282 0.0836639019113 21.8442120447 2.9444644789 ;
63.0624845029 3.59186709645 2.47805603769 0.807091495165 0.888420530622 3.58889164394 0.239275973221 ;
57.6620076239 3.27318932656 5.81130876747 2.55717916137 0.00889453621347 40.0044472681 6.17598475222 ;
77.9249033683 4.55715074544 3.15737161789 1.13307564881 0.979017117615 5.70127001657 0.542794036444 ;
49.8486793384 3.01407059985 1.88941002222 0.570229572945 0.618859540854 4.07380893607 0.308072080968 ;
59.5138592751 3.31130063966 8.4328358209 4.20042643923 0.00213219616205 67.4115138593 12.0575692964 ;
55.6507836991 3.11222570533 4.43605015674 1.82915360502 0.0354231974922 27.4529780564 3.89623824451 ;
60.39111998 3.46744824146 2.54203043153 0.810426540284 0.815664754303 4.40109753056 0.353205288102 ;
82.6599713056 5.08321377331 3.79340028694 1.41319942611 0.847919655667 10.0028694405 1.17216642755 ;
58.7587548638 3.29280155642 7.3686770428 3.55544747082 0.00291828793774 56.4854085603 9.62937743191 ;
48.8233870968 2.95725806452 1.89811827957 0.592204301075 0.55752688172 5.10241935484 0.45564516129 ;
72.1659409773 4.04837929366 2.68553459119 0.933720367683 0.996129656507 3.49298500242 0.232704402516 ;
58.8504263094 3.4053593179 2.3868453106 0.748112058465 0.82850182704 3.69646772229 0.253836784409 ;
58.2139605463 3.29742033384 6.13125948407 2.75569044006 0.00758725341426 43.4150227618 6.84294385432 ;
73.8140442133 4.24577373212 2.90377113134 1.02438231469 0.95156046814 4.85923276983 0.4255526658 ;
47.7765072765 2.92862092862 1.82224532225 0.556826056826 0.553707553708 4.70582120582 0.395356895357 ;
55.1943415291 3.06769956214 4.02627147188 1.6231054227 0.0582687773661 23.6507241495 3.24317952172 ;
59.7422969188 3.3081232493 8.82072829132 4.41736694678 0.00280112044818 70.9159663866 12.8767507003 ;
54.7015130674 3.11370930766 4.88720770289 2.1146263182 0.0119211370931 32.7157267309 4.8161393856 ;
48.4086687307 2.94821277793 1.95806360822 0.616380523501 0.542358570222 5.51196172249 0.506332676611 ;
60.4006292606 3.30361824856 3.99737808076 1.47246984793 0.163083377032 18.5186156266 2.42842160461 ;
75.6150610013 4.37484223812 2.86453512831 1.01640723601 1.00883466554 4.18721076988 0.320151451409 ;
60.3368638595 3.47145440455 2.27021441488 0.712477396022 0.889950917076 2.90596745027 0.147507104107 ;
59.1934306569 3.31265206813 7.70924574209 3.73844282238 0.0036496350365 59.6167883212 10.3053527981 ;
58.0256553263 3.27216954824 5.7367540435 2.51422197434 0.0100390407139 39.0094813162 5.99442275516 ;
65.6791192479 3.73206333498 2.58857001484 0.861207323107 0.908708560119 3.85873330035 0.276348342405 ;
81.2773788151 4.78456014363 3.23608617594 1.19569120287 0.979353680431 6.15439856373 0.61131059246 ;
51.0747451869 3.08471121178 1.88584371461 0.550849377123 0.688561721404 3.3114382786 0.202491506229 ;
53.9033482913 3.01622367967 3.6824301001 1.44874007594 0.0990680013807 20.3168795305 2.69589230238 ;
59.4022222222 3.30444444444 8.5 4.23777777778 0.00222222222222 67.9644444444 12.1933333333 ;
79.1782894737 4.60460526316 3.01381578947 1.11052631579 0.976973684211 5.48289473684 0.511842105263 ;
54.2465005121 3.03550699898 3.83134175487 1.52031410038 0.0874018436326 21.4977808126 2.8890406282 ;
50.2171358629 3.01713586291 1.79069767442 0.53023255814 0.627906976744 3.62839657283 0.247246022032 ;
59.1804511278 3.3007518797 8.64661654135 4.31578947368 0.00250626566416 69.5363408521 12.5288220551 ;
58.5523114355 3.29622871046 5.86618004866 2.59367396594 0.00790754257908 40.5705596107 6.30231143552 ;
63.9073536526 3.67077890663 2.65142718916 0.862119013062 0.916787614901 3.84446057088 0.272617319787 ;
59.4234629862 3.32559598494 5.70138017566 2.47804265997 0.0144291091593 37.8525721455 5.76976160602 ;
50.9133226324 3.06626920431 1.81655583582 0.535198349003 0.664067874341 3.37193304288 0.209355652373 ;
64.1906503003 3.67041002873 2.72969443719 0.896317576391 0.872812744842 4.55628101332 0.376599634369 ;
52.7211716722 2.95773081201 3.70485724879 1.48350018539 0.0760103819058 21.4230626622 2.8802373007 ;
78.5913520097 4.56151035323 3.01948842875 1.09196102314 1.0006090134 5.08830694275 0.449451887942 ;
58.9557823129 3.28571428571 8.09693877551 3.99149659864 0.00170068027211 64.3503401361 11.3588435374 ;
62.5236280488 3.57977642276 2.50660569106 0.811229674797 0.896595528455 3.58943089431 0.239583333333 ;
58.1906693712 3.28245436105 5.38894523327 2.34939148073 0.0141987829615 35.5212981744 5.33265720081 ;
49.7801238739 3.01463963964 1.73536036036 0.492961711712 0.651463963964 3.08868243243 0.177927927928 ;
59.0444785276 3.28834355828 7.95398773006 3.90644171779 0.00153374233129 62.9033742331 11.036809816 ;
77.0467749877 4.49532250123 3.08271787297 1.10684391925 0.961595273264 5.61349089119 0.52831117676 ;
52.8812305296 2.95210280374 3.53154205607 1.35708722741 0.110981308411 19.0412772586 2.48325545171 ;
53.430841459 2.98447092813 3.58577103648 1.39183820874 0.106897797039 19.4033947273 2.54423979776 ;
52.0894822666 3.1326946596 1.86424785976 0.549735018345 0.707908683245 3.1245413779 0.178964533225 ;
66.9832355407 3.81419390891 2.80245878737 0.929868678402 0.932942162615 4.2520257055 0.334450963956 ;
58.6251920123 3.28110599078 7.95238095238 3.90629800307 0.00153609831029 62.9262672811 11.0368663594 ;
58.3435616438 3.2904109589 5.48383561644 2.38301369863 0.013698630137 36.2493150685 5.46794520548 ;
82.126401631 4.79204892966 2.93883792049 1.10703363914 0.994903160041 5.1620795107 0.461773700306 ;
53.5459759482 3.18575393154 1.89916743756 0.552266419981 0.758371877891 2.70915818686 0.128769657724 ;
58.6785162287 3.28438948995 7.96599690881 3.91190108192 0.0015455950541 62.9860896445 11.0556414219 ;
49.5080645161 2.91218637993 4.63888888889 2.04480286738 0.0125448028674 32.2688172043 4.73476702509 ;
53.3807189542 2.98406862745 3.3329248366 1.24550653595 0.142565359477 16.6617647059 2.09722222222 ;
72.0079957356 4.15485074627 2.92030916844 1.00852878465 0.963486140725 4.67617270789 0.391524520256 ;
63.261355175 3.45346239762 5.55547282204 2.40208488459 0.02382725242 34.7870439315 5.2129560685 ;
74.9291072768 4.34208552138 3.05288822206 1.06826706677 0.989872468117 4.92273068267 0.430607651913 ;
56.2478959449 3.12012241775 4.0986993114 1.64345830145 0.0585309869931 23.6721499617 3.24445294568 ;
48.1364885496 2.92885496183 2.01404580153 0.634809160305 0.537709923664 5.65160305344 0.52641221374 ;
59.7402597403 3.30909090909 8.69090909091 4.36623376623 0.0025974025974 69.9402597403 12.6623376623 ;
59.7113473538 3.4275479547 2.2549110238 0.716893921886 0.819274324012 3.51421308066 0.232262537555 ;
57.2236842105 3.2527700831 5.97022160665 2.66689750693 0.00761772853186 42.1149584488 6.58171745152 ;
78.8914141414 4.60037878788 3.0827020202 1.12626262626 0.984848484848 5.58901515152 0.52398989899 ;
50.46217547 3.04744852283 1.91495076097 0.581915846016 0.626678603402 4.13965980304 0.319382273948 ;
54.4916724497 3.03539208883 3.96981263012 1.60513532269 0.0610687022901 23.4448299792 3.20645385149 ;
64.0491559086 3.64622641509 2.63853028798 0.861221449851 0.884061569017 4.12065541212 0.316534260179 ;
58.7718658892 3.3112244898 6.10641399417 2.71793002915 0.00874635568513 42.6071428571 6.68221574344 ;
59.2652519894 3.3023872679 8.71883289125 4.37400530504 0.0026525198939 70.2572944297 12.7214854111 ;
50.5266682612 3.05692418082 1.83472853384 0.540779717771 0.657498206171 3.48911743602 0.224587419278 ;
58.2448156682 3.28168202765 5.72523041475 2.5034562212 0.0103686635945 38.7217741935 5.93260368664 ;
78.5304033715 4.60385310054 3.05057194461 1.11800120409 0.972907886815 5.64659843468 0.531607465382 ;
63.9461558374 3.63008024851 2.61532487704 0.850893088273 0.900854258348 3.81542842351 0.273103805333 ;
59.2749490835 3.30346232179 8.36863543788 4.15885947047 0.0020366598778 66.8065173116 11.9226069246 ;
53.7999280317 3.00683699172 3.70061173084 1.46239654552 0.0885210507377 20.7736595898 2.77329974811 ;
52.9203669725 2.96403669725 3.60697247706 1.42568807339 0.0895412844037 20.3060550459 2.69064220183 ;
80.0126488095 4.66294642857 3.07217261905 1.13913690476 0.962797619048 5.69642857143 0.543154761905 ;
58.7854363535 3.30183435242 5.63646470261 2.45636464703 0.0127848804892 37.6014452474 5.72540300167 ;
51.4728378966 3.09191655802 1.84724033029 0.541503694046 0.687744458931 3.20599739244 0.189482833551 ;
58.8756957328 3.28014842301 8.22634508349 4.07421150278 0.00185528756957 65.5417439703 11.6382189239 ;
65.4592112372 3.73987034036 2.73905996759 0.900594273366 0.913830361967 4.25256618044 0.332252836305 ;
48.8699797746 2.97659635943 1.85639988443 0.558509101416 0.602138110373 4.18520658769 0.325339497255 ;
57.0487540628 3.23185265439 5.46695557963 2.40303358613 0.00758396533044 37.2833152763 5.65492957746 ;
55.4882556796 3.08740854832 3.79938390451 1.45937620331 0.110897189064 20.0662302657 2.65960723912 ;
61.3050125313 3.50927318296 2.32531328321 0.743107769424 0.878696741855 3.19598997494 0.181954887218 ;
59.3708260105 3.30755711775 8.16520210896 4.02811950791 0.00175746924429 64.7873462214 11.460456942 ;
76.2895907473 4.42882562278 3.05382562278 1.08585409253 0.986209964413 5.08051601423 0.452846975089 ;
49.4626470588 3.02088235294 1.76911764706 0.504117647059 0.656764705882 3.18588235294 0.187941176471 ;
57.8689586447 3.25361235675 5.27154957648 2.29795714998 0.0149476831091 34.6233183857 5.16691579472 ;
76.5922330097 4.44290337494 3.00601017106 1.08136846972 0.952380952381 5.38973647712 0.499768839575 ;
58.9325997249 3.30398899587 7.85419532325 3.83081155433 0.00275103163686 61.3727647868 10.6850068776 ;
53.1162696811 2.96366572467 3.50867985466 1.33387161889 0.115462252725 18.6544206702 2.42470730723 ;
61.9872999746 3.54889509779 2.45745491491 0.788163576327 0.888747777496 3.46837693675 0.221742443485 ;
52.0310859911 2.91764230925 3.42874444893 1.30480419863 0.115462252725 18.2398062172 2.35405732741 ;
57.302247191 3.25280898876 6.65842696629 3.11685393258 0.00449438202247 49.3146067416 8.04157303371 ;
71.4889613648 4.10988459609 2.87205218264 0.991219267436 0.948569994982 4.65830406422 0.391871550426 ;
53.2062697088 3.17844555741 1.93470599147 0.568725653868 0.741791875348 2.97032090521 0.159339640141 ;
60.1803278689 3.31147540984 9.23360655738 4.70491803279 0.0 75.9221311475 14.0081967213 ;
59.2501450958 3.29599535694 5.00464306442 2.13929193268 0.0232153221126 31.5049332559 4.59082994777 ;
53.6127625842 2.99365834324 3.49385652002 1.32263178755 0.120887831946 18.3083630598 2.37098692033 ;
59.4985119048 3.3125 7.94494047619 3.88988095238 0.0014880952381 62.4285714286 10.9270833333 ;
57.3783396947 3.23664122137 5.29437022901 2.31345419847 0.0143129770992 34.9150763359 5.21994274809 ;
62.4861265261 3.57491675916 2.48695893452 0.798557158713 0.912874583796 3.35849056604 0.204217536071 ;
49.9316262599 3.03595750477 1.77308635249 0.507218741487 0.6624897848 3.16126396077 0.185235630618 ;
76.6573426573 4.44475524476 3.00699300699 1.08018648019 0.956643356643 5.32587412587 0.491841491841 ;
61.056187291 3.37123745819 5.51839464883 2.3779264214 0.01872909699 35.6006688963 5.34849498328 ;
51.4711682744 3.08445873526 1.85144694534 0.549624866024 0.674383708467 3.34105037513 0.206430868167 ;
57.5697674419 3.26873385013 7.72222222222 3.76356589147 0.00387596899225 60.3811369509 10.476744186 ;
65.0342298289 3.72099972833 2.82341754958 0.923933713665 0.889703884814 4.70116816083 0.39608801956 ;
79.3467302452 4.61920980926 2.97002724796 1.09059945504 0.99795640327 4.98841961853 0.434604904632 ;
51.9859208524 2.92579908676 3.63622526636 1.45471841705 0.0734398782344 21.4181887367 2.88165905632 ;
83.2014388489 4.94604316547 3.051558753 1.15827338129 0.967625899281 6.05395683453 0.593525179856 ;
55.6311655671 3.10430411561 4.342444235 1.7712849513 0.0408419729815 26.4150172793 3.71473452718 ;
58.8429541596 3.30050933786 7.18760611205 3.44651952462 0.00339558573854 54.4983022071 9.20628183362 ;
48.5807648402 2.95234018265 1.95976027397 0.614440639269 0.551084474886 5.24457762557 0.472888127854 ;
59.2719101124 3.40337078652 2.29803370787 0.722191011236 0.82106741573 3.63117977528 0.25 ;
69.9127243067 3.98491027732 2.97349102773 1.00693311582 0.944127243067 4.82381729201 0.418433931485 ;
48.8578635015 2.97744807122 1.79940652819 0.537982195846 0.59881305638 4.01424332344 0.3 ;
58.6656091371 3.30012690355 5.92005076142 2.62182741117 0.00824873096447 41.057106599 6.38959390863 ;
75.4513556619 4.37759170654 3.04944178628 1.08333333333 0.962918660287 5.24960127592 0.475279106858 ;
54.3761276891 3.03955586398 3.87820957668 1.54580152672 0.0801526717557 22.0582928522 2.9840388619 ;
59.076142132 3.29695431472 8.65989847716 4.32741116751 0.00253807106599 69.6954314721 12.576142132 ;
60.8173825672 3.47977895001 2.39688520472 0.762371263502 0.862094951017 3.52348656117 0.228334589299 ;
53.7077039275 3.19675226586 1.87594410876 0.540219033233 0.771336858006 2.54210725076 0.104418429003 ;
60.2175732218 3.36820083682 6.08786610879 2.73138075314 0.00669456066946 42.4945606695 6.65774058577 ;
72.1463414634 4.15331010453 2.93245778612 1.0147413562 0.955775931386 4.80380595015 0.414366121683 ;
54.8368644068 3.07891949153 4.42584745763 1.88347457627 0.0264830508475 27.7658898305 3.92690677966 ;
59.0162790698 3.28837209302 8.57441860465 4.26511627907 0.00232558139535 68.5581395349 12.3302325581 ;
52.4914785813 2.97005988024 3.21464762782 1.17733763243 0.184246890834 14.9193919853 1.82680792262 ;
52.8261842596 2.96717642671 3.66654233495 1.46512495338 0.0738530399105 21.3338306602 2.87019768743 ;
64.8994098024 3.69515011547 2.67847061842 0.877598152425 0.890941750064 4.2281241981 0.33025404157 ;
58.6314878893 3.276816609 8.1107266436 4.00519031142 0.00173010380623 64.5743944637 11.4204152249 ;
51.0652173913 3.07475598935 1.90039929015 0.564995563443 0.670141969831 3.5230700976 0.228039041704 ;
59.5990249848 3.33089579525 5.67946374162 2.47105423522 0.0152346130408 37.6879951249 5.73674588665 ;
79.6650071124 4.6586059744 3.07965860597 1.13229018492 0.990753911807 5.50071123755 0.50640113798 ;
49.4174463401 3.00357732526 1.79554210237 0.537424325812 0.615024766098 3.81507980187 0.269675288938 ;
59.5662100457 3.30821917808 8.49315068493 4.24429223744 0.00228310502283 68.3105022831 12.2808219178 ;
54.1500706215 3.02577683616 3.80826271186 1.51483050847 0.0805084745763 21.6733757062 2.91843220339 ;
61.6081992735 3.53243383498 2.55500778412 0.810586403736 0.88920601972 3.66424494032 0.246237675143 ;
76.0325481799 4.38843683084 2.9391862955 1.0608137045 0.944753747323 5.23426124197 0.48051391863 ;
58.369592089 3.29542645241 5.83003708282 2.5673671199 0.00803461063041 40.1433868974 6.2064276885 ;
62.8906411582 3.59332988625 2.5069803516 0.808686659772 0.905118924509 3.45139607032 0.219751809721 ;
57.1636452719 3.22390984811 5.26800587947 2.29838314552 0.0117589416952 34.7795198432 5.1969622734 ;
53.6143514965 2.99923254029 3.46201074444 1.31696085955 0.125863392172 18.1055257099 2.33346124328 ;
77.515641293 4.51772679875 3.10323253389 1.11522419187 0.978623566215 5.53962460897 0.520333680918 ;
59.3644067797 3.31497175141 7.85169491525 3.84322033898 0.00141242937853 61.7132768362 10.7556497175 ;
49.8840336134 3.03053221289 1.73417366947 0.489075630252 0.666386554622 2.9756302521 0.164145658263 ;
71.9818473038 4.14842498665 2.92151628404 1.00694073679 0.954351308062 4.73625200214 0.402829684997 ;
61.2256944444 3.35763888889 4.8755787037 2.03472222222 0.0381944444444 29.21875 4.21354166667 ;
53.7108475159 3.19030428056 1.98848203541 0.59480832044 0.733367715317 3.24806601341 0.193742478941 ;
57.1033464567 3.25098425197 6.58956692913 3.07874015748 0.00393700787402 48.8277559055 7.92716535433 ;
60.3427230047 3.32863849765 9.44600938967 4.83568075117 0.0 77.7183098592 14.4694835681 ;
50.065723414 2.83614787768 3.43678685532 1.34687357371 0.0908261068005 19.703331812 2.59424920128 ;
52.3031451307 2.95680181887 3.95035998484 1.59643804471 0.0526714664646 24.3971201213 3.37097385373 ;
61.0711287313 3.51189365672 2.53008395522 0.805503731343 0.862173507463 3.88829291045 0.280083955224 ;
76.3081936685 4.41480446927 2.80772811918 1.00558659218 1.00325884544 4.15921787709 0.318901303538 ;
57.9193415638 3.27654320988 7.10617283951 3.39259259259 0.00329218106996 53.9769547325 9.09465020576 ;
48.8545613524 2.9740600408 1.80238997377 0.545613523754 0.587292334596 4.20577091227 0.32993296415 ;
67.3121212121 3.63232323232 5.10101010101 2.05656565657 0.10101010101 26.7232323232 3.81111111111 ;
58.4684596577 3.28948655257 5.38679706601 2.3511002445 0.0156479217604 35.4166259169 5.3173594132 ;
62.0128331688 3.5473840079 2.49605133268 0.802566633761 0.873642645607 3.75493583416 0.262586377098 ;
58.984 3.2832 8.0144 3.9408 0.0016 63.4992 11.1728 ;
52.2838110618 2.92652402099 3.47840129189 1.34477190149 0.101332256762 19.0682276948 2.48486071861 ;
76.6161710037 4.4437732342 3.01068773234 1.0813197026 0.953996282528 5.37732342007 0.497676579926 ;
49.5083333333 3.02410714286 1.76755952381 0.49880952381 0.664583333333 3.07321428571 0.175595238095 ;
48.5267501423 2.94166192373 2.01707455891 0.630335799659 0.55093910074 5.45418326693 0.503984063745 ;
51.1442055585 2.95752490823 4.37598321972 1.83848977451 0.0146827477714 29.2438384898 4.19769271106 ;
63.5388440025 3.4344313238 4.62274704786 1.8234928527 0.0969546302051 24.2914853947 3.3890615289 ;
74.8095963442 4.32711348058 2.91507996954 1.02132520944 1.01218583397 4.26389946687 0.333206397563 ;
58.8753830439 3.29009193054 7.42900919305 3.5975485189 0.00306435137896 57.1481103166 9.77119509704 ;
59.8783120707 3.44430814524 2.29980372915 0.735525024534 0.816732090285 3.75245338567 0.261776251227 ;
53.8053159655 3.19978876958 1.96479493047 0.582291850026 0.751804259813 2.99947192396 0.162295370533 ;
64.0067980965 3.49558123725 4.31815091774 1.66757307954 0.145479265806 20.8878314072 2.81305234534 ;
72.4727219109 4.17723385432 2.80359775877 0.965791801828 1.00766735476 3.83043350044 0.273075788853 ;
49.3469689502 2.80581567275 3.31394775752 1.31345490389 0.0965993100049 18.911286348 2.45588960079 ;
59.7225548902 3.31536926148 8.34730538922 4.14570858283 0.00199600798403 66.502994012 11.8463073852 ;
56.6660561661 3.22771672772 5.64468864469 2.49023199023 0.00671550671551 39.0811965812 6.00305250305 ;
78.5240963855 4.56746987952 2.98915662651 1.09036144578 0.980722891566 5.26987951807 0.478915662651 ;
50.5140186916 3.04946432642 1.89537269204 0.571689081377 0.634146341463 3.94780031912 0.290175518578 ;
58.6863468635 3.27675276753 8.21217712177 4.06642066421 0.00184501845018 65.4575645756 11.6199261993 ;
53.4463087248 2.98918717375 3.81133482476 1.53803131991 0.0645041014169 22.5648769575 3.06413124534 ;
59.7236931432 3.34487440597 5.83570943652 2.54582484725 0.0128988458927 39.1072640869 6.00135777325 ;
63.86765818 3.6415427275 2.67885051676 0.872195613814 0.884043357701 4.23241744391 0.330980589866 ;
59.3984464902 3.37830840046 2.09838895282 0.661104718067 0.82249712313 3.04602991945 0.168584579977 ;
59.0161839864 3.3066439523 7.18994889267 3.4471890971 0.00255536626917 54.5264054514 9.21720613288 ;
48.6876567289 2.95709111173 2.00835887434 0.632488158261 0.5477848983 5.4653106715 0.502925606018 ;
81.9628514056 4.75 2.70281124498 1.03413654618 1.00702811245 4.43574297189 0.359437751004 ;
55.4310288867 3.09542356378 4.35800064914 1.78513469653 0.0373255436547 26.7458617332 3.76955533918 ;
69.114822547 4.01670146138 3.3866388309 1.13235908142 0.903549060543 6.43841336117 0.648434237996 ;
58.3866587957 3.28689492326 5.6186540732 2.44746162928 0.0112160566706 37.6056670602 5.72314049587 ;
59.1581462016 3.39464882943 2.21500238892 0.693024366937 0.83110367893 3.17510750119 0.181557572862 ;
47.8628121793 2.94218268902 1.95278823127 0.609647622306 0.554909339719 5.08929182347 0.442353746151 ;
74.2957697642 4.30131761442 3.01525658807 1.05582524272 0.969140083218 5.02427184466 0.449029126214 ;
59.2881355932 3.29661016949 8.12033898305 3.99322033898 0.00169491525424 64.2881355932 11.3508474576 ;
54.5386195563 3.03944124897 3.77485620378 1.49013968776 0.0797041906327 21.433032046 2.87469186524 ;
50.5558897243 3.06466165414 1.78822055138 0.514786967419 0.675438596491 3.10025062657 0.178446115288 ;
58.0234574197 3.26007139215 5.26619071902 2.29423763386 0.0147883732789 34.592554819 5.15859255482 ;
63.9424385139 3.63474620617 2.55206698064 0.834641548927 0.899790685505 3.72187336473 0.259026687598 ;
58.8510067114 3.30067114094 7.82147651007 3.80939597315 0.00268456375839 61.0308724832 10.6147651007 ;
78.4631956912 4.60023937762 3.15140634351 1.13704368642 0.989826451227 5.61759425494 0.526032315978 ;
52.9722442506 2.96074544013 3.51467089611 1.33862014274 0.115384615385 18.7045995242 2.4314036479 ;
62.9621353197 3.43016759777 5.3774053383 2.29298572315 0.0360024829299 33.0328988206 4.913097455 ;
75.0900309119 4.34080370943 3.00656877898 1.05564142195 0.972952086553 4.9142194745 0.426970633694 ;
48.9838709677 2.95698924731 2.12768817204 0.679838709677 0.524193548387 6.17284946237 0.596505376344 ;
60.2647127784 3.4611957796 2.32121922626 0.735521688159 0.828604923798 3.71793669402 0.265416178195 ;
58.3695976155 3.28166915052 7.89865871833 3.87779433681 0.00149031296572 62.479880775 10.9388971684 ;
50.7877155172 2.91056034483 4.10237068966 1.70420258621 0.026400862069 26.8216594828 3.78556034483 ;
71.1033547114 4.07844104588 2.7733103108 0.953626048347 0.976319684262 4.00740009867 0.297977306364 ;
57.7130857648 3.19009725906 3.75596816976 1.40406719717 0.148541114058 18.2458001768 2.37179487179 ;
52.4219143577 3.01007556675 4.52329974811 1.92632241814 0.0132241813602 30.1215365239 4.32619647355 ;
52.2592729286 3.12843698099 1.94759180661 0.587562280864 0.698837423879 3.55397674848 0.237128621517 ;
60.1902390438 3.36155378486 6.33366533865 2.8874501992 0.00697211155378 44.780876494 7.12151394422 ;
59.3020833333 3.30208333333 8.69270833333 4.35677083333 0.00260416666667 70.0234375 12.6536458333 ;
59.2242073478 3.40060392552 2.19099144439 0.68973326623 0.823100150981 3.24937091092 0.19275289381 ;
58.5341530055 3.30191256831 5.87158469945 2.58401639344 0.00819672131148 40.4979508197 6.27049180328 ;
74.0157190635 4.28829431438 3.04080267559 1.06321070234 0.972575250836 5.04515050167 0.448160535117 ;
54.9527100764 3.05783921426 3.9443433976 1.57366315024 0.0723899599854 22.5947617315 3.06620589305 ;
48.0666884603 2.93886891141 1.94475318732 0.601503759398 0.561948349134 4.94181104936 0.42759071592 ;
58.9115789474 3.28421052632 8.39157894737 4.18526315789 0.00210526315789 67.2463157895 12.0294736842 ;
52.7209219225 3.13167768447 1.9585492228 0.592817580847 0.688404502412 3.59692692514 0.238163301769 ;
58.2306049822 3.28540925267 6.09323843416 2.73024911032 0.00711743772242 43.0441281139 6.7743772242 ;
51.2261200338 2.90363482671 3.70921386306 1.5122569738 0.0540997464074 22.9289940828 3.12637362637 ;
66.1596505163 3.64654487689 4.53613979349 1.68864177919 0.221604447975 19.312152502 2.58141382049 ;
59.45 3.31470588235 8.90588235294 4.46470588235 0.00294117647059 71.5794117647 13.0176470588 ;
71.2713675214 4.11164529915 2.70699786325 0.929754273504 1.02537393162 3.45860042735 0.217147435897 ;
53.6382438316 2.99673439768 3.66255442671 1.45137880987 0.0888969521045 20.7220609579 2.76669085631 ;
52.0506603588 3.12517248177 1.94382022472 0.579341612458 0.700177409817 3.393652671 0.210132071752 ;
82.7572706935 4.8836689038 3.04362416107 1.14988814318 0.979865771812 5.73601789709 0.544742729306 ;
58.9618874773 3.28493647913 8.1941923775 4.05263157895 0.00181488203267 65.2450090744 11.5680580762 ;
67.1533529255 3.81244990649 2.76890195031 0.925995191023 0.913171253006 4.39780924392 0.35639861074 ;
58.2845336482 3.28630460449 5.67768595041 2.47402597403 0.0106257378985 38.1310507674 5.81523022432 ;
51.2338214454 3.09305621162 1.81294284365 0.517477562589 0.700047236656 2.910014171 0.15824279641 ;
58.7724550898 3.28443113772 7.90718562874 3.88323353293 0.00149700598802 62.5733532934 10.9505988024 ;
80.0525131283 4.69392348087 3.13353338335 1.15903975994 0.974493623406 5.87546886722 0.570142535634 ;
58.0852165725 3.26082862524 5.29331450094 2.31026365348 0.0155367231638 34.6718455744 5.17702448211 ;
65.1785622921 3.71501662829 2.66641084676 0.875927347148 0.904067536454 4.13149143003 0.314146840624 ;
52.1457224724 2.91895210806 3.42693409742 1.30822758903 0.114203847728 18.3029062628 2.36103151862 ;
58.7211267606 3.29014084507 7.87746478873 3.84507042254 0.00281690140845 61.7056338028 10.7647887324 ;
53.3761959434 2.99158055874 3.49674703406 1.31572904707 0.137007271336 17.9690011481 2.31190202832 ;
78.9768934531 4.6026957638 3.10590500642 1.13093709884 0.982028241335 5.62451861361 0.53080872914 ;
64.1874838376 3.6640806827 2.54848719938 0.834755624515 0.910783553142 3.61779156969 0.245151280062 ;
57.7342995169 3.24589371981 5.25120772947 2.29565217391 0.0135265700483 34.5710144928 5.15458937198 ;
50.4775237606 3.06036475726 1.76701772412 0.500128435654 0.685846390958 2.92319547906 0.156177754945 ;
58.3679599499 3.29349186483 5.81351689612 2.55944931164 0.0081351689612 40.076971214 6.19461827284 ;
50.5347693749 3.05549051744 1.8670100679 0.554671037228 0.651369702646 3.66612034652 0.248887848279 ;
53.981318294 3.01762425097 3.81600281988 1.52062037363 0.0796616143814 21.6788861473 2.91892844554 ;
78.5260635111 4.57519472738 3.0209706411 1.10365488316 0.979628520072 5.43019772319 0.503295386459 ;
63.9217704581 3.63587236233 2.6289243438 0.858208955224 0.888574369532 4.01646937725 0.300308800823 ;
59.4022222222 3.30444444444 8.5 4.23777777778 0.00222222222222 67.9644444444 12.1933333333 ;
76.354561879 4.43495934959 3.05781391147 1.09033423668 0.956639566396 5.43270099368 0.5027100271 ;
52.3576211107 2.94446632532 3.71051595116 1.4773532887 0.073651043718 21.6262307995 2.91453328082 ;
49.2986270023 2.97311212815 1.772597254 0.526315789474 0.599828375286 3.75314645309 0.262871853547 ;
58.2169059011 3.25996810207 7.96650717703 3.9298245614 0.00159489633174 63.4146730463 11.1499202552 ;
60.3264812576 3.36215235792 5.62212817412 2.43530834341 0.0187424425635 36.6711003628 5.55199516324 ;
61.6663477637 3.54747668022 2.50920832337 0.803635493901 0.879215498685 3.82348720402 0.270509447501 ;
65.369132856 3.56404136834 4.5584725537 1.7661097852 0.150357995227 21.8544152745 2.98408910103 ;
53.7922541192 3.20027178529 2.00679463224 0.600985221675 0.741464243248 3.23424494649 0.190759300153 ;
59.6398104265 3.30568720379 8.55924170616 4.27962085308 0.00236966824645 68.7819905213 12.3957345972 ;
50.3979148566 2.85056472632 3.45264986968 1.38488271069 0.0742832319722 20.4296264118 2.70764552563 ;
57.0950775455 3.24342548887 5.90155091032 2.61564396494 0.00674308833446 41.1604855024 6.39784221173 ;
72.5422619048 4.17827380952 2.77291666667 0.960119047619 1.00416666667 3.825 0.271130952381 ;
49.4023612751 2.97567886659 1.99929161747 0.626918536009 0.561983471074 5.37119244392 0.489728453365 ;
60.8233738763 3.31147540984 4.21047065045 1.62136435748 0.102591221576 21.8751983078 2.97038603913 ;
59.8377659574 3.32446808511 7.84840425532 3.8085106383 0.00265957446809 60.7553191489 10.5558510638 ;
77.3042121685 4.51222048882 2.95995839834 1.0603224129 1.01924076963 4.59750390016 0.3749349974 ;
62.2218362283 3.55459057072 2.44019851117 0.786104218362 0.881637717122 3.49305210918 0.225310173697 ;
53.0840425532 3.06382978723 4.95531914894 2.16223404255 0.011170212766 33.9042553191 5.0420212766 ;
62.3163618389 3.55610479486 2.44364804745 0.786208601087 0.886554621849 3.43302026693 0.220958971824 ;
58.8532110092 3.30406290957 7.79161205767 3.79161205767 0.00262123197903 60.6985583224 10.5360419397 ;
57.7673104098 3.24163918983 5.1728685822 2.25294394724 0.016486104569 33.7583608102 5.00753650495 ;
49.4643071386 3.02309538092 1.76184763047 0.494601079784 0.667666466707 3.01949610078 0.168866226755 ;
77.1328358209 4.50149253731 3.05373134328 1.09751243781 0.969154228856 5.46517412935 0.504975124378 ;
52.901026694 2.96016427105 3.42792607803 1.29158110883 0.128131416838 17.8788501027 2.2977412731 ;
50.1828459081 3.01892356844 1.81518800688 0.53600393217 0.629147210617 3.67510444827 0.252641926763 ;
58.5764781491 3.30077120823 5.87982005141 2.59447300771 0.00835475578406 40.5957583548 6.28920308483 ;
53.969622905 3.01850558659 3.83414804469 1.53561452514 0.0729748603352 22.0111731844 2.97695530726 ;
63.1144979508 3.62141393443 2.62269467213 0.854508196721 0.891137295082 4.03176229508 0.297131147541 ;
59.4348837209 3.3 8.53023255814 4.26046511628 0.00232558139535 68.5534883721 12.3418604651 ;
77.6366525424 4.50423728814 3.04555084746 1.09798728814 0.978813559322 5.33898305085 0.492584745763 ;
64.0962025316 3.64708860759 2.60151898734 0.849873417722 0.897974683544 3.85493670886 0.27746835443 ;
57.7363515313 3.27563249001 5.85019973369 2.57656458056 0.008655126498 40.3322237017 6.23834886818 ;
55.0668604651 3.06504360465 3.90988372093 1.5570494186 0.077761627907 22.3455668605 3.02216569767 ;
50.4244186047 3.04405187835 1.91793381038 0.583407871199 0.62656529517 4.15563506261 0.321556350626 ;
79.0006410256 4.60448717949 3.0641025641 1.12051282051 0.982692307692 5.53397435897 0.516025641026 ;
59.4926315789 3.30315789474 8.40631578947 4.18526315789 0.00210526315789 67.2442105263 12.0231578947 ;
58.4335499114 3.28352037803 5.71293561725 2.51033668045 0.0076786769049 39.2356763142 6.03603071471 ;
51.1175819309 3.07218777679 1.86271036315 0.552480070859 0.668511957484 3.44929140833 0.220327723649 ;
65.1109399076 3.70775552131 2.68258859784 0.88238315357 0.89907550077 4.23574730354 0.329994863893 ;
59.1127659574 3.30212765957 8.42978723404 4.20212765957 0.00212765957447 67.3957446809 12.0574468085 ;
53.5656384505 3.00394548063 3.77510760402 1.49426111908 0.0882352941176 21.0961262554 2.82424677188 ;
80.0007407407 4.68740740741 3.07851851852 1.13703703704 0.985185185185 5.53333333333 0.516296296296 ;
59.0656934307 3.30937675463 5.55923638405 2.41100505334 0.0162829870859 36.4823133071 5.52049410444 ;
51.5161007667 3.09704271632 1.8595837897 0.539978094195 0.698138006572 3.12836801752 0.182037239869 ;
80.2465331279 4.68181818182 3.01617873652 1.12018489985 0.977657935285 5.35901386749 0.491525423729 ;
58.8133971292 3.28070175439 7.99840510367 3.93779904306 0.00159489633174 63.4577352472 11.1610845295 ;
52.4199849737 2.94440270473 3.55785123967 1.40646130729 0.0867768595041 20.1337340346 2.65740045079 ;
65.5100582319 3.73795659079 2.74801482266 0.90815246162 0.898094229751 4.4634727369 0.361037586024 ;
79.1146037983 4.60510805501 3.01309757695 1.10609037328 0.983628028815 5.39423706614 0.494433529797 ;
51.7919463087 2.90058724832 3.3716442953 1.29530201342 0.106124161074 18.3401845638 2.36744966443 ;
58.8010973937 3.30041152263 7.84499314129 3.8244170096 0.00274348422497 61.3388203018 10.6776406036 ;
64.4246610386 3.68431823996 2.72115630596 0.88897416219 0.898951138399 4.23100537222 0.326682015861 ;
58.3368171021 3.26365795724 5.23610451306 2.27743467933 0.0194774346793 34.0213776722 5.06080760095 ;
50.9393640621 3.08134089228 1.76386492482 0.498644318462 0.689672171555 2.86640374661 0.153808232684 ;
49.0929844098 2.96965478842 1.77672605791 0.533129175947 0.588530066815 4.07572383073 0.315423162584 ;
59.6697892272 3.30913348946 8.54098360656 4.26932084309 0.00234192037471 68.6299765808 12.3512880562 ;
76.2017467249 4.39213973799 2.93930131004 1.06026200873 0.955458515284 5.10524017467 0.460698689956 ;
61.3447300165 3.53690167413 2.61919358642 0.840132044329 0.855694411695 4.30252298986 0.336241452488 ;
58.379906853 3.30139720559 5.9620758483 2.62608117099 0.00931470392548 40.9880239521 6.36726546906 ;
54.2554552295 3.01956358164 3.89164785553 1.57298720843 0.0617005267118 22.938675696 3.11474793078 ;
53.9035230352 3.20162601626 1.93134598013 0.567479674797 0.754652213189 2.88401084011 0.146160794941 ;
59.6691529036 3.27330847096 4.4326052211 1.79808204582 0.0692594565796 24.8082045818 3.44965370272 ;
72.1201962388 4.15562823658 2.88770782229 0.997274461706 0.965658217498 4.53011719815 0.373398746252 ;
58.9598997494 3.28822055138 8.67919799499 4.32581453634 0.00250626566416 69.5238095238 12.5363408521 ;
48.7996777658 2.8045112782 3.15628356606 1.22234156821 0.133190118153 16.9607948443 2.14822771214 ;
57.7706355004 3.27246165084 6.01022644266 2.6880934989 0.00803506208912 42.3586559533 6.63330898466 ;
53.0905976399 2.97601827179 3.75751808146 1.50932622764 0.0677578987438 22.039969547 2.97525694709 ;
59.1099706745 3.40664711632 2.33651026393 0.743646138807 0.815493646139 3.80009775171 0.267595307918 ;
59.4175548589 3.32664576803 5.77931034483 2.52664576803 0.0112852664577 38.8952978056 5.96927899687 ;
73.7667421546 4.26852151407 3.0640569395 1.07149789712 0.959236493044 5.27272727273 0.482044645746 ;
58.7223300971 3.27572815534 8.27572815534 4.1067961165 0.00194174757282 66.1533980583 11.7708737864 ;
48.0361877463 2.93120745253 1.71623074167 0.498745969187 0.577212468649 3.79971336439 0.269795772125 ;
76.6462395543 4.44196843083 3.00557103064 1.08310120706 0.950324976787 5.41968430826 0.506499535747 ;
61.9659119184 3.5454093058 2.49489922866 0.799701418263 0.883055486439 3.63299328191 0.243344115452 ;
58.4955357143 3.30293367347 5.76339285714 2.51785714286 0.00892857142857 39.1345663265 6.01084183673 ;
54.005643739 3.02363315697 3.79823633157 1.50723104056 0.0846560846561 21.4366843034 2.87795414462 ;
59.1638095238 3.2780952381 8.25333333333 4.09714285714 0.00190476190476 65.9028571429 11.7219047619 ;
49.4229916898 3.00193905817 1.80997229917 0.536842105263 0.625761772853 3.72548476454 0.257617728532 ;
52.662347561 2.94359756098 3.55182926829 1.39176829268 0.0948932926829 19.7237042683 2.59413109756 ;
80.4984025559 4.72124600639 3.09025559105 1.14536741214 0.981629392971 5.62699680511 0.529552715655 ;
58.4489473684 3.29315789474 5.53263157895 2.41210526316 0.0147368421053 36.66 5.54578947368 ;
51.3852166146 3.08619919607 1.82536846807 0.530147387226 0.686243858866 3.11947297901 0.182224207235 ;
65.5127610209 3.74091260634 2.73111626708 0.90152101057 0.910028357824 4.30729569477 0.33900489817 ;
59.1557093426 3.29238754325 8.1384083045 4.00865051903 0.00173010380623 64.5813148789 11.4169550173 ;
62.7580240722 3.58299899699 2.54413239719 0.824974924774 0.875125376128 3.91624874624 0.286359077232 ;
58.3940909091 3.24909090909 4.95727272727 2.12454545455 0.0236363636364 31.4622727273 4.59954545455 ;
51.0483870968 2.89216589862 3.31290322581 1.24838709677 0.129032258065 17.3419354839 2.20092165899 ;
58.4425531915 3.29255319149 7.49468085106 3.63404255319 0.0031914893617 57.7670212766 9.89893617021 ;
77.3102918587 4.5069124424 3.04813108039 1.09318996416 0.982078853047 5.25960061444 0.47567844342 ;
49.9994219653 3.03930635838 1.71502890173 0.471965317919 0.684104046243 2.72225433526 0.134682080925 ;
63.4396660764 3.61750569188 2.69440930939 0.873766759423 0.876043511257 4.32431065014 0.343030609664 ;
58.4368353892 3.26031475968 5.10506167588 2.21352615908 0.0212675457252 32.8949383241 4.86643981285 ;
50.5827318899 3.0628174285 1.69500133654 0.472600908848 0.686180165731 2.70622828121 0.132852178562 ;
58.6818181818 3.29476584022 7.84435261708 3.82369146006 0.00275482093664 61.3980716253 10.6928374656 ;
77.9338521401 4.54919399666 3.00833796554 1.09282934964 0.986659255142 5.27181767649 0.474708171206 ;
50.5576833255 2.86174684727 3.30312937879 1.25595516114 0.118169079869 17.6767865483 2.25408687529 ;
77.0058536585 4.49317073171 3.07463414634 1.1043902439 0.971219512195 5.51268292683 0.513170731707 ;
49.9919137466 3.0371967655 1.80161725067 0.516442048518 0.666576819407 3.21105121294 0.190835579515 ;
57.8527253669 3.26991614256 5.45492662474 2.3820754717 0.0115303983229 36.3249475891 5.48165618449 ;
59.4243902439 3.29918699187 8.05853658537 3.9593495935 0.00162601626016 63.6943089431 11.2130081301 ;
53.3154311649 2.97541603631 3.58055975794 1.38502269289 0.107791225416 19.3706505295 2.53933434191 ;
62.6889534884 3.57082452431 2.47225158562 0.802061310782 0.882135306554 3.580602537 0.239957716702 ;
52.2069102462 2.93884034948 3.58260524226 1.40984908658 0.0853852263701 20.375694996 2.70373312153 ;
62.8686367023 3.59274894462 2.54854730569 0.828159920536 0.870126645145 3.98981872362 0.295753662776 ;
59.5654362416 3.32718120805 5.48210290828 2.37192393736 0.0178970917226 35.5978747204 5.3562639821 ;
58.4496350365 3.27737226277 7.86423357664 3.8598540146 0.0014598540146 62.2058394161 10.8759124088 ;
50.0153479757 3.02752050807 1.81079650701 0.526594337126 0.654670547764 3.37152685896 0.209843874041 ;
77.4629049112 4.5052246604 3.06008359457 1.09561128527 0.984326018809 5.26907001045 0.479623824451 ;
78.0432309443 4.58020477816 3.20591581342 1.16040955631 0.95449374289 6.20932878271 0.614903299204 ;
52.3149405772 2.94651952462 3.33955857385 1.24448217317 0.138794567063 17.09762309 2.16680814941 ;
50.6099791014 3.07732497388 1.74373040752 0.488505747126 0.694096133751 2.77638453501 0.140804597701 ;
58.7518248175 3.29718456726 7.47758081335 3.6204379562 0.00312825860271 57.4754953076 9.83315954119 ;
57.4552454283 3.21847930703 4.9749759384 2.14485081809 0.0182868142445 31.9923002887 4.68431183831 ;
63.9115755627 3.61789924973 2.54153269025 0.826902465166 0.912915326902 3.49249732047 0.227224008574 ;
50.7685652487 3.06176399904 1.79019466474 0.517183369382 0.670271569334 3.15308819995 0.185291997116 ;
58.8762268266 3.30697928026 5.57033805889 2.4225736096 0.015812431843 36.7622682661 5.5719738277 ;
78.5696969697 4.57151515152 3.01212121212 1.09454545455 0.990303030303 5.18787878788 0.466060606061 ;
52.5340735069 2.94295558959 3.56546707504 1.40811638591 0.0869065849923 20.1692189893 2.66768759571 ;
58.9557823129 3.28571428571 8.09693877551 3.99149659864 0.00170068027211 64.3503401361 11.3588435374 ;
64.0688049664 3.66244180031 2.70667356441 0.887480600103 0.887221934816 4.35514743921 0.344283497155 ;
56.5115803815 3.21389645777 5.7568119891 2.54564032698 0.00681198910082 40.0844686649 6.20435967302 ;
53.2810810811 3.17693693694 1.97783783784 0.587567567568 0.730990990991 3.20252252252 0.186846846847 ;
71.6200908362 4.11888859204 2.7841303767 0.957253539941 0.991985038739 3.92359070264 0.283996794015 ;
65.003197442 3.54756195044 4.53317346123 1.78816946443 0.119904076739 22.7466027178 3.1239008793 ;
50.2392192465 2.84566500227 3.40444847935 1.352246936 0.0812528370404 19.817067635 2.60281434408 ;
59.8850806452 3.33064516129 8.37298387097 4.15322580645 0.00201612903226 66.6169354839 11.8689516129 ;
53.9438907346 3.01734957549 3.72019195275 1.47065337763 0.0871170173496 20.9117755629 2.79438907346 ;
62.4326275265 3.57747834456 2.51106833494 0.81135707411 0.885707410972 3.72112608277 0.255774783446 ;
59.3146258503 3.29591836735 8.12925170068 3.99659863946 0.00170068027211 64.3333333333 11.3605442177 ;
77.3891170431 4.50102669405 3.06160164271 1.10164271047 0.971252566735 5.43685831622 0.507186858316 ;
58.163030303 3.28181818182 5.64727272727 2.46060606061 0.0109090909091 37.8933333333 5.76848484848 ;
49.518579235 2.99535519126 1.80245901639 0.531420765027 0.62349726776 3.66147540984 0.250819672131 ;
51.2120545535 2.87989441267 3.44698636164 1.34271887374 0.0910690717114 19.4271887374 2.54377474703 ;
50.4694811801 3.0523906409 1.76398779247 0.506866734486 0.665564598169 3.10605289929 0.179552390641 ;
58.1370786517 3.28314606742 7.54831460674 3.66292134831 0.00337078651685 58.5213483146 10.0617977528 ;
78.2982352941 4.58352941176 3.00705882353 1.09 0.992941176471 5.15647058824 0.459411764706 ;
59.6355485232 3.3111814346 5.16983122363 2.21202531646 0.0237341772152 32.7837552743 4.84388185654 ;
63.6002487562 3.62835820896 2.67910447761 0.871890547264 0.883084577114 4.24875621891 0.330597014925 ;
