2.18945717615 4.76800249654 3.19453623995 4.49324184627 2.90996610437 3.85813214296 3.17945516239 ;
2.07909490924 4.79154375194 2.74185388155 2.37316980348 2.38283083064 0.936131457105 3.17377452284 ;
2.94036639958 4.50209740188 3.40837158244 3.51365366887 4.66456686043 1.94750134308 3.48351785972 ;
1.48329523804 4.74577060382 1.16589895339 1.95169615472 3.3395406875 1.02610303023 3.21750418788 ;
1.71799972401 4.63057924026 1.76015738869 2.41126311427 1.73855556872 1.50366474616 1.62020447335 ;
2.76301690283 4.60836392577 3.15478112534 3.19597755869 4.15460674713 1.61303317439 3.41053291536 ;
1.65671831359 4.75871051838 1.82285955832 2.02486669705 2.82627570342 0.947677103268 3.07274525874 ;
2.17672238665 4.75947861903 3.1855267858 4.47946828309 2.90416901 3.85702397432 3.15767718955 ;
1.47565115287 4.7628832157 2.02899958685 2.0124064218 0.0 0.925408167623 3.02977552416 ;
1.74981293528 4.69447690187 2.15692635216 2.58829940361 1.99358145636 1.54010753421 0.0 ;
1.17965033667 4.77226493984 1.30635803208 1.84287914071 2.39455090537 0.897383884051 3.14943102701 ;
2.18788175858 4.7673966405 3.19437607222 4.49313778895 2.9100788349 3.85871224397 3.17920837301 ;
2.44109435967 4.7971293701 2.73963487329 2.53073164397 2.26306775008 0.934427295113 3.13452678897 ;
2.74606342862 4.54962931305 3.27096700669 3.23438332471 4.56424508925 1.80669064146 3.47264078894 ;
1.73865396988 4.58237421556 2.10542828163 2.58550105216 2.26291051007 1.70880960053 1.14195008023 ;
1.67607942729 4.74509504264 0.0 1.93350914094 2.26741084691 0.843504672805 2.73364397829 ;
1.89011612621 4.78284188541 2.63222483206 2.26226163272 2.66926580534 0.983575570359 3.2341077499 ;
2.96273492495 4.50222900622 3.43107173224 3.50534943512 4.66951514622 1.95931426681 3.48145980206 ;
1.93770021909 4.59400367046 2.75229421767 2.78911186813 2.19749189185 1.72922815424 1.64486546626 ;
2.19132347922 4.76960510508 3.19437145247 4.49619202644 2.90868826448 3.85589764227 3.18013419016 ;
2.19132347922 4.76960510508 3.19437145247 4.49619202644 2.90868826448 3.85589764227 3.18013419016 ;
1.93521076283 4.59293759472 2.75237714021 2.79292099341 2.20893232998 1.73597388496 1.61698736902 ;
2.96057955192 4.50253565706 3.42785966424 3.50735250099 4.66821541447 1.95926015395 3.48168083985 ;
1.67607942729 4.74509504264 0.0 1.93350914094 2.26741084691 0.843504672805 2.73364397829 ;
1.88999413616 4.78263556887 2.63272889348 2.26051308446 2.66110206491 0.983455289508 3.23361053216 ;
2.95094594764 4.50635594246 3.41571769304 3.5172171285 4.66173107714 1.94140509057 3.47923006747 ;
1.88522715486 4.78276198026 2.63060280927 2.24512728653 2.64634427218 0.979674781438 3.22917200506 ;
2.19132347922 4.76960510508 3.19437145247 4.49619202644 2.90868826448 3.85589764227 3.18013419016 ;
1.67607942729 4.74509504264 0.0 1.93350914094 2.26741084691 0.843504672805 2.73364397829 ;
1.93389686173 4.59154941739 2.75659876258 2.80250414938 2.1971291816 1.76393555062 1.59536934835 ;
2.19132347922 4.76960510508 3.19437145247 4.49619202644 2.90868826448 3.85589764227 3.18013419016 ;
1.93770021909 4.59400367046 2.75229421767 2.78911186813 2.19749189185 1.72922815424 1.64486546626 ;
2.96413522952 4.5021368833 3.43313710366 3.50465778825 4.66998129234 1.96332925506 3.48175513067 ;
1.67607942729 4.74509504264 0.0 1.93350914094 2.26741084691 0.843504672805 2.73364397829 ;
1.89046968676 4.78262784645 2.63203495526 2.26369724713 2.6708759507 0.982682222884 3.23420151165 ;
1.74981293528 4.69447690187 2.15692635216 2.58829940361 1.99358145636 1.54010753421 0.0 ;
1.84879078814 4.75587750661 2.61296740006 2.29703535986 2.43409152897 1.0273391686 3.1239219777 ;
2.18413167395 4.7665384222 3.1944320888 4.49083120383 2.91118376866 3.85836045449 3.16792345319 ;
1.6979405937 4.74819651588 0.0 1.94745911473 2.28779765745 0.84521621834 3.01424981712 ;
2.8491736467 4.54233517425 3.33019015231 3.32292631288 4.58010888539 1.87378275495 3.48296998201 ;
1.67607942729 4.74509504264 0.0 1.93350914094 2.26741084691 0.843504672805 2.73364397829 ;
2.19132347922 4.76960510508 3.19437145247 4.49619202644 2.90868826448 3.85589764227 3.18013419016 ;
2.96413522952 4.5021368833 3.43313710366 3.50465778825 4.66998129234 1.96332925506 3.48175513067 ;
1.93770021909 4.59400367046 2.75229421767 2.78911186813 2.19749189185 1.72922815424 1.64486546626 ;
1.89046968676 4.78262784645 2.63203495526 2.26369724713 2.6708759507 0.982682222884 3.23420151165 ;
2.46419714618 4.74609959136 2.80823647444 2.72744191828 2.70324144218 0.806188348064 3.19220459815 ;
2.82084198057 4.53741644425 3.34564562196 3.21759849868 4.6125478712 2.32317453235 3.49603679279 ;
2.19156497957 4.76847019934 3.19503019671 4.49327339839 2.92077375094 3.85798569955 3.18201682966 ;
1.69884797347 4.59284087317 2.09725554191 2.58780840628 2.23928193151 1.75881567178 1.08335669177 ;
1.19666320708 4.77146375508 1.31570244666 1.78659081765 2.4272236729 0.914740568638 3.14755775027 ;
1.74981293528 4.69447690187 2.15692635216 2.58829940361 1.99358145636 1.54010753421 0.0 ;
2.92847723399 4.51933094314 3.37908139857 3.54110261468 4.62563680181 1.89539640807 3.47362911148 ;
1.79081624832 4.70970300722 2.22447873834 2.28823405846 1.44144841549 1.09714764855 2.91607177021 ;
2.18489181638 4.76804590989 3.19616891442 4.49366887887 2.91324950606 3.85950730672 3.16926561081 ;
1.87894687652 4.78353498234 2.02469360279 2.12762695282 3.314421602 0.964064955185 3.28388217802 ;
2.18945717615 4.76800249654 3.19453623995 4.49324184627 2.90996610437 3.85813214296 3.17945516239 ;
2.08280029505 4.79133107058 2.74319290224 2.37017678855 2.39121438357 0.940362453305 3.17547911182 ;
2.94036639958 4.50209740188 3.40837158244 3.51365366887 4.66456686043 1.94750134308 3.48351785972 ;
1.47260390378 4.74601316975 1.1557214895 1.9561430514 3.32604598661 1.01746953754 3.21406063404 ;
1.71799972401 4.63057924026 1.76015738869 2.41126311427 1.73855556872 1.50366474616 1.62020447335 ;
2.95094594764 4.50635594246 3.41571769304 3.5172171285 4.66173107714 1.94140509057 3.47923006747 ;
1.93108816128 4.59062860889 2.75613517295 2.79867296797 2.19648191013 1.77023532045 1.59248370757 ;
1.88598634198 4.78282253828 2.63083535568 2.24660920258 2.64610065483 0.978784168 3.22842125666 ;
2.19132347922 4.76960510508 3.19437145247 4.49619202644 2.90868826448 3.85589764227 3.18013419016 ;
1.67607942729 4.74509504264 0.0 1.93350914094 2.26741084691 0.843504672805 2.73364397829 ;
1.74981293528 4.69447690187 2.15692635216 2.58829940361 1.99358145636 1.54010753421 0.0 ;
2.75453138155 4.6116167206 3.14621132017 3.18438978709 4.12157226965 1.59183436568 3.4088263307 ;
1.64276332512 4.75830381782 1.80425261772 2.01295188633 2.83458109543 0.956940271602 3.06751430684 ;
2.17672238665 4.75947861903 3.1855267858 4.47946828309 2.90416901 3.85702397432 3.15767718955 ;
1.47565115287 4.7628832157 2.02899958685 2.0124064218 0.0 0.925408167623 3.02977552416 ;
2.08280029505 4.79133107058 2.74319290224 2.37017678855 2.39121438357 0.940362453305 3.17547911182 ;
2.94036639958 4.50209740188 3.40837158244 3.51365366887 4.66456686043 1.94750134308 3.48351785972 ;
1.72285283058 4.62989539402 1.76512958471 2.40851168703 1.74224400512 1.50542863236 1.61670590641 ;
2.18945717615 4.76800249654 3.19453623995 4.49324184627 2.90996610437 3.85813214296 3.17945516239 ;
1.46919509845 4.74630633559 1.15304620828 1.95945121183 3.31934877156 1.01714958266 3.21323803343 ;
2.96057955192 4.50253565706 3.42785966424 3.50735250099 4.66821541447 1.95926015395 3.48168083985 ;
1.67607942729 4.74509504264 0.0 1.93350914094 2.26741084691 0.843504672805 2.73364397829 ;
2.19132347922 4.76960510508 3.19437145247 4.49619202644 2.90868826448 3.85589764227 3.18013419016 ;
1.88999413616 4.78263556887 2.63272889348 2.26051308446 2.66110206491 0.983455289508 3.23361053216 ;
1.93521076283 4.59293759472 2.75237714021 2.79292099341 2.20893232998 1.73597388496 1.61698736902 ;
2.82084198057 4.53741644425 3.34564562196 3.21759849868 4.6125478712 2.32317453235 3.49603679279 ;
1.69884797347 4.59284087317 2.09725554191 2.58780840628 2.23928193151 1.75881567178 1.08335669177 ;
2.19156497957 4.76847019934 3.19503019671 4.49327339839 2.92077375094 3.85798569955 3.18201682966 ;
1.19666320708 4.77146375508 1.31570244666 1.78659081765 2.4272236729 0.914740568638 3.14755775027 ;
2.46419714618 4.74609959136 2.80823647444 2.72744191828 2.70324144218 0.806188348064 3.19220459815 ;
2.19132347922 4.76960510508 3.19437145247 4.49619202644 2.90868826448 3.85589764227 3.18013419016 ;
1.93521076283 4.59293759472 2.75237714021 2.79292099341 2.20893232998 1.73597388496 1.61698736902 ;
2.96057955192 4.50253565706 3.42785966424 3.50735250099 4.66821541447 1.95926015395 3.48168083985 ;
1.67607942729 4.74509504264 0.0 1.93350914094 2.26741084691 0.843504672805 2.73364397829 ;
1.88999413616 4.78263556887 2.63272889348 2.26051308446 2.66110206491 0.983455289508 3.23361053216 ;
2.19132347922 4.76960510508 3.19437145247 4.49619202644 2.90868826448 3.85589764227 3.18013419016 ;
2.96413522952 4.5021368833 3.43313710366 3.50465778825 4.66998129234 1.96332925506 3.48175513067 ;
1.93770021909 4.59400367046 2.75229421767 2.78911186813 2.19749189185 1.72922815424 1.64486546626 ;
1.67607942729 4.74509504264 0.0 1.93350914094 2.26741084691 0.843504672805 2.73364397829 ;
1.89046968676 4.78262784645 2.63203495526 2.26369724713 2.6708759507 0.982682222884 3.23420151165 ;
2.19156497957 4.76847019934 3.19503019671 4.49327339839 2.92077375094 3.85798569955 3.18201682966 ;
1.19666320708 4.77146375508 1.31570244666 1.78659081765 2.4272236729 0.914740568638 3.14755775027 ;
2.46419714618 4.74609959136 2.80823647444 2.72744191828 2.70324144218 0.806188348064 3.19220459815 ;
1.69884797347 4.59284087317 2.09725554191 2.58780840628 2.23928193151 1.75881567178 1.08335669177 ;
2.82084198057 4.53741644425 3.34564562196 3.21759849868 4.6125478712 2.32317453235 3.49603679279 ;
1.45850906165 4.74622559771 1.11331406971 1.97315986695 3.29270139 0.995399050093 3.20602307086 ;
2.94036639958 4.50209740188 3.40837158244 3.51365366887 4.66456686043 1.94750134308 3.48351785972 ;
1.7277334335 4.6292865864 1.7701299518 2.40586615308 1.74717954054 1.5096933027 1.61291034888 ;
2.07949015182 4.79099030118 2.74292700253 2.36103184979 2.40970562553 0.949966741918 3.17888342304 ;
2.18945717615 4.76800249654 3.19453623995 4.49324184627 2.90996610437 3.85813214296 3.17945516239 ;
2.43678505828 4.7959418197 2.73959462861 2.51068677293 2.28787523105 0.947481184496 3.13822032525 ;
2.18788175858 4.7673966405 3.19437607222 4.49313778895 2.9100788349 3.85871224397 3.17920837301 ;
2.75037516379 4.54822806964 3.27740218197 3.24465440043 4.5669937413 1.80446048268 3.47339205961 ;
1.73544396749 4.58315909317 2.10183138527 2.58261910666 2.25979889121 1.70790032184 1.13537896606 ;
1.17636840986 4.77227900673 1.29722260664 1.85822379705 2.38435542597 0.893652755935 3.14682572916 ;
2.82084198057 4.53741644425 3.34564562196 3.21759849868 4.6125478712 2.32317453235 3.49603679279 ;
2.46419714618 4.74609959136 2.80823647444 2.72744191828 2.70324144218 0.806188348064 3.19220459815 ;
1.19666320708 4.77146375508 1.31570244666 1.78659081765 2.4272236729 0.914740568638 3.14755775027 ;
1.69884797347 4.59284087317 2.09725554191 2.58780840628 2.23928193151 1.75881567178 1.08335669177 ;
2.19156497957 4.76847019934 3.19503019671 4.49327339839 2.92077375094 3.85798569955 3.18201682966 ;
2.96057955192 4.50253565706 3.42785966424 3.50735250099 4.66821541447 1.95926015395 3.48168083985 ;
1.67607942729 4.74509504264 0.0 1.93350914094 2.26741084691 0.843504672805 2.73364397829 ;
1.93521076283 4.59293759472 2.75237714021 2.79292099341 2.20893232998 1.73597388496 1.61698736902 ;
2.19132347922 4.76960510508 3.19437145247 4.49619202644 2.90868826448 3.85589764227 3.18013419016 ;
1.88999413616 4.78263556887 2.63272889348 2.26051308446 2.66110206491 0.983455289508 3.23361053216 ;
2.96057955192 4.50253565706 3.42785966424 3.50735250099 4.66821541447 1.95926015395 3.48168083985 ;
1.88999413616 4.78263556887 2.63272889348 2.26051308446 2.66110206491 0.983455289508 3.23361053216 ;
1.67607942729 4.74509504264 0.0 1.93350914094 2.26741084691 0.843504672805 2.73364397829 ;
1.93521076283 4.59293759472 2.75237714021 2.79292099341 2.20893232998 1.73597388496 1.61698736902 ;
2.19132347922 4.76960510508 3.19437145247 4.49619202644 2.90868826448 3.85589764227 3.18013419016 ;
2.19132347922 4.76960510508 3.19437145247 4.49619202644 2.90868826448 3.85589764227 3.18013419016 ;
1.89011612621 4.78284188541 2.63222483206 2.26226163272 2.66926580534 0.983575570359 3.2341077499 ;
1.67607942729 4.74509504264 0.0 1.93350914094 2.26741084691 0.843504672805 2.73364397829 ;
1.93770021909 4.59400367046 2.75229421767 2.78911186813 2.19749189185 1.72922815424 1.64486546626 ;
2.96273492495 4.50222900622 3.43107173224 3.50534943512 4.66951514622 1.95931426681 3.48145980206 ;
1.88598634198 4.78282253828 2.63083535568 2.24660920258 2.64610065483 0.978784168 3.22842125666 ;
1.93108816128 4.59062860889 2.75613517295 2.79867296797 2.19648191013 1.77023532045 1.59248370757 ;
2.95094594764 4.50635594246 3.41571769304 3.5172171285 4.66173107714 1.94140509057 3.47923006747 ;
2.19132347922 4.76960510508 3.19437145247 4.49619202644 2.90868826448 3.85589764227 3.18013419016 ;
1.67607942729 4.74509504264 0.0 1.93350914094 2.26741084691 0.843504672805 2.73364397829 ;
1.88999413616 4.78263556887 2.63272889348 2.26051308446 2.66110206491 0.983455289508 3.23361053216 ;
1.93521076283 4.59293759472 2.75237714021 2.79292099341 2.20893232998 1.73597388496 1.61698736902 ;
2.96057955192 4.50253565706 3.42785966424 3.50735250099 4.66821541447 1.95926015395 3.48168083985 ;
1.67607942729 4.74509504264 0.0 1.93350914094 2.26741084691 0.843504672805 2.73364397829 ;
2.19132347922 4.76960510508 3.19437145247 4.49619202644 2.90868826448 3.85589764227 3.18013419016 ;
1.89046968676 4.78262784645 2.63203495526 2.26369724713 2.6708759507 0.982682222884 3.23420151165 ;
2.19132347922 4.76960510508 3.19437145247 4.49619202644 2.90868826448 3.85589764227 3.18013419016 ;
1.67607942729 4.74509504264 0.0 1.93350914094 2.26741084691 0.843504672805 2.73364397829 ;
2.96413522952 4.5021368833 3.43313710366 3.50465778825 4.66998129234 1.96332925506 3.48175513067 ;
1.93770021909 4.59400367046 2.75229421767 2.78911186813 2.19749189185 1.72922815424 1.64486546626 ;
2.95094594764 4.50635594246 3.41571769304 3.5172171285 4.66173107714 1.94140509057 3.47923006747 ;
1.93108816128 4.59062860889 2.75613517295 2.79867296797 2.19648191013 1.77023532045 1.59248370757 ;
2.19132347922 4.76960510508 3.19437145247 4.49619202644 2.90868826448 3.85589764227 3.18013419016 ;
1.88598634198 4.78282253828 2.63083535568 2.24660920258 2.64610065483 0.978784168 3.22842125666 ;
1.67607942729 4.74509504264 0.0 1.93350914094 2.26741084691 0.843504672805 2.73364397829 ;
1.67607942729 4.74509504264 0.0 1.93350914094 2.26741084691 0.843504672805 2.73364397829 ;
1.89046968676 4.78262784645 2.63203495526 2.26369724713 2.6708759507 0.982682222884 3.23420151165 ;
2.96413522952 4.5021368833 3.43313710366 3.50465778825 4.66998129234 1.96332925506 3.48175513067 ;
1.93770021909 4.59400367046 2.75229421767 2.78911186813 2.19749189185 1.72922815424 1.64486546626 ;
2.19132347922 4.76960510508 3.19437145247 4.49619202644 2.90868826448 3.85589764227 3.18013419016 ;
1.64171907066 4.75852748004 1.80293341765 2.01081429554 2.83771851762 0.955425237253 3.0679461728 ;
2.17672238665 4.75947861903 3.1855267858 4.47946828309 2.90416901 3.85702397432 3.15767718955 ;
1.74981293528 4.69447690187 2.15692635216 2.58829940361 1.99358145636 1.54010753421 0.0 ;
2.75429847678 4.61156933326 3.14598361524 3.18508787456 4.11734941099 1.59253698299 3.40807041855 ;
1.47565115287 4.7628832157 2.02899958685 2.0124064218 0.0 0.925408167623 3.02977552416 ;
2.95094594764 4.50635594246 3.41571769304 3.5172171285 4.66173107714 1.94140509057 3.47923006747 ;
1.67607942729 4.74509504264 0.0 1.93350914094 2.26741084691 0.843504672805 2.73364397829 ;
1.93108816128 4.59062860889 2.75613517295 2.79867296797 2.19648191013 1.77023532045 1.59248370757 ;
1.88598634198 4.78282253828 2.63083535568 2.24660920258 2.64610065483 0.978784168 3.22842125666 ;
2.19132347922 4.76960510508 3.19437145247 4.49619202644 2.90868826448 3.85589764227 3.18013419016 ;
2.19132347922 4.76960510508 3.19437145247 4.49619202644 2.90868826448 3.85589764227 3.18013419016 ;
1.89046968676 4.78262784645 2.63203495526 2.26369724713 2.6708759507 0.982682222884 3.23420151165 ;
1.93770021909 4.59400367046 2.75229421767 2.78911186813 2.19749189185 1.72922815424 1.64486546626 ;
1.67607942729 4.74509504264 0.0 1.93350914094 2.26741084691 0.843504672805 2.73364397829 ;
2.96413522952 4.5021368833 3.43313710366 3.50465778825 4.66998129234 1.96332925506 3.48175513067 ;
1.73544396749 4.58315909317 2.10183138527 2.58261910666 2.25979889121 1.70790032184 1.13537896606 ;
2.75342389901 4.54805475109 3.28250754217 3.24630284746 4.57005043155 1.81272518718 3.47554395178 ;
2.43994550311 4.79573560434 2.74282492557 2.52412209549 2.27869666737 0.940638004936 3.13717096897 ;
1.18753172313 4.77179239894 1.30957848433 1.8535930869 2.4011709047 0.897342054626 3.14722400933 ;
2.18788175858 4.7673966405 3.19437607222 4.49313778895 2.9100788349 3.85871224397 3.17920837301 ;
1.67607942729 4.74509504264 0.0 1.93350914094 2.26741084691 0.843504672805 2.73364397829 ;
1.89046968676 4.78262784645 2.63203495526 2.26369724713 2.6708759507 0.982682222884 3.23420151165 ;
2.19132347922 4.76960510508 3.19437145247 4.49619202644 2.90868826448 3.85589764227 3.18013419016 ;
1.93770021909 4.59400367046 2.75229421767 2.78911186813 2.19749189185 1.72922815424 1.64486546626 ;
2.96413522952 4.5021368833 3.43313710366 3.50465778825 4.66998129234 1.96332925506 3.48175513067 ;
1.67607942729 4.74509504264 0.0 1.93350914094 2.26741084691 0.843504672805 2.73364397829 ;
2.96057955192 4.50253565706 3.42785966424 3.50735250099 4.66821541447 1.95926015395 3.48168083985 ;
1.93521076283 4.59293759472 2.75237714021 2.79292099341 2.20893232998 1.73597388496 1.61698736902 ;
2.19132347922 4.76960510508 3.19437145247 4.49619202644 2.90868826448 3.85589764227 3.18013419016 ;
1.88999413616 4.78263556887 2.63272889348 2.26051308446 2.66110206491 0.983455289508 3.23361053216 ;
2.96057955192 4.50253565706 3.42785966424 3.50735250099 4.66821541447 1.95926015395 3.48168083985 ;
2.19132347922 4.76960510508 3.19437145247 4.49619202644 2.90868826448 3.85589764227 3.18013419016 ;
1.93521076283 4.59293759472 2.75237714021 2.79292099341 2.20893232998 1.73597388496 1.61698736902 ;
1.67607942729 4.74509504264 0.0 1.93350914094 2.26741084691 0.843504672805 2.73364397829 ;
1.88999413616 4.78263556887 2.63272889348 2.26051308446 2.66110206491 0.983455289508 3.23361053216 ;
1.67607942729 4.74509504264 0.0 1.93350914094 2.26741084691 0.843504672805 2.73364397829 ;
2.95094594764 4.50635594246 3.41571769304 3.5172171285 4.66173107714 1.94140509057 3.47923006747 ;
2.19132347922 4.76960510508 3.19437145247 4.49619202644 2.90868826448 3.85589764227 3.18013419016 ;
1.88598634198 4.78282253828 2.63083535568 2.24660920258 2.64610065483 0.978784168 3.22842125666 ;
1.93108816128 4.59062860889 2.75613517295 2.79867296797 2.19648191013 1.77023532045 1.59248370757 ;
1.93108816128 4.59062860889 2.75613517295 2.79867296797 2.19648191013 1.77023532045 1.59248370757 ;
2.19132347922 4.76960510508 3.19437145247 4.49619202644 2.90868826448 3.85589764227 3.18013419016 ;
2.95094594764 4.50635594246 3.41571769304 3.5172171285 4.66173107714 1.94140509057 3.47923006747 ;
1.88598634198 4.78282253828 2.63083535568 2.24660920258 2.64610065483 0.978784168 3.22842125666 ;
1.67607942729 4.74509504264 0.0 1.93350914094 2.26741084691 0.843504672805 2.73364397829 ;
2.17672238665 4.75947861903 3.1855267858 4.47946828309 2.90416901 3.85702397432 3.15767718955 ;
1.65671831359 4.75871051838 1.82285955832 2.02486669705 2.82627570342 0.947677103268 3.07274525874 ;
2.76301690283 4.60836392577 3.15478112534 3.19597755869 4.15460674713 1.61303317439 3.41053291536 ;
1.74981293528 4.69447690187 2.15692635216 2.58829940361 1.99358145636 1.54010753421 0.0 ;
1.47565115287 4.7628832157 2.02899958685 2.0124064218 0.0 0.925408167623 3.02977552416 ;
1.93770021909 4.59400367046 2.75229421767 2.78911186813 2.19749189185 1.72922815424 1.64486546626 ;
2.96413522952 4.5021368833 3.43313710366 3.50465778825 4.66998129234 1.96332925506 3.48175513067 ;
2.19132347922 4.76960510508 3.19437145247 4.49619202644 2.90868826448 3.85589764227 3.18013419016 ;
1.67607942729 4.74509504264 0.0 1.93350914094 2.26741084691 0.843504672805 2.73364397829 ;
1.89046968676 4.78262784645 2.63203495526 2.26369724713 2.6708759507 0.982682222884 3.23420151165 ;
2.19132347922 4.76960510508 3.19437145247 4.49619202644 2.90868826448 3.85589764227 3.18013419016 ;
1.67607942729 4.74509504264 0.0 1.93350914094 2.26741084691 0.843504672805 2.73364397829 ;
2.95119263185 4.50384017758 3.41920328459 3.51334291703 4.66624809063 1.94941134383 3.48095825662 ;
1.94080363623 4.59090271253 2.75730505487 2.80550931476 2.20497607153 1.76318528026 1.59248269075 ;
1.88726976896 4.78288387862 2.63181327544 2.25122309543 2.64921587294 0.980455714261 3.22855224392 ;
2.96057955192 4.50253565706 3.42785966424 3.50735250099 4.66821541447 1.95926015395 3.48168083985 ;
1.67607942729 4.74509504264 0.0 1.93350914094 2.26741084691 0.843504672805 2.73364397829 ;
1.93521076283 4.59293759472 2.75237714021 2.79292099341 2.20893232998 1.73597388496 1.61698736902 ;
2.19132347922 4.76960510508 3.19437145247 4.49619202644 2.90868826448 3.85589764227 3.18013419016 ;
1.88999413616 4.78263556887 2.63272889348 2.26051308446 2.66110206491 0.983455289508 3.23361053216 ;
1.89282259084 4.78499744828 2.03719275614 2.13780818258 3.30367743865 0.962251643076 3.28437068519 ;
1.74981293528 4.69447690187 2.15692635216 2.58829940361 1.99358145636 1.54010753421 0.0 ;
2.18489181638 4.76804590989 3.19616891442 4.49366887887 2.91324950606 3.85950730672 3.16926561081 ;
1.77367960654 4.70690613335 2.21219339229 2.27946301869 1.4332879022 1.0996909132 2.91069431577 ;
2.9277164428 4.51880827424 3.37944949143 3.54044692529 4.62746614324 1.89888700919 3.47428694577 ;
1.67607942729 4.74509504264 0.0 1.93350914094 2.26741084691 0.843504672805 2.73364397829 ;
2.19132347922 4.76960510508 3.19437145247 4.49619202644 2.90868826448 3.85589764227 3.18013419016 ;
2.96413522952 4.5021368833 3.43313710366 3.50465778825 4.66998129234 1.96332925506 3.48175513067 ;
1.93770021909 4.59400367046 2.75229421767 2.78911186813 2.19749189185 1.72922815424 1.64486546626 ;
1.89046968676 4.78262784645 2.63203495526 2.26369724713 2.6708759507 0.982682222884 3.23420151165 ;
2.4642068046 4.74472588096 2.80787184907 2.72832992327 2.70218600338 0.806208768739 3.19214260543 ;
1.1934609544 4.7706236622 1.32161059078 1.79161315324 2.43615646971 0.915126480004 3.14686230616 ;
2.19156497957 4.76847019934 3.19503019671 4.49327339839 2.92077375094 3.85798569955 3.18201682966 ;
2.82047019732 4.53848782084 3.34584989727 3.21763640627 4.6138265107 2.32449527053 3.49587515865 ;
1.7148287213 4.59464649937 2.09506096669 2.58383594301 2.22386006593 1.77141743215 1.06212879796 ;
2.46526906167 4.74628670706 2.8079891309 2.73105812525 2.70928000498 0.811797952741 3.19357924119 ;
2.18992175085 4.76773122319 3.1950510946 4.49285783881 2.91811868295 3.85821485814 3.18075259238 ;
1.69884797347 4.59284087317 2.09725554191 2.58780840628 2.23928193151 1.75881567178 1.08335669177 ;
2.82034815269 4.53697463689 3.3463978242 3.21541146645 4.61246284702 2.32428982281 3.49592456965 ;
1.19489925705 4.77186284589 1.31452565186 1.7856471931 2.42386041216 0.913381110316 3.14710372535 ;
2.95094594764 4.50635594246 3.41571769304 3.5172171285 4.66173107714 1.94140509057 3.47923006747 ;
1.93389686173 4.59154941739 2.75659876258 2.80250414938 2.1971291816 1.76393555062 1.59536934835 ;
2.19132347922 4.76960510508 3.19437145247 4.49619202644 2.90868826448 3.85589764227 3.18013419016 ;
1.88522715486 4.78276198026 2.63060280927 2.24512728653 2.64634427218 0.979674781438 3.22917200506 ;
1.67607942729 4.74509504264 0.0 1.93350914094 2.26741084691 0.843504672805 2.73364397829 ;
2.19156497957 4.76847019934 3.19503019671 4.49327339839 2.92077375094 3.85798569955 3.18201682966 ;
1.69884797347 4.59284087317 2.09725554191 2.58780840628 2.23928193151 1.75881567178 1.08335669177 ;
1.19666320708 4.77146375508 1.31570244666 1.78659081765 2.4272236729 0.914740568638 3.14755775027 ;
2.82084198057 4.53741644425 3.34564562196 3.21759849868 4.6125478712 2.32317453235 3.49603679279 ;
2.46419714618 4.74609959136 2.80823647444 2.72744191828 2.70324144218 0.806188348064 3.19220459815 ;
2.19156497957 4.76847019934 3.19503019671 4.49327339839 2.92077375094 3.85798569955 3.18201682966 ;
2.46419714618 4.74609959136 2.80823647444 2.72744191828 2.70324144218 0.806188348064 3.19220459815 ;
1.19666320708 4.77146375508 1.31570244666 1.78659081765 2.4272236729 0.914740568638 3.14755775027 ;
1.69884797347 4.59284087317 2.09725554191 2.58780840628 2.23928193151 1.75881567178 1.08335669177 ;
2.82084198057 4.53741644425 3.34564562196 3.21759849868 4.6125478712 2.32317453235 3.49603679279 ;
1.88598634198 4.78282253828 2.63083535568 2.24660920258 2.64610065483 0.978784168 3.22842125666 ;
2.19132347922 4.76960510508 3.19437145247 4.49619202644 2.90868826448 3.85589764227 3.18013419016 ;
1.67607942729 4.74509504264 0.0 1.93350914094 2.26741084691 0.843504672805 2.73364397829 ;
1.93108816128 4.59062860889 2.75613517295 2.79867296797 2.19648191013 1.77023532045 1.59248370757 ;
2.95094594764 4.50635594246 3.41571769304 3.5172171285 4.66173107714 1.94140509057 3.47923006747 ;
1.74981293528 4.69447690187 2.15692635216 2.58829940361 1.99358145636 1.54010753421 0.0 ;
1.63620458299 4.77674215742 1.74627961168 1.94309655384 3.19485950619 0.832326073499 3.24997688619 ;
2.18597991571 4.76841394537 3.1955096633 4.49415565923 2.91083037191 3.85740295749 3.17063173568 ;
2.82083637831 4.56795041822 3.2676574168 3.31005821924 4.49537563919 1.78894383665 3.46394967018 ;
1.89590872812 4.73081623462 2.2866605011 2.3748009671 1.4981922189 1.12392835398 2.93491245403 ;
1.88999413616 4.78263556887 2.63272889348 2.26051308446 2.66110206491 0.983455289508 3.23361053216 ;
2.19132347922 4.76960510508 3.19437145247 4.49619202644 2.90868826448 3.85589764227 3.18013419016 ;
1.93521076283 4.59293759472 2.75237714021 2.79292099341 2.20893232998 1.73597388496 1.61698736902 ;
2.96057955192 4.50253565706 3.42785966424 3.50735250099 4.66821541447 1.95926015395 3.48168083985 ;
1.67607942729 4.74509504264 0.0 1.93350914094 2.26741084691 0.843504672805 2.73364397829 ;
2.95094594764 4.50635594246 3.41571769304 3.5172171285 4.66173107714 1.94140509057 3.47923006747 ;
1.88598634198 4.78282253828 2.63083535568 2.24660920258 2.64610065483 0.978784168 3.22842125666 ;
2.19132347922 4.76960510508 3.19437145247 4.49619202644 2.90868826448 3.85589764227 3.18013419016 ;
1.67607942729 4.74509504264 0.0 1.93350914094 2.26741084691 0.843504672805 2.73364397829 ;
1.93108816128 4.59062860889 2.75613517295 2.79867296797 2.19648191013 1.77023532045 1.59248370757 ;
1.88999413616 4.78263556887 2.63272889348 2.26051308446 2.66110206491 0.983455289508 3.23361053216 ;
1.67607942729 4.74509504264 0.0 1.93350914094 2.26741084691 0.843504672805 2.73364397829 ;
1.93521076283 4.59293759472 2.75237714021 2.79292099341 2.20893232998 1.73597388496 1.61698736902 ;
2.96057955192 4.50253565706 3.42785966424 3.50735250099 4.66821541447 1.95926015395 3.48168083985 ;
2.19132347922 4.76960510508 3.19437145247 4.49619202644 2.90868826448 3.85589764227 3.18013419016 ;
1.15525516244 4.77328819635 1.2344939229 1.88359102198 2.32535395447 0.871565482555 3.13200986284 ;
2.18788175858 4.7673966405 3.19437607222 4.49313778895 2.9100788349 3.85871224397 3.17920837301 ;
1.74594128964 4.57360916373 2.11784272451 2.57210668477 2.30472645596 1.68947559839 1.18300471281 ;
2.36505835275 4.78114153428 2.75714242523 2.44847066387 2.66332401861 1.03465920402 3.20052022182 ;
2.93351812358 4.50310413582 3.41172064982 3.5183869877 4.67070615249 1.94075676803 3.48540174081 ;
2.19156497957 4.76847019934 3.19503019671 4.49327339839 2.92077375094 3.85798569955 3.18201682966 ;
1.19666320708 4.77146375508 1.31570244666 1.78659081765 2.4272236729 0.914740568638 3.14755775027 ;
1.70127276303 4.59399052922 2.09742511894 2.58889408842 2.23955038318 1.76576751238 1.07584957076 ;
2.4626049742 4.74558674876 2.80736593874 2.72696349901 2.7026272646 0.805257414637 3.19196262783 ;
2.82084198057 4.53741644425 3.34564562196 3.21759849868 4.6125478712 2.32317453235 3.49603679279 ;
2.19041415025 4.76776176822 3.19258419286 4.49304918949 2.90731136521 3.85534846091 3.17901243916 ;
1.44718130678 4.77089614255 2.03069374917 2.02247656639 0.0 0.913404446634 2.69937793982 ;
1.97240849339 4.58505929548 2.25782837974 2.72092752476 2.63778507028 1.75063179607 1.37712581759 ;
1.83224802719 4.78260707256 1.9965908974 2.15289976506 2.88426132147 0.893871313443 3.17598930288 ;
2.80781209987 4.5627270515 3.27493062045 3.29845620841 4.52175632055 1.80061007387 3.466540369 ;
2.95094594764 4.50635594246 3.41571769304 3.5172171285 4.66173107714 1.94140509057 3.47923006747 ;
1.93108816128 4.59062860889 2.75613517295 2.79867296797 2.19648191013 1.77023532045 1.59248370757 ;
1.88598634198 4.78282253828 2.63083535568 2.24660920258 2.64610065483 0.978784168 3.22842125666 ;
2.19132347922 4.76960510508 3.19437145247 4.49619202644 2.90868826448 3.85589764227 3.18013419016 ;
1.67607942729 4.74509504264 0.0 1.93350914094 2.26741084691 0.843504672805 2.73364397829 ;
1.88999413616 4.78263556887 2.63272889348 2.26051308446 2.66110206491 0.983455289508 3.23361053216 ;
2.19132347922 4.76960510508 3.19437145247 4.49619202644 2.90868826448 3.85589764227 3.18013419016 ;
1.93521076283 4.59293759472 2.75237714021 2.79292099341 2.20893232998 1.73597388496 1.61698736902 ;
2.96057955192 4.50253565706 3.42785966424 3.50735250099 4.66821541447 1.95926015395 3.48168083985 ;
1.67607942729 4.74509504264 0.0 1.93350914094 2.26741084691 0.843504672805 2.73364397829 ;
2.95094594764 4.50635594246 3.41571769304 3.5172171285 4.66173107714 1.94140509057 3.47923006747 ;
1.93389686173 4.59154941739 2.75659876258 2.80250414938 2.1971291816 1.76393555062 1.59536934835 ;
2.19132347922 4.76960510508 3.19437145247 4.49619202644 2.90868826448 3.85589764227 3.18013419016 ;
1.67607942729 4.74509504264 0.0 1.93350914094 2.26741084691 0.843504672805 2.73364397829 ;
1.88522715486 4.78276198026 2.63060280927 2.24512728653 2.64634427218 0.979674781438 3.22917200506 ;
1.67607942729 4.74509504264 0.0 1.93350914094 2.26741084691 0.843504672805 2.73364397829 ;
2.96057955192 4.50253565706 3.42785966424 3.50735250099 4.66821541447 1.95926015395 3.48168083985 ;
1.93521076283 4.59293759472 2.75237714021 2.79292099341 2.20893232998 1.73597388496 1.61698736902 ;
2.19132347922 4.76960510508 3.19437145247 4.49619202644 2.90868826448 3.85589764227 3.18013419016 ;
1.88999413616 4.78263556887 2.63272889348 2.26051308446 2.66110206491 0.983455289508 3.23361053216 ;
1.19489925705 4.77186284589 1.31452565186 1.7856471931 2.42386041216 0.913381110316 3.14710372535 ;
2.18992175085 4.76773122319 3.1950510946 4.49285783881 2.91811868295 3.85821485814 3.18075259238 ;
1.69884797347 4.59284087317 2.09725554191 2.58780840628 2.23928193151 1.75881567178 1.08335669177 ;
2.46526906167 4.74628670706 2.8079891309 2.73105812525 2.70928000498 0.811797952741 3.19357924119 ;
2.82034815269 4.53697463689 3.3463978242 3.21541146645 4.61246284702 2.32428982281 3.49592456965 ;
2.19132347922 4.76960510508 3.19437145247 4.49619202644 2.90868826448 3.85589764227 3.18013419016 ;
1.89011612621 4.78284188541 2.63222483206 2.26226163272 2.66926580534 0.983575570359 3.2341077499 ;
2.96273492495 4.50222900622 3.43107173224 3.50534943512 4.66951514622 1.95931426681 3.48145980206 ;
1.67607942729 4.74509504264 0.0 1.93350914094 2.26741084691 0.843504672805 2.73364397829 ;
1.93770021909 4.59400367046 2.75229421767 2.78911186813 2.19749189185 1.72922815424 1.64486546626 ;
1.67607942729 4.74509504264 0.0 1.93350914094 2.26741084691 0.843504672805 2.73364397829 ;
2.95094594764 4.50635594246 3.41571769304 3.5172171285 4.66173107714 1.94140509057 3.47923006747 ;
1.93108816128 4.59062860889 2.75613517295 2.79867296797 2.19648191013 1.77023532045 1.59248370757 ;
2.19132347922 4.76960510508 3.19437145247 4.49619202644 2.90868826448 3.85589764227 3.18013419016 ;
1.88598634198 4.78282253828 2.63083535568 2.24660920258 2.64610065483 0.978784168 3.22842125666 ;
2.95200236704 4.50448479374 3.41822923709 3.51437599197 4.66504826491 1.94549686322 3.48068057205 ;
1.94080363623 4.59090271253 2.75730505487 2.80550931476 2.20497607153 1.76318528026 1.59248269075 ;
2.19132347922 4.76960510508 3.19437145247 4.49619202644 2.90868826448 3.85589764227 3.18013419016 ;
1.88593960488 4.78284582319 2.63153919171 2.24961240536 2.64792891101 0.981344613367 3.22844878146 ;
1.67607942729 4.74509504264 0.0 1.93350914094 2.26741084691 0.843504672805 2.73364397829 ;
1.88999413616 4.78263556887 2.63272889348 2.26051308446 2.66110206491 0.983455289508 3.23361053216 ;
2.19132347922 4.76960510508 3.19437145247 4.49619202644 2.90868826448 3.85589764227 3.18013419016 ;
1.67607942729 4.74509504264 0.0 1.93350914094 2.26741084691 0.843504672805 2.73364397829 ;
1.93521076283 4.59293759472 2.75237714021 2.79292099341 2.20893232998 1.73597388496 1.61698736902 ;
2.96057955192 4.50253565706 3.42785966424 3.50735250099 4.66821541447 1.95926015395 3.48168083985 ;
1.93108816128 4.59062860889 2.75613517295 2.79867296797 2.19648191013 1.77023532045 1.59248370757 ;
2.95094594764 4.50635594246 3.41571769304 3.5172171285 4.66173107714 1.94140509057 3.47923006747 ;
1.88598634198 4.78282253828 2.63083535568 2.24660920258 2.64610065483 0.978784168 3.22842125666 ;
2.19132347922 4.76960510508 3.19437145247 4.49619202644 2.90868826448 3.85589764227 3.18013419016 ;
1.67607942729 4.74509504264 0.0 1.93350914094 2.26741084691 0.843504672805 2.73364397829 ;
2.96057955192 4.50253565706 3.42785966424 3.50735250099 4.66821541447 1.95926015395 3.48168083985 ;
1.67607942729 4.74509504264 0.0 1.93350914094 2.26741084691 0.843504672805 2.73364397829 ;
1.93521076283 4.59293759472 2.75237714021 2.79292099341 2.20893232998 1.73597388496 1.61698736902 ;
1.88999413616 4.78263556887 2.63272889348 2.26051308446 2.66110206491 0.983455289508 3.23361053216 ;
2.19132347922 4.76960510508 3.19437145247 4.49619202644 2.90868826448 3.85589764227 3.18013419016 ;
2.19132347922 4.76960510508 3.19437145247 4.49619202644 2.90868826448 3.85589764227 3.18013419016 ;
1.67607942729 4.74509504264 0.0 1.93350914094 2.26741084691 0.843504672805 2.73364397829 ;
2.96057955192 4.50253565706 3.42785966424 3.50735250099 4.66821541447 1.95926015395 3.48168083985 ;
1.93521076283 4.59293759472 2.75237714021 2.79292099341 2.20893232998 1.73597388496 1.61698736902 ;
1.88999413616 4.78263556887 2.63272889348 2.26051308446 2.66110206491 0.983455289508 3.23361053216 ;
1.67607942729 4.74509504264 0.0 1.93350914094 2.26741084691 0.843504672805 2.73364397829 ;
1.88598634198 4.78282253828 2.63083535568 2.24660920258 2.64610065483 0.978784168 3.22842125666 ;
2.95094594764 4.50635594246 3.41571769304 3.5172171285 4.66173107714 1.94140509057 3.47923006747 ;
2.19132347922 4.76960510508 3.19437145247 4.49619202644 2.90868826448 3.85589764227 3.18013419016 ;
1.93108816128 4.59062860889 2.75613517295 2.79867296797 2.19648191013 1.77023532045 1.59248370757 ;
1.67607942729 4.74509504264 0.0 1.93350914094 2.26741084691 0.843504672805 2.73364397829 ;
2.96413522952 4.5021368833 3.43313710366 3.50465778825 4.66998129234 1.96332925506 3.48175513067 ;
1.93770021909 4.59400367046 2.75229421767 2.78911186813 2.19749189185 1.72922815424 1.64486546626 ;
2.19132347922 4.76960510508 3.19437145247 4.49619202644 2.90868826448 3.85589764227 3.18013419016 ;
1.89046968676 4.78262784645 2.63203495526 2.26369724713 2.6708759507 0.982682222884 3.23420151165 ;
1.67607942729 4.74509504264 0.0 1.93350914094 2.26741084691 0.843504672805 2.73364397829 ;
2.96413522952 4.5021368833 3.43313710366 3.50465778825 4.66998129234 1.96332925506 3.48175513067 ;
1.93770021909 4.59400367046 2.75229421767 2.78911186813 2.19749189185 1.72922815424 1.64486546626 ;
2.19132347922 4.76960510508 3.19437145247 4.49619202644 2.90868826448 3.85589764227 3.18013419016 ;
1.89046968676 4.78262784645 2.63203495526 2.26369724713 2.6708759507 0.982682222884 3.23420151165 ;
2.75429847678 4.61156933326 3.14598361524 3.18508787456 4.11734941099 1.59253698299 3.40807041855 ;
1.74981293528 4.69447690187 2.15692635216 2.58829940361 1.99358145636 1.54010753421 0.0 ;
1.64171907066 4.75852748004 1.80293341765 2.01081429554 2.83771851762 0.955425237253 3.0679461728 ;
2.17672238665 4.75947861903 3.1855267858 4.47946828309 2.90416901 3.85702397432 3.15767718955 ;
1.47565115287 4.7628832157 2.02899958685 2.0124064218 0.0 0.925408167623 3.02977552416 ;
2.08279488173 4.79131950228 2.74292692574 2.36912667225 2.39314415427 0.941808965629 3.17561039342 ;
2.94036639958 4.50209740188 3.40837158244 3.51365366887 4.66456686043 1.94750134308 3.48351785972 ;
1.72285283058 4.62989539402 1.76512958471 2.40851168703 1.74224400512 1.50542863236 1.61670590641 ;
2.18945717615 4.76800249654 3.19453623995 4.49324184627 2.90996610437 3.85813214296 3.17945516239 ;
1.4677830133 4.74622664373 1.1499263698 1.96074710919 3.31736955122 1.0142299916 3.21304449747 ;
1.93770021909 4.59400367046 2.75229421767 2.78911186813 2.19749189185 1.72922815424 1.64486546626 ;
1.89046968676 4.78262784645 2.63203495526 2.26369724713 2.6708759507 0.982682222884 3.23420151165 ;
2.19132347922 4.76960510508 3.19437145247 4.49619202644 2.90868826448 3.85589764227 3.18013419016 ;
1.67607942729 4.74509504264 0.0 1.93350914094 2.26741084691 0.843504672805 2.73364397829 ;
2.96413522952 4.5021368833 3.43313710366 3.50465778825 4.66998129234 1.96332925506 3.48175513067 ;
2.82084198057 4.53741644425 3.34564562196 3.21759849868 4.6125478712 2.32317453235 3.49603679279 ;
2.46419714618 4.74609959136 2.80823647444 2.72744191828 2.70324144218 0.806188348064 3.19220459815 ;
2.19156497957 4.76847019934 3.19503019671 4.49327339839 2.92077375094 3.85798569955 3.18201682966 ;
1.19666320708 4.77146375508 1.31570244666 1.78659081765 2.4272236729 0.914740568638 3.14755775027 ;
1.69884797347 4.59284087317 2.09725554191 2.58780840628 2.23928193151 1.75881567178 1.08335669177 ;
1.88598634198 4.78282253828 2.63083535568 2.24660920258 2.64610065483 0.978784168 3.22842125666 ;
2.19132347922 4.76960510508 3.19437145247 4.49619202644 2.90868826448 3.85589764227 3.18013419016 ;
1.93108816128 4.59062860889 2.75613517295 2.79867296797 2.19648191013 1.77023532045 1.59248370757 ;
1.67607942729 4.74509504264 0.0 1.93350914094 2.26741084691 0.843504672805 2.73364397829 ;
2.95094594764 4.50635594246 3.41571769304 3.5172171285 4.66173107714 1.94140509057 3.47923006747 ;
2.18945717615 4.76800249654 3.19453623995 4.49324184627 2.90996610437 3.85813214296 3.17945516239 ;
1.72285283058 4.62989539402 1.76512958471 2.40851168703 1.74224400512 1.50542863236 1.61670590641 ;
2.94036639958 4.50209740188 3.40837158244 3.51365366887 4.66456686043 1.94750134308 3.48351785972 ;
1.46919509845 4.74630633559 1.15304620828 1.95945121183 3.31934877156 1.01714958266 3.21323803343 ;
2.08280029505 4.79133107058 2.74319290224 2.37017678855 2.39121438357 0.940362453305 3.17547911182 ;
1.74981293528 4.69447690187 2.15692635216 2.58829940361 1.99358145636 1.54010753421 0.0 ;
2.99266602429 4.4851549873 3.46660389466 3.46252558801 4.67810066386 1.99670800666 3.47513459409 ;
1.69040738153 4.76348766821 1.40131796469 2.08849261985 1.69174862094 0.93509281605 2.96818253346 ;
2.18055870025 4.76387937587 3.19202300554 4.48666519324 2.9099679853 3.85990705035 3.16268554752 ;
2.04094183327 4.73756813475 2.77130138208 2.45897834829 3.33854579838 1.11984318375 3.28724629756 ;
2.96413522952 4.5021368833 3.43313710366 3.50465778825 4.66998129234 1.96332925506 3.48175513067 ;
1.93770021909 4.59400367046 2.75229421767 2.78911186813 2.19749189185 1.72922815424 1.64486546626 ;
2.19132347922 4.76960510508 3.19437145247 4.49619202644 2.90868826448 3.85589764227 3.18013419016 ;
1.89046968676 4.78262784645 2.63203495526 2.26369724713 2.6708759507 0.982682222884 3.23420151165 ;
1.67607942729 4.74509504264 0.0 1.93350914094 2.26741084691 0.843504672805 2.73364397829 ;
1.93770021909 4.59400367046 2.75229421767 2.78911186813 2.19749189185 1.72922815424 1.64486546626 ;
2.19132347922 4.76960510508 3.19437145247 4.49619202644 2.90868826448 3.85589764227 3.18013419016 ;
1.89046968676 4.78262784645 2.63203495526 2.26369724713 2.6708759507 0.982682222884 3.23420151165 ;
2.96413522952 4.5021368833 3.43313710366 3.50465778825 4.66998129234 1.96332925506 3.48175513067 ;
1.67607942729 4.74509504264 0.0 1.93350914094 2.26741084691 0.843504672805 2.73364397829 ;
2.95094594764 4.50635594246 3.41571769304 3.5172171285 4.66173107714 1.94140509057 3.47923006747 ;
2.19132347922 4.76960510508 3.19437145247 4.49619202644 2.90868826448 3.85589764227 3.18013419016 ;
1.93389686173 4.59154941739 2.75659876258 2.80250414938 2.1971291816 1.76393555062 1.59536934835 ;
1.67607942729 4.74509504264 0.0 1.93350914094 2.26741084691 0.843504672805 2.73364397829 ;
1.88522715486 4.78276198026 2.63060280927 2.24512728653 2.64634427218 0.979674781438 3.22917200506 ;
1.93108816128 4.59062860889 2.75613517295 2.79867296797 2.19648191013 1.77023532045 1.59248370757 ;
2.95094594764 4.50635594246 3.41571769304 3.5172171285 4.66173107714 1.94140509057 3.47923006747 ;
2.19132347922 4.76960510508 3.19437145247 4.49619202644 2.90868826448 3.85589764227 3.18013419016 ;
1.88598634198 4.78282253828 2.63083535568 2.24660920258 2.64610065483 0.978784168 3.22842125666 ;
1.67607942729 4.74509504264 0.0 1.93350914094 2.26741084691 0.843504672805 2.73364397829 ;
2.76069963768 4.60845313213 3.1531477401 3.19540944488 4.15003568482 1.60953797791 3.40982973536 ;
1.47565115287 4.7628832157 2.02899958685 2.0124064218 0.0 0.925408167623 3.02977552416 ;
1.65663372477 4.75896092631 1.82153360814 2.02278200362 2.82806747914 0.949850674606 3.07271482275 ;
2.17672238665 4.75947861903 3.1855267858 4.47946828309 2.90416901 3.85702397432 3.15767718955 ;
1.74981293528 4.69447690187 2.15692635216 2.58829940361 1.99358145636 1.54010753421 0.0 ;
2.81095995674 4.56032232193 3.27988278241 3.30719421162 4.5310006902 1.81196332652 3.46868832005 ;
1.83958338119 4.78254521435 2.00274827574 2.15726469242 2.89238571829 0.895915460675 3.17581112826 ;
2.19041415025 4.76776176822 3.19258419286 4.49304918949 2.90731136521 3.85534846091 3.17901243916 ;
1.44718130678 4.77089614255 2.03069374917 2.02247656639 0.0 0.913404446634 2.69937793982 ;
1.96678470263 4.58319518793 2.26290159384 2.72091971454 2.63045543146 1.74734430101 1.36664043642 ;
1.88522715486 4.78276198026 2.63060280927 2.24512728653 2.64634427218 0.979674781438 3.22917200506 ;
2.19132347922 4.76960510508 3.19437145247 4.49619202644 2.90868826448 3.85589764227 3.18013419016 ;
1.67607942729 4.74509504264 0.0 1.93350914094 2.26741084691 0.843504672805 2.73364397829 ;
2.95094594764 4.50635594246 3.41571769304 3.5172171285 4.66173107714 1.94140509057 3.47923006747 ;
1.93389686173 4.59154941739 2.75659876258 2.80250414938 2.1971291816 1.76393555062 1.59536934835 ;
1.69884797347 4.59284087317 2.09725554191 2.58780840628 2.23928193151 1.75881567178 1.08335669177 ;
2.19156497957 4.76847019934 3.19503019671 4.49327339839 2.92077375094 3.85798569955 3.18201682966 ;
2.46419714618 4.74609959136 2.80823647444 2.72744191828 2.70324144218 0.806188348064 3.19220459815 ;
1.19666320708 4.77146375508 1.31570244666 1.78659081765 2.4272236729 0.914740568638 3.14755775027 ;
2.82084198057 4.53741644425 3.34564562196 3.21759849868 4.6125478712 2.32317453235 3.49603679279 ;
1.93389686173 4.59154941739 2.75659876258 2.80250414938 2.1971291816 1.76393555062 1.59536934835 ;
1.67607942729 4.74509504264 0.0 1.93350914094 2.26741084691 0.843504672805 2.73364397829 ;
2.19132347922 4.76960510508 3.19437145247 4.49619202644 2.90868826448 3.85589764227 3.18013419016 ;
2.95094594764 4.50635594246 3.41571769304 3.5172171285 4.66173107714 1.94140509057 3.47923006747 ;
1.88522715486 4.78276198026 2.63060280927 2.24512728653 2.64634427218 0.979674781438 3.22917200506 ;
1.74981293528 4.69447690187 2.15692635216 2.58829940361 1.99358145636 1.54010753421 0.0 ;
2.03040196146 4.73622937902 2.77030890636 2.46721243878 3.30715480835 1.13623811432 3.27879364453 ;
1.69321553649 4.76481873422 1.3594261332 2.04945652319 1.7130395534 0.888133679178 2.96800538626 ;
2.17844872657 4.76515044112 3.19285871465 4.48827174689 2.8701089453 3.86066319735 3.16408643309 ;
2.99249544662 4.48578037346 3.46583275617 3.46382276173 4.68027065244 1.99557315676 3.47757124251 ;
2.95094594764 4.50635594246 3.41571769304 3.5172171285 4.66173107714 1.94140509057 3.47923006747 ;
1.88522715486 4.78276198026 2.63060280927 2.24512728653 2.64634427218 0.979674781438 3.22917200506 ;
2.19132347922 4.76960510508 3.19437145247 4.49619202644 2.90868826448 3.85589764227 3.18013419016 ;
1.67607942729 4.74509504264 0.0 1.93350914094 2.26741084691 0.843504672805 2.73364397829 ;
1.93389686173 4.59154941739 2.75659876258 2.80250414938 2.1971291816 1.76393555062 1.59536934835 ;
1.67607942729 4.74509504264 0.0 1.93350914094 2.26741084691 0.843504672805 2.73364397829 ;
2.95094594764 4.50635594246 3.41571769304 3.5172171285 4.66173107714 1.94140509057 3.47923006747 ;
1.93108816128 4.59062860889 2.75613517295 2.79867296797 2.19648191013 1.77023532045 1.59248370757 ;
1.88598634198 4.78282253828 2.63083535568 2.24660920258 2.64610065483 0.978784168 3.22842125666 ;
2.19132347922 4.76960510508 3.19437145247 4.49619202644 2.90868826448 3.85589764227 3.18013419016 ;
2.95200236704 4.50448479374 3.41822923709 3.51437599197 4.66504826491 1.94549686322 3.48068057205 ;
1.88593960488 4.78284582319 2.63153919171 2.24961240536 2.64792891101 0.981344613367 3.22844878146 ;
1.67607942729 4.74509504264 0.0 1.93350914094 2.26741084691 0.843504672805 2.73364397829 ;
1.94080363623 4.59090271253 2.75730505487 2.80550931476 2.20497607153 1.76318528026 1.59248269075 ;
2.19132347922 4.76960510508 3.19437145247 4.49619202644 2.90868826448 3.85589764227 3.18013419016 ;
0.0 4.75169011047 2.65303459176 2.31657950718 2.31361372249 1.46698549065 2.80967804947 ;
2.10390092234 4.59355327416 2.18579188543 2.83456962918 2.13913143545 1.8350935948 1.38889526539 ;
2.12994566625 4.79151683704 1.83254994754 2.14330354951 2.23528490145 0.838006665938 3.13958103628 ;
2.72279190494 4.57764916035 3.21842363828 3.19681177932 4.46484297309 1.72808393436 3.45155042422 ;
2.4397288212 4.76940228553 3.20191287328 4.49451121333 2.92055579142 3.85733544898 3.20082445491 ;
2.18945717615 4.76800249654 3.19453623995 4.49324184627 2.90996610437 3.85813214296 3.17945516239 ;
1.72285283058 4.63013003377 1.76007145709 2.41444032486 1.74346674264 1.50791238668 1.61835064557 ;
1.50787841813 4.74568904549 1.21640451854 1.93518512715 3.36143014202 1.05751975877 3.22360866191 ;
2.07408588515 4.79233803407 2.7410915123 2.38638914537 2.35062617528 0.916129137409 3.16830645526 ;
2.93941281139 4.50267296592 3.40853919683 3.512723526 4.6652049724 1.94894183618 3.48420976004 ;
1.88999413616 4.78263556887 2.63272889348 2.26051308446 2.66110206491 0.983455289508 3.23361053216 ;
1.67607942729 4.74509504264 0.0 1.93350914094 2.26741084691 0.843504672805 2.73364397829 ;
1.93521076283 4.59293759472 2.75237714021 2.79292099341 2.20893232998 1.73597388496 1.61698736902 ;
2.19132347922 4.76960510508 3.19437145247 4.49619202644 2.90868826448 3.85589764227 3.18013419016 ;
2.96057955192 4.50253565706 3.42785966424 3.50735250099 4.66821541447 1.95926015395 3.48168083985 ;
1.74981293528 4.69447690187 2.15692635216 2.58829940361 1.99358145636 1.54010753421 0.0 ;
2.8470383945 4.5426064058 3.32775670628 3.32137582049 4.58023282716 1.87450678251 3.48302374899 ;
1.84820417082 4.75610332237 2.61303878359 2.2960853816 2.43026891267 1.02546344126 3.12326441616 ;
2.18413167395 4.7665384222 3.1944320888 4.49083120383 2.91118376866 3.85836045449 3.16792345319 ;
1.6979405937 4.74819651588 0.0 1.94745911473 2.28779765745 0.84521621834 3.01424981712 ;
2.82084198057 4.53741644425 3.34564562196 3.21759849868 4.6125478712 2.32317453235 3.49603679279 ;
1.69884797347 4.59284087317 2.09725554191 2.58780840628 2.23928193151 1.75881567178 1.08335669177 ;
2.19156497957 4.76847019934 3.19503019671 4.49327339839 2.92077375094 3.85798569955 3.18201682966 ;
1.19666320708 4.77146375508 1.31570244666 1.78659081765 2.4272236729 0.914740568638 3.14755775027 ;
2.46419714618 4.74609959136 2.80823647444 2.72744191828 2.70324144218 0.806188348064 3.19220459815 ;
1.88999413616 4.78263556887 2.63272889348 2.26051308446 2.66110206491 0.983455289508 3.23361053216 ;
1.93521076283 4.59293759472 2.75237714021 2.79292099341 2.20893232998 1.73597388496 1.61698736902 ;
2.96057955192 4.50253565706 3.42785966424 3.50735250099 4.66821541447 1.95926015395 3.48168083985 ;
2.19132347922 4.76960510508 3.19437145247 4.49619202644 2.90868826448 3.85589764227 3.18013419016 ;
1.67607942729 4.74509504264 0.0 1.93350914094 2.26741084691 0.843504672805 2.73364397829 ;
