cluster 0
size:351
#377eb8
[ 2.60246044  4.66482192  2.88638541  2.88386359  3.94745978  0.04975582
  3.20581329]

cluster 1
size:449
#ff7f00
[ 2.14058172  4.67395861  3.067763    4.35098387  2.66760328  3.72263772
  2.74981125]

cluster 2
size:573
#4daf4a
[ 2.95421889  4.48430909  3.3557819   3.64052421  4.57001665  2.30728213
  3.42082611]

cluster 3
size:314
#f781bf
[ 2.33672925  4.72565395  2.67645205  2.03562202  3.90111903  1.86220978
  3.19326705]

cluster 4
size:256
#a65628
[ 1.56657857  4.75545168  2.54679537  2.00297889  0.12218569  0.71701807
  2.69661931]

cluster 5
size:175
#984ea3
[ 1.83481213  4.69511757  0.07409544  1.94864473  3.65819552  0.9822079
  2.94786059]

cluster 6
size:228
#999999
[ 1.50686254  4.73235353  0.09541118  1.47395271  1.45091803  0.49252863
  2.6509089 ]

cluster 7
size:281
#e41a1c
[ 0.38125066  4.73498691  2.55083622  1.08549422  3.42840007  0.9029334
  3.01499693]

cluster 8
size:382
#dede00
[ 2.15069979  4.77314759  2.64155125  2.47167228  2.13632487  0.78208068
  2.78324613]

