1.74981293528 4.69447690187 2.15692635216 2.58829940361 1.99358145636 1.54010753421 0.0 ;
2.95843206998 4.50637243044 3.42528577525 3.512306454 4.66349027435 1.94390148588 3.48385073653 ;
1.6979405937 4.74819651588 0.0 1.94745911473 2.28779765745 0.84521621834 3.01424981712 ;
2.18372629618 4.76579933503 3.19134921693 4.49044473435 2.90737797516 3.85717433794 3.16712691621 ;
1.97702899526 4.74805307219 2.65922678668 2.36790024865 3.120568579 1.10158667299 3.17957183063 ;
1.52302059478 4.75725999684 2.57790768764 2.07843885332 0.0 0.970510713603 3.05183772731 ;
2.99118887347 4.49073916006 3.46066869015 3.47100468163 4.6804560825 1.9813920449 3.4805271623 ;
1.48988037905 4.76871040342 2.57162090507 2.08727133705 0.0 0.946155047343 2.69746309716 ;
2.06358926887 4.54934406708 2.77838896726 2.84490404771 2.79675887708 1.82819952651 1.64990943823 ;
2.19296720691 4.77034173638 3.19435191562 4.4966015558 2.91136830248 3.85567279785 3.18140231718 ;
1.97876203672 4.77911551593 2.66006000126 2.38166087423 3.18527936368 1.04060803623 3.25435967244 ;
1.67607942729 4.74509504264 0.0 1.93350914094 2.26741084691 0.843504672805 2.73364397829 ;
1.17072920906 4.77122212618 1.26863187515 1.88979237098 2.38181523398 0.87921151421 3.14264849483 ;
2.82149662229 4.52810945268 3.32594564019 3.36031525631 4.61637172608 1.88784538181 3.48287740436 ;
1.68382038001 4.56741618043 1.87580999282 2.20212931727 2.13289414067 1.1692055393 1.1858255523 ;
2.40607434608 4.79391825551 2.74060987928 2.40711848105 2.47719905776 0.909441084453 3.16564305129 ;
1.2527214264 4.68972611735 3.12462718745 4.35781435756 2.53989179202 3.89695112637 2.26269579848 ;
2.4819887818 4.78013824134 3.21220171428 4.50910659729 2.94760531976 3.85688264801 3.24388873517 ;
2.19264939556 4.76983585163 3.19651313264 4.49502246194 2.91724052116 3.85811570215 3.18164274734 ;
1.67607942729 4.74509504264 0.0 1.93350914094 2.26741084691 0.843504672805 2.73364397829 ;
2.55069513463 4.7107939107 2.84555891568 2.92544676414 2.49254641617 0.810045222024 3.21624155452 ;
1.66098377285 4.76221868586 2.55548348482 2.03809615659 3.54367296082 1.13818919356 3.28347522186 ;
2.99071941786 4.48671609746 3.48324660508 3.44868766176 4.70228352189 2.37894622952 3.50942088389 ;
1.43024696895 4.69395135741 2.71602343372 2.43954899476 1.48950031833 1.61146734322 1.64044671072 ;
2.95843206998 4.50637243044 3.42528577525 3.512306454 4.66349027435 1.94390148588 3.48385073653 ;
1.6979405937 4.74819651588 0.0 1.94745911473 2.28779765745 0.84521621834 3.01424981712 ;
2.18372629618 4.76579933503 3.19134921693 4.49044473435 2.90737797516 3.85717433794 3.16712691621 ;
1.97702899526 4.74805307219 2.65922678668 2.36790024865 3.120568579 1.10158667299 3.17957183063 ;
1.74981293528 4.69447690187 2.15692635216 2.58829940361 1.99358145636 1.54010753421 0.0 ;
1.52302059478 4.75725999684 2.57790768764 2.07843885332 0.0 0.970510713603 3.05183772731 ;
1.67607942729 4.74509504264 0.0 1.93350914094 2.26741084691 0.843504672805 2.73364397829 ;
2.99028977466 4.48950486199 3.48032459222 3.45105611877 4.70170444833 2.37075248724 3.50650652374 ;
2.01271759674 4.77734964939 2.67947115332 2.42388903392 3.23191561635 1.01111969694 3.26133884942 ;
2.19423685581 4.77053211445 3.1950272699 4.49639858828 2.91517773935 3.85557053949 3.18204994686 ;
1.48988037905 4.76871040342 2.57162090507 2.08727133705 0.0 0.946155047343 2.69746309716 ;
2.23381800314 4.5095873943 2.90247377517 2.96201122813 3.12135077377 1.54016236276 1.94642272029 ;
2.19291517519 4.76901709938 3.19427558242 4.49353764893 2.91446094356 3.85647103022 3.18135463878 ;
1.64448653488 4.7622884942 2.54297986077 2.02580358448 3.54189322553 1.1401175018 3.27833612425 ;
1.42594668971 4.68867463151 2.70925003888 2.50861874692 1.52893941505 1.64631717395 1.617084651 ;
2.99174495844 4.48403663687 3.48499471128 3.44495650426 4.70381904296 2.37990127115 3.50841858619 ;
1.67607942729 4.74509504264 0.0 1.93350914094 2.26741084691 0.843504672805 2.73364397829 ;
2.53979808388 4.71554432049 2.85411611562 2.8804407231 2.50025477265 0.802515744612 3.22268797807 ;
0.0 4.75232753367 2.68781240352 2.3789401801 2.48992500739 1.51457986241 3.06720442251 ;
2.41794579682 4.76317242144 3.19830668962 4.48407828587 2.91771623477 3.85931578532 3.18371535613 ;
1.74981293528 4.69447690187 2.15692635216 2.58829940361 1.99358145636 1.54010753421 0.0 ;
1.75609164346 4.76150680029 1.90890934995 2.06787909752 0.0 0.961480559972 3.04775879911 ;
2.20881038558 4.75779559371 1.87959282161 2.26876447605 2.76727181832 0.97276914125 3.0880238627 ;
2.72689014506 4.57508457033 3.23258041927 3.20056352174 4.48640359713 1.72307434829 3.45528588704 ;
1.95478684497 4.78147357462 2.68033380046 2.34263579215 3.15568840283 1.02822596555 3.25244390867 ;
2.96717718844 4.49992467043 3.43796457944 3.49907403219 4.67265709313 1.96177196502 3.48016548828 ;
2.19132347922 4.76960510508 3.19437145247 4.49619202644 2.90868826448 3.85589764227 3.18013419016 ;
2.09864638495 4.567709805 2.65580864089 2.80669125642 2.80005733522 1.77936422702 1.73776817301 ;
1.48988037905 4.76871040342 2.57162090507 2.08727133705 0.0 0.946155047343 2.69746309716 ;
1.67607942729 4.74509504264 0.0 1.93350914094 2.26741084691 0.843504672805 2.73364397829 ;
2.5377278286 4.7165063453 2.85154842458 2.87196665126 2.50102480369 0.797170665809 3.22024733316 ;
1.4309325173 4.6880702977 2.7098471871 2.50578990152 1.53018800245 1.6520735277 1.61091403767 ;
1.67607942729 4.74509504264 0.0 1.93350914094 2.26741084691 0.843504672805 2.73364397829 ;
1.63609712385 4.76155735717 2.54263736159 2.02838827557 3.54261657325 1.144075246 3.28104449808 ;
2.19291517519 4.76901709938 3.19427558242 4.49353764893 2.91446094356 3.85647103022 3.18135463878 ;
2.99087372738 4.48508001744 3.48400667536 3.44573115068 4.70306935769 2.37994839844 3.50853532329 ;
1.6979405937 4.74819651588 0.0 1.94745911473 2.28779765745 0.84521621834 3.01424981712 ;
2.9964692139 4.48864196108 3.46299278357 3.4669012175 4.67819371821 1.98944726939 3.48338004865 ;
2.03574369984 4.78169675553 2.64695992277 2.37483390831 3.48018222852 1.06676834045 3.31743616455 ;
2.19175238529 4.76948249292 3.19424380076 4.49577466513 2.90819637243 3.85716136279 3.17646051742 ;
1.74981293528 4.69447690187 2.15692635216 2.58829940361 1.99358145636 1.54010753421 0.0 ;
1.7501650688 4.69540837111 2.67266445884 2.37946709273 1.476586507 1.14319782088 2.94189649326 ;
1.97876203672 4.77911551593 2.66006000126 2.38166087423 3.18527936368 1.04060803623 3.25435967244 ;
2.99118887347 4.49073916006 3.46066869015 3.47100468163 4.6804560825 1.9813920449 3.4805271623 ;
1.67607942729 4.74509504264 0.0 1.93350914094 2.26741084691 0.843504672805 2.73364397829 ;
2.19296720691 4.77034173638 3.19435191562 4.4966015558 2.91136830248 3.85567279785 3.18140231718 ;
2.06358926887 4.54934406708 2.77838896726 2.84490404771 2.79675887708 1.82819952651 1.64990943823 ;
1.48988037905 4.76871040342 2.57162090507 2.08727133705 0.0 0.946155047343 2.69746309716 ;
1.71099637475 4.76330889477 2.55399888104 2.06155454476 3.48511439782 1.11126279635 3.27272877389 ;
2.9906467274 4.48438641505 3.48431290039 3.44470548223 4.70493943262 2.38005513305 3.50723593961 ;
2.19094754817 4.77076532456 3.20041688671 4.49783666768 2.9217248385 3.86007556865 3.18313516945 ;
1.67607942729 4.74509504264 0.0 1.93350914094 2.26741084691 0.843504672805 2.73364397829 ;
2.57465154946 4.69930439441 2.89999152791 3.08067069478 2.50447738938 0.886563568735 3.2194314579 ;
1.42504746117 4.70545863696 2.66536284927 2.26071197459 1.45345119206 1.51912332502 1.66104558833 ;
2.19296720691 4.77034173638 3.19435191562 4.4966015558 2.91136830248 3.85567279785 3.18140231718 ;
1.48988037905 4.76871040342 2.57162090507 2.08727133705 0.0 0.946155047343 2.69746309716 ;
2.99287654938 4.48988876607 3.46561844933 3.46952242465 4.68064608007 1.99704459885 3.48364773347 ;
1.97396200157 4.7785032773 2.66903950064 2.38538704535 3.189689101 1.03324130819 3.25438432933 ;
2.08408976126 4.55546006284 2.73189085422 2.83061233129 2.78926013175 1.8218091952 1.66579239973 ;
1.67607942729 4.74509504264 0.0 1.93350914094 2.26741084691 0.843504672805 2.73364397829 ;
2.19365738807 4.7691506499 3.19427412176 4.49345362377 2.91864582651 3.85608939002 3.18223546336 ;
2.83230206475 4.53792033952 3.35361314695 3.23245949903 4.62739301228 2.33872868891 3.49708551573 ;
2.48587288083 4.72229615102 2.72213217789 2.70591532617 3.21059993714 0.865255020204 3.24140858411 ;
1.50581937813 4.75431694999 2.57864236227 2.08132695138 0.0 0.971269866222 2.69970260493 ;
1.01006154336 4.72119173471 2.70865104989 2.19789028456 2.95876417693 1.43098066391 2.23712817581 ;
1.67607942729 4.74509504264 0.0 1.93350914094 2.26741084691 0.843504672805 2.73364397829 ;
2.19094754817 4.77076532456 3.20041688671 4.49783666768 2.9217248385 3.86007556865 3.18313516945 ;
1.67607942729 4.74509504264 0.0 1.93350914094 2.26741084691 0.843504672805 2.73364397829 ;
2.57465154946 4.69930439441 2.89999152791 3.08067069478 2.50447738938 0.886563568735 3.2194314579 ;
2.9906467274 4.48438641505 3.48431290039 3.44470548223 4.70493943262 2.38005513305 3.50723593961 ;
1.42504746117 4.70545863696 2.66536284927 2.26071197459 1.45345119206 1.51912332502 1.66104558833 ;
1.71099637475 4.76330889477 2.55399888104 2.06155454476 3.48511439782 1.11126279635 3.27272877389 ;
1.42231203221 4.6892851729 2.71357462006 2.50879823431 1.5132344303 1.65787027692 1.6127612151 ;
2.53577541662 4.71531762534 2.84690590257 2.87074493982 2.50076496392 0.789593190492 3.21354736822 ;
1.63826605568 4.76157727574 2.54423064138 2.02175045886 3.54441273817 1.14739114023 3.28296437898 ;
2.19291517519 4.76901709938 3.19427558242 4.49353764893 2.91446094356 3.85647103022 3.18135463878 ;
2.98953515606 4.48741992919 3.48191385551 3.4496466973 4.70201441851 2.37786635297 3.50975229433 ;
1.67607942729 4.74509504264 0.0 1.93350914094 2.26741084691 0.843504672805 2.73364397829 ;
1.43024696895 4.69395135741 2.71602343372 2.43954899476 1.48950031833 1.61146734322 1.64044671072 ;
2.19264939556 4.76983585163 3.19651313264 4.49502246194 2.91724052116 3.85811570215 3.18164274734 ;
1.66098377285 4.76221868586 2.55548348482 2.03809615659 3.54367296082 1.13818919356 3.28347522186 ;
2.99071941786 4.48671609746 3.48324660508 3.44868766176 4.70228352189 2.37894622952 3.50942088389 ;
1.67607942729 4.74509504264 0.0 1.93350914094 2.26741084691 0.843504672805 2.73364397829 ;
2.55069513463 4.7107939107 2.84555891568 2.92544676414 2.49254641617 0.810045222024 3.21624155452 ;
1.62842956317 4.76169591019 2.53901560593 2.02002654454 3.5396231385 1.1374681333 3.28142605214 ;
2.99087372738 4.48508001744 3.48400667536 3.44573115068 4.70306935769 2.37994839844 3.50853532329 ;
1.43378224461 4.68649747699 2.7093659986 2.50879513693 1.53522267639 1.65939634354 1.61514620321 ;
2.5395670786 4.71741813447 2.85337973976 2.87357448328 2.50959710571 0.800786773281 3.22090037461 ;
2.19291517519 4.76901709938 3.19427558242 4.49353764893 2.91446094356 3.85647103022 3.18135463878 ;
1.67607942729 4.74509504264 0.0 1.93350914094 2.26741084691 0.843504672805 2.73364397829 ;
1.91790765363 4.77605479794 2.7822824703 2.3661859073 3.6354441688 1.10918480666 3.3342733881 ;
2.99811363907 4.47478908858 3.48360674002 3.43911355432 4.68632134968 2.00515129311 3.48211774712 ;
1.67607942729 4.74509504264 0.0 1.93350914094 2.26741084691 0.843504672805 2.73364397829 ;
1.20454027823 4.69769633961 2.67258603442 2.39897769297 1.65216817299 1.48127886282 1.57144797095 ;
2.191239343 4.77117647041 3.1998957166 4.49813924093 2.91775959851 3.85960149774 3.18272455472 ;
2.30698194675 4.72403752647 2.52467566214 2.54256824329 1.90428989345 1.05776841831 3.0960578875 ;
1.67607942729 4.74509504264 0.0 1.93350914094 2.26741084691 0.843504672805 2.73364397829 ;
1.97876203672 4.77911551593 2.66006000126 2.38166087423 3.18527936368 1.04060803623 3.25435967244 ;
2.06358926887 4.54934406708 2.77838896726 2.84490404771 2.79675887708 1.82819952651 1.64990943823 ;
2.19296720691 4.77034173638 3.19435191562 4.4966015558 2.91136830248 3.85567279785 3.18140231718 ;
2.99118887347 4.49073916006 3.46066869015 3.47100468163 4.6804560825 1.9813920449 3.4805271623 ;
1.48988037905 4.76871040342 2.57162090507 2.08727133705 0.0 0.946155047343 2.69746309716 ;
2.99071941786 4.48671609746 3.48324660508 3.44868766176 4.70228352189 2.37894622952 3.50942088389 ;
1.65344770227 4.76197015886 2.55073518631 2.04007780624 3.54617188988 1.13690163962 3.28499611192 ;
2.19264939556 4.76983585163 3.19651313264 4.49502246194 2.91724052116 3.85811570215 3.18164274734 ;
1.41970157928 4.68855710057 2.71787668916 2.4800223854 1.51410331466 1.64361819692 1.60424817932 ;
2.53622039833 4.71369602096 2.84443720135 2.8889250805 2.47304945788 0.812756202432 3.20652659235 ;
1.67607942729 4.74509504264 0.0 1.93350914094 2.26741084691 0.843504672805 2.73364397829 ;
2.99229276093 4.48582850819 3.47477454361 3.45965128904 4.68550798085 1.99426977632 3.48236228209 ;
1.9724466913 4.77665884495 2.73857452169 2.33856542844 3.44229681588 1.03922769318 3.29421309293 ;
2.36520968461 4.68218232427 2.59639725104 2.86891730637 1.93467479051 1.42602298494 3.0440634614 ;
1.08294691805 4.72509738093 2.51797957705 1.82025777412 1.20128827975 0.893292681238 1.82687495804 ;
1.67607942729 4.74509504264 0.0 1.93350914094 2.26741084691 0.843504672805 2.73364397829 ;
2.17029217305 4.77040866957 3.19685800705 4.49925702624 2.91447158419 3.85988921424 3.038809547 ;
2.19264939556 4.76983585163 3.19651313264 4.49502246194 2.91724052116 3.85811570215 3.18164274734 ;
1.40995336809 4.69267753422 2.71703401458 2.45796490227 1.51230627864 1.61746453396 1.597614194 ;
2.53711442438 4.71161645112 2.84325417691 2.9000486221 2.4666738974 0.822647770617 3.20431930119 ;
2.99071941786 4.48671609746 3.48324660508 3.44868766176 4.70228352189 2.37894622952 3.50942088389 ;
1.67607942729 4.74509504264 0.0 1.93350914094 2.26741084691 0.843504672805 2.73364397829 ;
1.65772505987 4.76188214289 2.5533813981 2.04168915383 3.54507748439 1.1399592699 3.28465345555 ;
2.99118887347 4.49073916006 3.46066869015 3.47100468163 4.6804560825 1.9813920449 3.4805271623 ;
1.97876203672 4.77911551593 2.66006000126 2.38166087423 3.18527936368 1.04060803623 3.25435967244 ;
2.06358926887 4.54934406708 2.77838896726 2.84490404771 2.79675887708 1.82819952651 1.64990943823 ;
2.19296720691 4.77034173638 3.19435191562 4.4966015558 2.91136830248 3.85567279785 3.18140231718 ;
1.48988037905 4.76871040342 2.57162090507 2.08727133705 0.0 0.946155047343 2.69746309716 ;
1.67607942729 4.74509504264 0.0 1.93350914094 2.26741084691 0.843504672805 2.73364397829 ;
1.67607942729 4.74509504264 0.0 1.93350914094 2.26741084691 0.843504672805 2.73364397829 ;
2.19365738807 4.7691506499 3.19427412176 4.49345362377 2.91864582651 3.85608939002 3.18223546336 ;
1.02414271534 4.72142595052 2.70938984558 2.1729142586 2.97032767961 1.42850391328 2.24983656774 ;
2.48697826965 4.72267853565 2.72084610602 2.71726123824 3.20374113732 0.859662124838 3.23961739425 ;
2.83088976576 4.5378672451 3.35273742974 3.23333974688 4.62688209768 2.33932118888 3.49818024845 ;
1.50581937813 4.75431694999 2.57864236227 2.08132695138 0.0 0.971269866222 2.69970260493 ;
1.97876203672 4.77911551593 2.66006000126 2.38166087423 3.18527936368 1.04060803623 3.25435967244 ;
1.67607942729 4.74509504264 0.0 1.93350914094 2.26741084691 0.843504672805 2.73364397829 ;
2.99118887347 4.49073916006 3.46066869015 3.47100468163 4.6804560825 1.9813920449 3.4805271623 ;
2.06358926887 4.54934406708 2.77838896726 2.84490404771 2.79675887708 1.82819952651 1.64990943823 ;
2.19296720691 4.77034173638 3.19435191562 4.4966015558 2.91136830248 3.85567279785 3.18140231718 ;
1.48988037905 4.76871040342 2.57162090507 2.08727133705 0.0 0.946155047343 2.69746309716 ;
1.67607942729 4.74509504264 0.0 1.93350914094 2.26741084691 0.843504672805 2.73364397829 ;
2.98962434294 4.48707121231 3.48256375785 3.44844804998 4.70339373284 2.37909668774 3.50824731437 ;
1.6673499941 4.76163107211 2.55422149291 2.04186844376 3.53870715202 1.13363484867 3.28262430537 ;
2.54605659987 4.71034383139 2.84921776275 2.92330367832 2.47979010499 0.826833178509 3.20935238848 ;
1.41048940417 4.69373746051 2.7144195875 2.43701177291 1.49100619021 1.6083269342 1.61438016099 ;
2.19264939556 4.76983585163 3.19651313264 4.49502246194 2.91724052116 3.85811570215 3.18164274734 ;
2.06358926887 4.54934406708 2.77838896726 2.84490404771 2.79675887708 1.82819952651 1.64990943823 ;
2.99118887347 4.49073916006 3.46066869015 3.47100468163 4.6804560825 1.9813920449 3.4805271623 ;
1.48988037905 4.76871040342 2.57162090507 2.08727133705 0.0 0.946155047343 2.69746309716 ;
2.19296720691 4.77034173638 3.19435191562 4.4966015558 2.91136830248 3.85567279785 3.18140231718 ;
1.97876203672 4.77911551593 2.66006000126 2.38166087423 3.18527936368 1.04060803623 3.25435967244 ;
1.67607942729 4.74509504264 0.0 1.93350914094 2.26741084691 0.843504672805 2.73364397829 ;
2.06358926887 4.54934406708 2.77838896726 2.84490404771 2.79675887708 1.82819952651 1.64990943823 ;
2.99118887347 4.49073916006 3.46066869015 3.47100468163 4.6804560825 1.9813920449 3.4805271623 ;
1.97876203672 4.77911551593 2.66006000126 2.38166087423 3.18527936368 1.04060803623 3.25435967244 ;
1.48988037905 4.76871040342 2.57162090507 2.08727133705 0.0 0.946155047343 2.69746309716 ;
1.67607942729 4.74509504264 0.0 1.93350914094 2.26741084691 0.843504672805 2.73364397829 ;
2.19296720691 4.77034173638 3.19435191562 4.4966015558 2.91136830248 3.85567279785 3.18140231718 ;
1.47565115287 4.7628832157 2.02899958685 2.0124064218 0.0 0.925408167623 3.02977552416 ;
2.53319612387 4.71164811974 2.84319141507 2.92639010066 3.17151430423 0.868694823582 3.23579070768 ;
2.82488347379 4.54282623551 3.33893337401 3.21608894657 4.61993404814 2.33505624637 3.49335628771 ;
1.38006559767 4.74713582426 1.45174194681 1.81220207977 3.03058985419 1.00391208804 3.05749382352 ;
2.1845226328 4.76727660791 3.19643290674 4.49072234378 2.92378289573 3.86024725125 3.16828108727 ;
1.74981293528 4.69447690187 2.15692635216 2.58829940361 1.99358145636 1.54010753421 0.0 ;
2.83088976576 4.5378672451 3.35273742974 3.23333974688 4.62688209768 2.33932118888 3.49818024845 ;
1.0129501355 4.72140705066 2.70939403561 2.19159260466 2.96286298843 1.4306132615 2.2413040386 ;
1.67607942729 4.74509504264 0.0 1.93350914094 2.26741084691 0.843504672805 2.73364397829 ;
2.19365738807 4.7691506499 3.19427412176 4.49345362377 2.91864582651 3.85608939002 3.18223546336 ;
1.50581937813 4.75431694999 2.57864236227 2.08132695138 0.0 0.971269866222 2.69970260493 ;
2.4863957862 4.72268196355 2.72080283174 2.70741608883 3.20604178569 0.860834060633 3.23962767225 ;
2.48689534221 4.72215267678 2.72393791516 2.71065165571 3.21640107171 0.869465771986 3.24243923751 ;
2.83270673885 4.53698005771 3.35445578908 3.22731748966 4.62611802961 2.34069973884 3.49688479091 ;
2.19365738807 4.7691506499 3.19427412176 4.49345362377 2.91864582651 3.85608939002 3.18223546336 ;
1.67607942729 4.74509504264 0.0 1.93350914094 2.26741084691 0.843504672805 2.73364397829 ;
1.50581937813 4.75431694999 2.57864236227 2.08132695138 0.0 0.971269866222 2.69970260493 ;
1.01006154336 4.72119173471 2.70865104989 2.19789028456 2.95876417693 1.43098066391 2.23712817581 ;
2.01268809488 4.77545318313 2.67756706878 2.39951114048 3.30658059156 1.04759656847 3.2743939691 ;
1.45317521093 4.77842604744 2.60716129708 1.95317050714 0.680360454325 0.703202071152 2.42090971012 ;
2.23657920911 4.51678364107 2.70415058882 3.24640070032 2.66104247266 2.38460297017 2.05708390148 ;
2.19296720691 4.77034173638 3.19435191562 4.4966015558 2.91136830248 3.85567279785 3.18140231718 ;
2.99693191466 4.48884401193 3.46571453677 3.46691109318 4.67969268345 1.98956920004 3.48014595221 ;
1.67607942729 4.74509504264 0.0 1.93350914094 2.26741084691 0.843504672805 2.73364397829 ;
1.74981293528 4.69447690187 2.15692635216 2.58829940361 1.99358145636 1.54010753421 0.0 ;
1.38006559767 4.74713582426 1.45174194681 1.81220207977 3.03058985419 1.00391208804 3.05749382352 ;
2.1845226328 4.76727660791 3.19643290674 4.49072234378 2.92378289573 3.86024725125 3.16828108727 ;
2.82488347379 4.54282623551 3.33893337401 3.21608894657 4.61993404814 2.33505624637 3.49335628771 ;
1.47565115287 4.7628832157 2.02899958685 2.0124064218 0.0 0.925408167623 3.02977552416 ;
2.53319612387 4.71164811974 2.84319141507 2.92639010066 3.17151430423 0.868694823582 3.23579070768 ;
2.53910664405 4.71461936851 2.84725340553 2.88827494304 2.49399427505 0.800229416769 3.21195740278 ;
1.42610859389 4.69012775909 2.71549683047 2.48610575358 1.50062642884 1.65062881277 1.61912936422 ;
2.19237824883 4.76893611461 3.19519137784 4.49346057381 2.9164503098 3.85779582575 3.1813737192 ;
1.65291479205 4.76148889365 2.54975313621 2.03773997631 3.54400595705 1.13991143511 3.28405050137 ;
2.99158788466 4.48567993916 3.48422992913 3.44792307236 4.70302906829 2.378896528 3.5093068484 ;
1.67607942729 4.74509504264 0.0 1.93350914094 2.26741084691 0.843504672805 2.73364397829 ;
2.19132347922 4.76960510508 3.19437145247 4.49619202644 2.90868826448 3.85589764227 3.18013419016 ;
2.05076981111 4.77432162963 2.6917530926 2.45212815094 3.36370182155 1.06960846143 3.28030910489 ;
2.23617997522 4.51828270649 2.70217080587 3.25176307417 2.64937998748 2.42119248883 2.06087893065 ;
3.00664113368 4.47059948774 3.48787170673 3.42549854785 4.68958021825 2.00609203876 3.47931058086 ;
1.67607942729 4.74509504264 0.0 1.93350914094 2.26741084691 0.843504672805 2.73364397829 ;
1.44555340953 4.77942939423 2.60933245129 1.97789166954 0.740855475684 0.712038403694 2.44840948687 ;
2.06358926887 4.54934406708 2.77838896726 2.84490404771 2.79675887708 1.82819952651 1.64990943823 ;
2.19296720691 4.77034173638 3.19435191562 4.4966015558 2.91136830248 3.85567279785 3.18140231718 ;
1.97876203672 4.77911551593 2.66006000126 2.38166087423 3.18527936368 1.04060803623 3.25435967244 ;
1.67607942729 4.74509504264 0.0 1.93350914094 2.26741084691 0.843504672805 2.73364397829 ;
2.99118887347 4.49073916006 3.46066869015 3.47100468163 4.6804560825 1.9813920449 3.4805271623 ;
1.48988037905 4.76871040342 2.57162090507 2.08727133705 0.0 0.946155047343 2.69746309716 ;
1.74981293528 4.69447690187 2.15692635216 2.58829940361 1.99358145636 1.54010753421 0.0 ;
2.40778245657 4.75254294509 2.77531019971 2.60896585447 2.58993416019 1.1191731715 3.1479155336 ;
2.18310739092 4.77033657662 3.19717447865 4.49882728376 2.91599273629 3.85853773858 3.17139939757 ;
2.93489753804 4.50300113483 3.41745542591 3.51252396922 4.67109347044 1.93728053601 3.48184835812 ;
1.40213869895 4.68081529844 1.76776199859 1.90417537968 3.9118885999 1.26975896761 3.15253907446 ;
1.18626760805 4.79568364369 1.18929184507 1.84155882883 1.38713221099 0.74502315458 3.07860126465 ;
1.74981293528 4.69447690187 2.15692635216 2.58829940361 1.99358145636 1.54010753421 0.0 ;
2.95762404135 4.50763233228 3.42262740875 3.51440553651 4.65938874512 1.93578786878 3.48256741474 ;
2.18372629618 4.76579933503 3.19134921693 4.49044473435 2.90737797516 3.85717433794 3.16712691621 ;
1.52302059478 4.75725999684 2.57790768764 2.07843885332 0.0 0.970510713603 3.05183772731 ;
1.97462654787 4.74814184334 2.65831256213 2.36365724112 3.11813348066 1.10304171342 3.17931649241 ;
1.6979405937 4.74819651588 0.0 1.94745911473 2.28779765745 0.84521621834 3.01424981712 ;
2.53979808388 4.71554432049 2.85411611562 2.8804407231 2.50025477265 0.802515744612 3.22268797807 ;
1.64448653488 4.7622884942 2.54297986077 2.02580358448 3.54189322553 1.1401175018 3.27833612425 ;
2.99174495844 4.48403663687 3.48499471128 3.44495650426 4.70381904296 2.37990127115 3.50841858619 ;
1.67607942729 4.74509504264 0.0 1.93350914094 2.26741084691 0.843504672805 2.73364397829 ;
1.42594668971 4.68867463151 2.70925003888 2.50861874692 1.52893941505 1.64631717395 1.617084651 ;
2.19291517519 4.76901709938 3.19427558242 4.49353764893 2.91446094356 3.85647103022 3.18135463878 ;
2.99118887347 4.49073916006 3.46066869015 3.47100468163 4.6804560825 1.9813920449 3.4805271623 ;
1.48988037905 4.76871040342 2.57162090507 2.08727133705 0.0 0.946155047343 2.69746309716 ;
1.97876203672 4.77911551593 2.66006000126 2.38166087423 3.18527936368 1.04060803623 3.25435967244 ;
2.19296720691 4.77034173638 3.19435191562 4.4966015558 2.91136830248 3.85567279785 3.18140231718 ;
1.67607942729 4.74509504264 0.0 1.93350914094 2.26741084691 0.843504672805 2.73364397829 ;
2.06358926887 4.54934406708 2.77838896726 2.84490404771 2.79675887708 1.82819952651 1.64990943823 ;
1.64814183788 4.76140709314 2.54605409016 2.03424036323 3.54431961812 1.13950929917 3.28363699291 ;
1.41429670049 4.68813058112 2.71786180285 2.49773683101 1.52491833834 1.64923509193 1.59454470849 ;
2.19237824883 4.76893611461 3.19519137784 4.49346057381 2.9164503098 3.85779582575 3.1813737192 ;
2.53105107242 4.71547184897 2.84565454375 2.8745341246 2.47875661176 0.809459105227 3.20814959859 ;
1.67607942729 4.74509504264 0.0 1.93350914094 2.26741084691 0.843504672805 2.73364397829 ;
2.99071941786 4.48671609746 3.48324660508 3.44868766176 4.70228352189 2.37894622952 3.50942088389 ;
2.94573293357 4.50498998212 3.41602736731 3.51680506041 4.66533671789 1.94799854055 3.4811404819 ;
2.03313288414 4.5992620045 2.76231281121 2.73291354078 2.19692451993 1.70742393435 1.64397711112 ;
0.0 4.70584016858 3.02274308542 4.35290579855 2.88581076419 3.30586277728 2.6941026024 ;
1.67607942729 4.74509504264 0.0 1.93350914094 2.26741084691 0.843504672805 2.73364397829 ;
1.90307107029 4.78439150451 2.62656645046 2.22848299068 2.63422551602 0.969817289202 3.22928771268 ;
2.4397288212 4.76940228553 3.20191287328 4.49451121333 2.92055579142 3.85733544898 3.20082445491 ;
2.19175238529 4.76948249292 3.19424380076 4.49577466513 2.90819637243 3.85716136279 3.17646051742 ;
1.6979405937 4.74819651588 0.0 1.94745911473 2.28779765745 0.84521621834 3.01424981712 ;
2.99745052847 4.48807046246 3.46403853307 3.46615668526 4.67836101154 1.98947642507 3.48305185363 ;
2.03979056427 4.78025381072 2.64837512071 2.37975231925 3.49833474478 1.07331132569 3.31803053853 ;
1.75008200301 4.69885835326 2.67083492684 2.37499203465 1.48608964644 1.13422526248 2.94790021639 ;
1.74981293528 4.69447690187 2.15692635216 2.58829940361 1.99358145636 1.54010753421 0.0 ;
2.99710284 4.47560746469 3.48294605095 3.44142221911 4.68692767676 2.00894505383 3.48240977096 ;
2.310182346 4.72426498903 2.52767130299 2.54935025157 1.90523034653 1.06251975281 3.09945175426 ;
1.20824675608 4.69810034833 2.67043845328 2.39005956028 1.65660997907 1.47577224994 1.57393692216 ;
1.91327952792 4.77581343336 2.78066522098 2.3608193513 3.63653362935 1.10315158002 3.33313682726 ;
2.191239343 4.77117647041 3.1998957166 4.49813924093 2.91775959851 3.85960149774 3.18272455472 ;
1.67607942729 4.74509504264 0.0 1.93350914094 2.26741084691 0.843504672805 2.73364397829 ;
1.42683362197 4.69582427421 2.71669944947 2.43778648496 1.49014523169 1.60487876196 1.63763134517 ;
2.19264939556 4.76983585163 3.19651313264 4.49502246194 2.91724052116 3.85811570215 3.18164274734 ;
2.55048632643 4.70987131408 2.84502319143 2.92549108693 2.49059121767 0.814509424435 3.21499931566 ;
1.67607942729 4.74509504264 0.0 1.93350914094 2.26741084691 0.843504672805 2.73364397829 ;
2.99071941786 4.48671609746 3.48324660508 3.44868766176 4.70228352189 2.37894622952 3.50942088389 ;
1.66098377285 4.76221868586 2.55548348482 2.03809615659 3.54367296082 1.13818919356 3.28347522186 ;
0.0 4.75000969682 2.65405976258 2.33922872353 2.38656962972 1.48930224687 3.0643602173 ;
2.35376472066 4.7434488476 2.78114547495 2.54727342695 3.2447664963 1.14247674385 3.25946476125 ;
2.40965075242 4.76223042349 3.19662487 4.48067730143 2.85323583282 3.85933166478 3.17928403142 ;
1.74981293528 4.69447690187 2.15692635216 2.58829940361 1.99358145636 1.54010753421 0.0 ;
1.9342446177 4.75999752051 1.11449388443 1.99470203573 1.81384062123 0.851344993453 2.99574344957 ;
2.96389783711 4.49520574182 3.44653320705 3.48957236323 4.68404946985 1.95195490122 3.48246270487 ;
1.52302059478 4.75725999684 2.57790768764 2.07843885332 0.0 0.970510713603 3.05183772731 ;
2.95843206998 4.50637243044 3.42528577525 3.512306454 4.66349027435 1.94390148588 3.48385073653 ;
2.18372629618 4.76579933503 3.19134921693 4.49044473435 2.90737797516 3.85717433794 3.16712691621 ;
1.97702899526 4.74805307219 2.65922678668 2.36790024865 3.120568579 1.10158667299 3.17957183063 ;
1.6979405937 4.74819651588 0.0 1.94745911473 2.28779765745 0.84521621834 3.01424981712 ;
1.74981293528 4.69447690187 2.15692635216 2.58829940361 1.99358145636 1.54010753421 0.0 ;
2.99133165684 4.48480825411 3.48373622994 3.44632118103 4.70639084711 2.37969252216 3.50629794881 ;
1.67607942729 4.74509504264 0.0 1.93350914094 2.26741084691 0.843504672805 2.73364397829 ;
2.18928587775 4.77002342617 3.20044924845 4.49742629697 2.91904404138 3.86031148228 3.18186007028 ;
2.58575582492 4.69722836701 2.91295544127 3.11744764868 2.51288859377 0.909545935109 3.22357108021 ;
1.71843625307 4.76344595883 2.55596699657 2.07131784245 3.47233823334 1.09895171002 3.27031690571 ;
1.44089992145 4.70671795887 2.65731494819 2.2268993579 1.45914268166 1.50028007657 1.68691298923 ;
1.67607942729 4.74509504264 0.0 1.93350914094 2.26741084691 0.843504672805 2.73364397829 ;
2.19291517519 4.76901709938 3.19427558242 4.49353764893 2.91446094356 3.85647103022 3.18135463878 ;
2.99087372738 4.48508001744 3.48400667536 3.44573115068 4.70306935769 2.37994839844 3.50853532329 ;
1.64400388541 4.76188588809 2.5447265744 2.02706612929 3.54237540838 1.14596395808 3.28255028195 ;
1.42231203221 4.6892851729 2.71357462006 2.50879823431 1.5132344303 1.65787027692 1.6127612151 ;
2.53673438767 4.71538837892 2.84914509056 2.87528394353 2.50241992362 0.792478599212 3.21515273886 ;
2.82488347379 4.54282623551 3.33893337401 3.21608894657 4.61993404814 2.33505624637 3.49335628771 ;
1.38006559767 4.74713582426 1.45174194681 1.81220207977 3.03058985419 1.00391208804 3.05749382352 ;
2.53319612387 4.71164811974 2.84319141507 2.92639010066 3.17151430423 0.868694823582 3.23579070768 ;
1.47565115287 4.7628832157 2.02899958685 2.0124064218 0.0 0.925408167623 3.02977552416 ;
1.74981293528 4.69447690187 2.15692635216 2.58829940361 1.99358145636 1.54010753421 0.0 ;
2.1845226328 4.76727660791 3.19643290674 4.49072234378 2.92378289573 3.86024725125 3.16828108727 ;
1.67607942729 4.74509504264 0.0 1.93350914094 2.26741084691 0.843504672805 2.73364397829 ;
2.19296720691 4.77034173638 3.19435191562 4.4966015558 2.91136830248 3.85567279785 3.18140231718 ;
1.48988037905 4.76871040342 2.57162090507 2.08727133705 0.0 0.946155047343 2.69746309716 ;
2.06358926887 4.54934406708 2.77838896726 2.84490404771 2.79675887708 1.82819952651 1.64990943823 ;
2.99118887347 4.49073916006 3.46066869015 3.47100468163 4.6804560825 1.9813920449 3.4805271623 ;
1.97876203672 4.77911551593 2.66006000126 2.38166087423 3.18527936368 1.04060803623 3.25435967244 ;
2.99133165684 4.48480825411 3.48373622994 3.44632118103 4.70639084711 2.37969252216 3.50629794881 ;
1.67607942729 4.74509504264 0.0 1.93350914094 2.26741084691 0.843504672805 2.73364397829 ;
1.44089992145 4.70671795887 2.65731494819 2.2268993579 1.45914268166 1.50028007657 1.68691298923 ;
2.18928587775 4.77002342617 3.20044924845 4.49742629697 2.91904404138 3.86031148228 3.18186007028 ;
2.58575582492 4.69722836701 2.91295544127 3.11744764868 2.51288859377 0.909545935109 3.22357108021 ;
1.71843625307 4.76344595883 2.55596699657 2.07131784245 3.47233823334 1.09895171002 3.27031690571 ;
1.48988037905 4.76871040342 2.57162090507 2.08727133705 0.0 0.946155047343 2.69746309716 ;
2.19296720691 4.77034173638 3.19435191562 4.4966015558 2.91136830248 3.85567279785 3.18140231718 ;
1.67607942729 4.74509504264 0.0 1.93350914094 2.26741084691 0.843504672805 2.73364397829 ;
2.99118887347 4.49073916006 3.46066869015 3.47100468163 4.6804560825 1.9813920449 3.4805271623 ;
1.97876203672 4.77911551593 2.66006000126 2.38166087423 3.18527936368 1.04060803623 3.25435967244 ;
2.06358926887 4.54934406708 2.77838896726 2.84490404771 2.79675887708 1.82819952651 1.64990943823 ;
2.99087372738 4.48508001744 3.48400667536 3.44573115068 4.70306935769 2.37994839844 3.50853532329 ;
1.63667613179 4.76185635466 2.54096947937 2.02887846182 3.54006092117 1.1410726646 3.28159292439 ;
2.19291517519 4.76901709938 3.19427558242 4.49353764893 2.91446094356 3.85647103022 3.18135463878 ;
2.53602024348 4.71602880423 2.85259178439 2.87078802206 2.50530026591 0.798705183633 3.2180921466 ;
1.67607942729 4.74509504264 0.0 1.93350914094 2.26741084691 0.843504672805 2.73364397829 ;
1.42964504499 4.6884132378 2.71047958931 2.50610981671 1.52256721187 1.65787027692 1.60892062257 ;
1.74981293528 4.69447690187 2.15692635216 2.58829940361 1.99358145636 1.54010753421 0.0 ;
1.97702899526 4.74805307219 2.65922678668 2.36790024865 3.120568579 1.10158667299 3.17957183063 ;
2.18372629618 4.76579933503 3.19134921693 4.49044473435 2.90737797516 3.85717433794 3.16712691621 ;
2.95843206998 4.50637243044 3.42528577525 3.512306454 4.66349027435 1.94390148588 3.48385073653 ;
1.6979405937 4.74819651588 0.0 1.94745911473 2.28779765745 0.84521621834 3.01424981712 ;
1.52302059478 4.75725999684 2.57790768764 2.07843885332 0.0 0.970510713603 3.05183772731 ;
1.43378224461 4.68649747699 2.7093659986 2.50879513693 1.53522267639 1.65939634354 1.61514620321 ;
2.99087372738 4.48508001744 3.48400667536 3.44573115068 4.70306935769 2.37994839844 3.50853532329 ;
2.19291517519 4.76901709938 3.19427558242 4.49353764893 2.91446094356 3.85647103022 3.18135463878 ;
2.5395670786 4.71741813447 2.85337973976 2.87357448328 2.50959710571 0.800786773281 3.22090037461 ;
1.67607942729 4.74509504264 0.0 1.93350914094 2.26741084691 0.843504672805 2.73364397829 ;
1.62842956317 4.76169591019 2.53901560593 2.02002654454 3.5396231385 1.1374681333 3.28142605214 ;
2.99118887347 4.49073916006 3.46066869015 3.47100468163 4.6804560825 1.9813920449 3.4805271623 ;
1.67607942729 4.74509504264 0.0 1.93350914094 2.26741084691 0.843504672805 2.73364397829 ;
2.06358926887 4.54934406708 2.77838896726 2.84490404771 2.79675887708 1.82819952651 1.64990943823 ;
1.97876203672 4.77911551593 2.66006000126 2.38166087423 3.18527936368 1.04060803623 3.25435967244 ;
1.48988037905 4.76871040342 2.57162090507 2.08727133705 0.0 0.946155047343 2.69746309716 ;
2.19296720691 4.77034173638 3.19435191562 4.4966015558 2.91136830248 3.85567279785 3.18140231718 ;
2.48587288083 4.72229615102 2.72213217789 2.70591532617 3.21059993714 0.865255020204 3.24140858411 ;
2.83230206475 4.53792033952 3.35361314695 3.23245949903 4.62739301228 2.33872868891 3.49708551573 ;
1.67607942729 4.74509504264 0.0 1.93350914094 2.26741084691 0.843504672805 2.73364397829 ;
2.19365738807 4.7691506499 3.19427412176 4.49345362377 2.91864582651 3.85608939002 3.18223546336 ;
1.01006154336 4.72119173471 2.70865104989 2.19789028456 2.95876417693 1.43098066391 2.23712817581 ;
1.50581937813 4.75431694999 2.57864236227 2.08132695138 0.0 0.971269866222 2.69970260493 ;
1.02414271534 4.72142595052 2.70938984558 2.1729142586 2.97032767961 1.42850391328 2.24983656774 ;
2.83088976576 4.5378672451 3.35273742974 3.23333974688 4.62688209768 2.33932118888 3.49818024845 ;
2.19365738807 4.7691506499 3.19427412176 4.49345362377 2.91864582651 3.85608939002 3.18223546336 ;
1.50581937813 4.75431694999 2.57864236227 2.08132695138 0.0 0.971269866222 2.69970260493 ;
1.67607942729 4.74509504264 0.0 1.93350914094 2.26741084691 0.843504672805 2.73364397829 ;
2.48697826965 4.72267853565 2.72084610602 2.71726123824 3.20374113732 0.859662124838 3.23961739425 ;
1.43378224461 4.68649747699 2.7093659986 2.50879513693 1.53522267639 1.65939634354 1.61514620321 ;
2.5395670786 4.71741813447 2.85337973976 2.87357448328 2.50959710571 0.800786773281 3.22090037461 ;
2.19291517519 4.76901709938 3.19427558242 4.49353764893 2.91446094356 3.85647103022 3.18135463878 ;
2.99087372738 4.48508001744 3.48400667536 3.44573115068 4.70306935769 2.37994839844 3.50853532329 ;
1.67607942729 4.74509504264 0.0 1.93350914094 2.26741084691 0.843504672805 2.73364397829 ;
1.62842956317 4.76169591019 2.53901560593 2.02002654454 3.5396231385 1.1374681333 3.28142605214 ;
2.77618676629 4.66662156155 3.0491249525 3.93931900506 3.56245174874 1.53785988255 3.27643695176 ;
1.67607942729 4.74509504264 0.0 1.93350914094 2.26741084691 0.843504672805 2.73364397829 ;
2.17182277888 4.77623899392 3.21543765655 4.50942997741 2.92420240318 3.86373219301 3.17954795783 ;
2.96952962272 4.44066121273 3.52178179614 3.33678740024 4.6979258176 2.38810828848 3.48978414373 ;
1.87190556548 4.59832807235 2.71888854971 2.56772254961 2.36144966862 1.5491657847 1.30233681435 ;
1.74036907431 4.78658087397 2.58943899825 1.98253431028 2.56375603747 0.954651651546 3.2346364232 ;
2.99118887347 4.49073916006 3.46066869015 3.47100468163 4.6804560825 1.9813920449 3.4805271623 ;
2.19296720691 4.77034173638 3.19435191562 4.4966015558 2.91136830248 3.85567279785 3.18140231718 ;
1.67607942729 4.74509504264 0.0 1.93350914094 2.26741084691 0.843504672805 2.73364397829 ;
1.97876203672 4.77911551593 2.66006000126 2.38166087423 3.18527936368 1.04060803623 3.25435967244 ;
1.48988037905 4.76871040342 2.57162090507 2.08727133705 0.0 0.946155047343 2.69746309716 ;
2.06358926887 4.54934406708 2.77838896726 2.84490404771 2.79675887708 1.82819952651 1.64990943823 ;
2.23381800314 4.5095873943 2.90247377517 2.96201122813 3.12135077377 1.54016236276 1.94642272029 ;
2.19423685581 4.77053211445 3.1950272699 4.49639858828 2.91517773935 3.85557053949 3.18204994686 ;
2.01271759674 4.77734964939 2.67947115332 2.42388903392 3.23191561635 1.01111969694 3.26133884942 ;
2.99028977466 4.48950486199 3.48032459222 3.45105611877 4.70170444833 2.37075248724 3.50650652374 ;
1.48988037905 4.76871040342 2.57162090507 2.08727133705 0.0 0.946155047343 2.69746309716 ;
1.67607942729 4.74509504264 0.0 1.93350914094 2.26741084691 0.843504672805 2.73364397829 ;
1.01006154336 4.72119173471 2.70865104989 2.19789028456 2.95876417693 1.43098066391 2.23712817581 ;
2.48587288083 4.72229615102 2.72213217789 2.70591532617 3.21059993714 0.865255020204 3.24140858411 ;
1.67607942729 4.74509504264 0.0 1.93350914094 2.26741084691 0.843504672805 2.73364397829 ;
2.83230206475 4.53792033952 3.35361314695 3.23245949903 4.62739301228 2.33872868891 3.49708551573 ;
2.19365738807 4.7691506499 3.19427412176 4.49345362377 2.91864582651 3.85608939002 3.18223546336 ;
1.50581937813 4.75431694999 2.57864236227 2.08132695138 0.0 0.971269866222 2.69970260493 ;
1.97876203672 4.77911551593 2.66006000126 2.38166087423 3.18527936368 1.04060803623 3.25435967244 ;
2.19296720691 4.77034173638 3.19435191562 4.4966015558 2.91136830248 3.85567279785 3.18140231718 ;
2.99118887347 4.49073916006 3.46066869015 3.47100468163 4.6804560825 1.9813920449 3.4805271623 ;
2.06358926887 4.54934406708 2.77838896726 2.84490404771 2.79675887708 1.82819952651 1.64990943823 ;
1.67607942729 4.74509504264 0.0 1.93350914094 2.26741084691 0.843504672805 2.73364397829 ;
1.48988037905 4.76871040342 2.57162090507 2.08727133705 0.0 0.946155047343 2.69746309716 ;
1.4309325173 4.6880702977 2.7098471871 2.50578990152 1.53018800245 1.6520735277 1.61091403767 ;
2.99174495844 4.48403663687 3.48499471128 3.44495650426 4.70381904296 2.37990127115 3.50841858619 ;
1.64577539407 4.76247644309 2.54612634725 2.03091294016 3.53730361874 1.14038199109 3.28203721078 ;
2.19291517519 4.76901709938 3.19427558242 4.49353764893 2.91446094356 3.85647103022 3.18135463878 ;
1.67607942729 4.74509504264 0.0 1.93350914094 2.26741084691 0.843504672805 2.73364397829 ;
2.54023328256 4.71529918065 2.85259682302 2.88172950873 2.49584682078 0.798818428006 3.21905125942 ;
1.67607942729 4.74509504264 0.0 1.93350914094 2.26741084691 0.843504672805 2.73364397829 ;
2.99118887347 4.49073916006 3.46066869015 3.47100468163 4.6804560825 1.9813920449 3.4805271623 ;
2.06358926887 4.54934406708 2.77838896726 2.84490404771 2.79675887708 1.82819952651 1.64990943823 ;
1.48988037905 4.76871040342 2.57162090507 2.08727133705 0.0 0.946155047343 2.69746309716 ;
2.19296720691 4.77034173638 3.19435191562 4.4966015558 2.91136830248 3.85567279785 3.18140231718 ;
1.97876203672 4.77911551593 2.66006000126 2.38166087423 3.18527936368 1.04060803623 3.25435967244 ;
1.67607942729 4.74509504264 0.0 1.93350914094 2.26741084691 0.843504672805 2.73364397829 ;
1.97876203672 4.77911551593 2.66006000126 2.38166087423 3.18527936368 1.04060803623 3.25435967244 ;
2.06358926887 4.54934406708 2.77838896726 2.84490404771 2.79675887708 1.82819952651 1.64990943823 ;
2.19296720691 4.77034173638 3.19435191562 4.4966015558 2.91136830248 3.85567279785 3.18140231718 ;
1.48988037905 4.76871040342 2.57162090507 2.08727133705 0.0 0.946155047343 2.69746309716 ;
2.99118887347 4.49073916006 3.46066869015 3.47100468163 4.6804560825 1.9813920449 3.4805271623 ;
2.99389565121 4.48608596276 3.48545702629 3.44888832011 4.70138966999 2.37257352103 3.50656789905 ;
1.67607942729 4.74509504264 0.0 1.93350914094 2.26741084691 0.843504672805 2.73364397829 ;
1.77836263582 4.77466007324 2.74971246497 2.18485921894 3.46088292842 1.20816240836 3.23160415555 ;
2.19331929666 4.76869254075 3.19324465687 4.49326780996 2.91377984387 3.85502495683 3.18092493506 ;
2.47947204476 4.7020100768 2.65418957101 2.75570934079 2.50331764307 0.676693599017 3.28212756701 ;
1.4434119364 4.68380310877 2.69405924548 2.53026828461 1.59905596512 1.62404532397 1.7018640069 ;
2.06358926887 4.54934406708 2.77838896726 2.84490404771 2.79675887708 1.82819952651 1.64990943823 ;
2.99118887347 4.49073916006 3.46066869015 3.47100468163 4.6804560825 1.9813920449 3.4805271623 ;
2.19296720691 4.77034173638 3.19435191562 4.4966015558 2.91136830248 3.85567279785 3.18140231718 ;
1.48988037905 4.76871040342 2.57162090507 2.08727133705 0.0 0.946155047343 2.69746309716 ;
1.67607942729 4.74509504264 0.0 1.93350914094 2.26741084691 0.843504672805 2.73364397829 ;
1.97876203672 4.77911551593 2.66006000126 2.38166087423 3.18527936368 1.04060803623 3.25435967244 ;
2.9370372635 4.50953806123 3.40618446438 3.52721246454 4.6593029817 1.93093287648 3.47852373466 ;
0.0 4.70584016858 3.02274308542 4.35290579855 2.88581076419 3.30586277728 2.6941026024 ;
2.03517945829 4.59793124621 2.76285941244 2.75085848648 2.19426203627 1.72802859321 1.61649130453 ;
1.67607942729 4.74509504264 0.0 1.93350914094 2.26741084691 0.843504672805 2.73364397829 ;
1.89870111181 4.78387732958 2.62524676958 2.21122398556 2.61838670757 0.968713670059 3.22641268601 ;
2.4397288212 4.76940228553 3.20191287328 4.49451121333 2.92055579142 3.85733544898 3.20082445491 ;
2.96735605893 4.50056550783 3.43762927561 3.50037004811 4.67119064683 1.9610954448 3.47955546789 ;
1.48988037905 4.76871040342 2.57162090507 2.08727133705 0.0 0.946155047343 2.69746309716 ;
2.10750143299 4.56875765011 2.65613710518 2.80226876883 2.79280095216 1.77767899565 1.73202615508 ;
2.19132347922 4.76960510508 3.19437145247 4.49619202644 2.90868826448 3.85589764227 3.18013419016 ;
1.95150676925 4.78094648605 2.6795843752 2.34234414347 3.15628660158 1.02881074308 3.25235122426 ;
1.67607942729 4.74509504264 0.0 1.93350914094 2.26741084691 0.843504672805 2.73364397829 ;
1.67607942729 4.74509504264 0.0 1.93350914094 2.26741084691 0.843504672805 2.73364397829 ;
2.19264939556 4.76983585163 3.19651313264 4.49502246194 2.91724052116 3.85811570215 3.18164274734 ;
2.99158788466 4.48567993916 3.48422992913 3.44792307236 4.70302906829 2.378896528 3.5093068484 ;
1.43229772299 4.69109360125 2.71330194533 2.46568704626 1.50090802841 1.6351405125 1.63568769453 ;
1.66120224409 4.76205883304 2.55521624513 2.03769964033 3.54465748596 1.13895502189 3.2832756967 ;
2.54785542151 4.71255176631 2.84735854492 2.91389908331 2.48764782334 0.801904642537 3.2166774179 ;
2.19237824883 4.76893611461 3.19519137784 4.49346057381 2.9164503098 3.85779582575 3.1813737192 ;
1.67607942729 4.74509504264 0.0 1.93350914094 2.26741084691 0.843504672805 2.73364397829 ;
2.53910664405 4.71461936851 2.84725340553 2.88827494304 2.49399427505 0.800229416769 3.21195740278 ;
1.65291479205 4.76148889365 2.54975313621 2.03773997631 3.54400595705 1.13991143511 3.28405050137 ;
2.99158788466 4.48567993916 3.48422992913 3.44792307236 4.70302906829 2.378896528 3.5093068484 ;
1.42610859389 4.69012775909 2.71549683047 2.48610575358 1.50062642884 1.65062881277 1.61912936422 ;
1.67607942729 4.74509504264 0.0 1.93350914094 2.26741084691 0.843504672805 2.73364397829 ;
2.99118887347 4.49073916006 3.46066869015 3.47100468163 4.6804560825 1.9813920449 3.4805271623 ;
2.06358926887 4.54934406708 2.77838896726 2.84490404771 2.79675887708 1.82819952651 1.64990943823 ;
1.97876203672 4.77911551593 2.66006000126 2.38166087423 3.18527936368 1.04060803623 3.25435967244 ;
2.19296720691 4.77034173638 3.19435191562 4.4966015558 2.91136830248 3.85567279785 3.18140231718 ;
1.48988037905 4.76871040342 2.57162090507 2.08727133705 0.0 0.946155047343 2.69746309716 ;
1.67607942729 4.74509504264 0.0 1.93350914094 2.26741084691 0.843504672805 2.73364397829 ;
2.19376772033 4.77001307907 3.19565963412 4.49494926655 2.92126867385 3.85764767229 3.18311652573 ;
2.53763744012 4.72248256201 2.84590671823 2.88526430191 2.6022875076 0.795847638833 3.29685835899 ;
1.5279568343 4.76558896104 2.50820036586 1.95219709398 3.28867670727 0.995059050077 3.13825263119 ;
2.88608823401 4.51814370753 3.39648756334 3.29916136233 4.65247012551 2.35510918755 3.50276002096 ;
1.48888348301 4.67016154001 2.72558705887 2.5745768029 1.460295237 1.75287089354 1.55486185207 ;
2.19365738807 4.7691506499 3.19427412176 4.49345362377 2.91864582651 3.85608939002 3.18223546336 ;
1.50581937813 4.75431694999 2.57864236227 2.08132695138 0.0 0.971269866222 2.69970260493 ;
2.4863957862 4.72268196355 2.72080283174 2.70741608883 3.20604178569 0.860834060633 3.23962767225 ;
1.67607942729 4.74509504264 0.0 1.93350914094 2.26741084691 0.843504672805 2.73364397829 ;
2.83088976576 4.5378672451 3.35273742974 3.23333974688 4.62688209768 2.33932118888 3.49818024845 ;
1.0129501355 4.72140705066 2.70939403561 2.19159260466 2.96286298843 1.4306132615 2.2413040386 ;
1.42231203221 4.6892851729 2.71357462006 2.50879823431 1.5132344303 1.65787027692 1.6127612151 ;
2.19291517519 4.76901709938 3.19427558242 4.49353764893 2.91446094356 3.85647103022 3.18135463878 ;
1.64043933025 4.76183168563 2.54445236926 2.02901282999 3.54676491999 1.15011115282 3.28526689519 ;
2.53602952225 4.71590440452 2.84838411197 2.87081360635 2.5062964378 0.792829806262 3.21347873687 ;
1.67607942729 4.74509504264 0.0 1.93350914094 2.26741084691 0.843504672805 2.73364397829 ;
2.99174495844 4.48403663687 3.48499471128 3.44495650426 4.70381904296 2.37990127115 3.50841858619 ;
2.48057988369 4.69908481401 2.6541856134 2.75980316811 2.50534354668 0.680786130386 3.2774553338 ;
2.19331929666 4.76869254075 3.19324465687 4.49326780996 2.91377984387 3.85502495683 3.18092493506 ;
1.77100351066 4.77605717059 2.75073695037 2.17802015301 3.46390315194 1.21082577756 3.23580297523 ;
1.44961641832 4.68704872003 2.69289763911 2.53116359757 1.59847377518 1.61621476549 1.7013829958 ;
1.67607942729 4.74509504264 0.0 1.93350914094 2.26741084691 0.843504672805 2.73364397829 ;
2.99389565121 4.48608596276 3.48545702629 3.44888832011 4.70138966999 2.37257352103 3.50656789905 ;
1.67607942729 4.74509504264 0.0 1.93350914094 2.26741084691 0.843504672805 2.73364397829 ;
2.19296720691 4.77034173638 3.19435191562 4.4966015558 2.91136830248 3.85567279785 3.18140231718 ;
2.9938499853 4.48932000167 3.46666995687 3.46878364067 4.68081875139 1.99709041535 3.48332012548 ;
1.48988037905 4.76871040342 2.57162090507 2.08727133705 0.0 0.946155047343 2.69746309716 ;
1.9693515344 4.77782945496 2.68058987377 2.38812446229 3.19546795197 1.03444034753 3.25614354501 ;
2.10228462334 4.56481740899 2.68367485885 2.81203314146 2.78349174984 1.79721460255 1.70788008499 ;
1.40995336809 4.69267753422 2.71703401458 2.45796490227 1.51230627864 1.61746453396 1.597614194 ;
1.65624945606 4.76190306476 2.55266492523 2.03876743402 3.54332776506 1.1385748444 3.28407666164 ;
2.19264939556 4.76983585163 3.19651313264 4.49502246194 2.91724052116 3.85811570215 3.18164274734 ;
1.67607942729 4.74509504264 0.0 1.93350914094 2.26741084691 0.843504672805 2.73364397829 ;
2.53711442438 4.71161645112 2.84325417691 2.9000486221 2.4666738974 0.822647770617 3.20431930119 ;
2.98953515606 4.48741992919 3.48191385551 3.4496466973 4.70201441851 2.37786635297 3.50975229433 ;
1.67607942729 4.74509504264 0.0 1.93350914094 2.26741084691 0.843504672805 2.73364397829 ;
2.99071941786 4.48671609746 3.48324660508 3.44868766176 4.70228352189 2.37894622952 3.50942088389 ;
1.42226309318 4.68939804678 2.7138490006 2.47856013435 1.50424574205 1.64446690775 1.61409365474 ;
2.53907930802 4.71491387316 2.8477957409 2.89108125491 2.49074407905 0.804413272829 3.21170435168 ;
2.19237824883 4.76893611461 3.19519137784 4.49346057381 2.9164503098 3.85779582575 3.1813737192 ;
1.65121929381 4.76130585203 2.54880375349 2.03491091061 3.54253403743 1.13781214619 3.28360362733 ;
1.97876203672 4.77911551593 2.66006000126 2.38166087423 3.18527936368 1.04060803623 3.25435967244 ;
2.06358926887 4.54934406708 2.77838896726 2.84490404771 2.79675887708 1.82819952651 1.64990943823 ;
2.99118887347 4.49073916006 3.46066869015 3.47100468163 4.6804560825 1.9813920449 3.4805271623 ;
1.48988037905 4.76871040342 2.57162090507 2.08727133705 0.0 0.946155047343 2.69746309716 ;
1.67607942729 4.74509504264 0.0 1.93350914094 2.26741084691 0.843504672805 2.73364397829 ;
2.19296720691 4.77034173638 3.19435191562 4.4966015558 2.91136830248 3.85567279785 3.18140231718 ;
2.06358926887 4.54934406708 2.77838896726 2.84490404771 2.79675887708 1.82819952651 1.64990943823 ;
2.99118887347 4.49073916006 3.46066869015 3.47100468163 4.6804560825 1.9813920449 3.4805271623 ;
1.48988037905 4.76871040342 2.57162090507 2.08727133705 0.0 0.946155047343 2.69746309716 ;
2.19296720691 4.77034173638 3.19435191562 4.4966015558 2.91136830248 3.85567279785 3.18140231718 ;
1.97876203672 4.77911551593 2.66006000126 2.38166087423 3.18527936368 1.04060803623 3.25435967244 ;
1.67607942729 4.74509504264 0.0 1.93350914094 2.26741084691 0.843504672805 2.73364397829 ;
2.18372629618 4.76579933503 3.19134921693 4.49044473435 2.90737797516 3.85717433794 3.16712691621 ;
1.97702899526 4.74805307219 2.65922678668 2.36790024865 3.120568579 1.10158667299 3.17957183063 ;
2.95843206998 4.50637243044 3.42528577525 3.512306454 4.66349027435 1.94390148588 3.48385073653 ;
1.6979405937 4.74819651588 0.0 1.94745911473 2.28779765745 0.84521621834 3.01424981712 ;
1.74981293528 4.69447690187 2.15692635216 2.58829940361 1.99358145636 1.54010753421 0.0 ;
1.52302059478 4.75725999684 2.57790768764 2.07843885332 0.0 0.970510713603 3.05183772731 ;
2.99118887347 4.49073916006 3.46066869015 3.47100468163 4.6804560825 1.9813920449 3.4805271623 ;
1.48988037905 4.76871040342 2.57162090507 2.08727133705 0.0 0.946155047343 2.69746309716 ;
1.97876203672 4.77911551593 2.66006000126 2.38166087423 3.18527936368 1.04060803623 3.25435967244 ;
2.19296720691 4.77034173638 3.19435191562 4.4966015558 2.91136830248 3.85567279785 3.18140231718 ;
2.06358926887 4.54934406708 2.77838896726 2.84490404771 2.79675887708 1.82819952651 1.64990943823 ;
1.67607942729 4.74509504264 0.0 1.93350914094 2.26741084691 0.843504672805 2.73364397829 ;
1.97876203672 4.77911551593 2.66006000126 2.38166087423 3.18527936368 1.04060803623 3.25435967244 ;
2.19296720691 4.77034173638 3.19435191562 4.4966015558 2.91136830248 3.85567279785 3.18140231718 ;
1.48988037905 4.76871040342 2.57162090507 2.08727133705 0.0 0.946155047343 2.69746309716 ;
2.99118887347 4.49073916006 3.46066869015 3.47100468163 4.6804560825 1.9813920449 3.4805271623 ;
2.06358926887 4.54934406708 2.77838896726 2.84490404771 2.79675887708 1.82819952651 1.64990943823 ;
1.67607942729 4.74509504264 0.0 1.93350914094 2.26741084691 0.843504672805 2.73364397829 ;
1.38006559767 4.74713582426 1.45174194681 1.81220207977 3.03058985419 1.00391208804 3.05749382352 ;
2.1845226328 4.76727660791 3.19643290674 4.49072234378 2.92378289573 3.86024725125 3.16828108727 ;
1.47565115287 4.7628832157 2.02899958685 2.0124064218 0.0 0.925408167623 3.02977552416 ;
2.82488347379 4.54282623551 3.33893337401 3.21608894657 4.61993404814 2.33505624637 3.49335628771 ;
2.53319612387 4.71164811974 2.84319141507 2.92639010066 3.17151430423 0.868694823582 3.23579070768 ;
1.74981293528 4.69447690187 2.15692635216 2.58829940361 1.99358145636 1.54010753421 0.0 ;
2.19264939556 4.76983585163 3.19651313264 4.49502246194 2.91724052116 3.85811570215 3.18164274734 ;
1.65772505987 4.76188214289 2.5533813981 2.04168915383 3.54507748439 1.1399592699 3.28465345555 ;
2.99071941786 4.48671609746 3.48324660508 3.44868766176 4.70228352189 2.37894622952 3.50942088389 ;
1.40845604299 4.69298026797 2.71661948203 2.45599848578 1.50692440577 1.61859855166 1.60318642768 ;
1.67607942729 4.74509504264 0.0 1.93350914094 2.26741084691 0.843504672805 2.73364397829 ;
2.53960302472 4.71151013397 2.84364437595 2.90164773263 2.47063961106 0.820857616701 3.20438506878 ;
2.99071941786 4.48671609746 3.48324660508 3.44868766176 4.70228352189 2.37894622952 3.50942088389 ;
1.43024696895 4.69395135741 2.71602343372 2.43954899476 1.48950031833 1.61146734322 1.64044671072 ;
2.55069513463 4.7107939107 2.84555891568 2.92544676414 2.49254641617 0.810045222024 3.21624155452 ;
2.19264939556 4.76983585163 3.19651313264 4.49502246194 2.91724052116 3.85811570215 3.18164274734 ;
1.67607942729 4.74509504264 0.0 1.93350914094 2.26741084691 0.843504672805 2.73364397829 ;
1.66098377285 4.76221868586 2.55548348482 2.03809615659 3.54367296082 1.13818919356 3.28347522186 ;
1.48988037905 4.76871040342 2.57162090507 2.08727133705 0.0 0.946155047343 2.69746309716 ;
2.99118887347 4.49073916006 3.46066869015 3.47100468163 4.6804560825 1.9813920449 3.4805271623 ;
1.67607942729 4.74509504264 0.0 1.93350914094 2.26741084691 0.843504672805 2.73364397829 ;
2.06358926887 4.54934406708 2.77838896726 2.84490404771 2.79675887708 1.82819952651 1.64990943823 ;
2.19296720691 4.77034173638 3.19435191562 4.4966015558 2.91136830248 3.85567279785 3.18140231718 ;
1.97876203672 4.77911551593 2.66006000126 2.38166087423 3.18527936368 1.04060803623 3.25435967244 ;
2.95762404135 4.50763233228 3.42262740875 3.51440553651 4.65938874512 1.93578786878 3.48256741474 ;
1.74981293528 4.69447690187 2.15692635216 2.58829940361 1.99358145636 1.54010753421 0.0 ;
1.6979405937 4.74819651588 0.0 1.94745911473 2.28779765745 0.84521621834 3.01424981712 ;
1.52302059478 4.75725999684 2.57790768764 2.07843885332 0.0 0.970510713603 3.05183772731 ;
2.18372629618 4.76579933503 3.19134921693 4.49044473435 2.90737797516 3.85717433794 3.16712691621 ;
1.97462654787 4.74814184334 2.65831256213 2.36365724112 3.11813348066 1.10304171342 3.17931649241 ;
2.99087372738 4.48508001744 3.48400667536 3.44573115068 4.70306935769 2.37994839844 3.50853532329 ;
1.43378224461 4.68649747699 2.7093659986 2.50879513693 1.53522267639 1.65939634354 1.61514620321 ;
2.5395670786 4.71741813447 2.85337973976 2.87357448328 2.50959710571 0.800786773281 3.22090037461 ;
1.67607942729 4.74509504264 0.0 1.93350914094 2.26741084691 0.843504672805 2.73364397829 ;
2.19291517519 4.76901709938 3.19427558242 4.49353764893 2.91446094356 3.85647103022 3.18135463878 ;
1.62842956317 4.76169591019 2.53901560593 2.02002654454 3.5396231385 1.1374681333 3.28142605214 ;
2.95843206998 4.50637243044 3.42528577525 3.512306454 4.66349027435 1.94390148588 3.48385073653 ;
1.52302059478 4.75725999684 2.57790768764 2.07843885332 0.0 0.970510713603 3.05183772731 ;
1.97702899526 4.74805307219 2.65922678668 2.36790024865 3.120568579 1.10158667299 3.17957183063 ;
1.6979405937 4.74819651588 0.0 1.94745911473 2.28779765745 0.84521621834 3.01424981712 ;
1.74981293528 4.69447690187 2.15692635216 2.58829940361 1.99358145636 1.54010753421 0.0 ;
2.18372629618 4.76579933503 3.19134921693 4.49044473435 2.90737797516 3.85717433794 3.16712691621 ;
2.54785542151 4.71255176631 2.84735854492 2.91389908331 2.48764782334 0.801904642537 3.2166774179 ;
1.67607942729 4.74509504264 0.0 1.93350914094 2.26741084691 0.843504672805 2.73364397829 ;
2.99158788466 4.48567993916 3.48422992913 3.44792307236 4.70302906829 2.378896528 3.5093068484 ;
1.43229772299 4.69109360125 2.71330194533 2.46568704626 1.50090802841 1.6351405125 1.63568769453 ;
2.19264939556 4.76983585163 3.19651313264 4.49502246194 2.91724052116 3.85811570215 3.18164274734 ;
1.66120224409 4.76205883304 2.55521624513 2.03769964033 3.54465748596 1.13895502189 3.2832756967 ;
2.19296720691 4.77034173638 3.19435191562 4.4966015558 2.91136830248 3.85567279785 3.18140231718 ;
1.67607942729 4.74509504264 0.0 1.93350914094 2.26741084691 0.843504672805 2.73364397829 ;
1.9693515344 4.77782945496 2.68058987377 2.38812446229 3.19546795197 1.03444034753 3.25614354501 ;
2.10228462334 4.56481740899 2.68367485885 2.81203314146 2.78349174984 1.79721460255 1.70788008499 ;
2.9938499853 4.48932000167 3.46666995687 3.46878364067 4.68081875139 1.99709041535 3.48332012548 ;
1.48988037905 4.76871040342 2.57162090507 2.08727133705 0.0 0.946155047343 2.69746309716 ;
2.19156497957 4.76847019934 3.19503019671 4.49327339839 2.92077375094 3.85798569955 3.18201682966 ;
1.67607942729 4.74509504264 0.0 1.93350914094 2.26741084691 0.843504672805 2.73364397829 ;
2.48805887587 4.72240602048 2.72662796547 2.71768322543 3.2305290082 0.892090670196 3.24470571034 ;
1.50581937813 4.75431694999 2.57864236227 2.08132695138 0.0 0.971269866222 2.69970260493 ;
2.83753853383 4.53427383699 3.36367464527 3.2244130638 4.63130455152 2.34641789601 3.49743747385 ;
0.998291965125 4.72050464595 2.70794000835 2.20401999762 2.94706037999 1.42578839368 2.22868737857 ;
2.96717718844 4.49992467043 3.43796457944 3.49907403219 4.67265709313 1.96177196502 3.48016548828 ;
1.48988037905 4.76871040342 2.57162090507 2.08727133705 0.0 0.946155047343 2.69746309716 ;
1.95478684497 4.78147357462 2.68033380046 2.34263579215 3.15568840283 1.02822596555 3.25244390867 ;
2.19132347922 4.76960510508 3.19437145247 4.49619202644 2.90868826448 3.85589764227 3.18013419016 ;
1.67607942729 4.74509504264 0.0 1.93350914094 2.26741084691 0.843504672805 2.73364397829 ;
2.09864638495 4.567709805 2.65580864089 2.80669125642 2.80005733522 1.77936422702 1.73776817301 ;
