cluster 0
size:334
#377eb8
[ 0.37287078  4.73190059  2.56249546  1.41994284  3.36745855  1.00974475
  3.01502137]

cluster 1
size:631
#ff7f00
[ 2.91470996  4.50006292  3.31313483  3.55383094  4.58482465  2.23830211
  3.42671416]

cluster 2
size:438
#4daf4a
[ 1.73523467  4.75276034  2.23448558  1.94421704  0.5836865   0.69322317
  2.59598284]

cluster 3
size:786
#f781bf
[ 2.49130136  4.71914527  2.73579245  2.45166591  3.4722474   0.75281227
  3.11489395]

cluster 4
size:478
#a65628
[ 2.18538088  4.67858231  3.06527536  4.32372253  2.63091597  3.61352617
  2.77656928]

cluster 5
size:342
#984ea3
[ 1.663615    4.71901117  0.07506645  1.66090297  2.77321133  0.71263954
  2.81267677]

