cluster 0
size:147
#377eb8
[ 1.7759171   4.66695783  1.94074773  2.20831793  1.91989265  0.9361565
  0.04088002]

cluster 1
size:416
#ff7f00
[ 2.34284418  4.76266     2.69415385  2.84941725  1.59361451  0.93529332
  3.13991579]

cluster 2
size:628
#4daf4a
[ 2.98034153  4.50172852  3.32795226  3.59701945  4.55207679  2.1744427
  3.41968454]

cluster 3
size:420
#f781bf
[ 2.16292645  4.68939411  2.75433838  2.31390446  3.85603469  0.07525892
  3.23230124]

cluster 4
size:247
#a65628
[ 0.77183052  4.77275869  2.47091463  1.14244001  1.18501106  0.51225237
  2.99858288]

cluster 5
size:428
#984ea3
[ 2.16268945  4.6812657   3.09045319  4.3731712   2.70299778  3.79001667
  2.82251641]

cluster 6
size:360
#999999
[ 1.5443411   4.72550341  2.65825715  1.75066731  4.00395639  1.89111017
  3.26492788]

cluster 7
size:191
#e41a1c
[ 2.01376077  4.70859536  0.06908217  2.06468704  3.47496376  0.96061892
  3.09995981]

cluster 8
size:172
#dede00
[ 1.29566256  4.73429892  0.06012938  1.22575046  1.34001716  0.46027131
  2.96663005]

