67.6948282669 3.85392814844 2.6446900908 0.88551125148 0.990525069088 3.30438215555 0.200157915515 ;
58.5309973046 3.27628032345 5.34501347709 2.30323450135 0.0114555256065 35.2095687332 5.27223719677 ;
47.8229826785 2.96366708914 1.68229826785 0.448246725813 0.648922686946 2.86227291931 0.148288973384 ;
58.7463592233 3.29733009709 7.67718446602 3.73300970874 0.00364077669903 59.6237864078 10.3046116505 ;
81.5208131655 4.76476282672 2.78606001936 1.03678606002 1.04549854792 4.07841239109 0.300096805421 ;
57.5409556314 3.35187713311 2.11877133106 0.648464163823 0.832764505119 2.83105802048 0.138566552901 ;
52.5638166047 2.95724907063 3.22676579926 1.19516728625 0.18029739777 15.0786864932 1.85130111524 ;
48.6042471042 2.81177606178 3.78861003861 1.60907335907 0.019305019305 25.4488416988 3.51061776062 ;
67.9876404494 3.75393258427 4.51123595506 1.67640449438 0.240449438202 18.7898876404 2.49775280899 ;
54.0621683093 3.0439727066 4.38589840788 1.89310083397 0.0174374526156 28.2244124337 3.9946929492 ;
65.1687034277 3.69478390462 2.39225037258 0.788673621461 0.961251862891 2.84232488823 0.133532041729 ;
51.0994724943 3.09118311982 1.70183371012 0.476764632002 0.703089675961 2.61567445365 0.118814368249 ;
59.7939914163 3.32188841202 8.41201716738 4.1974248927 0.00214592274678 67.4527896996 12.0729613734 ;
48.1793054571 2.75620127569 2.88164422395 1.13182140326 0.0985116938342 16.6924167257 2.08575478384 ;
54.8797327394 3.18262806236 6.09576837416 2.72828507795 0.00779510022272 43.6069042316 6.86191536748 ;
68.7697368421 3.64967105263 5.67598684211 2.40460526316 0.0476973684211 32.4967105263 4.81743421053 ;
80.1109399076 4.69876733436 2.93913713405 1.08012326656 1.01771956857 4.81510015408 0.405238828968 ;
61.1949090909 3.488 4.26254545455 1.41745454545 0.411636363636 13.912 1.71709090909 ;
49.6977967774 3.0138112463 1.61065439 0.409075961855 0.6945083854 2.2081552121 0.0598487339691 ;
57.7990255786 3.2850182704 7.64920828258 3.71985383678 0.00365408038977 59.6077953715 10.299634592 ;
71.0642361111 4.04108796296 2.76909722222 0.940393518519 1.02199074074 3.38946759259 0.215856481481 ;
61.3118536197 3.38743038982 5.54574383453 2.38265712013 0.0119331742243 35.8591885442 5.39856801909 ;
50.1200787402 2.86482939633 3.95144356955 1.64960629921 0.0229658792651 25.9954068241 3.62598425197 ;
65.1304347826 3.61332099907 4.13506012951 1.52451433858 0.22941720629 17.4236817761 2.2617946346 ;
61.0969738652 3.51856946355 2.32909215956 0.738995873453 0.931568088033 2.79504814305 0.123796423659 ;
83.4808673469 4.98341836735 2.86607142857 1.07780612245 1.04336734694 4.64413265306 0.369897959184 ;
51.1052967454 2.94320357371 3.01659221442 1.13784301213 0.257817485641 12.5417996171 1.47989789407 ;
47.8933609959 2.97012448133 1.68838174274 0.457261410788 0.641908713693 2.97717842324 0.164315352697 ;
58.7699293643 3.30373360242 6.65590312815 3.1160443996 0.00403632694248 48.9051463169 7.95560040363 ;
67.7649623464 3.86841062228 2.69480776853 0.897344431233 1.00158541419 3.33333333333 0.203329369798 ;
50.0965401786 2.84375 3.23716517857 1.21875 0.118303571429 17.3889508929 2.20479910714 ;
57.5118110236 3.33300524934 2.14862204724 0.665026246719 0.814632545932 3.06692913386 0.167979002625 ;
81.3962441315 4.78122065728 2.85070422535 1.05258215962 1.0338028169 4.35305164319 0.33896713615 ;
60.2090909091 3.32272727273 9.39090909091 4.80454545455 0.0 77.3227272727 14.3454545455 ;
66.1379928315 3.61200716846 4.3270609319 1.63620071685 0.194444444444 19.2383512545 2.57168458781 ;
54.9773609314 3.12095730918 4.80465717982 2.06209573092 0.0122897800776 31.5543337646 4.58861578266 ;
62.0360036004 3.55145514551 2.46084608461 0.781878187819 0.930393039304 3.04830483048 0.163516351635 ;
54.6655196146 3.07708189952 4.55058499656 1.94975911906 0.0192704748796 29.0495526497 4.14177563661 ;
59.0776255708 3.2899543379 8.53424657534 4.25114155251 0.00228310502283 68.3196347032 12.2762557078 ;
50.0730131985 3.04886267902 1.73153608537 0.488065150239 0.670317326594 2.92782926144 0.160067396799 ;
88.62 5.51428571429 3.14285714286 1.19714285714 1.08285714286 5.54857142857 0.494285714286 ;
66.3587570621 3.67043314501 4.25423728814 1.57438794727 0.236346516008 17.8709981168 2.33992467043 ;
58.8400718778 3.316262354 6.11410601977 2.75920934412 0.00539083557951 43.3180592992 6.8158131177 ;
74.0735551664 4.22124927029 2.73146526562 0.959719789842 1.0198482195 3.58318739054 0.239346176299 ;
49.8779620853 2.82582938389 3.17120853081 1.19194312796 0.124407582938 16.86492891 2.11670616114 ;
48.5374875042 2.96901032989 1.81139620127 0.533155614795 0.609796734422 3.79506831056 0.264911696101 ;
55.8995260664 3.20947867299 6.16872037915 2.81611374408 0.00379146919431 45.0559241706 7.15355450237 ;
69.9454138702 3.93870246085 2.71991051454 0.912751677852 1.02908277405 3.09977628635 0.175391498881 ;
50.2075936884 2.85552268245 3.60897435897 1.44921104536 0.0675542406312 21.7120315582 2.92159763314 ;
64.3435852373 3.66168717047 4.04920913884 1.40509666081 0.336555360281 14.7381370826 1.84797891037 ;
59.584045584 3.31054131054 8.8547008547 4.4358974359 0.002849002849 71.1538461538 12.9259259259 ;
83.8902439024 5.02032520325 2.85365853659 1.08130081301 1.03658536585 4.76287262873 0.387533875339 ;
63.3944603629 3.44317096466 5.15281757402 2.18338108883 0.0267430754537 31.0869149952 4.53390639924 ;
58.7671584349 3.39865298268 2.12123155869 0.662924951892 0.853752405388 2.81141757537 0.129890955741 ;
69.7587168759 4.17991631799 4.05439330544 1.42956764296 0.461645746165 13.8158995816 1.73919107392 ;
49.6525644741 3.00840336134 1.58707620979 0.450883801797 0.638655462185 2.9258186033 0.154737757172 ;
56.0269360269 3.21212121212 5.98737373737 2.68265993266 0.00589225589226 42.5984848485 6.67003367003 ;
49.677028451 2.82771338251 3.46206533193 1.40885142255 0.0511064278188 21.5653319283 2.88777660695 ;
63.3950693374 3.54514637904 1.99630200308 0.66718027735 0.897688751926 2.36024653313 0.0727272727273 ;
59.6674364896 3.30715935335 8.50577367206 4.25404157044 0.00230946882217 68.4503464203 12.3140877598 ;
78.925188744 4.56280027454 2.79066575154 1.00823610158 1.07961564859 3.60878517502 0.226492793411 ;
57.5627376426 3.43269961977 4.52851711027 1.41520912548 0.723954372624 10.1095057034 1.1247148289 ;
63.5402184707 3.44190665343 4.88877855015 2.0635551142 0.0317775571003 28.865938431 4.14498510427 ;
64.1305910543 3.70646964856 2.64616613419 0.912539936102 0.804712460064 5.74560702875 0.536341853035 ;
56.3969072165 3.48453608247 18.7371134021 4.44329896907 2.90206185567 8.54639175258 0.835051546392 ;
47.7950458093 2.89752290465 1.9182219206 0.667458432304 0.399728537496 7.53138785205 0.780115371564 ;
59.82230869 3.31517509728 7.80155642023 3.78858625162 0.00259403372244 60.3865110246 10.4773022049 ;
61.3722345133 3.30696902655 4.32688053097 1.78816371681 0.0359513274336 25.8252212389 3.63053097345 ;
86.5194274029 5.25562372188 3.0163599182 1.15746421268 1.0408997955 5.39263803681 0.466257668712 ;
73.447257384 4.14526823388 2.63532248342 0.932489451477 0.984930681133 3.72694394213 0.271247739602 ;
55.7698774081 3.22521891419 1.57092819615 0.47530647986 0.746760070053 2.16672504378 0.0658493870403 ;
50.9447439353 2.99191374663 4.7769541779 2.10175202156 0.00808625336927 33.6677897574 5.00336927224 ;
49.6195439739 2.86058631922 2.90423452769 1.11400651466 0.20651465798 13.3798045603 1.58631921824 ;
63.9496221662 3.62751889169 2.5935138539 0.833753148615 0.945214105793 3.2370906801 0.185768261965 ;
58.8585858586 3.28080808081 8.33737373737 4.14545454545 0.0020202020202 66.6949494949 11.8929292929 ;
59.5488721805 3.35789473684 5.95338345865 2.61203007519 0.00977443609023 40.5789473684 6.29022556391 ;
51.2942413884 3.09992111491 1.69839600316 0.459111227978 0.727846437023 2.33210623192 0.0770444386011 ;
62.4160583942 3.39343065693 4.16496350365 1.59051094891 0.130656934307 20.4262773723 2.74452554745 ;
74.9459269663 4.34971910112 2.95365168539 1.05617977528 0.973314606742 5.01334269663 0.436797752809 ;
49.7159763314 2.87827557058 4.12172442942 1.76838546069 0.0143702451395 27.6770921386 3.9078613694 ;
87.8936708861 5.2835443038 3.00253164557 1.14430379747 1.08101265823 4.86582278481 0.407594936709 ;
50.4443712969 2.91046741277 3.0250164582 1.13956550362 0.235023041475 12.9657669519 1.52797893351 ;
55.5401691332 3.19344608879 6.22093023256 2.83615221987 0.00422832980973 45.3033826638 7.20613107822 ;
63.7940033315 3.64519711272 2.5830094392 0.832870627429 0.950027762354 3.22709605775 0.186285397002 ;
60.0921052632 3.31842105263 8.70789473684 4.37105263158 0.00263157894737 70.0605263158 12.6789473684 ;
50.6604903079 3.07183580388 1.63711516534 0.434150513113 0.713511972634 2.27166476625 0.0684150513113 ;
63.5094562648 3.47517730496 5.34397163121 2.25886524823 0.016548463357 33.0070921986 4.86288416076 ;
65.3677083333 3.57083333333 4.1625 1.546875 0.201041666667 18.0260416667 2.35833333333 ;
78.8315926893 4.61749347258 2.78590078329 1.0137075718 1.0319843342 4.16710182768 0.313968668407 ;
50.5543018336 2.87376586742 3.91537376587 1.62905500705 0.024682651622 25.442877292 3.53385049365 ;
59.7700519331 3.44287362954 2.33439122908 0.747547605309 0.82025389498 3.82487016734 0.268609347952 ;
64.4254658385 3.46583850932 6.60559006211 3.0248447205 0.00465838509317 46.2872670807 7.45962732919 ;
49.4372446001 2.81903093987 3.5137186223 1.40863981319 0.0636310566258 21.4057209574 2.87157034442 ;
84.080443828 4.94313453537 2.78085991678 1.07489597781 1.01109570042 4.7253814147 0.385575589459 ;
49.0072507553 2.98670694864 1.84320241692 0.542598187311 0.621450151057 3.76978851964 0.263141993958 ;
58.8131147541 3.29180327869 8.99344262295 4.53114754098 0.00327868852459 72.9704918033 13.3180327869 ;
62.6464713715 3.41944074567 4.56524633822 1.8189081225 0.0832223701731 24.4593874834 3.39414114514 ;
70.5101410935 4.02954144621 2.9594356261 0.992063492063 0.987654320988 4.20061728395 0.332010582011 ;
51.5562659847 3.07289002558 5.61508951407 2.51918158568 0.00383631713555 41.3286445013 6.42071611253 ;
59.9493670886 3.59915611814 17.5569620253 4.11814345992 3.11392405063 5.73417721519 0.451476793249 ;
59.12 3.31906976744 6.47348837209 3.00651162791 0.0046511627907 47.0176744186 7.58418604651 ;
63.0777808754 3.57764148313 1.94424310008 0.677446333984 0.852244215222 2.85112907722 0.142737663786 ;
65.6314475874 3.66056572379 3.67387687188 1.4159733777 0.210482529118 17.2046589018 2.22961730449 ;
50.0847025496 3.05099150142 1.56175637394 0.454674220963 0.642776203966 2.91954674221 0.159773371105 ;
55.0408287629 3.10542352224 4.63254113346 1.98232784887 0.0164533820841 30.1700182815 4.34186471664 ;
59.0936329588 3.28464419476 9.21722846442 4.64419475655 0.00374531835206 74.7265917603 13.7116104869 ;
49.5790452573 2.8053316801 2.9708617483 1.14693118413 0.0917544947303 16.9795412275 2.13577185369 ;
78.6792815908 4.62091084028 2.75497113534 1.00641436818 1.03399615138 4.16549069917 0.314304041052 ;
58.7388220783 3.40240518039 2.28060437866 0.704286154795 0.874498920752 2.95312981807 0.150786308973 ;
58.8089033659 3.30836047774 6.71226927253 3.15309446254 0.00325732899023 49.5146579805 8.08360477742 ;
82.9405594406 4.91491841492 2.86596736597 1.08391608392 1.01748251748 4.85431235431 0.410256410256 ;
69.6228755168 3.94855305466 2.69223702343 0.906293063849 1.00964630225 3.25815342214 0.195682131373 ;
56.4143646409 3.1810926949 4.93615715163 2.11602209945 0.0135052179251 32.0853284223 4.68631062001 ;
65.0332458443 3.6062992126 4.11023622047 1.50481189851 0.244094488189 17.0017497813 2.19597550306 ;
48.352189781 2.9795620438 1.67445255474 0.471532846715 0.625912408759 3.15693430657 0.187226277372 ;
60.0896860987 3.31838565022 9.36322869955 4.78923766816 0.0 77.1524663677 14.3004484305 ;
50.0506471581 2.82723691615 3.29769274057 1.25998874508 0.103545301069 18.2701181767 2.35171637591 ;
59.9247787611 3.59734513274 18.2256637168 4.32300884956 3.13274336283 6.3407079646 0.535398230088 ;
55.4752136752 3.19401709402 5.94615384615 2.67008547009 0.0042735042735 42.647008547 6.67777777778 ;
62.3793677205 3.55158069884 3.21630615641 1.19717138103 0.234608985025 14.3594009983 1.77287853577 ;
49.5567039908 3.00976169968 1.6129773184 0.485788113695 0.609819121447 3.43238587425 0.218776916451 ;
59.8486997636 3.31205673759 8.56028368794 4.27659574468 0.00236406619385 68.7257683215 12.3806146572 ;
77.4163548904 4.52218065206 2.71566007483 0.994120791021 1.01282736505 4.26830571887 0.329770176376 ;
49.916877851 2.84642676128 3.42422706538 1.40750126711 0.0425747592499 21.6776482514 2.91535732387 ;
62.1048526863 3.52224147891 1.9150779896 0.646447140381 0.862507221259 2.58434430965 0.107741190064 ;
65.2075471698 3.49833518313 5.02219755827 2.15427302997 0.0277469478357 30.1220865705 4.36293007769 ;
57.4806034483 3.25215517241 5.89583333333 2.61925287356 0.00790229885057 41.3153735632 6.42887931034 ;
67.8152218152 3.82743182743 2.59544159544 0.867724867725 0.998371998372 3.04517704518 0.168905168905 ;
57.3714561856 3.33666237113 2.24130154639 0.692976804124 0.818298969072 3.26192010309 0.191365979381 ;
58.8036565978 3.2186009539 4.43720190779 1.79809220986 0.043720190779 25.2154213037 3.50238473768 ;
48.2702879581 2.7859947644 3.29646596859 1.32329842932 0.0765706806283 20.0844240838 2.65510471204 ;
81.5489443378 4.80134357006 2.86756238004 1.06429942418 1.04702495202 4.36372360845 0.336852207294 ;
47.923712151 2.95753047582 1.72040896579 0.488006291781 0.614235155328 3.41918993315 0.211167911915 ;
59.408388521 3.30684326711 8.4944812362 4.23399558499 0.00220750551876 67.8763796909 12.1721854305 ;
66.6359743041 3.75802997859 4.07066381156 1.47323340471 0.299785867238 15.9967880086 2.04925053533 ;
58.4464461186 3.37143792991 2.17130691123 0.679331804782 0.828037995414 3.09269570914 0.168358991156 ;
60.1705822268 3.36261491318 6.28907048008 2.87231869254 0.00612870275792 44.5638406537 7.07150153218 ;
49.216875 2.814375 2.959375 1.1425 0.13875 15.6025 1.920625 ;
68.6274747475 3.91272727273 2.80323232323 0.93696969697 0.984646464646 3.78828282828 0.266262626263 ;
81.9959758551 4.84708249497 3.03319919517 1.12374245473 1.02012072435 5.10362173038 0.446680080483 ;
51.7450514648 2.98653998416 4.63024544735 1.99445764054 0.0126682501979 31.1757719715 4.51543942993 ;
63.0357894737 3.44 4.33894736842 1.65824561404 0.131929824561 21.24 2.87789473684 ;
48.4610802224 2.99205718824 1.65687053217 0.430103256553 0.67434471803 2.50714853058 0.107227958697 ;
58.8836633663 3.28712871287 8.65346534653 4.31188118812 0.00247524752475 69.3589108911 12.5 ;
51.3495263541 3.10954578577 1.80932717999 0.509594364829 0.71702696138 2.78746660189 0.141122176342 ;
58.7231404959 3.22892561983 4.7347107438 1.93553719008 0.0396694214876 27.3983471074 3.86694214876 ;
67.0541436464 3.68729281768 4.24972375691 1.56243093923 0.243093922652 17.8784530387 2.3591160221 ;
61.9607577808 3.38971583221 6.73207036536 3.17591339648 0.00270635994587 49.3342354533 8.05548037889 ;
65.0385254989 3.70620842572 2.56042128603 0.838414634146 0.950110864745 3.2699556541 0.189855875831 ;
80.6047098402 4.70899915896 2.77039529016 1.03364171573 1.02607232969 4.18250630782 0.314550042052 ;
58.5658914729 3.26744186047 9.29069767442 4.65503875969 0.00387596899225 75.1162790698 13.8255813953 ;
50.9178532311 3.03395399781 5.12267250821 2.28039430449 0.00328587075575 36.9123767798 5.57502738226 ;
49.3295711061 2.81659142212 3.14221218962 1.19582392777 0.133182844244 16.5581264108 2.07279909707 ;
56.9331788335 3.31517960603 2.00811123986 0.61259173426 0.811510235612 2.72190034762 0.128234839706 ;
58.3054234063 3.29115128449 6.09609895338 2.73453853473 0.00475737392959 43.0104662226 6.75166508088 ;
51.5120583287 2.91475042064 3.23892316321 1.1873247336 0.159842961301 15.8939988783 1.98037016265 ;
79.2878892734 4.64982698962 2.90865051903 1.05467128028 1.04359861592 4.44636678201 0.350865051903 ;
51.362248996 2.95020080321 4.34136546185 1.88032128514 0.0136546184739 28.9863453815 4.11967871486 ;
47.8467000835 2.96407685881 1.69632414369 0.455722639933 0.645781119465 2.93191311612 0.157894736842 ;
66.0886446886 3.75347985348 2.70842490842 0.899633699634 0.927838827839 3.936996337 0.288278388278 ;
59.4589473684 3.30526315789 8.41263157895 4.18526315789 0.00210526315789 67.2463157895 12.0231578947 ;
66.2562562563 3.58558558559 4.73773773774 1.88188188188 0.114114114114 23.6706706707 3.26926926927 ;
50.1063636364 2.93090909091 4.56 1.99727272727 0.0118181818182 31.3718181818 4.56454545455 ;
58.4427910053 3.37037037037 2.12334656085 0.665013227513 0.827380952381 2.97156084656 0.15376984127 ;
62.0384976526 3.42723004695 5.97840375587 2.60751173709 0.0112676056338 39.7915492958 6.12300469484 ;
68.3404972609 3.91529709229 2.89464812474 0.9599662874 0.994521702486 3.91487568479 0.28402865571 ;
58.32 3.25913043478 8.10086956522 4.00869565217 0.00173913043478 64.6139130435 11.4313043478 ;
48.9491997216 2.80306193459 2.98677800974 1.1503131524 0.130132219903 15.8302018093 1.95059151009 ;
61.9127423823 3.37534626039 4.1620498615 1.58379501385 0.140581717452 20.1662049861 2.69459833795 ;
81.3208751139 4.76481312671 2.90154968095 1.08113035552 1.0063810392 4.80583409298 0.403828623519 ;
48.4845916795 2.99152542373 1.67835130971 0.447996918336 0.6656394453 2.69761171032 0.133281972265 ;
63.0660628663 3.59296750133 1.94166222696 0.692061800746 0.794086307938 3.50772509323 0.234150239744 ;
64.5201754386 3.48947368421 5.34649122807 2.30438596491 0.0254385964912 33.0745614035 4.90877192982 ;
77.8674901741 4.55306007861 2.73329590118 1.02133632791 0.961819202695 5.04435710275 0.441325098259 ;
53.3932082216 2.97542448615 3.16800714924 1.21313672922 0.0969615728329 17.5504915103 2.23949955317 ;
49.9375 3.04017857143 1.59068080357 0.465122767857 0.639508928571 3.04464285714 0.173270089286 ;
60.5421686747 3.33734939759 9.8313253012 5.03614457831 0.0 80.8855421687 15.2409638554 ;
57.4504504505 3.26876876877 7.09309309309 3.38138138138 0.0045045045045 54.0375375375 9.01351351351 ;
61.6875 3.62152777778 16.40625 3.85416666667 3.00347222222 5.86458333333 0.465277777778 ;
50.1910420475 2.94515539305 4.61517367459 2.04113345521 0.0091407678245 32.273308958 4.73126142596 ;
59.9945054945 3.56043956044 19.9230769231 4.71978021978 3.07142857143 7.23076923077 0.648351648352 ;
59.7181964573 3.31723027375 8.05797101449 3.95491143317 0.00161030595813 63.5152979066 11.1739130435 ;
65.5521855486 3.56021409456 4.28456735058 1.74665477252 0.0900981266726 23.1516503122 3.19090098127 ;
60.6451911221 3.4676325524 2.01510480888 0.684956843403 0.801171393342 3.45437731196 0.216399506782 ;
55.507585335 3.17762326169 5.3811630847 2.38685208597 0.00379266750948 37.5891276865 5.71175726928 ;
84.8832807571 5.03470031546 2.82334384858 1.07886435331 1.04100946372 4.60567823344 0.362776025237 ;
50.4958353748 2.84958353748 3.17736403724 1.25477707006 0.0759431651151 18.7344439 2.43116119549 ;
49.4415544676 3.01315789474 1.57894736842 0.455630354957 0.634944920441 2.98684210526 0.166768665851 ;
71.3354806739 4.11100099108 2.60406342914 0.917740336967 0.96828543112 4.04212091179 0.311199207136 ;
58.3623611923 3.21390999416 4.41963763881 1.81414377557 0.0555230859147 25.3921683226 3.536528346 ;
69.2666407162 3.95212144803 2.9844297392 0.994939665239 0.960685091475 4.55313351499 0.379914363566 ;
48.4705443699 2.9966442953 1.72222222222 0.470171513796 0.656599552573 2.92878448919 0.161073825503 ;
60.6403508772 3.32456140351 8.89766081871 4.44736842105 0.00292397660819 71.2397660819 12.9590643275 ;
58.76052553 3.38668259182 2.20274708868 0.698417438041 0.811585547925 3.43684681995 0.216781128695 ;
49.0550029257 2.78935049737 3.19426565243 1.24283206554 0.107665301346 17.8595669982 2.28203627853 ;
52.3597811218 3.10670314637 6.15047879617 2.84131326949 0.00410396716826 46.2216142271 7.38850889193 ;
65.2225237449 3.53324287653 5.92944369064 2.57259158752 0.010854816825 38.8385345997 5.97150610583 ;
82.7843359818 4.8989784336 2.92849035187 1.11123723042 0.989784335982 5.28149829739 0.474460839955 ;
59.6771653543 3.35433070866 10.1496062992 5.25196850394 0.0 84.3464566929 16.1968503937 ;
59.3216448836 3.43321644884 2.4093082563 0.754542556583 0.854319413452 3.51960471788 0.219955371374 ;
56.4800559832 3.22253324003 5.37858642407 2.34289713086 0.00629811056683 36.6060181945 5.52624212736 ;
83.0035502959 4.92662721893 2.94911242604 1.10059171598 1.03668639053 4.75621301775 0.391715976331 ;
64.96534235 3.5257819104 4.47083685545 1.71513102282 0.146238377008 21.1428571429 2.87320371936 ;
48.9962216625 2.99055415617 1.72890428212 0.503463476071 0.620906801008 3.44395465995 0.220088161209 ;
59.1692307692 3.30307692308 7.33076923077 3.49538461538 0.00461538461538 55.7307692308 9.35230769231 ;
49.897751606 2.82869379015 3.44218415418 1.36241970021 0.0802997858672 20.2323340471 2.68040685225 ;
69.5940766551 3.9468641115 2.68858885017 0.914634146341 0.978658536585 3.66202090592 0.251742160279 ;
50.0165509877 2.8344901228 3.53764014949 1.4297917779 0.0635344367325 21.5136145222 2.88414308596 ;
49.1318879855 2.98554652213 1.77838000602 0.52544414333 0.616982836495 3.63565191207 0.242999096658 ;
59.906122449 3.31224489796 7.52244897959 3.59795918367 0.00204081632653 57.8816326531 9.82244897959 ;
76.1385733757 4.43571104044 2.89822807815 1.02635165834 1.0295320309 4.1072239891 0.308496138119 ;
64.003033367 3.47320525784 5.48331648129 2.33670374115 0.0182002022245 33.9069767442 5.0353892821 ;
51.6679946879 3.07436918991 5.64541832669 2.53784860558 0.0066401062417 40.7237715803 6.31739707835 ;
61.0139956092 3.49066959385 2.29774972558 0.7231064764 0.913007683864 2.79610318332 0.132272228321 ;
59.534351145 3.35114503817 10.0992366412 5.22900763359 0.0 83.9847328244 16.0687022901 ;
62.8877005348 3.51948051948 3.97708174179 1.42857142857 0.248281130634 16.2704354469 2.0718105424 ;
64.3115886416 3.49808135073 4.22640061397 1.61703760553 0.142747505756 20.1772831926 2.71297006907 ;
50.3290870488 3.03715498938 1.76831210191 0.499734607219 0.662951167728 3.05626326964 0.175690021231 ;
59.0637119114 3.29639889197 6.98891966759 3.31855955679 0.00415512465374 52.3670360111 8.66066481994 ;
84.7230769231 5.07846153846 2.86769230769 1.09384615385 1.03384615385 4.87076923077 0.401538461538 ;
49.3750689465 2.79922779923 3.31605074462 1.29784886928 0.0915609487038 18.8218422504 2.44070601213 ;
59.7918781726 3.32487309645 9.57868020305 4.89340101523 0.0 78.7715736041 14.7157360406 ;
61.8179153094 3.57394136808 2.52149837134 0.808794788274 0.930618892508 3.36254071661 0.197394136808 ;
56.042798913 3.2004076087 5.18682065217 2.24184782609 0.00815217391304 34.8505434783 5.19361413043 ;
72.0967365967 4.09673659674 2.80769230769 0.967365967366 1.0 3.7365967366 0.262820512821 ;
52.856846473 3.09336099585 5.70746887967 2.56742738589 0.0051867219917 41.218879668 6.39315352697 ;
58.0335263639 3.3532459616 1.80219445291 0.597683633039 0.748857055776 3.18226150564 0.185309356903 ;
82.043699187 4.8343495935 2.84451219512 1.08231707317 0.988821138211 5.15345528455 0.454268292683 ;
62.439779766 3.39435650379 4.71644872677 2.0165175499 0.0240880935994 29.1390227116 4.19821059876 ;
60.9169550173 3.36332179931 8.14705882353 4.01557093426 0.00173010380623 64.1418685121 11.3114186851 ;
61.7153284672 3.67518248175 16.9233576642 4.04379562044 2.87591240876 7.22627737226 0.656934306569 ;
68.5676822214 3.90782876976 2.34631700733 0.856151176244 0.842653297339 4.68453528731 0.402622445044 ;
47.9617933723 2.95438596491 1.62144249513 0.47134502924 0.59649122807 3.45847953216 0.220662768031 ;
50.8598315998 2.86825160971 3.22783556216 1.27191679049 0.0673600792472 19.2179296682 2.52154531947 ;
83.5140306122 4.98724489796 2.80102040816 1.08163265306 1.00255102041 4.91964285714 0.413265306122 ;
51.1127774445 2.93941211758 3.04979004199 1.1349730054 0.252549490102 12.8716256749 1.52549490102 ;
62.9651877133 3.42184300341 4.63139931741 1.86211604096 0.0778156996587 25.214334471 3.51535836177 ;
59.4268330733 3.43120124805 2.18439937598 0.686739469579 0.869266770671 2.94040561622 0.146021840874 ;
58.9447674419 3.29941860465 8.88081395349 4.45930232558 0.00290697674419 71.4302325581 12.988372093 ;
69.9384937238 3.99246861925 3.02217573222 1.00753138075 0.975732217573 4.46150627615 0.364435146444 ;
48.6030906873 2.96909312729 1.50630337536 0.371289141928 0.667344448963 2.10532736885 0.0500203334689 ;
49.2106084243 2.85569422777 4.01326053042 1.68018720749 0.0195007800312 26.5943837754 3.73712948518 ;
58.3156950673 3.28878923767 6.2600896861 2.85112107623 0.00358744394619 45.0905829596 7.17399103139 ;
63.9734513274 3.48303834808 4.37979351032 1.68362831858 0.126843657817 21.4240412979 2.91002949853 ;
53.8151465798 3.28013029316 4.38110749186 1.35016286645 0.832247557003 8.70195439739 0.903094462541 ;
77.0005055612 4.48382204247 2.87259858443 1.02730030334 1.01263902932 4.33872598584 0.340748230536 ;
52.4312236287 3.03713080169 4.85738396624 2.10970464135 0.00759493670886 33.2168776371 4.89029535865 ;
61.2836879433 3.39007092199 6.37234042553 2.9231678487 0.00591016548463 45.0047281324 7.16666666667 ;
58.6990291262 3.28640776699 8.63106796117 4.29611650485 0.00242718446602 69.0922330097 12.427184466 ;
62.3330536913 3.55229306488 2.17365771812 0.717281879195 0.884507829978 2.94574944072 0.148769574944 ;
48.5941818182 2.76509090909 3.04436363636 1.20363636364 0.056 18.7432727273 2.42109090909 ;
49.1546279492 2.96914700544 1.27404718693 0.334301270417 0.601814882033 2.15317604356 0.0613430127042 ;
49.2867403315 2.82651933702 3.58950276243 1.47127071823 0.0524861878453 22.5762430939 3.06629834254 ;
48.4898027416 2.94984954865 1.73487128051 0.504847876964 0.596790371113 3.62487462387 0.246740220662 ;
68.7246563574 3.89132302405 2.7706185567 0.920103092784 1.00773195876 3.38015463918 0.208762886598 ;
60.1847826087 3.3152173913 9.67934782609 4.94565217391 0.0 79.6195652174 14.9565217391 ;
57.0527817404 3.25962910128 6.99286733238 3.3152639087 0.00427960057061 52.9985734665 8.78601997147 ;
58.4780472828 3.40957936752 2.35032238256 0.747927540682 0.817009517961 3.8394227817 0.264353699724 ;
63.5230648944 3.45269741986 4.24081313526 1.60985144644 0.147771696638 20.0070367475 2.684910086 ;
81.8212512413 4.8361469712 2.88977159881 1.07745779543 1.01290963257 4.87686196624 0.416087388282 ;
59.8249566724 3.32928942808 5.51559792028 2.36395147314 0.00953206239168 36.4627383016 5.49220103986 ;
62.9562638992 3.49518161601 3.9547813195 1.42772424018 0.236471460341 16.5722757598 2.12083024463 ;
56.5714285714 3.27624309392 1.83030781373 0.567876874507 0.758484609313 2.72415153907 0.133780584057 ;
56.8559059988 3.20160791589 4.95052566481 2.1094619666 0.0148423005566 31.6685219542 4.61038961039 ;
79.3189596167 4.6372347707 2.88432580424 1.06091718001 1.01642710472 4.66735112936 0.382614647502 ;
58.6413407821 3.30055865922 6.53519553073 3.06033519553 0.00223463687151 48.0837988827 7.78212290503 ;
65.9953506393 3.75164664859 2.74932196823 0.889577683069 1.02092212321 3.06741573034 0.167764432391 ;
48.7558714462 2.77132262052 3.13288009889 1.23114956737 0.0871446229913 18.2274412855 2.33745364648 ;
59.7346938776 3.2925170068 9.08843537415 4.57823129252 0.00340136054422 73.4591836735 13.4285714286 ;
47.8721422523 2.99237933954 1.8183742591 0.490262489416 0.669348010161 3.01947502117 0.167231160034 ;
59.4861460957 3.30100755668 6.87027707809 3.25440806045 0.00377833753149 51.241813602 8.43450881612 ;
66.894089647 3.84609282031 3.03014676716 0.987703292344 0.953193177311 4.62475208251 0.384371281238 ;
48.3903903904 2.98423423423 1.66929429429 0.459084084084 0.641891891892 2.92492492492 0.160285285285 ;
52.410912191 3.06479113384 5.02983802217 2.18329070759 0.00682011935209 34.4305200341 5.1167945439 ;
64.4315452362 3.48198558847 4.6837469976 1.91353082466 0.0712570056045 25.4867894315 3.56845476381 ;
59.7772277228 3.33168316832 9.52475247525 4.87623762376 0.0 78.4504950495 14.6336633663 ;
79.7154294032 4.63609898108 2.79112081514 1.03711790393 1.01091703057 4.47088791849 0.354439592431 ;
57.9893200427 3.3367746529 2.06585973656 0.645425418298 0.811320754717 2.96012815949 0.15592737629 ;
50.4981818182 2.85662337662 3.28311688312 1.23948051948 0.118961038961 17.5568831169 2.23584415584 ;
63.6111111111 3.62073707371 2.55115511551 0.828932893289 0.92299229923 3.41941694169 0.211221122112 ;
53.6958105647 3.1912568306 6.88342440801 3.23861566485 0.00546448087432 52.0637522769 8.58287795993 ;
50.6338404057 3.07072324526 1.69815852682 0.472377902322 0.692554043235 2.65652522018 0.12623432079 ;
78.380952381 4.60683760684 2.91636141636 1.04884004884 1.03968253968 4.41819291819 0.347985347985 ;
65.0679012346 3.5405643739 4.44620811287 1.72045855379 0.135802469136 21.3897707231 2.91005291005 ;
60.9126637555 3.31441048035 9.28820960699 4.76419213974 0.0 76.6375545852 14.2008733624 ;
52.0044085231 2.98824393828 4.56282145481 1.96620132256 0.0139603232917 30.6326230713 4.4092578986 ;
50.4495515695 2.86378923767 3.18778026906 1.18273542601 0.154708520179 15.850896861 1.96524663677 ;
64.8404423381 3.48657187994 6.18009478673 2.76303317536 0.00631911532385 41.8278041074 6.56398104265 ;
62.0185328185 3.43088803089 3.91428571429 1.40772200772 0.228571428571 16.7853281853 2.14671814672 ;
58.0150891632 3.2633744856 6.91083676269 3.27846364883 0.00411522633745 52.0329218107 8.59670781893 ;
50.7112766504 3.08399691754 1.7698433085 0.500642178269 0.688158232725 2.90136141793 0.155920883637 ;
63.6976950355 3.61377068558 2.42612293144 0.791075650118 0.94414893617 2.92996453901 0.15011820331 ;
53.6620639535 3.09084302326 4.94912790698 2.14680232558 0.00872093023256 33.417877907 4.92659883721 ;
48.9599027947 2.78128797084 3.19623329283 1.23997569866 0.102065613609 17.8481166464 2.2752126367 ;
69.1425855513 3.67300380228 5.72243346008 2.40684410646 0.0494296577947 31.9961977186 4.72243346008 ;
78.3196622437 4.59951749095 2.98130277443 1.06393244873 1.04402895054 4.47044632087 0.354644149578 ;
59.8676470588 3.33333333333 9.51960784314 4.86764705882 0.0 78.318627451 14.6029411765 ;
81.2467771639 4.77992633517 2.87569060773 1.05893186004 1.03591160221 4.39318600368 0.343462246777 ;
58.2080924855 3.4161849711 2.54696531792 0.770592485549 0.896676300578 3.3414017341 0.19436416185 ;
58.7073643411 3.27713178295 8.27325581395 4.10465116279 0.00193798449612 66.1259689922 11.7635658915 ;
50.0152603232 2.90843806104 4.39587073609 1.91921005386 0.0116696588869 30.0287253142 4.32136445242 ;
48.5730951513 2.96281443675 1.54174261757 0.424352898287 0.614290922348 2.80933284725 0.15020051039 ;
60.5786963434 3.37519872814 5.90381558029 2.59220985692 0.010333863275 39.8767885533 6.14944356121 ;
66.3268671193 3.63918525703 4.39282250242 1.67507274491 0.203685741998 19.4568380213 2.59844810863 ;
67.8069022186 3.84716516023 2.50369761709 0.851684470008 0.972062448644 3.16557107642 0.180772391126 ;
51.22600795 2.87279954571 3.15445769449 1.18852924475 0.122089721749 16.5985235662 2.08688245315 ;
47.2871772039 2.91317898486 1.678539626 0.479073909172 0.582813891362 3.53161175423 0.229741763134 ;
55.6884735202 3.20794392523 5.29049844237 2.27725856698 0.00623052959502 35.7912772586 5.36682242991 ;
65.0821576763 3.53029045643 4.39336099585 1.70456431535 0.132780082988 21.3228215768 2.90456431535 ;
59.2278481013 3.27848101266 9.29957805907 4.71308016878 0.0 76.3164556962 14.1223628692 ;
79.0670690812 4.63044936284 2.87860496311 1.05030181087 1.03890006707 4.39839034205 0.341381623072 ;
49.9402739726 2.82520547945 3.46575342466 1.36712328767 0.081095890411 20.2789041096 2.68931506849 ;
55.9822586148 3.30672125554 2.19822586148 0.672807915387 0.784032753327 3.56977140908 0.23097918799 ;
65.6202486679 3.70692717584 2.61385435169 0.861811722913 0.936056838366 3.48525754885 0.22486678508 ;
59.7267355982 3.31757754801 6.93353028065 3.28951255539 0.00443131462334 51.623338257 8.50221565731 ;
62.5634301914 3.39971651311 4.24167257264 1.65981573352 0.10843373494 21.7370659107 2.94613749114 ;
81.7368932039 4.83009708738 3.08349514563 1.13203883495 1.02038834951 5.11262135922 0.445631067961 ;
58.8245614035 3.29385964912 8.46271929825 4.21929824561 0.00219298245614 67.7807017544 12.1447368421 ;
48.4820393975 2.99073001159 1.63924295095 0.439938200077 0.661259173426 2.68443414446 0.131324835844 ;
60.8031716418 3.38152985075 6.1697761194 2.73787313433 0.0102611940299 42.3470149254 6.63246268657 ;
58.4604057592 3.38481675393 2.16361256545 0.681937172775 0.825589005236 3.15379581152 0.17637434555 ;
50.1109040075 2.93289841566 4.54426840634 1.98881640261 0.00931966449208 31.348555452 4.55452003728 ;
68.5286468915 3.88825680618 2.76676147907 0.925639983746 0.973587972369 3.79479886225 0.269809020723 ;
49.506078055 2.83045425464 3.19769673704 1.18682021753 0.161868202175 15.773512476 1.94689699296 ;
49.005838469 3.00064871878 1.71813168991 0.487836522867 0.640609795654 3.17612714888 0.189101524489 ;
60.4093198992 3.32115869018 6.959697733 3.30478589421 0.00377833753149 52.0415617128 8.60957178841 ;
65.9758333333 3.705 4.20583333333 1.55083333333 0.255833333333 17.3983333333 2.26083333333 ;
55.9829372334 3.18890920171 5.08592321755 2.19561243144 0.0109689213894 33.8421694089 5.01218769043 ;
59.7054773083 3.43755868545 2.32018779343 0.726447574335 0.88544600939 3.0338028169 0.158685446009 ;
50.2194736842 2.84736842105 3.37473684211 1.29947368421 0.0973684210526 18.8315789474 2.44421052632 ;
84.2196861626 4.99572039943 2.8002853067 1.06990014265 1.04279600571 4.46504992867 0.34664764622 ;
58.8070175439 3.3216374269 9.75438596491 5.0 0.0 80.4912280702 15.1169590643 ;
70.6233958539 3.99605133268 2.7152023692 0.923000987167 1.01776900296 3.24086870681 0.197926949654 ;
50.1808054841 3.03913167666 1.68123393316 0.463010568409 0.677235075693 2.66895172808 0.130248500428 ;
56.5144927536 3.22644927536 7.33152173913 3.51630434783 0.0036231884058 56.5688405797 9.53985507246 ;
78.0351493849 4.56414762742 2.7855887522 1.00820152314 1.03573520797 4.12243702402 0.308728763913 ;
51.6969936709 2.99129746835 4.66930379747 2.03481012658 0.0126582278481 31.6756329114 4.60601265823 ;
64.8460912052 3.51954397394 4.26221498371 1.63599348534 0.160423452769 19.8745928339 2.65716612378 ;
62.9536637931 3.61745689655 2.54579741379 0.816810344828 0.939655172414 3.22413793103 0.183997844828 ;
50.2551574376 2.85070575461 3.19109663409 1.19978284473 0.14115092291 16.3572204126 2.03745928339 ;
59.776119403 3.35820895522 10.0970149254 5.22388059701 0.0 83.723880597 16.0 ;
63.7055771725 3.47859922179 6.05447470817 2.66018158236 0.0103761348898 40.3255512322 6.25551232166 ;
50.0707512764 2.99635302699 3.30269876003 1.17797228301 0.433989788476 10.6484318016 1.21517140773 ;
58.7744360902 3.32255639098 5.76390977444 2.52105263158 0.00977443609023 39.0030075188 5.97744360902 ;
78.6366538953 4.61238825032 2.9061302682 1.03831417625 1.04916985951 4.17369093231 0.315453384419 ;
55.5373134328 3.03336259877 3.53204565408 1.3230904302 0.0886742756804 19.0201931519 2.4811237928 ;
67.4802197802 3.66813186813 4.42967032967 1.71098901099 0.194505494505 19.978021978 2.69120879121 ;
59.245409015 3.29048414023 8.09348914858 3.97829716194 0.0016694490818 64.0801335559 11.3005008347 ;
63.2718857445 3.61121396456 2.39407564136 0.779423432954 0.925416556467 3.02486114784 0.158423697435 ;
49.9736227045 3.03038397329 1.46343906511 0.370951585977 0.690150250417 1.99398998331 0.0257095158598 ;
48.4568627451 2.82549019608 4.01078431373 1.72352941176 0.0137254901961 27.2676470588 3.83039215686 ;
69.3893939394 3.75757575758 5.10606060606 2.06060606061 0.137878787879 25.1666666667 3.53636363636 ;
56.3279753762 3.29445964432 1.99760601915 0.59610123119 0.822845417237 2.542749658 0.105677154583 ;
57.7226086957 3.27391304348 6.18434782609 2.79652173913 0.00434782608696 44.2434782609 7.00347826087 ;
50.9894847529 2.9269190326 4.00315457413 1.67192429022 0.0294426919033 25.9505783386 3.60883280757 ;
67.5600688468 3.84061962134 2.65576592083 0.884681583477 0.995524956971 3.28846815835 0.194492254733 ;
60.8632707775 3.34048257373 8.75871313673 4.38873994638 0.00268096514745 70.1045576408 12.6943699732 ;
47.1113445378 2.90924369748 1.77941176471 0.533193277311 0.55 4.4281512605 0.356722689076 ;
82.1092436975 4.8487394958 2.82142857143 1.05357142857 1.03571428571 4.39600840336 0.348739495798 ;
58.2402730375 3.23412969283 3.64027303754 1.28259385666 0.248464163823 14.8464163823 1.83959044369 ;
57.0887869946 3.38724468529 2.82034180909 0.891621508962 0.767403084619 5.68778657774 0.518132555231 ;
63.7621621622 3.42342342342 7.14594594595 3.38738738739 0.0018018018018 53.1225225225 8.85045045045 ;
49.2430908065 2.80654258319 3.33502538071 1.31584884377 0.0750141003948 19.7851099831 2.59560067682 ;
60.6634831461 3.32696629213 4.80898876404 2.00617977528 0.035393258427 28.8325842697 4.13876404494 ;
59.2467532468 3.33116883117 9.94805194805 5.0974025974 0.0 81.9090909091 15.4675324675 ;
77.7940691928 4.53212520593 2.95716639209 1.06919275124 0.997803404723 4.94947830862 0.427786930258 ;
48.6319715808 2.95062166963 1.53321492007 0.420959147425 0.609946714032 2.79680284192 0.146003552398 ;
51.1302931596 3.07003257329 5.99511400651 2.7654723127 0.00488599348534 44.842019544 7.11889250814 ;
64.9032142857 3.65892857143 2.51928571429 0.828214285714 0.905357142857 3.53464285714 0.239285714286 ;
61.1162790698 3.59593023256 15.0377906977 3.5261627907 2.98546511628 5.17441860465 0.375 ;
57.8947740113 3.27471751412 5.68290960452 2.48305084746 0.00918079096045 38.7118644068 5.91949152542 ;
49.5644977169 3.0122716895 1.60131278539 0.48801369863 0.597602739726 3.5399543379 0.229452054795 ;
50.0173181593 2.84413656606 3.46115784265 1.40969816922 0.0549233052944 21.4868876794 2.88619495299 ;
59.6015625 3.359375 10.1484375 5.25 0.0 84.2578125 16.15625 ;
77.1670157068 4.50366492147 2.57015706806 0.957591623037 0.98167539267 4.18062827225 0.320942408377 ;
64.5470679012 3.51311728395 3.86188271605 1.53317901235 0.121141975309 19.800154321 2.65586419753 ;
58.9260780287 3.27515400411 7.49486652977 3.6160164271 0.00205338809035 58.3223819302 9.92607802875 ;
61.9450762829 3.54202496533 1.79861303745 0.643550624133 0.785575589459 3.1067961165 0.175312066574 ;
55.3570451436 3.25718194254 1.98255813953 0.598837209302 0.775307797538 2.97400820793 0.159712722298 ;
53.75 3.13284132841 5.51014760148 2.45479704797 0.00645756457565 39.0562730627 5.98247232472 ;
79.4133885438 4.61835748792 2.95031055901 1.08350586611 1.00138026225 4.92753623188 0.423050379572 ;
65.5790123457 3.74938271605 2.80462962963 0.917283950617 0.919444444444 4.26419753086 0.334567901235 ;
59.7 3.32 9.555 4.88 0.0 78.58 14.66 ;
62.1897150799 3.36831132731 4.65601111883 1.9339819319 0.0500347463516 26.6455872133 3.75469075747 ;
50.4571570084 2.8548786528 3.30955918772 1.26844972759 0.110450718177 18.1233283804 2.33382862803 ;
60.9576923077 3.35769230769 7.29038461538 3.44230769231 0.00384615384615 54.4 9.09615384615 ;
46.712962963 2.91122004357 1.6105664488 0.431917211329 0.604030501089 3.01307189542 0.169389978214 ;
69.4859649123 4.01578947368 3.11578947368 1.04780701754 0.935087719298 5.30131578947 0.480701754386 ;
54.0063119928 3.13976555455 5.77186654644 2.56988277728 0.00721370604148 40.9323715059 6.34625788999 ;
48.8936802974 2.83271375465 2.92267657993 1.12936802974 0.190334572491 13.829739777 1.64609665428 ;
59.9942638623 3.33460803059 8.2638623327 4.09560229446 0.0019120458891 65.8374760994 11.6998087954 ;
54.142431466 3.00655542312 3.93444576877 1.55780691299 0.0595947556615 22.9880810489 3.12693682956 ;
49.6366326866 3.03288391976 1.65175928971 0.437356132851 0.691219993423 2.42255836896 0.09306149293 ;
60.2540061371 3.43539038527 2.2270712581 0.703375383566 0.858506648483 3.0886464371 0.170473917491 ;
82.4307359307 4.829004329 2.8474025974 1.07034632035 1.02922077922 4.55952380952 0.365800865801 ;
66.3952164009 3.56264236902 5.26993166287 2.23348519362 0.0478359908884 30.4453302961 4.44419134396 ;
60.3039557882 3.4502617801 2.25276323444 0.710878417685 0.887434554974 2.83856893543 0.137579988365 ;
52.1176470588 2.96669029057 4.33805811481 1.86605244507 0.0184266477675 28.5124025514 4.04961020553 ;
59.8714285714 3.34285714286 10.0214285714 5.17857142857 0.0 83.1785714286 15.8285714286 ;
75.1237484982 4.35642771326 2.86183420104 1.00800961153 1.03283940729 4.00400480577 0.293552262715 ;
57.0638297872 3.2504091653 7.25368248773 3.46808510638 0.00490998363339 55.6693944354 9.36988543372 ;
63.4230488694 3.52443471918 4.14150255288 1.49525893508 0.245076586433 17.014587892 2.19693654267 ;
62.0 3.4134520277 5.80415430267 2.51632047478 0.00989119683482 38.3926805143 5.85855588526 ;
48.642288197 2.80086893555 3.00289645185 1.1433743664 0.146270818248 15.3700217234 1.87690079652 ;
49.0834794809 3.0147316731 1.62504384427 0.437039635216 0.66748509295 2.61101367941 0.122413188355 ;
50.0639281828 3.03998911861 1.65914036997 0.487758433079 0.643906420022 3.1928726877 0.19042437432 ;
65.9079646018 3.59557522124 3.90265486726 1.54601769912 0.150442477876 19.485840708 2.61150442478 ;
56.6675241158 3.21864951768 5.19807073955 2.26366559486 0.0064308681672 35.2932475884 5.27652733119 ;
77.9061413673 4.56315179606 2.71494785632 0.990150637312 1.02723059096 4.10892236385 0.308227114716 ;
59.8531468531 3.32167832168 9.99300699301 5.16083916084 0.0 82.9020979021 15.7552447552 ;
50.2550709939 2.8331643002 3.21095334686 1.27941176471 0.0659229208925 19.2910750507 2.51825557809 ;
62.7531000276 3.57922292643 2.06475613117 0.709286304767 0.852852025351 3.16561036098 0.180214935244 ;
60.4230769231 3.59340659341 19.9285714286 4.73626373626 3.08791208791 7.17582417582 0.631868131868 ;
58.6776504298 3.29799426934 7.18338108883 3.42550143266 0.00429799426934 54.4971346705 9.11318051576 ;
51.5971606034 3.04968944099 5.2049689441 2.3256433008 0.00443655723159 37.1641526176 5.63265306122 ;
66.6630956779 3.7864794976 2.6830439601 0.881787957148 0.98300701884 3.31621721463 0.199482822313 ;
56.3979490572 3.30995699636 2.07839894145 0.638438637115 0.802514058882 3.06218987761 0.167052596758 ;
59.1787709497 3.28305400372 8.24022346369 4.07448789572 0.00186219739292 65.5642458101 11.6331471136 ;
80.1201848998 4.70647149461 2.9530046225 1.08782742681 1.01309707242 4.82665639445 0.407550077042 ;
62.1409058231 3.38605319914 4.00575125809 1.51186196981 0.161754133717 18.9460819554 2.50035945363 ;
47.2947269303 2.93738229755 1.6709039548 0.45197740113 0.617702448211 3.05084745763 0.177024482109 ;
49.1125304136 2.79440389294 3.25790754258 1.27554744526 0.0912408759124 18.5 2.38503649635 ;
65.0418604651 3.50930232558 5.84418604651 2.51046511628 0.0174418604651 36.7674418605 5.57325581395 ;
65.0175859313 3.51398880895 4.66826538769 1.85371702638 0.106314948042 23.9680255795 3.33413269384 ;
48.3632075472 2.98073899371 1.57979559748 0.42177672956 0.645440251572 2.6501572327 0.126572327044 ;
68.5794317727 3.90516206483 2.80072028812 0.933573429372 0.977190876351 3.81232492997 0.271708683473 ;
58.9570621469 3.30960451977 6.78418079096 3.20338983051 0.00338983050847 50.3559322034 8.25197740113 ;
50.2363433668 2.86008918618 3.1889632107 1.1884057971 0.136566332219 16.4241917503 2.05239687848 ;
82.003051882 4.84028484232 2.90640895219 1.08138351984 1.01932858596 4.80366225839 0.403865717192 ;
58.3795066414 3.37855787476 2.25300442758 0.708412397217 0.830487033523 3.37001897533 0.206831119545 ;
52.5323741007 3.02877697842 4.80215827338 2.06690647482 0.0122302158273 32.2928057554 4.72014388489 ;
59.9162561576 3.33497536946 9.52709359606 4.87192118227 0.0 78.3793103448 14.6206896552 ;
50.868627451 3.00196078431 4.98529411765 2.20294117647 0.00588235294118 35.1617647059 5.25980392157 ;
51.8370556062 3.12534184139 1.81403828624 0.51321786691 0.728122151322 2.74658158614 0.134001823154 ;
65.9517411571 3.75459281601 2.66218809981 0.883465862353 0.928434329586 3.81902933918 0.270633397313 ;
58.5409015025 3.29048414023 7.29549248748 3.47913188648 0.00500834724541 55.7712854758 9.3856427379 ;
60.8530670471 3.3245363766 4.242510699 1.65406562054 0.106276747504 21.7696148359 2.93580599144 ;
81.1801075269 4.76612903226 2.96774193548 1.0958781362 1.00537634409 4.93279569892 0.421146953405 ;
49.125 2.8148364486 3.15245327103 1.20385514019 0.140186915888 16.4199766355 2.04789719626 ;
59.4335664336 3.32167832168 9.99300699301 5.16083916084 0.0 82.8881118881 15.7482517483 ;
65.7733918129 3.52631578947 5.79385964912 2.5014619883 0.0131578947368 36.8669590643 5.60087719298 ;
61.6508976917 3.53405528641 2.30407523511 0.752351097179 0.889712168709 3.34568253064 0.200341977771 ;
55.5978687605 3.17442512619 5.24621424565 2.33987661245 0.00224340998317 36.7750981492 5.56309590578 ;
59.2717391304 3.53260869565 25.0217391304 6.08695652174 3.02173913043 10.0652173913 1.02173913043 ;
59.8939641109 3.32300163132 8.08482871126 3.96574225122 0.00163132137031 63.6655791191 11.2022838499 ;
87.1872146119 5.32876712329 3.02739726027 1.13470319635 1.09132420091 4.88812785388 0.390410958904 ;
50.2798617966 2.84945705824 3.11994076999 1.21915103653 0.0947680157947 17.7818361303 2.27048371175 ;
49.7503004808 3.01772836538 1.61027644231 0.448016826923 0.654747596154 2.74699519231 0.140324519231 ;
73.3337149399 4.2140812822 2.6096164854 0.939896966228 0.978248425873 3.86090440756 0.281053234116 ;
65.5931914894 3.56680851064 4.17957446809 1.6629787234 0.125106382979 21.3974468085 2.91489361702 ;
61.6538461538 3.63076923077 22.5538461538 5.45384615385 3.12307692308 8.17692307692 0.769230769231 ;
51.8678955453 2.91039426523 3.28776241679 1.25601638505 0.0957501280082 18.5335381464 2.39426523297 ;
64.7998053212 3.70960415315 2.34620376379 0.80369889682 0.898118105127 3.59896171317 0.236859182349 ;
59.6985195155 3.3203230148 7.81292059219 3.80619111709 0.00134589502019 60.9650067295 10.601615074 ;
46.5634171908 2.91299790356 1.75576519916 0.53249475891 0.555031446541 4.34171907757 0.333333333333 ;
78.9285714286 4.5867823765 2.65821094793 0.983311081442 1.02136181575 4.03538050734 0.295060080107 ;
55.0891608392 3.15384615385 5.12412587413 2.27097902098 0.00407925407925 35.5110722611 5.32634032634 ;
67.4625131996 3.67370644139 4.23970432946 1.7096092925 0.131995776135 21.7560718057 2.98521647307 ;
54.7044623263 3.20043891734 1.6986100951 0.506583760059 0.741404535479 2.5391367959 0.113021214338 ;
67.3128834356 3.68507157464 4.46932515337 1.70961145194 0.191206543967 20.1564417178 2.72290388548 ;
57.1794948888 3.35357787132 2.22068550812 0.693024654239 0.822609741431 3.34816596512 0.198737221888 ;
58.6489361702 3.28085106383 8.40425531915 4.18723404255 0.00212765957447 67.3680851064 12.0468085106 ;
68.3740981241 3.89033189033 2.67857142857 0.897186147186 0.994227994228 3.34920634921 0.207070707071 ;
52.2457337884 3.04266211604 4.84300341297 2.11348122867 0.00853242320819 33.1697952218 4.87798634812 ;
51.5839675292 2.8904109589 3.42161339422 1.30086250634 0.102486047692 18.7427701674 2.43074581431 ;
61.6612529002 3.41763341067 6.27726218097 2.81902552204 0.00696055684455 43.2761020882 6.82018561485 ;
83.1609756098 4.92195121951 2.83780487805 1.07195121951 1.04268292683 4.47073170732 0.348780487805 ;
47.4722222222 2.9047008547 1.6594017094 0.459401709402 0.579914529915 3.36581196581 0.215384615385 ;
50.9098360656 2.91929382093 3.15952080706 1.16078184111 0.237074401009 13.4602774275 1.59142496847 ;
59.8648960739 3.33256351039 6.83487297921 3.22632794457 0.00346420323326 50.584295612 8.29792147806 ;
77.7336683417 4.54662199888 2.92238972641 1.04355108878 1.03126744835 4.39251814629 0.346733668342 ;
53.8776185226 3.13009922822 5.29327453142 2.25909592062 0.00882028665932 36.1300992282 5.42557883131 ;
65.9089236431 3.57497700092 4.67341306348 1.84636614535 0.114075436983 23.4645814167 3.24563017479 ;
62.8534550196 3.59087353325 2.47483702738 0.803129074316 0.903259452412 3.43468057366 0.217209908735 ;
59.78125 3.30729166667 9.58854166667 4.91145833333 0.0 79.1041666667 14.8229166667 ;
50.0067609096 3.03995082975 1.61493546404 0.429317762754 0.69360786724 2.35771358328 0.0829748002459 ;
51.0326906957 2.88683989941 3.80637049455 1.57334450964 0.0259849119866 24.4174350377 3.35959765298 ;
58.82960199 3.29850746269 7.72014925373 3.75248756219 0.00373134328358 59.9664179104 10.3731343284 ;
65.7524131274 3.69884169884 2.38803088803 0.806467181467 0.935810810811 3.0111003861 0.164575289575 ;
65.4781144781 3.56565656566 4.29124579125 1.63804713805 0.174242424242 19.6279461279 2.62794612795 ;
48.248100304 2.97112462006 1.63183890578 0.448328267477 0.623100303951 2.97986322188 0.16603343465 ;
50.0391032325 2.82690302398 3.31491136601 1.28571428571 0.0980187695516 18.6256517205 2.41032325339 ;
89.8842105263 5.6 3.19298245614 1.21403508772 1.09473684211 5.58245614035 0.508771929825 ;
57.4581481481 3.37074074074 2.40888888889 0.736296296296 0.851851851852 3.45592592593 0.211481481481 ;
75.5521048999 4.35196687371 2.8309178744 0.994478951001 1.03795721187 3.88957902001 0.27674258109 ;
56.4780517138 3.20444978954 5.26217678894 2.28622970535 0.0102224894768 35.2158749248 5.2657847264 ;
62.2788388083 3.37967914439 4.25210084034 1.67608861727 0.0985485103132 22.0206264324 2.98777692895 ;
49.7654684738 2.85327047731 3.08131997643 1.16087212728 0.172657631114 15.1638185032 1.85621685327 ;
58.2814371257 3.26946107784 8.30339321357 4.11976047904 0.00199600798403 66.4630738523 11.8383233533 ;
80.7032967033 4.67371090448 2.69399830938 1.01690617075 1.00760777684 4.2180896027 0.321217244294 ;
49.0289699571 3.01072961373 1.63555078684 0.43025751073 0.680972818312 2.47067238913 0.101931330472 ;
50.4118629908 2.94486215539 4.65162907268 2.02673350042 0.0133667502089 31.8930659983 4.65580618212 ;
59.6962479608 3.4013050571 2.06623164763 0.655138662316 0.841109298532 2.79086460033 0.130179445351 ;
68.6785714286 4.00297619048 3.33382936508 1.09176587302 0.986607142857 5.11607142857 0.449900793651 ;
62.2418162619 3.43717001056 6.1626187962 2.7328405491 0.00844772967265 41.8806758184 6.54804646251 ;
67.679430098 3.93321460374 4.38557435441 1.55832591273 0.395369545859 15.6927871772 2.017809439 ;
54.650872818 3.18952618454 7.42394014963 3.62593516209 0.00249376558603 59.0972568579 10.0349127182 ;
50.0537605213 3.04045614988 1.82568558241 0.519413521586 0.675807765409 3.13494433885 0.182731468911 ;
50.9632754342 2.86898263027 3.35434243176 1.28138957816 0.10223325062 18.429280397 2.38263027295 ;
55.8862745098 3.16535947712 4.92679738562 2.1045751634 0.0130718954248 32.1189542484 4.68758169935 ;
78.3320778406 4.51035781544 2.71814187068 0.98618957941 1.05712492153 3.6183301946 0.23289391086 ;
62.6478991597 3.55966386555 2.32521008403 0.757703081232 0.914005602241 2.94677871148 0.147338935574 ;
61.0743801653 3.36363636364 10.2561983471 5.29752066116 0.0 84.6776859504 16.347107438 ;
62.4474074074 3.41925925926 6.48592592593 2.99407407407 0.00444444444444 45.6074074074 7.29777777778 ;
81.3296398892 4.79224376731 2.8891966759 1.06555863343 1.02770083102 4.53277931671 0.364727608495 ;
47.9003660024 2.97193981293 1.73159821065 0.474989833266 0.638470923139 3.12078080521 0.180561203741 ;
58.021454112 3.27175208582 6.84743742551 3.23718712753 0.00357568533969 51.2646007151 8.43146603099 ;
49.569627193 2.80537280702 3.32456140351 1.29550438596 0.093201754386 18.9024122807 2.45394736842 ;
57.3084899546 3.23395981854 5.07323395982 2.17757615036 0.0103694102398 33.4018146468 4.9254698639 ;
57.4025930851 3.33477393617 2.11003989362 0.656914893617 0.8125 3.046875 0.16522606383 ;
59.78125 3.30729166667 9.58854166667 4.91145833333 0.0 79.1041666667 14.8229166667 ;
64.5220588235 3.53022875817 4.21568627451 1.56290849673 0.208333333333 18.0759803922 2.36846405229 ;
67.7168176447 3.85545490351 2.67861362741 0.891689641591 1.0 3.29657345412 0.199291059472 ;
61.2389183161 3.51463618623 2.44131586284 0.774742124338 0.883468079175 3.48424867577 0.222470030666 ;
50.3870333988 2.9862475442 5.03536345776 2.24066797642 0.00589390962672 35.8418467583 5.39587426326 ;
49.5380025126 3.02324120603 1.66834170854 0.459798994975 0.670854271357 2.71168341709 0.134108040201 ;
63.8004836759 3.48004836759 6.21644498186 2.7484885127 0.00967351874244 41.7436517533 6.52962515115 ;
49.5405405405 2.82863714779 3.1995399655 1.21219091432 0.139160437033 16.66359977 2.08338125359 ;
86.6520833333 5.24375 3.04166666667 1.15416666667 1.05208333333 5.0875 0.422916666667 ;
72.7713414634 4.15599593496 2.875 1.00660569106 0.968495934959 4.44461382114 0.364837398374 ;
58.8004338395 3.29067245119 8.45553145336 4.20390455531 0.00216919739696 67.6312364425 12.0997830803 ;
61.4561161023 3.34692467173 4.32411886662 1.71319972357 0.0946786454734 22.7871458189 3.10780926054 ;
71.8167701863 4.12732919255 2.9880952381 1.0201863354 0.972567287785 4.6433747412 0.394927536232 ;
49.6021831413 3.01970891449 1.69526986052 0.468162522741 0.666464523954 2.7868405094 0.1434202547 ;
57.9765458422 3.28891257996 6.66631130064 3.10234541578 0.00533049040512 48.7601279318 7.91897654584 ;
52.441813602 2.94206549118 3.29068010076 1.20856423174 0.15919395466 15.9979848866 1.9959697733 ;
60.1387755102 3.31428571429 9.22857142857 4.70204081633 0.0 75.8693877551 14.0 ;
65.1267985612 3.53597122302 5.00269784173 2.06205035971 0.0638489208633 27.8498201439 3.98471223022 ;
61.2804328224 3.51938683499 2.38503155996 0.760745416291 0.892996693718 3.2816351067 0.193267207695 ;
50.591606134 2.92978208232 4.42211460856 1.91364003228 0.0112994350282 30.1606133979 4.33575464084 ;
84.8929133858 5.0157480315 2.8125984252 1.08031496063 1.03307086614 4.66141732283 0.370078740157 ;
48.3707299533 2.98166127292 1.74505573535 0.489392304926 0.638259618842 3.22437971953 0.194174757282 ;
51.5714285714 2.88958837772 3.40920096852 1.29878934625 0.109443099274 18.4891041162 2.39225181598 ;
58.9627560521 3.2886405959 8.2364990689 4.07635009311 0.00186219739292 65.5810055866 11.6405959032 ;
69.4821203197 3.95919225915 2.87883887253 0.957088767354 1.0 3.82246529239 0.273874631889 ;
50.0 2.96012591815 4.90031479538 2.19517313746 0.00419727177335 34.9989506821 5.23189926548 ;
66.7039473684 3.64692982456 4.56140350877 1.7850877193 0.145833333333 21.6622807018 2.95394736842 ;
83.2349323493 4.90774907749 2.79335793358 1.05904059041 1.0344403444 4.41943419434 0.343173431734 ;
58.8363909774 3.39819548872 2.18406015038 0.693834586466 0.824661654135 3.25744360902 0.190676691729 ;
62.0474683544 3.43248945148 5.96097046414 2.5970464135 0.0116033755274 39.5305907173 6.07805907173 ;
50.68579492 2.86312323612 3.52398871119 1.38711194732 0.0832549388523 20.3541862653 2.70037629351 ;
56.0570539419 3.27869986169 1.94917012448 0.609612724758 0.749654218534 3.27558782849 0.197441217151 ;
56.3218390805 3.20833333333 5.61637931034 2.46408045977 0.00718390804598 38.6537356322 5.91594827586 ;
60.3009708738 3.35922330097 10.4660194175 5.43689320388 0.0 86.6213592233 16.8737864078 ;
65.436222692 3.72868217054 2.87949260042 0.934460887949 0.956307258633 3.99119097956 0.291402396054 ;
59.4049904031 3.29558541267 7.54894433781 3.65451055662 0.00191938579655 58.8982725528 10.0403071017 ;
65.925401322 3.57979225685 4.60056657224 1.8328611898 0.110481586402 23.25401322 3.20113314448 ;
47.2795698925 2.92159498208 1.71684587814 0.482078853047 0.597222222222 3.46102150538 0.221326164875 ;
78.7822997416 4.60852713178 2.80297157623 1.02196382429 1.02713178295 4.27713178295 0.329457364341 ;
48.899339934 3.0 1.69570957096 0.477227722772 0.639603960396 3.07458745875 0.178217821782 ;
53.1412884334 3.08199121523 4.96412884334 2.15446559297 0.00732064421669 33.7335285505 4.98243045388 ;
83.1824817518 4.91362530414 2.81386861314 1.06812652068 1.02676399027 4.55231143552 0.362530413625 ;
69.5875729775 3.98415346122 2.94078398666 0.986655546289 0.974562135113 4.32318598832 0.345287739783 ;
60.0797546012 3.33128834356 9.84662576687 5.0490797546 0.0 81.1717791411 15.3128834356 ;
58.8203821656 3.28789808917 6.9872611465 3.32866242038 0.00382165605096 52.6687898089 8.72993630573 ;
51.9654205607 2.90841121495 3.37897196262 1.26588785047 0.123364485981 17.7864485981 2.27803738318 ;
67.1044613711 3.60718171926 4.96626768226 2.04570184984 0.0837867247008 26.5745375408 3.77693144723 ;
59.4549870466 3.42292746114 2.26813471503 0.712111398964 0.853950777202 3.20369170984 0.184585492228 ;
49.5687259829 3.02069169376 1.75406443985 0.495713863435 0.659769435412 3.05675436004 0.174992610109 ;
53.4170506912 3.1113671275 5.17204301075 2.25960061444 0.00614439324117 35.6774193548 5.34715821813 ;
61.0398719441 3.49592549476 2.41734575087 0.772409778813 0.861175785797 3.58643771828 0.235448195576 ;
50.6942517344 2.85926660059 3.3721506442 1.29038652131 0.104558969277 18.4950445986 2.39395441031 ;
85.6441281139 5.11921708185 2.86298932384 1.09252669039 1.03380782918 4.74199288256 0.379003558719 ;
62.315270936 3.37602627258 6.72577996716 3.16420361248 0.00328407224959 49.3776683087 8.04105090312 ;
65.5107913669 3.55665467626 4.58902877698 1.83363309353 0.102517985612 23.5197841727 3.24190647482 ;
57.8944099379 3.26397515528 8.95962732919 4.48757763975 0.00310559006211 72.099378882 13.1397515528 ;
71.9857651246 4.13573970513 2.89832231825 0.993899339095 1.01779359431 4.0233858668 0.30350788002 ;
52.1457509881 2.91897233202 3.26383399209 1.23567193676 0.108695652174 17.692687747 2.26136363636 ;
58.1248777307 3.31529181611 1.75611346593 0.553961525921 0.788392566025 2.35246168895 0.0854254972286 ;
57.9971949509 3.27769985975 7.11500701262 3.39551192146 0.00420757363254 54.1528751753 9.0350631136 ;
77.8035814214 4.47118074986 2.72020145495 0.99720201455 0.99720201455 4.1807498601 0.319529938444 ;
50.9907016061 2.96787827557 4.7235841082 2.06593406593 0.0118343195266 32.3871513102 4.74978867287 ;
59.7379310345 3.31034482759 9.96551724138 5.14482758621 0.0 82.724137931 15.7034482759 ;
65.839301701 3.85541629364 3.67144136079 1.18218442256 0.910922112802 6.81020590868 0.679498657117 ;
65.06640625 3.5205078125 5.4287109375 2.3271484375 0.0283203125 32.787109375 4.853515625 ;
47.9660615627 2.96527229676 1.75730071034 0.489344909234 0.634964483031 3.25769534333 0.19771112865 ;
65.9449901768 3.75638506876 3.97642436149 1.42534381139 0.337917485265 15.0491159136 1.90176817289 ;
65.5781818182 3.5503030303 5.54303030303 2.35757575758 0.0242424242424 33.3406060606 4.92363636364 ;
49.2609898555 2.99016292653 1.72886566247 0.490931447894 0.634491238856 3.14878573624 0.186596987396 ;
55.2677824268 3.19944211994 6.41143654114 2.98465829847 0.00418410041841 47.6666666667 7.68340306834 ;
60.9973262032 3.33689839572 8.74064171123 4.37165775401 0.00267379679144 69.9919786096 12.6711229947 ;
51.0824931256 2.95233730522 4.50962419798 1.96425297892 0.0100824931256 30.6003666361 4.42346471127 ;
76.8170299037 4.47034972124 2.82665990877 1.00810947795 1.05321844906 3.79270146984 0.261023821591 ;
61.3877887789 3.51650165017 2.32810781078 0.735148514851 0.926842684268 2.79372937294 0.12898789879 ;
51.5487938596 2.89309210526 3.34429824561 1.25219298246 0.120065789474 17.5493421053 2.23355263158 ;
67.904400607 3.6373292868 5.2124430956 2.18968133536 0.0682852807284 28.3080424886 4.05007587253 ;
64.8352899324 3.66417644966 2.40661686233 0.801494130203 0.934898612593 3.03521878335 0.164354322305 ;
56.380952381 3.21800595238 5.8400297619 2.58258928571 0.00669642857143 40.8110119048 6.328125 ;
49.1916951081 2.82081911263 3.48577929465 1.43515358362 0.0563139931741 21.8663253697 2.94482366325 ;
46.84007996 2.88755622189 1.63368315842 0.471764117941 0.563218390805 3.66666666667 0.24387806097 ;
78.2870090634 4.60181268882 3.01389728097 1.06888217523 1.05196374622 4.4253776435 0.350453172205 ;
60.6079051383 3.34387351779 3.8814229249 1.36837944664 0.21185770751 16.5675889328 2.11699604743 ;
59.48 3.30947368421 8.41263157895 4.18736842105 0.00210526315789 67.2421052632 12.0231578947 ;
55.039008385 3.26248632884 2.12650382793 0.632154575283 0.799125045571 3.0703609187 0.170251549398 ;
61.1910569106 3.63008130081 17.4715447154 4.10569105691 3.08130081301 5.82926829268 0.463414634146 ;
49.25 2.83920187793 3.69894366197 1.54284037559 0.0369718309859 24.1801643192 3.31924882629 ;
62.8783291281 3.5920941968 1.96860106532 0.688253434258 0.839641155032 3.08494533221 0.172413793103 ;
77.9549086758 4.55136986301 2.66552511416 0.993150684932 0.989155251142 4.46917808219 0.360159817352 ;
49.9028629857 3.01763803681 1.67229038855 0.515081799591 0.600204498978 3.8154396728 0.273773006135 ;
60.8245614035 3.30701754386 9.31140350877 4.77192982456 0.0 76.7280701754 14.2280701754 ;
62.044263776 3.42005420054 5.58536585366 2.39385727191 0.0117434507678 36.2258355917 5.46070460705 ;
61.4791528789 3.35208471211 3.55724685639 1.37524818001 0.13037723362 18.0218398412 2.35473196559 ;
55.4634502924 3.2134502924 6.80847953216 3.20467836257 0.00438596491228 51.5131578947 8.48391812865 ;
66.7127659574 3.59219858156 5.29550827423 2.23522458629 0.0520094562648 30.1784869976 4.40307328605 ;
59.096527369 3.40229546792 2.21512654503 0.690406121248 0.852266038846 3.01648028252 0.161565626839 ;
57.3192771084 3.25903614458 6.5265060241 3.03253012048 0.00481927710843 47.8674698795 7.72289156627 ;
53.2026641294 2.97478591817 3.36346336822 1.24405328259 0.134633682207 16.9895337774 2.1555661275 ;
84.8450704225 5.00625978091 2.80125195618 1.07355242567 1.02816901408 4.64788732394 0.369327073552 ;
70.3479441427 4.04228083786 2.96314972847 1.00737005431 0.954615981381 4.71567106284 0.398370830101 ;
48.3386861314 2.97627737226 1.71386861314 0.478467153285 0.63795620438 3.12445255474 0.182846715328 ;
51.4689984102 2.97058823529 4.51907790143 1.94833068362 0.0127186009539 30.5166931638 4.39825119237 ;
59.428125 3.3 8.965625 4.509375 0.003125 72.36875 13.203125 ;
54.3186700767 3.01074168798 3.46700767263 1.26803069054 0.14168797954 17.2025575448 2.19386189258 ;
66.5984005563 3.78650904033 2.73922114047 0.908205841446 0.932892906815 4.05771905424 0.305980528512 ;
60.2264150943 3.30188679245 9.07924528302 4.63396226415 0.0 74.8 13.7660377358 ;
56.4835164835 3.30391483516 2.04395604396 0.616758241758 0.819368131868 2.75995879121 0.129120879121 ;
57.1604395604 3.25714285714 6.58021978022 3.06483516484 0.0043956043956 48.4307692308 7.84945054945 ;
50.4736408567 2.92915980231 4.39538714992 1.89538714992 0.0115321252059 29.8484349259 4.28336079077 ;
47.2849829352 2.91936860068 1.71885665529 0.5 0.57252559727 3.84001706485 0.278583617747 ;
66.0982339956 3.58388520971 5.33885209713 2.23620309051 0.0518763796909 30.3664459161 4.41721854305 ;
79.9548532731 4.69826937547 2.98645598194 1.09405568096 1.02106847254 4.87434161023 0.410835214447 ;
66.5537777778 3.93777777778 4.63288888889 1.54222222222 0.528888888889 13.6088888889 1.69866666667 ;
57.0295081967 3.24590163934 5.76147540984 2.5262295082 0.00983606557377 39.4254098361 6.05573770492 ;
50.7993241487 3.09020015597 1.81102157525 0.503249285157 0.707304393034 2.78736677931 0.141408890044 ;
48.9466824645 2.80450236967 3.06279620853 1.18898104265 0.115521327014 16.8323459716 2.11611374408 ;
59.7424242424 3.35606060606 10.0984848485 5.22727272727 0.0 83.9090909091 16.0454545455 ;
79.7728635682 4.63343328336 2.72938530735 1.011994003 1.03973013493 4.0059970015 0.287106446777 ;
57.8510204082 3.16802721088 4.32380952381 1.81836734694 0.0278911564626 26.1462585034 3.64421768707 ;
59.051625239 3.28298279159 7.41300191205 3.57170172084 0.0019120458891 57.5086042065 9.74952198853 ;
63.9733096085 3.5931198102 2.25029655991 0.746144721234 0.936536180308 2.66370106762 0.108244365362 ;
52.1991071429 2.91205357143 3.20491071429 1.24821428571 0.0816964285714 18.471875 2.38616071429 ;
52.9199134199 3.08513708514 5.21428571429 2.31024531025 0.00649350649351 36.4646464646 5.49567099567 ;
66.0601529903 3.76425591099 2.18184979138 0.798678720445 0.796244784423 4.49721835883 0.370653685675 ;
59.1433172303 3.29146537842 8.038647343 3.94685990338 0.00161030595813 63.53784219 11.1900161031 ;
79.5028208745 4.63399153738 2.74894217207 1.03032440056 0.991537376587 4.74047954866 0.39562764457 ;
47.2417786012 2.92820750347 1.55349698935 0.438628994905 0.585919407133 3.24363131079 0.198703103289 ;
66.5601300108 3.57096424702 5.14734561213 2.23185265439 0.0335861321777 31.0173347779 4.56013001083 ;
61.9653979239 3.66089965398 16.4359861592 3.88581314879 2.93771626298 6.39446366782 0.536332179931 ;
56.2268667381 3.29046087889 1.69596284387 0.543051089675 0.741693461951 2.83994283673 0.145051804216 ;
57.5646235843 3.33144570286 2.08327781479 0.644903397735 0.804463690873 2.97901399067 0.155896069287 ;
65.7917121047 3.52889858233 5.62486368593 2.41657579062 0.030534351145 34.2224645583 5.11341330425 ;
80.3505154639 4.71371927042 3.02299762094 1.12133227597 0.999206978588 5.16336241079 0.455194290246 ;
59.7424242424 3.35606060606 10.0984848485 5.22727272727 0.0 83.9090909091 16.0454545455 ;
53.7525728988 2.9922813036 3.58147512864 1.35934819897 0.107204116638 19.1586620926 2.50857632933 ;
47.9062848643 2.94756415024 1.77910003719 0.521383413909 0.600223131276 3.83599851246 0.272220156192 ;
58.4707964602 3.27787610619 7.39469026549 3.53274336283 0.00353982300885 56.7504424779 9.58584070796 ;
51.3404444444 3.02844444444 5.01688888889 2.22044444444 0.00622222222222 35.2648888889 5.27555555556 ;
67.3843005952 3.84635416667 2.84895833333 0.943080357143 0.942708333333 4.39620535714 0.355282738095 ;
65.545486477 3.71408500176 2.34492448191 0.814190375834 0.860203723217 4.01440112399 0.304179838426 ;
60.0371408549 3.33847231955 5.01822004205 2.15487035739 0.0140154169587 32.3889278206 4.75332866153 ;
47.2120034542 2.90414507772 1.60146804836 0.477979274611 0.553540587219 3.88428324698 0.281519861831 ;
60.4246231156 3.33165829146 8.65326633166 4.32914572864 0.00251256281407 69.3994974874 12.5175879397 ;
78.6028238183 4.56844689994 2.85451197053 1.05279312462 0.982811540823 5.03560466544 0.442602823818 ;
53.0918499353 2.96420871065 3.35834411384 1.33290211298 0.0612332902113 20.0418283743 2.65674859853 ;
59.32 3.55428571429 20.16 4.83428571429 2.98285714286 8.61142857143 0.84 ;
55.9573863636 3.296875 1.86257102273 0.596590909091 0.7421875 3.35191761364 0.203480113636 ;
55.6734693878 3.20663265306 6.34183673469 2.9362244898 0.00382653061224 46.6428571429 7.46428571429 ;
60.9383259912 3.62555066079 18.4537444934 4.40969162996 3.01321585903 7.25550660793 0.651982378855 ;
55.118051218 3.08619612742 2.87945034354 1.09993753904 0.174890693317 14.0224859463 1.71517801374 ;
57.9387576553 3.28083989501 6.30621172353 2.87926509186 0.00437445319335 45.5713035871 7.2895888014 ;
64.6580942068 3.67135896048 2.08256632377 0.727666486194 0.868706009746 3.20573903628 0.190037899296 ;
50.374104537 3.06182011144 1.59671000265 0.454762536482 0.668612364022 2.79172194216 0.136110374105 ;
58.983713355 3.30293159609 8.99348534202 4.53094462541 0.00325732899023 72.9185667752 13.2866449511 ;
80.0630284397 4.71022290546 2.80784012298 1.04842428901 1.01614142967 4.68178324366 0.385088393543 ;
64.5359864522 3.50296359018 4.55630821338 1.91532599492 0.047417442845 26.6621507197 3.76714648603 ;
49.0235215054 2.84341397849 3.80376344086 1.60282258065 0.0221774193548 25.500672043 3.53965053763 ;
58.5200501253 3.21553884712 3.21365914787 1.22117794486 0.141604010025 16.134085213 2.0469924812 ;
63.7376760563 3.4823943662 5.33978873239 2.29225352113 0.018485915493 33.6408450704 4.98591549296 ;
61.9780095856 3.54355793628 1.93318297153 0.661967860164 0.844375528616 2.87679729349 0.145756977728 ;
53.520110957 3.12760055479 6.19140083218 2.83911234397 0.00416088765603 45.8432732316 7.29542302358 ;
62.6348547718 3.6846473029 17.7676348548 4.24481327801 2.99170124481 6.77593360996 0.585062240664 ;
49.064178127 2.8356254093 3.68762278978 1.54354944335 0.0347085789129 24.201702685 3.32023575639 ;
49.3413862525 3.00517687662 1.6658038539 0.495542134024 0.622375611159 3.46879493817 0.226632154156 ;
76.8299951148 4.47142159257 2.62188568637 0.982413287738 0.940889106009 4.79677576942 0.410845139228 ;
60.5417661098 3.32696897375 8.55608591885 4.28400954654 0.00238663484487 68.6563245823 12.38424821 ;
49.5536585366 3.03048780488 1.74268292683 0.485365853659 0.67012195122 2.9131097561 0.158231707317 ;
53.5058139535 3.12043189369 5.2915282392 2.32392026578 0.00581395348837 36.846345515 5.57059800664 ;
63.8474702381 3.46279761905 4.61755952381 1.875 0.0803571428571 24.834077381 3.45386904762 ;
84.1444600281 4.95932678822 2.77279102384 1.06732117812 1.0252454418 4.56802244039 0.361851332398 ;
60.5241809672 3.32605304212 7.1248049922 3.375975039 0.00468018720749 53.1996879875 8.83775351014 ;
70.9480769231 4.08846153846 3.01298076923 1.01394230769 0.988461538462 4.48221153846 0.372596153846 ;
50.0005104645 2.82235834609 3.28024502297 1.2674834099 0.0980091883614 18.2189892802 2.34252169474 ;
60.62 3.46878787879 2.3703030303 0.756666666667 0.85303030303 3.55696969697 0.23 ;
59.5473684211 3.3 9.58421052632 4.91052631579 0.0 79.2315789474 14.8578947368 ;
66.7705611068 3.77747886241 2.02267486549 0.747117601845 0.852805534204 3.3954650269 0.214450422752 ;
58.0 3.27300995025 5.8065920398 2.5684079602 0.00808457711443 40.3364427861 6.25621890547 ;
48.3979468599 2.7922705314 3.32729468599 1.36171497585 0.0555555555556 20.8762077295 2.77173913043 ;
47.9019766035 2.96248487293 1.59136748689 0.453812020976 0.599031867689 3.27269060105 0.198063735377 ;
59.1095571096 3.29137529138 8.58974358974 4.26806526807 0.002331002331 68.5874125874 12.337995338 ;
62.7491638796 3.64882943144 15.9331103679 3.76254180602 2.94983277592 5.66220735786 0.438127090301 ;
80.255850234 4.71684867395 2.75429017161 1.05070202808 0.97503900156 5.0624024961 0.446957878315 ;
61.6031457955 3.35511191773 3.83242589232 1.52389594676 0.0992135511192 20.4894131881 2.7465214761 ;
56.8653348132 3.31853496115 1.7769145394 0.584905660377 0.741398446171 3.18275989641 0.185349611543 ;
49.375070502 2.78680203046 3.26621545403 1.29385222786 0.0716300056402 19.3508178229 2.52566271856 ;
64.1972380666 3.61332933053 2.33353347343 0.7616331432 0.956169318523 2.59861903332 0.102371660162 ;
54.2049839228 3.14469453376 5.18729903537 2.25884244373 0.0056270096463 35.6270096463 5.34003215434 ;
79.2346101231 4.66621067031 2.9097127223 1.05677154583 1.03556771546 4.52530779754 0.360465116279 ;
50.635698056 3.07599091139 1.80686695279 0.514011613229 0.689977278465 3.01943953547 0.168391820247 ;
59.6818851252 3.31222385862 6.9617083947 3.29602356406 0.00441826215022 51.8468335788 8.55522827688 ;
59.550660793 3.29955947137 9.3436123348 4.7577092511 0.0 76.9118942731 14.2555066079 ;
61.9070160609 3.57565511412 4.01775147929 1.34234995773 0.411665257819 12.9628064243 1.56043956044 ;
65.7356051704 3.52878965922 4.86956521739 2.03172737955 0.0634547591069 26.5569917744 3.74853113984 ;
64.0367316342 3.476011994 4.3628185907 1.69490254873 0.125187406297 21.6169415292 2.94152923538 ;
59.2480793854 3.4404609475 2.31145966709 0.733674775928 0.848591549296 3.42541613316 0.209026888604 ;
55.3315754779 3.16743572841 5.21819380356 2.28147659855 0.00593276203032 35.5438365194 5.32564271589 ;
48.935042735 3.00034188034 1.6758974359 0.458803418803 0.652307692308 2.84136752137 0.150769230769 ;
59.7379310345 3.31034482759 9.96551724138 5.14482758621 0.0 82.724137931 15.7034482759 ;
59.3002915452 3.31486880466 7.2084548105 3.43148688047 0.00437317784257 54.5087463557 9.11078717201 ;
69.5579491598 3.94657475226 2.84317104696 0.949590693667 0.999138302456 3.71434726411 0.258509263249 ;
49.4806415929 2.8014380531 3.26216814159 1.25940265487 0.106194690265 18.0055309735 2.30530973451 ;
82.9682726204 4.91304347826 2.85193889542 1.08108108108 1.01175088132 4.84958871915 0.405405405405 ;
64.5415142133 3.67323388686 2.4337179848 0.795947086969 0.938080495356 3.07683647622 0.167464114833 ;
49.4560404807 2.81973434535 3.43453510436 1.38013915244 0.0524984187223 21.2694497154 2.83238456673 ;
59.2210526316 3.31052631579 9.6 4.91052631579 0.0 79.2 14.8157894737 ;
55.8016164585 3.20352681852 5.25716385011 2.26304188097 0.00734753857458 35.324761205 5.28508449669 ;
50.1955542205 3.02703514569 1.51637128267 0.396515470111 0.686692700511 2.17963352358 0.0624812255933 ;
79.6654384672 4.6352247605 2.83787767133 1.03463522476 1.0456890199 4.1186440678 0.305084745763 ;
54.4421983575 3.22109917877 3.43209096652 1.18761844599 0.506001263424 10.114971573 1.11307643714 ;
59.9807162534 3.31680440771 6.98760330579 3.31955922865 0.00413223140496 52.3622589532 8.6652892562 ;
66.7342386033 3.64112512124 4.57032007759 1.76527643065 0.169738118332 21.2444228904 2.89136760427 ;
55.7768924303 3.1786188579 5.15737051793 2.26228419655 0.00332005312085 35.5066401062 5.3160690571 ;
50.8829867201 3.07642194939 1.61738912553 0.466800300677 0.661989476322 2.88524179404 0.156852919068 ;
78.7919637071 4.61697990927 2.77187297472 1.01231367466 1.03175631886 4.27025275437 0.327284510693 ;
58.6998514116 3.29717682021 7.1485884101 3.40564635958 0.00445765230312 54.1664190193 9.04011887073 ;
50.1199004975 2.82885572139 3.12935323383 1.2368159204 0.0751243781095 18.3462686567 2.36169154229 ;
60.2222222222 3.33333333333 9.85802469136 5.05555555556 0.0 81.2407407407 15.3271604938 ;
59.5696969697 3.55757575758 20.5818181818 4.89696969697 3.13939393939 7.50909090909 0.690909090909 ;
65.4055459272 3.54592720971 4.10311958406 1.64904679376 0.108318890815 21.527729636 2.93760831889 ;
64.0099800399 3.65355004277 2.2369546621 0.774736241802 0.876532648988 3.50983746792 0.222982606216 ;
49.5370051635 3.01434308663 1.78227194492 0.517498565691 0.643717728055 3.38812392427 0.211703958692 ;
58.2418387742 3.27048634244 5.37841439041 2.31845436376 0.00799467021985 35.7195203198 5.36842105263 ;
60.7361376673 3.47259400892 2.28585086042 0.727214786488 0.882727852135 3.03186743149 0.157743785851 ;
84.2108938547 4.98184357542 2.93296089385 1.12430167598 1.02094972067 5.10195530726 0.441340782123 ;
61.1309210526 3.35 4.16184210526 1.53355263158 0.182236842105 18.5618421053 2.43092105263 ;
60.1180124224 3.32919254658 9.86956521739 5.06211180124 0.0 81.3291925466 15.347826087 ;
58.5175038052 3.29680365297 7.1598173516 3.41704718417 0.00456621004566 54.4277016743 9.09589041096 ;
48.2465663833 2.78351863963 3.35775016351 1.37083060824 0.0614780902551 21.1085676913 2.814911707 ;
71.2116824763 4.09136295557 2.92611083375 0.998002995507 0.98801797304 4.25561657514 0.341487768347 ;
61.7474476088 3.55454056959 1.96641590543 0.703116603976 0.745566899516 4.21171413219 0.326706072004 ;
52.594390507 3.10140237325 5.42179072276 2.41963322546 0.00431499460626 39.0474649407 5.97842502697 ;
59.3766233766 3.31818181818 9.92207792208 5.09090909091 0.0 81.9220779221 15.4675324675 ;
64.5424892704 3.47811158798 4.82660944206 2.04463519313 0.0377682403433 28.7639484979 4.15021459227 ;
49.6936253861 3.00308901994 1.62650940747 0.480763830385 0.61752316765 3.300196574 0.203875315922 ;
60.5164075993 3.33333333333 7.3402417962 3.49050086356 0.00345423143351 55.3626943005 9.298791019 ;
50.9019514517 2.87434554974 3.38172298905 1.34650166587 0.0652070442646 20.2898619705 2.68919562113 ;
76.3506012951 4.40980573543 2.49444958372 0.945883441258 0.919056429232 4.59158186864 0.382516188714 ;
63.2764705882 3.70882352941 15.1088235294 3.6 2.82941176471 6.16764705882 0.514705882353 ;
57.6736566186 3.36730013106 2.28833551769 0.712319790301 0.826343381389 3.48132372215 0.216579292267 ;
60.3830508475 3.34322033898 5.45762711864 2.34237288136 0.0127118644068 35.1279661017 5.26101694915 ;
50.314889336 2.83450704225 3.30181086519 1.27162977867 0.100100603622 18.323943662 2.36368209256 ;
81.6901960784 4.8362745098 2.94803921569 1.08431372549 1.05196078431 4.52745098039 0.360784313725 ;
60.0424710425 3.32818532819 8.26833976834 4.10231660232 0.0019305019305 65.971042471 11.7239382239 ;
48.0936 2.9556 1.6196 0.436 0.6228 2.864 0.1552 ;
66.1251241311 3.60178748759 4.47467725919 1.72591857001 0.16087388282 20.8103277061 2.82720953327 ;
50.135786802 2.9961928934 5.43274111675 2.4885786802 0.00380710659898 40.2144670051 6.19923857868 ;
67.866440933 3.85063957863 2.65575620767 0.892024078254 0.969902182092 3.52106847254 0.228743416102 ;
72.4301075269 3.93217535153 2.0306038048 0.7841191067 0.888337468983 2.8635235732 0.149710504549 ;
59.0766666667 3.30666666667 9.03333333333 4.55 0.00333333333333 73.22 13.3633333333 ;
57.5723393821 3.20402157921 4.74006866111 2.01471309465 0.0250122609122 29.6027464443 4.25993133889 ;
50.5115681234 2.85706940874 3.22262210797 1.20925449871 0.125449871465 16.9269922879 2.13007712082 ;
58.45532831 3.2906350915 6.49407965554 3.03013993541 0.0032292787944 47.6566200215 7.69644779333 ;
58.3862745098 3.40078431373 2.16509803922 0.715294117647 0.732549019608 4.2768627451 0.32862745098 ;
81.2743538767 4.90755467197 3.52385685885 1.28727634195 0.929423459245 7.76441351889 0.839960238569 ;
48.9701125176 2.99191279887 1.64240506329 0.434599156118 0.664556962025 2.56786216596 0.119198312236 ;
65.2689253573 3.76654314452 3.33774483854 1.01323451562 1.08205399682 3.94653255691 0.289041821069 ;
77.9605263158 4.55377574371 2.87070938215 1.03661327231 1.02974828375 4.39473684211 0.344965675057 ;
51.6589641434 2.98167330677 4.61195219124 1.996812749 0.0127490039841 31.2693227092 4.53067729084 ;
50.5992917461 3.06701171343 1.68482702261 0.462816671207 0.69436120948 2.57804412966 0.116589485154 ;
55.9752547307 3.21688500728 6.8442503639 3.22852983988 0.00436681222707 51.5487627365 8.49781659389 ;
49.652173913 2.83372502938 3.13219741481 1.17920094007 0.149236192714 15.8184488837 1.95475910693 ;
60.3273542601 3.31838565022 9.36771300448 4.79372197309 0.0 77.130044843 14.2959641256 ;
63.2410640067 3.45137157107 4.23940149626 1.61180382377 0.145469659185 20.1970074813 2.71238570241 ;
63.3067928731 3.61553452116 2.57293986637 0.834632516704 0.920378619154 3.47856347439 0.217427616927 ;
66.1777777778 3.57619047619 5.90158730159 2.55396825397 0.0111111111111 37.6841269841 5.75079365079 ;
78.6687737042 4.61694058154 2.899494311 1.04487989886 1.03476611884 4.42857142857 0.348925410872 ;
49.388852884 2.83668178872 3.00259235256 1.13739468568 0.166558651977 14.7874270901 1.7958522359 ;
62.7078280044 3.42888643881 5.80374862183 2.50275633958 0.0110253583241 37.9217199559 5.77177508269 ;
63.6087981147 3.46504320503 4.18146111548 1.57187745483 0.163393558523 19.241162608 2.55852317361 ;
63.7241093621 3.63656448495 2.56448494891 0.830709748688 0.941452637393 3.27533830434 0.191935929301 ;
60.3526011561 3.33526011561 9.76878612717 5.0 0.0 80.3815028902 15.1329479769 ;
50.7282905516 3.07345712725 1.68651010377 0.462042599672 0.701529219006 2.51447296559 0.106226105953 ;
50.9655700077 2.93190512624 4.33970925784 1.87222647284 0.0130068859985 29.1178270849 4.15608263198 ;
56.5567651633 3.2534992224 7.06376360809 3.36858475894 0.00466562986003 53.9906687403 9.00155520995 ;
62.7296009529 3.55777248362 2.31387730792 0.745681953544 0.929720071471 2.74627754616 0.128648004765 ;
55.6688311688 3.19696969697 6.52272727273 3.03463203463 0.004329004329 48.5335497835 7.88636363636 ;
46.0952380952 2.85135135135 1.33976833977 0.355855855856 0.543758043758 2.82561132561 0.158944658945 ;
50.4534534535 2.88888888889 3.82082082082 1.58058058058 0.0365365365365 24.5605605606 3.38488488488 ;
77.3544973545 4.5253968254 2.89682539683 1.03703703704 1.03597883598 4.31746031746 0.333862433862 ;
52.5894216134 3.13470319635 2.26141552511 0.718417047184 0.66704718417 4.98135464231 0.418949771689 ;
62.6651549509 3.49281934996 4.22373393802 1.49281934996 0.256991685563 16.6175359033 2.12622826909 ;
60.5147679325 3.32067510549 9.25316455696 4.73417721519 0.0 76.2784810127 14.0970464135 ;
65.4155193992 3.53316645807 5.5832290363 2.36921151439 0.0187734668335 34.5619524406 5.15894868586 ;
50.467324291 2.90320591862 4.03390875462 1.70530209618 0.0203452527744 26.5721331689 3.7176325524 ;
62.6086956522 3.56779006946 2.36737844096 0.759454592231 0.915616156419 2.94365834834 0.15178801132 ;
65.5135427952 3.53846153846 5.52004333694 2.32502708559 0.0335861321777 32.6998916576 4.82015167931 ;
77.6523861171 4.54609544469 3.02548806941 1.08351409978 1.00488069414 5.03036876356 0.439262472885 ;
49.3142942584 3.01315789474 1.74970095694 0.493122009569 0.658791866029 3.10944976077 0.178827751196 ;
63.3125 3.5625 11.375 6.0625 0.0 97.875 19.9375 ;
56.2085699535 3.14300464636 3.45224574084 1.24935467217 0.220443985545 15.1032524522 1.87971089313 ;
58.9243986254 3.27491408935 8.68728522337 4.32989690722 0.00343642611684 69.4329896907 12.4364261168 ;
56.0866425993 3.21179302046 6.40673886883 2.97472924188 0.00361010830325 47.495788207 7.65583634176 ;
49.3711762851 3.0050457269 1.68401135289 0.464522232734 0.650268054242 2.85840428887 0.15357931252 ;
60.8065693431 3.35644768856 6.7895377129 3.19099756691 0.0036496350365 49.6739659367 8.12652068127 ;
70.1812267658 4.04786245353 3.15195167286 1.05204460967 0.976765799257 4.87360594796 0.424721189591 ;
50.3205394191 2.84387966805 3.30705394191 1.24636929461 0.122406639004 17.5274896266 2.23080912863 ;
63.2056631893 3.43293591654 4.53651266766 1.86214605067 0.0678092399404 25.2257824143 3.51341281669 ;
59.2401746725 3.28384279476 9.31004366812 4.7423580786 0.0 76.7816593886 14.2227074236 ;
60.30125 3.45875 2.2521875 0.7215625 0.8634375 3.244375 0.1875 ;
83.1480144404 4.90613718412 2.87244283995 1.09025270758 1.01684717208 4.72442839952 0.385078219013 ;
51.5511583012 3.03088803089 5.09555984556 2.21428571429 0.00772200772201 35.2683397683 5.27316602317 ;
62.6767925561 3.5807334428 2.47783251232 0.796387520525 0.915708812261 3.23262178435 0.190476190476 ;
50.2310756972 2.93227091633 4.52828685259 1.95298804781 0.0135458167331 30.9490039841 4.48446215139 ;
46.1983210913 2.79958027282 2.91185729276 1.07974816369 0.293809024134 11.9391395593 1.36096537251 ;
59.697566628 3.33603707995 6.55851680185 3.05793742758 0.00347624565469 47.7670915411 7.71378910776 ;
56.1684275948 3.09322560597 3.47855811063 1.25605966439 0.146674953387 16.8614045991 2.15226848975 ;
77.1692229039 4.50766871166 2.95705521472 1.0572597137 1.00715746421 4.76226993865 0.397750511247 ;
58.3398058252 3.28155339806 9.03236245955 4.53398058252 0.00323624595469 72.7411003236 13.2783171521 ;
50.4247619048 3.05111111111 1.59555555556 0.424444444444 0.7 2.27873015873 0.0752380952381 ;
65.1268191268 3.53014553015 4.99272349272 2.08004158004 0.0540540540541 28.1756756757 4.03118503119 ;
53.8950988822 3.13843508169 5.65262252794 2.52966466036 0.00429922613929 40.5210662081 6.271711092 ;
59.6502084001 3.41872394998 1.88393715935 0.636101314524 0.775248477076 3.28791279256 0.198781660789 ;
83.1223021583 4.90167865707 2.81175059952 1.07434052758 1.00839328537 4.78417266187 0.395683453237 ;
51.4640666082 2.89439088519 3.23619631902 1.29141104294 0.0626643295355 19.4053461876 2.54469763365 ;
48.9392355439 2.99934661875 1.55929434825 0.457366873571 0.612218229337 3.1920940869 0.191114015028 ;
69.7811030355 3.99315946986 2.58315519453 0.915775972638 0.887131252672 4.83625480975 0.419837537409 ;
64.6183074266 3.48100172712 4.86010362694 2.07599309154 0.0336787564767 29.2305699482 4.21848013817 ;
59.6877637131 3.58227848101 17.9198312236 4.26160337553 3.01265822785 7.04641350211 0.62447257384 ;
59.7548262548 3.31853281853 8.30694980695 4.11583011583 0.0019305019305 66.028957529 11.749034749 ;
63.6739774748 3.61173681091 2.44931831654 0.79312388856 0.955245998814 2.87018375815 0.141967990516 ;
65.682038835 3.53640776699 5.62621359223 2.39077669903 0.0242718446602 34.2876213592 5.10315533981 ;
51.400997151 2.93945868946 4.1452991453 1.75641025641 0.0206552706553 27.0206552707 3.79273504274 ;
48.4298711145 2.806671721 2.88324488249 1.11827141774 0.188021228203 13.7611827142 1.63987869598 ;
54.3928128872 3.15985130112 6.17224287485 2.81040892193 0.00371747211896 45.3370508055 7.21933085502 ;
50.7966480447 3.07932960894 1.66703910615 0.449720670391 0.707541899441 2.39832402235 0.0879888268156 ;
62.201951952 3.46771771772 3.90840840841 1.39039039039 0.247747747748 16.1614114114 2.0548048048 ;
78.3423423423 4.5987987988 3.0018018018 1.07327327327 1.03483483483 4.58678678679 0.371771771772 ;
60.0935960591 3.31773399015 8.61330049261 4.31773399015 0.00246305418719 69.2044334975 12.4827586207 ;
58.180952381 3.30256410256 5.88278388278 2.58461538462 0.00952380952381 40.4549450549 6.25054945055 ;
58.9888419783 3.43697225573 2.37545235223 0.743968636912 0.859167671894 3.45747889023 0.211399276236 ;
84.6331811263 5.04261796043 2.84627092846 1.07762557078 1.04718417047 4.57534246575 0.363774733638 ;
58.9161793372 3.27875243665 8.28265107212 4.11500974659 0.00194931773879 66.216374269 11.7894736842 ;
48.5179856115 2.80175859313 2.80895283773 1.10791366906 0.159872102318 14.0935251799 1.68425259792 ;
70.1390284757 3.9878559464 2.70979899497 0.920016750419 1.00460636516 3.41959798995 0.216499162479 ;
48.6929961089 2.97782101167 1.60077821012 0.410116731518 0.663813229572 2.36536964981 0.091439688716 ;
52.6302992519 2.95885286783 4.07917705736 1.67206982544 0.0386533665835 25.1228179551 3.47942643392 ;
66.7067812798 3.62846227316 4.30276981853 1.64660936008 0.183381088825 19.6991404011 2.6523400191 ;
53.3190025795 2.96990541702 3.22484952709 1.2437661221 0.0902837489252 18.1126397248 2.33533963887 ;
50.3031761309 2.96727622714 4.77093358999 2.12223291627 0.00384985563041 34.0298363811 5.05389797883 ;
51.0103602543 3.08358841535 1.66941370379 0.496114904639 0.666352719567 3.09324228867 0.178008005651 ;
65.0046974302 3.69439071567 2.12904117159 0.754352030948 0.826747720365 3.85327438519 0.281569494335 ;
58.6277372263 3.27737226277 7.18248175182 3.42627737226 0.0043795620438 54.6934306569 9.15474452555 ;
64.7415730337 3.50561797753 5.24344569288 2.26310861423 0.0224719101124 32.3895131086 4.77434456929 ;
79.8107511046 4.68851251841 2.81443298969 1.05670103093 0.99852724595 4.89396170839 0.415316642121 ;
62.0347826087 3.68260869565 18.1826086957 4.35652173913 3.00434782609 7.00869565217 0.613043478261 ;
59.7769784173 3.35251798561 10.0431654676 5.18705035971 0.0 83.273381295 15.8561151079 ;
63.9273794808 3.58776266996 2.28708281829 0.744437577256 0.952410383189 2.50525339926 0.0871446229913 ;
51.8560732113 3.00083194676 4.74875207987 2.05574043261 0.0108153078203 32.1772046589 4.70798668885 ;
50.6436663234 3.08213182286 1.77085478888 0.499485066941 0.691812564367 2.87435633368 0.152420185376 ;
57.7398989899 3.27272727273 6.82070707071 3.2196969697 0.00378787878788 50.875 8.36616161616 ;
50.1968325792 2.82409502262 3.20192307692 1.22058823529 0.10520361991 17.5107466063 2.21549773756 ;
79.0701871658 4.65909090909 2.93114973262 1.0628342246 1.04612299465 4.40106951872 0.340240641711 ;
63.8326629123 3.67900241352 4.12711182623 1.39420756235 0.440064360418 13.417538214 1.6621078037 ;
60.2090909091 3.32272727273 9.39090909091 4.80454545455 0.0 77.3227272727 14.3454545455 ;
65.7298850575 3.53908045977 5.22068965517 2.24022988506 0.0310344827586 31.0183908046 4.51724137931 ;
88.3114754098 5.48907103825 3.16666666667 1.2131147541 1.06284153005 5.93989071038 0.543715846995 ;
49.7023905453 3.00859521891 1.84985226967 0.551168412571 0.620467365028 3.85173247381 0.271823798012 ;
58.9302670623 3.28560830861 5.51112759644 2.37685459941 0.00890207715134 36.6646884273 5.54599406528 ;
73.9232518476 4.21375781694 2.69584991472 0.953382603752 0.997725980671 3.70039795338 0.258669698692 ;
52.1273584906 3.14622641509 6.88679245283 3.21226415094 0.00707547169811 51.8867924528 8.51886792453 ;
64.4677672956 3.52830188679 4.3820754717 1.62893081761 0.196540880503 19.0172955975 2.52987421384 ;
61.6721586149 3.54314437308 2.42976822117 0.772130689751 0.916783021502 3.1371125384 0.173135995532 ;
63.25 3.390625 8.48177083333 4.27864583333 0.0 68.2604166667 12.3072916667 ;
49.8209277238 2.83872707659 3.50809061489 1.42286947141 0.0582524271845 21.7777777778 2.92286947141 ;
50.8157602664 3.07991120977 1.69589345172 0.452275249723 0.718645948946 2.34961154273 0.0815760266371 ;
57.2462488967 3.26037069726 5.82171226831 2.56398940865 0.00970873786408 40.2321270962 6.20300088261 ;
63.4342215989 3.60701262272 2.5744740533 0.837587657784 0.891725105189 3.83590462833 0.27461430575 ;
49.98004561 2.87628278221 3.00513112885 1.1322690992 0.189851767389 14.2827822121 1.72748004561 ;
92.7032967033 5.72527472527 3.04945054945 1.2032967033 1.09340659341 5.36813186813 0.489010989011 ;
75.7636159461 4.38854576081 3.0887142055 1.10050533408 0.958450308815 5.59124087591 0.528354856822 ;
56.856587263 3.14292659212 4.30918813807 1.78463782207 0.0437530384054 25.5741370929 3.56052503646 ;
59.4421487603 3.30785123967 7.43181818182 3.56611570248 0.00206611570248 57.305785124 9.71280991736 ;
60.2847682119 3.33774834437 9.92715231788 5.12582781457 0.0 82.1456953642 15.5695364238 ;
50.6863354037 3.08721532091 1.78597308489 0.499482401656 0.700310559006 2.82401656315 0.146480331263 ;
56.8493647913 3.21355111918 5.13006654567 2.20629159105 0.0114942528736 33.7961282517 5.0108892922 ;
79.2641906097 4.61177295025 2.79887876664 1.02733006307 1.05325858444 4.00770847933 0.285213735109 ;
58.8398983482 3.28843710292 7.01524777637 3.34942820839 0.00381194409149 52.9326556544 8.78653113088 ;
46.1316306483 2.70530451866 3.02848722986 1.24459724951 0.0697445972495 19.0294695481 2.4557956778 ;
63.9336560364 3.62841685649 2.48718678815 0.804384965831 0.949316628702 2.96156036446 0.156036446469 ;
67.3778664008 3.81156530409 4.259222333 1.57627118644 0.271186440678 17.4167497507 2.26719840479 ;
59.3461538462 3.32692307692 9.92307692308 5.08333333333 0.0 81.75 15.4166666667 ;
54.8923315259 3.00309837335 3.59333849729 1.32610379551 0.156467854376 17.2811773819 2.19907048799 ;
58.4980645161 3.36129032258 2.11580645161 0.664516129032 0.819032258065 3.04225806452 0.162580645161 ;
59.7918015102 3.33764832794 6.69902912621 3.12729234088 0.00431499460626 48.7497303128 7.928802589 ;
50.8871794872 2.86564102564 3.31179487179 1.25025641026 0.113333333333 17.8553846154 2.28820512821 ;
81.1678635548 4.78545780969 2.97935368043 1.09066427289 1.02692998205 4.77558348294 0.396768402154 ;
48.4131868132 2.98681318681 1.73919413919 0.480586080586 0.649450549451 3.0652014652 0.17619047619 ;
64.7497879559 3.51738761662 4.75318066158 1.9304495335 0.0805767599661 25.3519932146 3.53774385072 ;
59.3675213675 3.28632478632 9.29914529915 4.7264957265 0.0 76.5 14.1666666667 ;
51.3388510224 3.00097370983 4.84907497566 2.1129503408 0.00681596884129 33.6699123661 4.9746835443 ;
68.1204081633 3.89428571429 2.90571428571 0.971836734694 0.949795918367 4.47387755102 0.368571428571 ;
