cluster 0
size:823
#377eb8
[ 2.90087157  4.5268297   3.23008547  3.42416303  4.45439938  1.88808069
  3.38479852]

cluster 1
size:581
#ff7f00
[ 2.44788113  4.76723546  2.66294239  2.6737751   2.15033195  0.68534475
  2.84909822]

cluster 2
size:348
#4daf4a
[ 1.04531544  4.74686944  1.82344093  1.1781304   0.6785597   0.561561
  2.55033088]

cluster 3
size:462
#f781bf
[ 2.15049384  4.67412412  3.06819562  4.34440346  2.66119924  3.70833147
  2.75096614]

cluster 4
size:305
#a65628
[ 1.8182115   4.71556259  0.05013486  1.87696897  2.99302015  0.77482672
  2.83672722]

cluster 5
size:490
#984ea3
[ 1.1714208   4.72707903  2.63977273  1.56927361  3.9077862   1.05894609
  3.22260798]

