cluster 0
size:531
#377eb8
[ 2.33912342  4.76403553  2.65859331  2.59545826  1.60929683  0.84938745
  2.81230965]

cluster 1
size:392
#ff7f00
[ 1.65786465  4.71934609  0.05439959  1.68622756  2.39979059  0.71878234
  2.78698421]

cluster 2
size:802
#4daf4a
[ 2.70429163  4.54896755  3.15398382  3.20378723  4.44006952  2.22888633
  3.3945526 ]

cluster 3
size:430
#f781bf
[ 0.60135738  4.74618104  2.49444347  1.09113197  2.43221586  0.81907329
  2.82750725]

cluster 4
size:451
#a65628
[ 2.13812296  4.67346541  3.0697544   4.354792    2.65969985  3.71738703
  2.73585524]

cluster 5
size:403
#984ea3
[ 2.51069073  4.67659209  2.84558515  2.70036736  3.98770477  0.16589699
  3.19055142]

