2.81856035137 4.62908522693 3.08803463209 3.76001684574 3.46145889673 1.43190380061 3.22824567218 ;
2.1749269802 4.77080982277 3.2033402565 4.50197380671 2.91673078546 3.86073755911 3.17140466178 ;
1.52302059478 4.75725999684 2.57790768764 2.07843885332 0.0 0.970510713603 3.05183772731 ;
1.6979405937 4.74819651588 0.0 1.94745911473 2.28779765745 0.84521621834 3.01424981712 ;
2.96862034276 4.44201944482 3.52202310818 3.34800704236 4.7035147081 2.3881891856 3.48414258603 ;
1.83495125652 4.72525163924 2.76626405073 2.29598197486 4.1813951384 1.3902120066 3.39719813205 ;
1.74981293528 4.69447690187 2.15692635216 2.58829940361 1.99358145636 1.54010753421 0.0 ;
1.85258992268 4.8053922926 2.47476058705 1.99829320408 2.44773413078 0.721452275689 3.05722476719 ;
2.19456858912 4.7709532174 3.19448217896 4.49668309894 2.91905238319 3.85378465142 3.18272527787 ;
2.15819658793 4.55865483146 2.85390409426 3.30797647649 2.73198132092 2.33206963373 1.45062652528 ;
2.06514918021 4.76557680373 2.71072550625 2.74067481927 3.3423175061 1.73480120955 3.27597064826 ;
2.99263523636 4.48278020751 3.48864438374 3.44100723442 4.70122407048 2.34963860131 3.50562924574 ;
2.09418689109 4.73151163687 2.71465002812 2.47796605228 3.22571364037 0.0 3.21624805543 ;
1.67607942729 4.74509504264 0.0 1.93350914094 2.26741084691 0.843504672805 2.73364397829 ;
1.48561018829 4.76772769774 2.57579417103 2.08672000279 0.0 0.950304850182 2.69508975329 ;
1.59552011027 4.71855657423 2.59016262841 0.0 3.11369547997 1.41053292411 2.74983798253 ;
2.99564936872 4.47751780672 3.49442752898 3.43164672088 4.70016945856 2.34727864285 3.50361269659 ;
1.51000539352 4.78360428495 2.60584695515 2.01367890262 0.823480560824 1.19111142012 2.09973544392 ;
2.17497254059 4.49983726165 2.90633749482 3.5794321468 2.52432431384 2.92452811569 1.85943551658 ;
1.99103013491 4.73694204767 2.68830520233 2.34242939462 2.70990132539 0.0 3.16975051437 ;
1.94722015293 4.66385952468 0.0 2.05950130529 3.68827842082 1.1902726769 3.1206963385 ;
2.07205607177 4.76404985464 2.69804041108 2.49180406621 3.47992072911 1.74998273843 3.29107865694 ;
2.19456858912 4.7709532174 3.19448217896 4.49668309894 2.91905238319 3.85378465142 3.18272527787 ;
1.55971001715 4.77996007181 0.0 1.87943525067 1.6575964375 0.694677203236 2.5675270855 ;
2.9612871616 4.4346778704 3.52000247713 3.34298111364 4.69129862693 2.3400581767 3.48259357368 ;
1.48988037905 4.76871040342 2.57162090507 2.08727133705 0.0 0.946155047343 2.69746309716 ;
2.11630318429 4.55047657783 2.84828771865 3.01294388988 2.67654457631 2.27133178366 1.31661148093 ;
2.19423685581 4.77053211445 3.1950272699 4.49639858828 2.91517773935 3.85557053949 3.18204994686 ;
2.09137275203 4.72959147086 2.71638042502 2.43845345043 3.22530902794 0.0 3.20511536131 ;
1.67607942729 4.74509504264 0.0 1.93350914094 2.26741084691 0.843504672805 2.73364397829 ;
2.09314118368 4.74583656039 2.87395237529 2.62759094669 4.23602894132 1.93794317604 3.44544256753 ;
2.09639860982 4.79714653791 2.56607621581 2.5810485683 2.49397748142 1.58655697937 3.08439332606 ;
1.67607942729 4.74509504264 0.0 1.93350914094 2.26741084691 0.843504672805 2.73364397829 ;
2.99533951516 4.4795908577 3.49980226096 3.43066633656 4.70770724398 2.36948419042 3.50281665479 ;
1.93665280627 4.7562919182 2.19738338896 1.75914393205 2.47182565875 1.09615865207 1.62217073683 ;
2.19337146869 4.77207971125 3.19605029305 4.49777723639 2.91942935574 3.85589669187 3.18831198128 ;
1.46166743625 4.76373252978 2.56384312199 2.04388621916 0.0 1.05179371768 2.63750824777 ;
2.30871195542 4.46113409477 3.00820795033 3.64064924945 3.05282372156 2.862697944 1.90947307787 ;
2.0154253808 4.76732229147 2.76886109236 2.54303225975 3.38639241318 1.74381804584 3.28756597623 ;
2.07588538068 4.73330802959 2.71304597396 2.44011396332 3.08210032592 0.0 3.20641786498 ;
1.8223520882 4.72584804918 2.7365860508 2.32654871918 4.18017435489 1.48232726084 3.38617055857 ;
2.1836936269 4.76801914313 3.19830624633 4.49453440879 2.91605833646 3.86189732948 3.16807713696 ;
1.55507348909 4.74930703862 1.36792809135 1.46073557215 1.8492484001 1.13156667491 3.00542166889 ;
3.00261563142 4.47201954024 3.50281886099 3.41101599482 4.71020523523 2.38935647946 3.50143191007 ;
1.53499913578 4.79081795045 2.67143650647 2.01525122738 1.27589291753 0.817011252227 2.95893373344 ;
1.6979405937 4.74819651588 0.0 1.94745911473 2.28779765745 0.84521621834 3.01424981712 ;
1.74981293528 4.69447690187 2.15692635216 2.58829940361 1.99358145636 1.54010753421 0.0 ;
2.64489262291 4.67795562388 2.83859854992 3.12788181638 3.15096674625 0.947205324442 3.24761236251 ;
2.56730784212 4.72372267002 2.82384616993 2.84239152016 2.99980112086 0.856958895563 3.22114404848 ;
2.19108384887 4.76923504571 3.19635738947 4.49492230664 2.91736807921 3.85869456808 3.18140099807 ;
1.50581937813 4.75431694999 2.57864236227 2.08132695138 0.0 0.971269866222 2.69970260493 ;
1.71577029389 4.7256460626 2.67095217909 2.2245791151 4.20038742927 1.38348572565 3.38055199077 ;
1.42098245762 4.71433546197 2.61508133275 2.42170156998 2.47186316975 1.47729649364 1.9047336722 ;
3.00171388046 4.47634700197 3.50325762845 3.41847467786 4.71107213588 2.38735643536 3.50212316828 ;
1.52800848435 4.71279939742 0.0 1.80964673518 2.13367970044 0.811096824817 0.191946720228 ;
1.69402742038 4.7490096663 0.0 1.94852276589 2.28362068284 0.847432896803 3.04172849442 ;
1.74981293528 4.69447690187 2.15692635216 2.58829940361 1.99358145636 1.54010753421 0.0 ;
2.99056683025 4.48283345841 3.49196453557 3.44057412678 4.70604821376 2.37199834954 3.50202155052 ;
1.95481176808 4.77002359075 2.67211832336 2.4185398194 3.38087751074 1.75962058455 3.28891682304 ;
2.19019953102 4.76981525454 3.195387578 4.49654627403 2.91298063381 3.85641811642 3.18076307551 ;
1.53429613908 4.75622130016 2.58173411166 2.09167551504 0.0 0.989634077418 3.07521148294 ;
2.42765921649 4.57245239174 2.935221208 3.15630691582 3.06699380535 2.10819822573 2.9362444893 ;
2.08093747819 4.73060913231 2.71065929431 2.42367365594 3.20338404182 0.0 3.18374174565 ;
1.6979405937 4.74819651588 0.0 1.94745911473 2.28779765745 0.84521621834 3.01424981712 ;
2.19130881007 4.77047604443 3.19629152979 4.49688616 2.91767129564 3.85752649011 3.18205581363 ;
1.99120611645 4.73694439919 2.68867655326 2.34117416013 2.71097196782 0.0 3.16661800109 ;
2.323226798 4.47202602975 2.9247308184 3.42392782547 2.49306627654 2.64688697991 2.9031103905 ;
1.6979405937 4.74819651588 0.0 1.94745911473 2.28779765745 0.84521621834 3.01424981712 ;
1.74981293528 4.69447690187 2.15692635216 2.58829940361 1.99358145636 1.54010753421 0.0 ;
2.96083647447 4.43396327283 3.52423957176 3.34114531146 4.69117741521 2.35094900596 3.4805618431 ;
1.90465540764 4.79961731451 2.54569304954 2.36126983407 1.88624130665 1.54685893977 3.08735038418 ;
2.11916146896 4.75075941867 2.87969468638 2.63711193116 4.23046594132 1.95116643052 3.44860133652 ;
2.47105525775 4.78100506338 3.21993699808 4.51075953295 2.94693606992 3.85968905243 3.24263814171 ;
1.4924031445 4.75753247781 2.57710916461 2.09025968507 0.0 0.96755711368 2.69795567148 ;
2.57905162524 4.72035742708 2.72414828205 2.82743048441 3.05322681051 0.85084524437 3.2170172454 ;
1.67607942729 4.74509504264 0.0 1.93350914094 2.26741084691 0.843504672805 2.73364397829 ;
1.21771954819 4.73740498904 2.57643162349 1.93538674718 2.26127640483 0.827990728453 2.07466315607 ;
1.65371144845 4.73376229867 2.76146656457 2.22431725564 4.22553168534 1.45134686219 3.39822662407 ;
2.99790464395 4.47411375828 3.50938779491 3.41326962256 4.70824788712 2.38787077654 3.50495681041 ;
1.27792483052 4.66628675917 3.1672717674 4.32512077081 2.89052624774 3.92594551133 2.16724476586 ;
2.35036615526 4.73924424081 2.8184711572 2.50467352555 4.14475058305 1.448448741 3.4167596473 ;
2.42504973632 4.7721693133 3.20763903565 4.4993333725 2.92638294009 3.8644915302 3.19471172219 ;
0.0 4.74965503423 2.64720520848 2.34621081989 2.3875200068 1.48370336624 3.06434282464 ;
3.00980402754 4.46623298961 3.5037192421 3.40708132236 4.71068742668 2.38281237062 3.49694051405 ;
1.6979405937 4.74819651588 0.0 1.94745911473 2.28779765745 0.84521621834 3.01424981712 ;
2.20142065198 4.80015257213 2.53072266649 2.21449259274 1.76944365627 0.875971110865 3.05893486087 ;
2.78988272428 4.53986437751 3.10036809521 3.57922977143 3.48496902846 0.997247654185 3.20028147395 ;
1.74981293528 4.69447690187 2.15692635216 2.58829940361 1.99358145636 1.54010753421 0.0 ;
2.19337146869 4.77207971125 3.19605029305 4.49777723639 2.91942935574 3.85589669187 3.18831198128 ;
2.07827157446 4.73354013466 2.71372826598 2.44490759082 3.0702460939 0.0 3.20643490569 ;
2.31028723015 4.46192334261 3.01080221028 3.64822927874 3.04311595598 2.86746642325 1.90263262621 ;
2.99353286464 4.48044993418 3.49913186393 3.43279009733 4.70782471432 2.37028396873 3.50292831288 ;
1.44956323695 4.7634391688 2.5606411732 2.02778258294 0.0 1.06210542079 2.63188726539 ;
1.67607942729 4.74509504264 0.0 1.93350914094 2.26741084691 0.843504672805 2.73364397829 ;
1.93665280627 4.7562919182 2.19738338896 1.75914393205 2.47182565875 1.09615865207 1.62217073683 ;
2.01499084357 4.76655354354 2.7678040803 2.54024921789 3.38569073225 1.74304905038 3.28629689371 ;
1.74981293528 4.69447690187 2.15692635216 2.58829940361 1.99358145636 1.54010753421 0.0 ;
1.85258992268 4.8053922926 2.47476058705 1.99829320408 2.44773413078 0.721452275689 3.05722476719 ;
2.1749269802 4.77080982277 3.2033402565 4.50197380671 2.91673078546 3.86073755911 3.17140466178 ;
2.96862034276 4.44201944482 3.52202310818 3.34800704236 4.7035147081 2.3881891856 3.48414258603 ;
1.6979405937 4.74819651588 0.0 1.94745911473 2.28779765745 0.84521621834 3.01424981712 ;
1.52302059478 4.75725999684 2.57790768764 2.07843885332 0.0 0.970510713603 3.05183772731 ;
1.83495125652 4.72525163924 2.76626405073 2.29598197486 4.1813951384 1.3902120066 3.39719813205 ;
2.81856035137 4.62908522693 3.08803463209 3.76001684574 3.46145889673 1.43190380061 3.22824567218 ;
2.98768033733 4.48498907073 3.47941588617 3.45027595165 4.69647976987 2.34337268001 3.50492439706 ;
1.67607942729 4.74509504264 0.0 1.93350914094 2.26741084691 0.843504672805 2.73364397829 ;
2.09212297607 4.73012206729 2.71417021502 2.43799885788 3.21880638877 0.0 3.20518284143 ;
0.0 4.70905484081 3.05247217161 4.39435617298 3.01470846081 3.56643587501 2.78600984287 ;
1.48561018829 4.76772769774 2.57579417103 2.08672000279 0.0 0.950304850182 2.69508975329 ;
2.44424408777 4.77263226681 3.20461136807 4.49814094865 2.93396665061 3.85715422172 3.20514253516 ;
2.02807410284 4.77152363196 2.68956749678 2.45102530568 3.31645491995 1.71621857716 3.26917161241 ;
2.17655987249 4.56104956369 2.83463138566 2.94676719921 2.68476372541 2.20914879541 1.46099572203 ;
2.17376280171 4.77071574856 3.20444843649 4.50162528829 2.91780552016 3.86179605804 3.17074456616 ;
2.81827944527 4.62960068019 3.08692044806 3.76252897503 3.45855457872 1.43728039299 3.22894223759 ;
1.6979405937 4.74819651588 0.0 1.94745911473 2.28779765745 0.84521621834 3.01424981712 ;
1.52302059478 4.75725999684 2.57790768764 2.07843885332 0.0 0.970510713603 3.05183772731 ;
2.96862034276 4.44201944482 3.52202310818 3.34800704236 4.7035147081 2.3881891856 3.48414258603 ;
1.83495125652 4.72525163924 2.76626405073 2.29598197486 4.1813951384 1.3902120066 3.39719813205 ;
1.85258992268 4.8053922926 2.47476058705 1.99829320408 2.44773413078 0.721452275689 3.05722476719 ;
1.74981293528 4.69447690187 2.15692635216 2.58829940361 1.99358145636 1.54010753421 0.0 ;
1.99537691597 4.73777037831 2.69089512451 2.35038331446 2.71057380107 0.0 3.17607749593 ;
2.9536531828 4.49177384404 3.43654030995 3.48191468398 4.6875189358 2.31577253285 3.5038213945 ;
0.0 4.70176630207 3.0361299603 4.37472484129 2.91062142088 3.57273161461 2.75474192233 ;
2.44373782495 4.77030157133 3.20313787775 4.49432853997 2.92976851665 3.85758118549 3.20560402055 ;
1.67607942729 4.74509504264 0.0 1.93350914094 2.26741084691 0.843504672805 2.73364397829 ;
2.48974216365 4.77505304595 2.66662212199 2.70354437347 2.98671810989 1.83525958123 3.26909774685 ;
2.02105613879 4.6155523605 2.78285932205 2.85948033862 2.07679061147 2.11504284925 1.33588605791 ;
1.03389198716 4.77449314387 2.66679340685 1.71384940157 2.5262470059 1.40679407083 3.18871699022 ;
2.66490606083 4.68527557311 2.95352547915 3.19013095166 3.14090361916 0.974682131609 3.24624256333 ;
2.1817311582 4.76807163341 3.19930641516 4.49458617048 2.91753431444 3.86377100957 3.16803958442 ;
1.52302059478 4.75725999684 2.57790768764 2.07843885332 0.0 0.970510713603 3.05183772731 ;
1.80685661104 4.72339936902 2.73109461996 2.33413634193 4.21185393235 1.45720600032 3.38511809922 ;
1.6979405937 4.74819651588 0.0 1.94745911473 2.28779765745 0.84521621834 3.01424981712 ;
1.74981293528 4.69447690187 2.15692635216 2.58829940361 1.99358145636 1.54010753421 0.0 ;
3.00082042165 4.46859135669 3.50550721677 3.4022216201 4.71210487764 2.39263098186 3.49926756442 ;
1.56491853445 4.79545928051 2.39022877357 1.81798469601 2.35336749898 0.788835812117 2.93662771019 ;
0.826501709995 4.76606614348 2.53526031832 1.723370943 1.55122949051 0.702046628813 2.18590669653 ;
2.16983848952 4.49512567973 2.99276929051 3.7280218293 2.37701019774 2.66016606253 1.91002644183 ;
1.6921177293 4.7724761814 0.0 1.88910897623 2.27399485189 0.752608756123 3.09011351964 ;
2.19034326174 4.77082587273 3.19680282666 4.49722185323 2.91251696545 3.85852373945 3.18802904076 ;
2.42570185598 4.8006208155 2.58778654461 2.50563201942 2.16551477957 0.860033389982 3.16859282165 ;
1.60456437572 4.62300209605 0.0 2.13149020328 2.23805266077 1.24881105539 1.14414044962 ;
2.97325753436 4.4219678037 3.51368222406 3.32942310857 4.67856236079 2.01547363834 3.45216932184 ;
1.96876655373 4.73488002275 2.84774483241 2.56029524489 4.27800905258 1.4548984544 3.43227766965 ;
1.74981293528 4.69447690187 2.15692635216 2.58829940361 1.99358145636 1.54010753421 0.0 ;
1.41194044427 4.74652338555 1.45431381146 1.43117769559 1.77308282778 1.0298205549 2.84216710884 ;
1.54024609166 4.79223855324 2.68226619007 2.01723591108 1.26775482499 0.824686101328 2.97695759638 ;
3.00261563142 4.47201954024 3.50281886099 3.41101599482 4.71020523523 2.38935647946 3.50143191007 ;
2.63577729994 4.67511135257 2.83287441413 3.12716880832 3.13813049366 0.934048938091 3.24075198713 ;
2.1836936269 4.76801914313 3.19830624633 4.49453440879 2.91605833646 3.86189732948 3.16807713696 ;
1.6979405937 4.74819651588 0.0 1.94745911473 2.28779765745 0.84521621834 3.01424981712 ;
1.84537173252 4.72862117169 2.73759302014 2.33748141275 4.17095924636 1.48678667568 3.38748316439 ;
2.74429054886 4.62804392907 3.01523213501 3.48351978788 3.29155079115 1.13545444548 3.2259633464 ;
1.72598916544 4.81401781298 2.45804030027 1.91766099208 2.31856813178 0.681458758999 3.00701641618 ;
1.86772284043 4.73120255359 2.74154425357 2.32590110681 4.17223325461 1.44070510794 3.38377915064 ;
2.18337934194 4.77017392904 3.20046667465 4.49854348539 2.91993555987 3.86210695153 3.17125082136 ;
1.6979405937 4.74819651588 0.0 1.94745911473 2.28779765745 0.84521621834 3.01424981712 ;
1.74981293528 4.69447690187 2.15692635216 2.58829940361 1.99358145636 1.54010753421 0.0 ;
2.99684827051 4.46743225745 3.50815862319 3.40167039004 4.71135737595 2.39405492216 3.49817973765 ;
1.52302059478 4.75725999684 2.57790768764 2.07843885332 0.0 0.970510713603 3.05183772731 ;
2.79608843723 4.64995651551 3.06317640476 3.89640235181 3.79637485692 1.5266381502 3.3087494669 ;
2.41619872112 4.77388370885 3.21581402904 4.50579381019 2.92141052777 3.8637205941 3.06210642385 ;
2.04861473536 4.75448153106 2.59356103018 2.21719418284 0.0 1.02789882638 2.76435236648 ;
2.78444176821 4.51071448469 3.34359216115 3.05421837508 4.57996273318 2.32201124344 3.47385282377 ;
1.75035942151 4.73854562504 0.0 2.02690759569 2.71956383089 0.849867118114 3.02202421004 ;
2.25680850588 4.76249652165 2.59629342822 2.06190896806 2.91563392824 0.854902587753 2.89279964461 ;
0.0 4.74903189988 2.64747197449 2.31507367043 2.30675904141 1.45686834933 2.81074203915 ;
1.4372551421 4.76615266379 0.0 1.63321537506 0.813653151573 0.823048203076 1.80644677748 ;
2.0942131631 4.74455702051 2.8736651614 2.62833731462 4.23961680559 1.93643662269 3.4465477501 ;
2.11142910276 4.55239585775 2.84698127421 3.00551542464 2.66375563315 2.27800392207 1.30185460853 ;
2.19423685581 4.77053211445 3.1950272699 4.49639858828 2.91517773935 3.85557053949 3.18204994686 ;
2.09786349924 4.79677619985 2.56803973754 2.58562191444 2.49735392239 1.58693133592 3.08530505668 ;
2.9612871616 4.4346778704 3.52000247713 3.34298111364 4.69129862693 2.3400581767 3.48259357368 ;
1.67607942729 4.74509504264 0.0 1.93350914094 2.26741084691 0.843504672805 2.73364397829 ;
1.48561018829 4.76772769774 2.57579417103 2.08672000279 0.0 0.950304850182 2.69508975329 ;
2.09212297607 4.73012206729 2.71417021502 2.43799885788 3.21880638877 0.0 3.20518284143 ;
2.08612174311 4.73215279375 2.71205979014 2.43365335446 3.18033459926 0.0 3.20494524374 ;
2.09548505182 4.74438601884 2.87449033188 2.63215482688 4.23758897321 1.93576891476 3.4463095728 ;
2.19423685581 4.77053211445 3.1950272699 4.49639858828 2.91517773935 3.85557053949 3.18204994686 ;
2.09639860982 4.79714653791 2.56607621581 2.5810485683 2.49397748142 1.58655697937 3.08439332606 ;
2.9612871616 4.4346778704 3.52000247713 3.34298111364 4.69129862693 2.3400581767 3.48259357368 ;
1.48278830637 4.76415206305 2.57682649997 2.08705229825 0.0 0.975988765052 2.68184072406 ;
1.67607942729 4.74509504264 0.0 1.93350914094 2.26741084691 0.843504672805 2.73364397829 ;
2.11142910276 4.55239585775 2.84698127421 3.00551542464 2.66375563315 2.27800392207 1.30185460853 ;
1.6979405937 4.74819651588 0.0 1.94745911473 2.28779765745 0.84521621834 3.01424981712 ;
1.47181652834 4.77927678223 2.3388893103 1.78866142276 2.48293905059 0.865652519412 2.92655554537 ;
2.97596860331 4.42303281498 3.51588386333 3.33474298132 4.67872240091 2.01321847461 3.45153354834 ;
1.50537690812 4.77365017541 2.56992953381 2.08510629801 0.0 0.942020172581 3.05801509529 ;
2.18278407972 4.76960373266 3.19687038288 4.49811164078 2.90734619481 3.85995898053 3.17603962744 ;
1.75435648898 4.72244273525 2.77388503664 2.30363298761 4.23925932196 1.41380242439 3.39762264612 ;
1.74981293528 4.69447690187 2.15692635216 2.58829940361 1.99358145636 1.54010753421 0.0 ;
2.61016623926 4.73883958909 2.86772084712 3.11304432696 2.99092364159 1.20999805712 3.23707024601 ;
2.18140526257 4.77022225825 3.20146859364 4.49858721835 2.92141268516 3.86399190541 3.17120642227 ;
2.66821097336 4.65486336518 2.97332924825 3.23740477523 3.24668810848 1.01022838937 3.25919995994 ;
1.785344406 4.77919725384 0.0 1.86467040573 2.08748270742 0.749706026302 3.06288817143 ;
2.96458099994 4.43751176004 3.51354577346 3.35026452275 4.70199271307 2.38414512434 3.48297150828 ;
1.74981293528 4.69447690187 2.15692635216 2.58829940361 1.99358145636 1.54010753421 0.0 ;
1.22372842054 4.58000102269 0.0 2.39663189762 3.3746128119 1.36340981344 2.7503608735 ;
1.93127400999 4.73696051642 2.78431429798 2.42995788318 4.23050697709 1.51872855 3.40934382134 ;
1.63487559805 4.7901815431 2.4818969794 2.02351960559 1.48336922621 0.83646634367 2.98683648342 ;
1.50581937813 4.75431694999 2.57864236227 2.08132695138 0.0 0.971269866222 2.69970260493 ;
2.99920871609 4.47512926324 3.5040943344 3.41616252486 4.71019638745 2.38999631372 3.50200362717 ;
1.67607942729 4.74509504264 0.0 1.93350914094 2.26741084691 0.843504672805 2.73364397829 ;
1.3604393603 4.75900567423 2.42369000771 1.91357331546 2.33359497238 0.800778958916 2.1957626274 ;
1.26936170327 4.66157056891 3.16582944011 4.31393357062 2.8810765839 3.9221449882 2.14404684042 ;
2.47094946428 4.78060341003 3.2179380911 4.50982989168 2.94603354489 3.86001372251 3.23944622698 ;
2.59365854847 4.72002177959 2.83836995923 2.91236879601 3.03117974525 0.851055310939 3.23436182887 ;
1.7030712587 4.7201153562 2.69168350787 2.21845225029 4.21206500476 1.42221592044 3.38211223999 ;
1.5157704591 4.75683667811 0.0 1.47622777544 1.50039336873 0.858247349232 0.862353846436 ;
2.56201931053 4.72166960825 2.81907492839 2.83836403584 2.98680260546 0.858327102287 3.21302505844 ;
1.4187467018 4.71227890529 2.55678089903 2.42586645507 2.51336819038 1.46107547357 1.89149591621 ;
2.18980239021 4.76904118668 3.19568199248 4.49512305352 2.91354737982 3.85880373213 3.18074933477 ;
1.72657017667 4.7254587629 2.69520489351 2.23815185435 4.20611729311 1.39958963586 3.38417383214 ;
1.50581937813 4.75431694999 2.57864236227 2.08132695138 0.0 0.971269866222 2.69970260493 ;
3.00075342294 4.47564329365 3.50482865856 3.41694271061 4.71137620985 2.38838018019 3.50208148039 ;
1.70706268305 4.75100274469 0.0 1.99583462255 2.37347067481 0.837750451011 3.06489562605 ;
0.0 4.70138068801 3.04796001892 4.37527613397 3.0030221009 3.56872375931 2.7918436142 ;
2.98826084202 4.48444354181 3.4775000693 3.45312835293 4.69481829102 2.33940604782 3.50386912105 ;
1.48988037905 4.76871040342 2.57162090507 2.08727133705 0.0 0.946155047343 2.69746309716 ;
2.44208229378 4.77057730631 3.20258556729 4.49465196745 2.93232657546 3.85654037214 3.20378622027 ;
2.09137275203 4.72959147086 2.71638042502 2.43845345043 3.22530902794 0.0 3.20511536131 ;
1.67607942729 4.74509504264 0.0 1.93350914094 2.26741084691 0.843504672805 2.73364397829 ;
2.02607727741 4.7717057695 2.68912749025 2.44823747551 3.31383205288 1.71669773856 3.26895444474 ;
2.18662880899 4.56840219335 2.83332061555 2.93065160932 2.68128921032 2.18592634293 1.42459220269 ;
3.00363075489 4.47170322323 3.48190282907 3.43680962183 4.68624285454 2.00953341475 3.48170208147 ;
1.61993433779 4.73714014064 2.5501260828 2.16230876459 3.71330079767 1.21576919071 3.33325060852 ;
2.47461513073 4.77997504901 3.21321538196 4.50967983698 2.94140266167 3.85749059464 3.2403045182 ;
1.69589278973 4.77507669192 0.0 1.88685461326 2.26139186209 0.758183635798 3.09152975057 ;
1.37003905637 4.61961380509 2.55610490688 2.19234058831 1.53850320924 1.07029021436 1.90913776101 ;
2.45067304483 4.81360405565 2.77599425037 2.5924545061 2.1913154799 0.830852585215 3.15441713745 ;
1.59116501685 4.61660226002 0.0 2.13345711674 2.29320649613 1.20916625998 1.19984781136 ;
1.26574912561 4.6879002112 3.13547850325 4.3542045425 2.56949058039 3.90677369555 2.23592795346 ;
2.09069419431 4.74441403834 2.87275452314 2.62974770324 4.2449077711 1.93803763195 3.44833708311 ;
2.19423685581 4.77053211445 3.1950272699 4.49639858828 2.91517773935 3.85557053949 3.18204994686 ;
2.1076066674 4.79664341641 2.57421422547 2.59057084165 2.51608652737 1.59129262646 3.08564506362 ;
2.9612871616 4.4346778704 3.52000247713 3.34298111364 4.69129862693 2.3400581767 3.48259357368 ;
1.48988037905 4.76871040342 2.57162090507 2.08727133705 0.0 0.946155047343 2.69746309716 ;
2.100576028 4.5505049613 2.84457708999 2.99653125133 2.65008653836 2.27698683327 1.29313959794 ;
1.67607942729 4.74509504264 0.0 1.93350914094 2.26741084691 0.843504672805 2.73364397829 ;
2.09137275203 4.72959147086 2.71638042502 2.43845345043 3.22530902794 0.0 3.20511536131 ;
2.38073009213 4.59835815143 2.64311371796 2.92718586778 2.99121693413 2.09305529959 2.94417402418 ;
2.99292981642 4.4807514312 3.50012878108 3.4313870024 4.70704152064 2.36392950688 3.50361485637 ;
1.95916053868 4.76735731324 2.75702190582 2.48677947328 3.41346393806 1.76569298432 3.29422190283 ;
2.18959035907 4.77004596871 3.19742426329 4.49692348413 2.91495021888 3.85685547486 3.18133317882 ;
1.53039938232 4.75637027331 2.58200334552 2.09515463634 0.0 0.994533256019 3.07985617543 ;
1.74981293528 4.69447690187 2.15692635216 2.58829940361 1.99358145636 1.54010753421 0.0 ;
1.6979405937 4.74819651588 0.0 1.94745911473 2.28779765745 0.84521621834 3.01424981712 ;
2.08141656888 4.73060020719 2.71029413411 2.42161233992 3.19700279871 0.0 3.18165657006 ;
2.08509935315 4.7304911539 2.71249945855 2.42594794212 3.2097908099 0.0 3.18555631013 ;
2.99195428295 4.48668136475 3.48878962419 3.4471564035 4.70340571089 2.36978820534 3.5028910675 ;
2.19095507732 4.76994853451 3.19538379514 4.49645513528 2.91721199959 3.85603262708 3.18165426459 ;
1.95113219235 4.76973939619 2.67094192526 2.41155781069 3.37691457428 1.75837659997 3.2880278471 ;
1.6979405937 4.74819651588 0.0 1.94745911473 2.28779765745 0.84521621834 3.01424981712 ;
1.52677507957 4.75638491309 2.57785589138 2.08772872608 0.0 0.98478292998 3.07129603208 ;
1.74981293528 4.69447690187 2.15692635216 2.58829940361 1.99358145636 1.54010753421 0.0 ;
2.41953278744 4.56703894853 2.93111108717 3.14190060483 3.04768311302 2.0983342452 2.92676165012 ;
2.19089611817 4.77019006063 3.19461678507 4.49548543537 2.92014611543 3.8564903768 3.17377319323 ;
2.46696472773 4.77589014293 2.69761040767 2.60317778833 3.46127585465 1.84766332573 3.3180416374 ;
2.08093747819 4.73060913231 2.71065929431 2.42367365594 3.20338404182 0.0 3.18374174565 ;
3.00579444664 4.46992876051 3.5050356238 3.41036394213 4.7035329933 2.35873532814 3.49831322682 ;
1.6979405937 4.74819651588 0.0 1.94745911473 2.28779765745 0.84521621834 3.01424981712 ;
1.46100933118 4.65033881961 2.79365514551 2.60037726885 3.13414613156 1.8236102288 3.06910902331 ;
1.74981293528 4.69447690187 2.15692635216 2.58829940361 1.99358145636 1.54010753421 0.0 ;
1.53429613908 4.75622130016 2.58173411166 2.09167551504 0.0 0.989634077418 3.07521148294 ;
2.19019953102 4.76981525454 3.195387578 4.49654627403 2.91298063381 3.85641811642 3.18076307551 ;
1.52677507957 4.75638491309 2.57785589138 2.08772872608 0.0 0.98478292998 3.07129603208 ;
2.42765921649 4.57245239174 2.935221208 3.15630691582 3.06699380535 2.10819822573 2.9362444893 ;
2.99041082958 4.48450249755 3.49117026234 3.44359319548 4.70524135645 2.37100147307 3.50293942569 ;
1.74981293528 4.69447690187 2.15692635216 2.58829940361 1.99358145636 1.54010753421 0.0 ;
1.6979405937 4.74819651588 0.0 1.94745911473 2.28779765745 0.84521621834 3.01424981712 ;
1.95299607454 4.76942307462 2.6711366124 2.41459359779 3.37896682256 1.75916136196 3.28789818289 ;
2.08509935315 4.7304911539 2.71249945855 2.42594794212 3.2097908099 0.0 3.18555631013 ;
2.99363046965 4.48116906699 3.49958773743 3.43298826597 4.70851871795 2.36351747814 3.50265397015 ;
1.6979405937 4.74819651588 0.0 1.94745911473 2.28779765745 0.84521621834 3.01424981712 ;
1.95814364483 4.76823601765 2.74741538579 2.48486129924 3.41156533459 1.76467924571 3.29503585414 ;
2.18959035907 4.77004596871 3.19742426329 4.49692348413 2.91495021888 3.85685547486 3.18133317882 ;
2.08071809993 4.73027216542 2.71010364164 2.42483584609 3.19064692833 0.0 3.17960667011 ;
1.52940591315 4.75731940306 2.58184178793 2.08546368456 0.0 0.999481182666 3.08447955494 ;
2.39831906753 4.58910345102 2.67588651411 2.9455914888 2.99168665691 2.10824579604 2.936713013 ;
1.74981293528 4.69447690187 2.15692635216 2.58829940361 1.99358145636 1.54010753421 0.0 ;
2.99255215098 4.48187848726 3.48611599071 3.44197633036 4.69879241289 2.34745098469 3.50504573547 ;
2.00501608862 4.76778581857 2.69528984925 2.49442865116 3.34042657996 1.73159330304 3.27298980524 ;
1.17963813648 4.68762113719 3.11796433794 4.35463599476 2.83614474112 3.90253016186 2.21496821255 ;
2.19083639357 4.54094637752 2.72480988687 2.52871891278 2.63855204743 1.62014388798 1.57540051618 ;
1.48561018829 4.76772769774 2.57579417103 2.08672000279 0.0 0.950304850182 2.69508975329 ;
1.67607942729 4.74509504264 0.0 1.93350914094 2.26741084691 0.843504672805 2.73364397829 ;
2.48196917738 4.78057230772 3.21498520445 4.51020708324 2.94788293506 3.8569636517 3.24284560734 ;
2.09212297607 4.73012206729 2.71417021502 2.43799885788 3.21880638877 0.0 3.20518284143 ;
1.18056809609 4.68723325774 3.11759783151 4.35510701233 2.82949174752 3.90069741568 2.22262739399 ;
1.48561018829 4.76772769774 2.57579417103 2.08672000279 0.0 0.950304850182 2.69508975329 ;
2.19083639357 4.54094637752 2.72480988687 2.52871891278 2.63855204743 1.62014388798 1.57540051618 ;
2.00501608862 4.76778581857 2.69528984925 2.49442865116 3.34042657996 1.73159330304 3.27298980524 ;
2.48490043027 4.78092431728 3.21534056876 4.51044409279 2.9502509261 3.85742699887 3.24298214534 ;
1.67607942729 4.74509504264 0.0 1.93350914094 2.26741084691 0.843504672805 2.73364397829 ;
2.99255215098 4.48187848726 3.48611599071 3.44197633036 4.69879241289 2.34745098469 3.50504573547 ;
2.09212297607 4.73012206729 2.71417021502 2.43799885788 3.21880638877 0.0 3.20518284143 ;
1.43807100439 4.76262598555 2.55807838158 1.99377448644 0.0 1.10545666246 2.60791329422 ;
2.07301174659 4.73429501382 2.71236010389 2.45121173259 3.02372721369 0.0 3.2066290671 ;
2.09548505182 4.74438601884 2.87449033188 2.63215482688 4.23758897321 1.93576891476 3.4463095728 ;
2.11142910276 4.55239585775 2.84698127421 3.00551542464 2.66375563315 2.27800392207 1.30185460853 ;
2.9612871616 4.4346778704 3.52000247713 3.34298111364 4.69129862693 2.3400581767 3.48259357368 ;
2.19423685581 4.77053211445 3.1950272699 4.49639858828 2.91517773935 3.85557053949 3.18204994686 ;
2.09639860982 4.79714653791 2.56607621581 2.5810485683 2.49397748142 1.58655697937 3.08439332606 ;
1.67607942729 4.74509504264 0.0 1.93350914094 2.26741084691 0.843504672805 2.73364397829 ;
0.0 4.70138068801 3.04796001892 4.37527613397 3.0030221009 3.56872375931 2.7918436142 ;
1.67607942729 4.74509504264 0.0 1.93350914094 2.26741084691 0.843504672805 2.73364397829 ;
2.99726175498 4.47800026172 3.50114577113 3.42532583414 4.70856844116 2.38472010281 3.50426902927 ;
1.75809448556 4.7306578691 2.65314450097 2.172908739 4.18252930006 1.38418982406 3.37613076418 ;
1.50581937813 4.75431694999 2.57864236227 2.08132695138 0.0 0.971269866222 2.69970260493 ;
2.44106239596 4.76918009778 3.20216763972 4.49330818557 2.92610978834 3.85633647291 3.20170539622 ;
2.56484720787 4.72180845182 2.7851729498 2.82170698912 2.9938503781 0.8387755608 3.21042841312 ;
1.35492546801 4.72562305594 2.71434623809 2.38879840375 2.43521063055 1.45169322478 1.85352884271 ;
1.72490375526 4.71889474634 2.70138822769 2.23782779628 4.21667217683 1.39088927261 3.38136585581 ;
2.98449587591 4.45770461416 3.51077191735 3.38704478907 4.71128921442 2.39266781897 3.4944703128 ;
1.52651014977 4.79130654175 2.72373589015 2.06285549579 1.28568414239 0.855084540319 3.02621942382 ;
2.18933619477 4.76933115094 3.19525459381 4.49637260962 2.90947616707 3.85793722343 3.18032082594 ;
2.73541917058 4.73163619111 2.89291793365 3.1160149031 3.31233806787 0.895425297507 3.31774960055 ;
1.67607942729 4.74509504264 0.0 1.93350914094 2.26741084691 0.843504672805 2.73364397829 ;
2.05902671186 4.48842731426 2.81284390283 3.27327258202 2.70090632457 2.73390409999 1.47831492426 ;
1.59900940569 4.77114802563 2.0928914585 1.88429532763 1.54216107938 0.679718617447 1.7288355379 ;
1.17963813648 4.68762113719 3.11796433794 4.35463599476 2.83614474112 3.90253016186 2.21496821255 ;
2.19083639357 4.54094637752 2.72480988687 2.52871891278 2.63855204743 1.62014388798 1.57540051618 ;
2.99255215098 4.48187848726 3.48611599071 3.44197633036 4.69879241289 2.34745098469 3.50504573547 ;
1.67607942729 4.74509504264 0.0 1.93350914094 2.26741084691 0.843504672805 2.73364397829 ;
2.00501608862 4.76778581857 2.69528984925 2.49442865116 3.34042657996 1.73159330304 3.27298980524 ;
1.48561018829 4.76772769774 2.57579417103 2.08672000279 0.0 0.950304850182 2.69508975329 ;
2.48196917738 4.78057230772 3.21498520445 4.51020708324 2.94788293506 3.8569636517 3.24284560734 ;
2.09212297607 4.73012206729 2.71417021502 2.43799885788 3.21880638877 0.0 3.20518284143 ;
2.46805461704 4.7805276966 3.2178451356 4.50940556817 2.94257570354 3.86002832438 3.24020479253 ;
1.37302014315 4.7598605398 2.41451395246 1.90668349556 2.3412806951 0.796559234871 2.21080120387 ;
2.99920871609 4.47512926324 3.5040943344 3.41616252486 4.71019638745 2.38999631372 3.50200362717 ;
1.67607942729 4.74509504264 0.0 1.93350914094 2.26741084691 0.843504672805 2.73364397829 ;
2.59424358779 4.71959875839 2.84369841305 2.91955734482 3.02988016478 0.855688231059 3.23511021778 ;
1.71144522591 4.71982829567 2.69423219665 2.22548180053 4.21026985484 1.41514781988 3.38122139536 ;
1.50581937813 4.75431694999 2.57864236227 2.08132695138 0.0 0.971269866222 2.69970260493 ;
1.26922530605 4.66088788637 3.16572021645 4.31376033026 2.89153627498 3.92258033007 2.13315030788 ;
0.0 4.70138068801 3.04796001892 4.37527613397 3.0030221009 3.56872375931 2.7918436142 ;
2.44208229378 4.77057730631 3.20258556729 4.49465196745 2.93232657546 3.85654037214 3.20378622027 ;
1.48561018829 4.76772769774 2.57579417103 2.08672000279 0.0 0.950304850182 2.69508975329 ;
1.67607942729 4.74509504264 0.0 1.93350914094 2.26741084691 0.843504672805 2.73364397829 ;
2.19134877084 4.56569169879 2.83585290343 2.93636651207 2.68834225688 2.18327126099 1.43478561107 ;
2.02807410284 4.77152363196 2.68956749678 2.45102530568 3.31645491995 1.71621857716 3.26917161241 ;
2.09212297607 4.73012206729 2.71417021502 2.43799885788 3.21880638877 0.0 3.20518284143 ;
2.98768033733 4.48498907073 3.47941588617 3.45027595165 4.69647976987 2.34337268001 3.50492439706 ;
1.6979405937 4.74819651588 0.0 1.94745911473 2.28779765745 0.84521621834 3.01424981712 ;
2.84674849349 4.53508906649 3.35871602717 3.24072007912 4.62941828229 2.3433789406 3.4993450607 ;
1.52302059478 4.75725999684 2.57790768764 2.07843885332 0.0 0.970510713603 3.05183772731 ;
2.10383624142 4.64808922556 3.17573122089 4.21127481467 2.52889946221 3.49878748653 0.0 ;
2.18074763969 4.76511198555 3.19229750031 4.48709487401 2.91999040134 3.85709297888 3.16788383074 ;
2.60470967083 4.69552371659 2.86294071958 3.0695132397 3.1954046544 0.848565420367 3.28679724773 ;
1.59909014158 4.7142261106 1.72317774468 1.89732967414 1.76567379051 0.706214089158 0.0 ;
1.46007651599 4.76163963716 2.55119435324 1.91106531711 3.1866423039 1.0905011364 3.07176052603 ;
2.09548505182 4.74438601884 2.87449033188 2.63215482688 4.23758897321 1.93576891476 3.4463095728 ;
2.19423685581 4.77053211445 3.1950272699 4.49639858828 2.91517773935 3.85557053949 3.18204994686 ;
2.09639860982 4.79714653791 2.56607621581 2.5810485683 2.49397748142 1.58655697937 3.08439332606 ;
2.9612871616 4.4346778704 3.52000247713 3.34298111364 4.69129862693 2.3400581767 3.48259357368 ;
1.67607942729 4.74509504264 0.0 1.93350914094 2.26741084691 0.843504672805 2.73364397829 ;
2.07301174659 4.73429501382 2.71236010389 2.45121173259 3.02372721369 0.0 3.2066290671 ;
1.43807100439 4.76262598555 2.55807838158 1.99377448644 0.0 1.10545666246 2.60791329422 ;
2.11142910276 4.55239585775 2.84698127421 3.00551542464 2.66375563315 2.27800392207 1.30185460853 ;
2.39171815719 4.76439707664 2.72029072893 2.63387116778 3.39058367446 1.75997481617 3.27824687035 ;
2.12961810758 4.56409472684 2.84509260377 2.96800467022 2.68911462651 2.25855850314 1.29058865401 ;
1.66369283075 4.75925335652 2.5170105438 1.92628896475 0.0 1.28045388599 2.42395776144 ;
2.44208229378 4.77057730631 3.20258556729 4.49465196745 2.93232657546 3.85654037214 3.20378622027 ;
1.67607942729 4.74509504264 0.0 1.93350914094 2.26741084691 0.843504672805 2.73364397829 ;
2.36788550824 4.73182985539 2.74989525996 2.5329784513 2.95842612933 0.0 3.21763396628 ;
3.00789113799 4.47162426641 3.49957958354 3.41635231874 4.69941495414 2.34597919036 3.50216000969 ;
0.0 4.75538663662 2.67962685487 2.4716681872 2.56262410135 1.53657257071 3.11633937887 ;
2.96661530067 4.42625323253 3.52424487074 3.33284852103 4.6807105186 2.34826567103 3.47474473341 ;
1.42540345893 4.63893963505 2.73909717521 2.62474937252 1.85284711088 2.05930003359 2.91399290868 ;
2.47436868714 4.78663380612 2.58564644823 2.61162464827 2.29190408927 1.65923533617 3.15515454482 ;
2.19341960775 4.77115382442 3.19552397044 4.49705291826 2.91553859525 3.85561637764 3.18227609655 ;
1.99120611645 4.73694439919 2.68867655326 2.34117416013 2.71097196782 0.0 3.16661800109 ;
2.03567327375 4.74138014717 2.90238065755 2.64328332243 4.33372029748 1.95426238957 3.46855503309 ;
1.6979405937 4.74819651588 0.0 1.94745911473 2.28779765745 0.84521621834 3.01424981712 ;
1.74981293528 4.69447690187 2.15692635216 2.58829940361 1.99358145636 1.54010753421 0.0 ;
1.72598916544 4.81401781298 2.45804030027 1.91766099208 2.31856813178 0.681458758999 3.00701641618 ;
2.99684827051 4.46743225745 3.50815862319 3.40167039004 4.71135737595 2.39405492216 3.49817973765 ;
2.18337934194 4.77017392904 3.20046667465 4.49854348539 2.91993555987 3.86210695153 3.17125082136 ;
1.6979405937 4.74819651588 0.0 1.94745911473 2.28779765745 0.84521621834 3.01424981712 ;
2.74429054886 4.62804392907 3.01523213501 3.48351978788 3.29155079115 1.13545444548 3.2259633464 ;
1.52302059478 4.75725999684 2.57790768764 2.07843885332 0.0 0.970510713603 3.05183772731 ;
1.86772284043 4.73120255359 2.74154425357 2.32590110681 4.17223325461 1.44070510794 3.38377915064 ;
1.74981293528 4.69447690187 2.15692635216 2.58829940361 1.99358145636 1.54010753421 0.0 ;
2.80474799427 4.65718781557 3.06439183301 3.90481199849 3.74539966142 1.45123558246 3.27596041943 ;
2.42692541653 4.77325683327 3.21833046826 4.50465403831 2.92817540205 3.86272164997 3.19933310424 ;
1.51286634547 4.77259689717 2.56802328159 2.07805885424 0.0 0.938527700628 3.05854359748 ;
2.22812937364 4.78497104779 2.60998467467 2.0373774187 3.16334889761 0.97521790542 3.2398269789 ;
2.97054083488 4.44156957486 3.523604882 3.33793795321 4.696619588 2.38873867047 3.4856462607 ;
1.87826242956 4.61224606226 2.2776513516 2.46029402623 2.21295725289 1.59286494972 0.687601952365 ;
0.0 4.75402981722 2.6949350097 2.5277764077 2.97555879067 1.6571635178 3.11433626799 ;
1.6953431169 4.74987866348 0.0 1.94530069951 2.28206350855 0.84063763859 3.02071854116 ;
2.18087886446 4.77019457558 3.19931471353 4.49827363272 2.91737008851 3.8611595636 3.17182162229 ;
1.86595205481 4.72622752098 2.80029887922 2.46066084681 4.28838508255 1.44905756818 3.4191338744 ;
1.89546848223 4.79073064586 2.20104295419 1.67712318283 2.02104968151 0.757652137986 2.8277166514 ;
2.97445270924 4.42145172732 3.51394988487 3.33289887977 4.67861117278 2.01321847461 3.4514273322 ;
1.74981293528 4.69447690187 2.15692635216 2.58829940361 1.99358145636 1.54010753421 0.0 ;
1.16890016956 4.75643337642 2.7417609792 2.31900026982 0.751266977094 0.97386967068 3.16452894688 ;
1.6979405937 4.74819651588 0.0 1.94745911473 2.28779765745 0.84521621834 3.01424981712 ;
2.5998072964 4.73612102171 2.87216934164 3.07301537735 2.96655989015 1.22199052362 3.23150817687 ;
2.96148484617 4.43361826843 3.52178397471 3.34026328482 4.69048266379 2.34038330339 3.48226635682 ;
2.0989270456 4.74379704863 2.87565103409 2.63491609693 4.24293162887 1.93841296781 3.44705735582 ;
2.11142910276 4.55239585775 2.84698127421 3.00551542464 2.66375563315 2.27800392207 1.30185460853 ;
1.67607942729 4.74509504264 0.0 1.93350914094 2.26741084691 0.843504672805 2.73364397829 ;
2.19423685581 4.77053211445 3.1950272699 4.49639858828 2.91517773935 3.85557053949 3.18204994686 ;
1.41992508964 4.7635980467 2.54315940454 1.98807329226 0.0 1.17118651806 2.57384985418 ;
2.09786349924 4.79677619985 2.56803973754 2.58562191444 2.49735392239 1.58693133592 3.08530505668 ;
2.06628196192 4.73453955811 2.71433211095 2.4438330892 2.96201849504 0.0 3.20610191109 ;
2.18959035907 4.77004596871 3.19742426329 4.49692348413 2.91495021888 3.85685547486 3.18133317882 ;
1.6979405937 4.74819651588 0.0 1.94745911473 2.28779765745 0.84521621834 3.01424981712 ;
2.99292981642 4.4807514312 3.50012878108 3.4313870024 4.70704152064 2.36392950688 3.50361485637 ;
2.08071809993 4.73027216542 2.71010364164 2.42483584609 3.19064692833 0.0 3.17960667011 ;
1.52940591315 4.75731940306 2.58184178793 2.08546368456 0.0 0.999481182666 3.08447955494 ;
1.95183372168 4.76760470739 2.74983839523 2.48276270523 3.41550304306 1.76512700957 3.29412789563 ;
1.74981293528 4.69447690187 2.15692635216 2.58829940361 1.99358145636 1.54010753421 0.0 ;
2.40805004656 4.59564649117 2.66380414705 2.94458297679 2.98008849681 2.09857374611 2.94041522683 ;
2.81856035137 4.62908522693 3.08803463209 3.76001684574 3.46145889673 1.43190380061 3.22824567218 ;
2.1749269802 4.77080982277 3.2033402565 4.50197380671 2.91673078546 3.86073755911 3.17140466178 ;
1.85258992268 4.8053922926 2.47476058705 1.99829320408 2.44773413078 0.721452275689 3.05722476719 ;
2.96862034276 4.44201944482 3.52202310818 3.34800704236 4.7035147081 2.3881891856 3.48414258603 ;
1.6979405937 4.74819651588 0.0 1.94745911473 2.28779765745 0.84521621834 3.01424981712 ;
1.74981293528 4.69447690187 2.15692635216 2.58829940361 1.99358145636 1.54010753421 0.0 ;
1.83495125652 4.72525163924 2.76626405073 2.29598197486 4.1813951384 1.3902120066 3.39719813205 ;
1.52302059478 4.75725999684 2.57790768764 2.07843885332 0.0 0.970510713603 3.05183772731 ;
1.67607942729 4.74509504264 0.0 1.93350914094 2.26741084691 0.843504672805 2.73364397829 ;
1.26936170327 4.66157056891 3.16582944011 4.31393357062 2.8810765839 3.9221449882 2.14404684042 ;
1.3604393603 4.75900567423 2.42369000771 1.91357331546 2.33359497238 0.800778958916 2.1957626274 ;
2.59365854847 4.72002177959 2.83836995923 2.91236879601 3.03117974525 0.851055310939 3.23436182887 ;
1.50581937813 4.75431694999 2.57864236227 2.08132695138 0.0 0.971269866222 2.69970260493 ;
1.7030712587 4.7201153562 2.69168350787 2.21845225029 4.21206500476 1.42221592044 3.38211223999 ;
2.99920871609 4.47512926324 3.5040943344 3.41616252486 4.71019638745 2.38999631372 3.50200362717 ;
2.47094946428 4.78060341003 3.2179380911 4.50982989168 2.94603354489 3.86001372251 3.23944622698 ;
2.96380875754 4.43719801628 3.51509827338 3.349807307 4.70204284672 2.3818049035 3.48246632304 ;
1.63108685098 4.79169315898 2.47130944108 1.98162913403 1.52705827495 0.782241692341 2.99062207103 ;
2.18400027203 4.77099197928 3.20120466148 4.49984728805 2.92245438106 3.86236985075 3.17193422599 ;
1.69534081943 4.74756697624 0.0 1.94994238133 2.29392027195 0.853696648625 3.03002482565 ;
2.66028652299 4.64855962444 2.97479288019 3.26079415277 3.16933652585 1.07255992835 3.24397984423 ;
1.74981293528 4.69447690187 2.15692635216 2.58829940361 1.99358145636 1.54010753421 0.0 ;
1.99447734159 4.79928706361 0.165388339021 1.70936352724 1.25818280956 0.0 1.89390288971 ;
1.9379299984 4.74123825271 2.79901552607 2.46510161047 4.22936142699 1.54013755271 3.41459141044 ;
2.07709497355 4.73412918114 2.71367974446 2.44975833859 3.05263473963 0.0 3.20683841428 ;
1.6921177293 4.7724761814 0.0 1.88910897623 2.27399485189 0.752608756123 3.09011351964 ;
1.60456437572 4.62300209605 0.0 2.13149020328 2.23805266077 1.24881105539 1.14414044962 ;
2.00872122273 4.76618289617 2.69552568007 2.49262287376 3.3456202051 1.72699123844 3.27053353522 ;
2.19497787637 4.77066282245 3.19502425955 4.49630850353 2.91936975828 3.85518996688 3.18293115316 ;
1.44324103429 4.76235272996 2.55848254375 2.00893523913 0.0 1.07795774051 2.62226200215 ;
2.12499870656 4.56063046561 2.83381789318 2.96829916201 2.68425077375 2.23072632152 1.39521692811 ;
2.99264998995 4.48156635007 3.48800492075 3.44036497204 4.6993661257 2.34789270722 3.50580878572 ;
1.48988037905 4.76871040342 2.57162090507 2.08727133705 0.0 0.946155047343 2.69746309716 ;
1.67607942729 4.74509504264 0.0 1.93350914094 2.26741084691 0.843504672805 2.73364397829 ;
2.19423685581 4.77053211445 3.1950272699 4.49639858828 2.91517773935 3.85557053949 3.18204994686 ;
2.9612871616 4.4346778704 3.52000247713 3.34298111364 4.69129862693 2.3400581767 3.48259357368 ;
2.100576028 4.5505049613 2.84457708999 2.99653125133 2.65008653836 2.27698683327 1.29313959794 ;
2.1118700222 4.79723468888 2.57650302502 2.59546003733 2.51914534377 1.59319296734 3.08718117789 ;
2.0868477792 4.74373724568 2.8715735244 2.62550496243 4.24715084053 1.93734119325 3.44801092391 ;
2.09137275203 4.72959147086 2.71638042502 2.43845345043 3.22530902794 0.0 3.20511536131 ;
2.96570925823 4.43911341228 3.52670663937 3.33533996248 4.69130896975 2.38821773356 3.48862643828 ;
1.67607942729 4.74509504264 0.0 1.93350914094 2.26741084691 0.843504672805 2.73364397829 ;
2.45445452104 4.7805809344 3.22130550441 4.51319698497 2.94482049288 3.86243089265 3.22994694098 ;
2.07624256135 4.58506785479 2.61890872936 2.23921276773 2.16918984846 1.05852642083 1.49973086711 ;
2.03961694888 4.61724231267 3.17731583574 4.2455197884 2.45142298937 3.94603279738 1.80106836209 ;
0.0 4.75358842512 2.64995937094 2.35663505045 2.3890556987 1.48588206401 3.08165954389 ;
2.21327174088 4.78731853875 2.60259840659 2.09086458244 2.61252592281 0.963761653999 3.25097431894 ;
2.86922595436 4.68151048505 3.08968377861 3.9060735384 4.04132443794 1.18153482034 3.34257301951 ;
2.19497787637 4.77066282245 3.19502425955 4.49630850353 2.91936975828 3.85518996688 3.18293115316 ;
1.44324103429 4.76235272996 2.55848254375 2.00893523913 0.0 1.07795774051 2.62226200215 ;
2.00872122273 4.76618289617 2.69552568007 2.49262287376 3.3456202051 1.72699123844 3.27053353522 ;
2.99264998995 4.48156635007 3.48800492075 3.44036497204 4.6993661257 2.34789270722 3.50580878572 ;
1.60456437572 4.62300209605 0.0 2.13149020328 2.23805266077 1.24881105539 1.14414044962 ;
2.12499870656 4.56063046561 2.83381789318 2.96829916201 2.68425077375 2.23072632152 1.39521692811 ;
1.6921177293 4.7724761814 0.0 1.88910897623 2.27399485189 0.752608756123 3.09011351964 ;
2.07709497355 4.73412918114 2.71367974446 2.44975833859 3.05263473963 0.0 3.20683841428 ;
1.67607942729 4.74509504264 0.0 1.93350914094 2.26741084691 0.843504672805 2.73364397829 ;
2.9612871616 4.4346778704 3.52000247713 3.34298111364 4.69129862693 2.3400581767 3.48259357368 ;
2.11630318429 4.55047657783 2.84828771865 3.01294388988 2.67654457631 2.27133178366 1.31661148093 ;
2.19423685581 4.77053211445 3.1950272699 4.49639858828 2.91517773935 3.85557053949 3.18204994686 ;
2.09812088927 4.79681632516 2.56541517831 2.58329090111 2.48667139008 1.58706461933 3.08366335667 ;
2.09137275203 4.72959147086 2.71638042502 2.43845345043 3.22530902794 0.0 3.20511536131 ;
1.48988037905 4.76871040342 2.57162090507 2.08727133705 0.0 0.946155047343 2.69746309716 ;
2.09169029797 4.74640815419 2.87277689791 2.62541504481 4.23241972286 1.93552487192 3.44402548356 ;
2.9612871616 4.4346778704 3.52000247713 3.34298111364 4.69129862693 2.3400581767 3.48259357368 ;
1.48988037905 4.76871040342 2.57162090507 2.08727133705 0.0 0.946155047343 2.69746309716 ;
2.09314118368 4.74583656039 2.87395237529 2.62759094669 4.23602894132 1.93794317604 3.44544256753 ;
1.67607942729 4.74509504264 0.0 1.93350914094 2.26741084691 0.843504672805 2.73364397829 ;
2.09639860982 4.79714653791 2.56607621581 2.5810485683 2.49397748142 1.58655697937 3.08439332606 ;
2.19423685581 4.77053211445 3.1950272699 4.49639858828 2.91517773935 3.85557053949 3.18204994686 ;
2.11630318429 4.55047657783 2.84828771865 3.01294388988 2.67654457631 2.27133178366 1.31661148093 ;
2.09137275203 4.72959147086 2.71638042502 2.43845345043 3.22530902794 0.0 3.20511536131 ;
2.09137275203 4.72959147086 2.71638042502 2.43845345043 3.22530902794 0.0 3.20511536131 ;
1.67607942729 4.74509504264 0.0 1.93350914094 2.26741084691 0.843504672805 2.73364397829 ;
2.09314118368 4.74583656039 2.87395237529 2.62759094669 4.23602894132 1.93794317604 3.44544256753 ;
2.19423685581 4.77053211445 3.1950272699 4.49639858828 2.91517773935 3.85557053949 3.18204994686 ;
2.09639860982 4.79714653791 2.56607621581 2.5810485683 2.49397748142 1.58655697937 3.08439332606 ;
1.48988037905 4.76871040342 2.57162090507 2.08727133705 0.0 0.946155047343 2.69746309716 ;
2.9612871616 4.4346778704 3.52000247713 3.34298111364 4.69129862693 2.3400581767 3.48259357368 ;
2.11630318429 4.55047657783 2.84828771865 3.01294388988 2.67654457631 2.27133178366 1.31661148093 ;
2.0942131631 4.74455702051 2.8736651614 2.62833731462 4.23961680559 1.93643662269 3.4465477501 ;
1.48988037905 4.76871040342 2.57162090507 2.08727133705 0.0 0.946155047343 2.69746309716 ;
2.19423685581 4.77053211445 3.1950272699 4.49639858828 2.91517773935 3.85557053949 3.18204994686 ;
1.67607942729 4.74509504264 0.0 1.93350914094 2.26741084691 0.843504672805 2.73364397829 ;
2.09137275203 4.72959147086 2.71638042502 2.43845345043 3.22530902794 0.0 3.20511536131 ;
2.09786349924 4.79677619985 2.56803973754 2.58562191444 2.49735392239 1.58693133592 3.08530505668 ;
2.9612871616 4.4346778704 3.52000247713 3.34298111364 4.69129862693 2.3400581767 3.48259357368 ;
2.11142910276 4.55239585775 2.84698127421 3.00551542464 2.66375563315 2.27800392207 1.30185460853 ;
2.49045230519 4.79105674217 3.22160886517 4.52696786995 2.95634199062 3.86261917367 3.25768570563 ;
2.53944764071 4.74214074197 2.6618833243 2.74747505261 3.12954142751 1.12223452252 3.29932933763 ;
1.2106533765 4.65497165647 3.09278259928 4.30348878039 2.78913520516 3.86914492679 2.83804810399 ;
2.9299686477 4.50472937645 3.42274440405 3.51303775207 4.67920723068 1.93501374504 3.48139513625 ;
1.6979405937 4.74819651588 0.0 1.94745911473 2.28779765745 0.84521621834 3.01424981712 ;
1.52302059478 4.75725999684 2.57790768764 2.07843885332 0.0 0.970510713603 3.05183772731 ;
1.22915340252 4.76273245009 2.64873471952 1.77867684765 3.11476006969 0.967550988799 3.0325465203 ;
1.74981293528 4.69447690187 2.15692635216 2.58829940361 1.99358145636 1.54010753421 0.0 ;
2.09314118368 4.74583656039 2.87395237529 2.62759094669 4.23602894132 1.93794317604 3.44544256753 ;
1.48988037905 4.76871040342 2.57162090507 2.08727133705 0.0 0.946155047343 2.69746309716 ;
2.19423685581 4.77053211445 3.1950272699 4.49639858828 2.91517773935 3.85557053949 3.18204994686 ;
2.09137275203 4.72959147086 2.71638042502 2.43845345043 3.22530902794 0.0 3.20511536131 ;
2.11630318429 4.55047657783 2.84828771865 3.01294388988 2.67654457631 2.27133178366 1.31661148093 ;
1.67607942729 4.74509504264 0.0 1.93350914094 2.26741084691 0.843504672805 2.73364397829 ;
2.09639860982 4.79714653791 2.56607621581 2.5810485683 2.49397748142 1.58655697937 3.08439332606 ;
2.9612871616 4.4346778704 3.52000247713 3.34298111364 4.69129862693 2.3400581767 3.48259357368 ;
3.00300310863 4.4556695295 3.5078337585 3.38526613869 4.69812731515 2.37769037844 3.49312121552 ;
0.0 4.75000127018 2.68100572396 2.49882199815 2.91913265537 1.64373039786 2.86438304963 ;
2.4397288212 4.76940228553 3.20191287328 4.49451121333 2.92055579142 3.85733544898 3.20082445491 ;
2.34720158356 4.61305670179 2.64608171147 2.82625975921 2.72658286592 2.15312501934 1.45854204228 ;
2.27109894223 4.74838559963 2.76336326592 2.56939302994 4.25679839346 1.46353434608 3.43133174688 ;
1.67607942729 4.74509504264 0.0 1.93350914094 2.26741084691 0.843504672805 2.73364397829 ;
1.51880057966 4.75470167771 2.57829825452 2.06236681868 0.0 0.952429419912 2.72297590324 ;
2.50946351218 4.73445435852 2.80378649256 2.72624845896 2.88750361199 0.755996733971 3.17224142224 ;
2.56566257304 4.72106054958 2.77804324642 2.82116080526 2.99014555255 0.834823448105 3.20819575986 ;
2.99939170026 4.47618121537 3.50281646539 3.42089399209 4.70892800615 2.38352398677 3.50298020169 ;
1.67607942729 4.74509504264 0.0 1.93350914094 2.26741084691 0.843504672805 2.73364397829 ;
1.34648746346 4.72544232643 2.72098750737 2.3896683368 2.4352994053 1.45018641684 1.84736225097 ;
1.50581937813 4.75431694999 2.57864236227 2.08132695138 0.0 0.971269866222 2.69970260493 ;
2.44106239596 4.76918009778 3.20216763972 4.49330818557 2.92610978834 3.85633647291 3.20170539622 ;
1.76342269946 4.73241515525 2.66393277154 2.18280596507 4.1898166304 1.39991122113 3.38218693832 ;
0.0 4.70138068801 3.04796001892 4.37527613397 3.0030221009 3.56872375931 2.7918436142 ;
2.07730792923 4.73275916106 2.71322546225 2.44015051711 3.09404645122 0.0 3.20687497976 ;
1.93665280627 4.7562919182 2.19738338896 1.75914393205 2.47182565875 1.09615865207 1.62217073683 ;
2.30871195542 4.46113409477 3.00820795033 3.64064924945 3.05282372156 2.862697944 1.90947307787 ;
1.46404436334 4.76480160266 2.56483249578 2.04760541981 0.0 1.04168031655 2.64184453626 ;
2.19337146869 4.77207971125 3.19605029305 4.49777723639 2.91942935574 3.85589669187 3.18831198128 ;
1.67607942729 4.74509504264 0.0 1.93350914094 2.26741084691 0.843504672805 2.73364397829 ;
2.01484432886 4.76728258371 2.76799419903 2.54009908295 3.38397446704 1.74219679386 3.28711285699 ;
2.99353286464 4.48044993418 3.49913186393 3.43279009733 4.70782471432 2.37028396873 3.50292831288 ;
2.73366420168 4.63463106079 3.0019335663 3.44971238348 3.26372269201 1.1150321887 3.23056482783 ;
2.18337934194 4.77017392904 3.20046667465 4.49854348539 2.91993555987 3.86210695153 3.17125082136 ;
1.52302059478 4.75725999684 2.57790768764 2.07843885332 0.0 0.970510713603 3.05183772731 ;
2.99684827051 4.46743225745 3.50815862319 3.40167039004 4.71135737595 2.39405492216 3.49817973765 ;
1.6979405937 4.74819651588 0.0 1.94745911473 2.28779765745 0.84521621834 3.01424981712 ;
1.71014459098 4.81343208832 2.45155279341 1.90318677497 2.32449040461 0.679500025105 3.00106179158 ;
1.86242528593 4.73052297066 2.74526071078 2.32647478697 4.18015157344 1.45411636348 3.38181165302 ;
1.74981293528 4.69447690187 2.15692635216 2.58829940361 1.99358145636 1.54010753421 0.0 ;
0.0 4.70138068801 3.04796001892 4.37527613397 3.0030221009 3.56872375931 2.7918436142 ;
2.18662880899 4.56840219335 2.83332061555 2.93065160932 2.68128921032 2.18592634293 1.42459220269 ;
2.44208229378 4.77057730631 3.20258556729 4.49465196745 2.93232657546 3.85654037214 3.20378622027 ;
2.98712283405 4.48512955681 3.47622709247 3.45404358496 4.69457759069 2.33846497588 3.5042037528 ;
2.02517414703 4.77174456127 2.6886145308 2.44589175799 3.31160739673 1.71624963055 3.26832563207 ;
1.48988037905 4.76871040342 2.57162090507 2.08727133705 0.0 0.946155047343 2.69746309716 ;
1.67607942729 4.74509504264 0.0 1.93350914094 2.26741084691 0.843504672805 2.73364397829 ;
2.09137275203 4.72959147086 2.71638042502 2.43845345043 3.22530902794 0.0 3.20511536131 ;
1.55533117991 4.79796791305 2.42304638549 1.92354389732 1.4647314543 0.727826100361 3.12710878016 ;
2.99709778906 4.46882574234 3.50657411448 3.40258902134 4.71237241566 2.3921750804 3.50066583849 ;
1.68353987688 4.65016139247 2.06435679715 2.05139883529 1.90929976375 0.992147148873 0.863006162574 ;
2.48172677294 4.78169363659 3.21538015489 4.51044155625 2.95414919517 3.85897829787 3.24511799384 ;
1.69402742038 4.7490096663 0.0 1.94852276589 2.28362068284 0.847432896803 3.04172849442 ;
1.24847897263 4.67500203678 3.100991273 4.33299092503 2.48309623174 3.88118892158 2.2699252197 ;
2.70590274496 4.70490521586 2.97805309147 3.14416711036 3.21730946222 0.923488814939 3.21091114698 ;
1.79759344945 4.72025612832 2.73872267732 2.30513482704 4.19986442214 1.3960057561 3.38224026878 ;
1.87080537223 4.73122366628 2.74087314952 2.32601950285 4.17058732736 1.43751770726 3.38343317502 ;
2.18337934194 4.77017392904 3.20046667465 4.49854348539 2.91993555987 3.86210695153 3.17125082136 ;
1.52302059478 4.75725999684 2.57790768764 2.07843885332 0.0 0.970510713603 3.05183772731 ;
2.99684827051 4.46743225745 3.50815862319 3.40167039004 4.71135737595 2.39405492216 3.49817973765 ;
1.74981293528 4.69447690187 2.15692635216 2.58829940361 1.99358145636 1.54010753421 0.0 ;
1.72207325205 4.81420473217 2.45809089996 1.91648304533 2.31573724912 0.6831971742 3.00645421783 ;
1.6979405937 4.74819651588 0.0 1.94745911473 2.28779765745 0.84521621834 3.01424981712 ;
2.74429054886 4.62804392907 3.01523213501 3.48351978788 3.29155079115 1.13545444548 3.2259633464 ;
1.67607942729 4.74509504264 0.0 1.93350914094 2.26741084691 0.843504672805 2.73364397829 ;
2.09137275203 4.72959147086 2.71638042502 2.43845345043 3.22530902794 0.0 3.20511536131 ;
2.11630318429 4.55047657783 2.84828771865 3.01294388988 2.67654457631 2.27133178366 1.31661148093 ;
2.09812088927 4.79681632516 2.56541517831 2.58329090111 2.48667139008 1.58706461933 3.08366335667 ;
1.48988037905 4.76871040342 2.57162090507 2.08727133705 0.0 0.946155047343 2.69746309716 ;
2.19423685581 4.77053211445 3.1950272699 4.49639858828 2.91517773935 3.85557053949 3.18204994686 ;
2.9623394892 4.43404470021 3.52057297131 3.3414626781 4.69164713763 2.34054725662 3.48279124553 ;
2.09315571797 4.74612218862 2.87406653598 2.6288564157 4.23338640836 1.9362070093 3.44394926113 ;
1.23098485009 4.76229664974 2.64555609212 1.78269314239 3.10897435791 0.96384461858 3.02937279595 ;
1.23631131623 4.65014223669 3.09101646504 4.30044146799 2.7860049076 3.86305814523 2.84425437358 ;
1.52302059478 4.75725999684 2.57790768764 2.07843885332 0.0 0.970510713603 3.05183772731 ;
1.74981293528 4.69447690187 2.15692635216 2.58829940361 1.99358145636 1.54010753421 0.0 ;
1.6979405937 4.74819651588 0.0 1.94745911473 2.28779765745 0.84521621834 3.01424981712 ;
2.93129636678 4.50464273233 3.42478435083 3.51236461869 4.67969125393 1.93896275268 3.48168912747 ;
2.49104099382 4.79223512183 3.22265600941 4.52799805863 2.95678736442 3.86384560112 3.25747031723 ;
2.54056449004 4.74294878669 2.66320961298 2.74616218638 3.13730260619 1.11927595481 3.30306945331 ;
1.55507348909 4.74930703862 1.36792809135 1.46073557215 1.8492484001 1.13156667491 3.00542166889 ;
3.00261563142 4.47201954024 3.50281886099 3.41101599482 4.71020523523 2.38935647946 3.50143191007 ;
2.64489262291 4.67795562388 2.83859854992 3.12788181638 3.15096674625 0.947205324442 3.24761236251 ;
1.74981293528 4.69447690187 2.15692635216 2.58829940361 1.99358145636 1.54010753421 0.0 ;
2.1836936269 4.76801914313 3.19830624633 4.49453440879 2.91605833646 3.86189732948 3.16807713696 ;
1.53499913578 4.79081795045 2.67143650647 2.01525122738 1.27589291753 0.817011252227 2.95893373344 ;
1.8223520882 4.72584804918 2.7365860508 2.32654871918 4.18017435489 1.48232726084 3.38617055857 ;
1.6979405937 4.74819651588 0.0 1.94745911473 2.28779765745 0.84521621834 3.01424981712 ;
2.09137275203 4.72959147086 2.71638042502 2.43845345043 3.22530902794 0.0 3.20511536131 ;
1.48988037905 4.76871040342 2.57162090507 2.08727133705 0.0 0.946155047343 2.69746309716 ;
2.19497787637 4.77066282245 3.19502425955 4.49630850353 2.91936975828 3.85518996688 3.18293115316 ;
2.46802853671 4.75977923525 2.87621159779 2.78940539674 3.55724043441 1.79370688587 3.30626243536 ;
1.67607942729 4.74509504264 0.0 1.93350914094 2.26741084691 0.843504672805 2.73364397829 ;
3.00522292765 4.46780588157 3.50714164421 3.40427187294 4.70135235245 2.34536205078 3.49981793079 ;
2.11056456898 4.56091147608 2.82269299062 2.95639385146 2.6790695566 2.24843328179 1.36919879405 ;
1.06930244087 4.77489252743 2.34443848345 2.00801770306 2.98806455793 1.63546217422 3.20889622523 ;
2.56051258075 4.72288920214 2.81752382666 2.82063279665 2.98613863496 0.861638187527 3.21027194868 ;
2.18814524823 4.76829878862 3.1957043758 4.49470874753 2.91086072851 3.85903602068 3.17947457732 ;
1.53908591183 4.76607783241 0.0 1.65150875476 1.73122311777 0.810476990472 0.536489872827 ;
2.99166260759 4.46510008489 3.51086587695 3.39326466551 4.71132270326 2.38922868499 3.49845711968 ;
1.50581937813 4.75431694999 2.57864236227 2.08132695138 0.0 0.971269866222 2.69970260493 ;
1.40976537651 4.71010567372 2.54884353271 2.44440501612 2.51209197777 1.47337113222 1.88539719049 ;
1.76017363631 4.72999710915 2.71353009017 2.29880636579 4.22537518817 1.41822557182 3.39412609574 ;
1.6999693865 4.74988067084 0.0 1.96151186642 2.32436438499 0.844598814393 3.06314888223 ;
1.48988037905 4.76871040342 2.57162090507 2.08727133705 0.0 0.946155047343 2.69746309716 ;
2.09137275203 4.72959147086 2.71638042502 2.43845345043 3.22530902794 0.0 3.20511536131 ;
2.19423685581 4.77053211445 3.1950272699 4.49639858828 2.91517773935 3.85557053949 3.18204994686 ;
2.10016493459 4.79735889835 2.56605317191 2.58309593745 2.48993302656 1.58728941856 3.08527725751 ;
1.67607942729 4.74509504264 0.0 1.93350914094 2.26741084691 0.843504672805 2.73364397829 ;
2.08991756051 4.74579963338 2.87309998476 2.62570172507 4.23456553725 1.93631905346 3.44366103645 ;
2.11630318429 4.55047657783 2.84828771865 3.01294388988 2.67654457631 2.27133178366 1.31661148093 ;
2.9612871616 4.4346778704 3.52000247713 3.34298111364 4.69129862693 2.3400581767 3.48259357368 ;
1.52940591315 4.75731940306 2.58184178793 2.08546368456 0.0 0.999481182666 3.08447955494 ;
2.99292981642 4.4807514312 3.50012878108 3.4313870024 4.70704152064 2.36392950688 3.50361485637 ;
2.40111028713 4.59288013074 2.66666725324 2.95324577013 2.98379303857 2.10330227474 2.93437133115 ;
2.18959035907 4.77004596871 3.19742426329 4.49692348413 2.91495021888 3.85685547486 3.18133317882 ;
1.6979405937 4.74819651588 0.0 1.94745911473 2.28779765745 0.84521621834 3.01424981712 ;
1.95577945761 4.76784743522 2.74859467408 2.48171440237 3.4126754007 1.76486068452 3.29474082951 ;
2.08071809993 4.73027216542 2.71010364164 2.42483584609 3.19064692833 0.0 3.17960667011 ;
1.74981293528 4.69447690187 2.15692635216 2.58829940361 1.99358145636 1.54010753421 0.0 ;
1.55225433692 4.75372512985 2.60788295134 2.11065689539 0.0 0.977954452142 2.69274283807 ;
3.00749639923 4.45974140257 3.50015902183 3.40043267066 4.69140493745 2.02390138804 3.47583264532 ;
2.36664353256 4.7778040914 2.73307241347 2.57204869741 3.29798264677 1.07413777828 3.27611041991 ;
2.44098377271 4.77022047904 3.20187388874 4.49496968356 2.92350366038 3.85708255333 3.20218473751 ;
0.0 4.76573504269 1.84808726423 1.77878109799 2.6133551562 0.843469267977 2.9538160872 ;
0.0 4.69938775403 3.0463207998 4.38311872391 2.95449995273 3.60788558652 2.76676343426 ;
2.38023082962 4.57217350317 2.68471665593 2.90132659193 2.89874462452 1.87992028523 1.84450989985 ;
2.05953671324 4.74262633503 0.0 1.95592239117 2.32164660988 0.878129089242 2.67086936703 ;
1.67607942729 4.74509504264 0.0 1.93350914094 2.26741084691 0.843504672805 2.73364397829 ;
3.00551369523 4.47128543939 3.50843416808 3.41116337293 4.70347529128 2.35148249126 3.50127197912 ;
2.44548812828 4.77312141632 3.2048049278 4.49835373252 2.9356931011 3.85640093486 3.21087734486 ;
2.39535919579 4.76581959391 2.78387344898 2.65793377606 3.49154333792 1.77747778942 3.30299994047 ;
2.19997303471 4.48578582166 3.00623004678 3.66515317726 2.53817702204 3.11328275156 1.93199973919 ;
0.0 4.75589603664 2.65341775039 2.35788394619 2.396346965 1.48425362565 3.08231599074 ;
2.00175166573 4.7710450723 2.40065188275 1.9925271347 1.19455615103 1.14838233658 1.8949960247 ;
2.35268692164 4.73265499062 2.73162853946 2.4693780303 2.83392322609 0.0 3.20045678897 ;
2.01070459389 4.76596940379 2.69490293202 2.4983397178 3.34263192314 1.72863580862 3.2686847428 ;
2.99270296646 4.48053849674 3.4874438228 3.44166575352 4.69728709714 2.34623062312 3.50502000557 ;
2.09137275203 4.72959147086 2.71638042502 2.43845345043 3.22530902794 0.0 3.20511536131 ;
1.73808645947 4.74773136041 0.0 2.02313683411 2.45680959465 0.824930549971 3.05642432411 ;
2.09399375246 4.55526387169 2.78774081804 2.94423253636 2.68778865548 2.2082786378 1.34721564874 ;
2.19497787637 4.77066282245 3.19502425955 4.49630850353 2.91936975828 3.85518996688 3.18293115316 ;
1.48988037905 4.76871040342 2.57162090507 2.08727133705 0.0 0.946155047343 2.69746309716 ;
1.40339612852 4.76315638188 0.0 1.43441960334 1.25032780728 0.946014735807 1.2357468762 ;
1.48988037905 4.76871040342 2.57162090507 2.08727133705 0.0 0.946155047343 2.69746309716 ;
2.96148484617 4.43361826843 3.52178397471 3.34026328482 4.69048266379 2.34038330339 3.48226635682 ;
2.19423685581 4.77053211445 3.1950272699 4.49639858828 2.91517773935 3.85557053949 3.18204994686 ;
2.09137275203 4.72959147086 2.71638042502 2.43845345043 3.22530902794 0.0 3.20511536131 ;
2.11630318429 4.55047657783 2.84828771865 3.01294388988 2.67654457631 2.27133178366 1.31661148093 ;
1.67607942729 4.74509504264 0.0 1.93350914094 2.26741084691 0.843504672805 2.73364397829 ;
2.09812088927 4.79681632516 2.56541517831 2.58329090111 2.48667139008 1.58706461933 3.08366335667 ;
2.09639187138 4.74564205219 2.87475660426 2.63197328491 4.23575635659 1.93749523617 3.44454639637 ;
2.09137275203 4.72959147086 2.71638042502 2.43845345043 3.22530902794 0.0 3.20511536131 ;
2.0942131631 4.74455702051 2.8736651614 2.62833731462 4.23961680559 1.93643662269 3.4465477501 ;
2.09786349924 4.79677619985 2.56803973754 2.58562191444 2.49735392239 1.58693133592 3.08530505668 ;
2.19423685581 4.77053211445 3.1950272699 4.49639858828 2.91517773935 3.85557053949 3.18204994686 ;
1.67607942729 4.74509504264 0.0 1.93350914094 2.26741084691 0.843504672805 2.73364397829 ;
2.11142910276 4.55239585775 2.84698127421 3.00551542464 2.66375563315 2.27800392207 1.30185460853 ;
2.9612871616 4.4346778704 3.52000247713 3.34298111364 4.69129862693 2.3400581767 3.48259357368 ;
1.48988037905 4.76871040342 2.57162090507 2.08727133705 0.0 0.946155047343 2.69746309716 ;
2.96979879588 4.48859951951 3.45710444567 3.47375077031 4.68417609818 1.96389635501 3.48176054221 ;
1.53041389864 4.75735657733 2.57914012741 2.08193044384 0.0 0.975221930659 3.05918352262 ;
1.6979405937 4.74819651588 0.0 1.94745911473 2.28779765745 0.84521621834 3.01424981712 ;
2.42639873047 4.77007584768 3.20248521574 4.49553899785 2.92215015688 3.85962838334 3.19315367724 ;
2.5331801078 4.72846509735 2.84813246715 3.00468942534 2.71897213399 1.02278959706 3.23692703781 ;
2.23422855462 4.75872458965 2.57841275196 2.15165353162 3.51849497159 1.22544930961 3.17281197625 ;
0.0 4.74831282501 2.682715883 2.51189175197 2.96766505518 1.65330906879 3.08594389125 ;
1.74981293528 4.69447690187 2.15692635216 2.58829940361 1.99358145636 1.54010753421 0.0 ;
2.98768033733 4.48498907073 3.47941588617 3.45027595165 4.69647976987 2.34337268001 3.50492439706 ;
1.67607942729 4.74509504264 0.0 1.93350914094 2.26741084691 0.843504672805 2.73364397829 ;
0.0 4.70905484081 3.05247217161 4.39435617298 3.01470846081 3.56643587501 2.78600984287 ;
2.44424408777 4.77263226681 3.20461136807 4.49814094865 2.93396665061 3.85715422172 3.20514253516 ;
2.02807410284 4.77152363196 2.68956749678 2.45102530568 3.31645491995 1.71621857716 3.26917161241 ;
1.48561018829 4.76772769774 2.57579417103 2.08672000279 0.0 0.950304850182 2.69508975329 ;
2.17655987249 4.56104956369 2.83463138566 2.94676719921 2.68476372541 2.20914879541 1.46099572203 ;
2.09212297607 4.73012206729 2.71417021502 2.43799885788 3.21880638877 0.0 3.20518284143 ;
2.48056487824 4.78100126975 3.21523996352 4.51035957636 2.95439426783 3.85967594672 3.24498543253 ;
1.83330733933 4.62470317647 2.07963379002 2.22833389865 2.06081937099 1.06820757935 0.950888130312 ;
1.76764834003 4.72004716756 2.71685446559 2.27494552005 4.20417296732 1.39153197336 3.38036839456 ;
2.77722397439 4.69850171782 3.01932095853 3.2596688309 3.4251561782 0.944848115031 3.31848786041 ;
2.9953177216 4.46719949745 3.50735861839 3.40100905183 4.71290970379 2.39546261021 3.49920948141 ;
1.64015990156 4.79923807585 2.48779166196 1.97965409542 1.51840024616 0.728227058655 3.04902050712 ;
1.69402742038 4.7490096663 0.0 1.94852276589 2.28362068284 0.847432896803 3.04172849442 ;
1.24847897263 4.67500203678 3.100991273 4.33299092503 2.48309623174 3.88118892158 2.2699252197 ;
3.00461059649 4.46793570066 3.50592180747 3.40531756242 4.70293089415 2.34690239633 3.5007593811 ;
1.67607942729 4.74509504264 0.0 1.93350914094 2.26741084691 0.843504672805 2.73364397829 ;
2.11056456898 4.56091147608 2.82269299062 2.95639385146 2.6790695566 2.24843328179 1.36919879405 ;
2.19497787637 4.77066282245 3.19502425955 4.49630850353 2.91936975828 3.85518996688 3.18293115316 ;
2.09137275203 4.72959147086 2.71638042502 2.43845345043 3.22530902794 0.0 3.20511536131 ;
1.48988037905 4.76871040342 2.57162090507 2.08727133705 0.0 0.946155047343 2.69746309716 ;
1.05982797044 4.77342091996 2.34236519076 1.99655067882 3.00041470435 1.63740129342 3.21190807489 ;
2.46496403714 4.76107340845 2.87420080694 2.78853287976 3.54512927367 1.78953541432 3.30323558219 ;
2.09548505182 4.74438601884 2.87449033188 2.63215482688 4.23758897321 1.93576891476 3.4463095728 ;
2.11142910276 4.55239585775 2.84698127421 3.00551542464 2.66375563315 2.27800392207 1.30185460853 ;
2.9612871616 4.4346778704 3.52000247713 3.34298111364 4.69129862693 2.3400581767 3.48259357368 ;
2.19423685581 4.77053211445 3.1950272699 4.49639858828 2.91517773935 3.85557053949 3.18204994686 ;
1.43807100439 4.76262598555 2.55807838158 1.99377448644 0.0 1.10545666246 2.60791329422 ;
1.67607942729 4.74509504264 0.0 1.93350914094 2.26741084691 0.843504672805 2.73364397829 ;
2.07301174659 4.73429501382 2.71236010389 2.45121173259 3.02372721369 0.0 3.2066290671 ;
2.09639860982 4.79714653791 2.56607621581 2.5810485683 2.49397748142 1.58655697937 3.08439332606 ;
2.41381453041 4.55344088522 2.92591986497 3.14562443135 3.01278560987 2.13469480392 2.91671221739 ;
1.96449745884 4.7691657988 2.67632480642 2.42014309178 3.36460427256 1.76172904492 3.28652521017 ;
2.08583640499 4.72865885456 2.7135895614 2.426975479 3.22268153605 0.0 3.19369541243 ;
2.19019953102 4.76981525454 3.195387578 4.49654627403 2.91298063381 3.85641811642 3.18076307551 ;
2.99074391155 4.4843479441 3.49067510951 3.44351683598 4.70595690167 2.36771369944 3.50344662464 ;
1.50537690812 4.77365017541 2.56992953381 2.08510629801 0.0 0.942020172581 3.05801509529 ;
1.6979405937 4.74819651588 0.0 1.94745911473 2.28779765745 0.84521621834 3.01424981712 ;
1.74981293528 4.69447690187 2.15692635216 2.58829940361 1.99358145636 1.54010753421 0.0 ;
2.99264998995 4.48156635007 3.48800492075 3.44036497204 4.6993661257 2.34789270722 3.50580878572 ;
2.12499870656 4.56063046561 2.83381789318 2.96829916201 2.68425077375 2.23072632152 1.39521692811 ;
2.07709497355 4.73412918114 2.71367974446 2.44975833859 3.05263473963 0.0 3.20683841428 ;
2.19497787637 4.77066282245 3.19502425955 4.49630850353 2.91936975828 3.85518996688 3.18293115316 ;
1.44324103429 4.76235272996 2.55848254375 2.00893523913 0.0 1.07795774051 2.62226200215 ;
1.6921177293 4.7724761814 0.0 1.88910897623 2.27399485189 0.752608756123 3.09011351964 ;
1.60456437572 4.62300209605 0.0 2.13149020328 2.23805266077 1.24881105539 1.14414044962 ;
2.00872122273 4.76618289617 2.69552568007 2.49262287376 3.3456202051 1.72699123844 3.27053353522 ;
2.4019246224 4.72469843513 2.752621057 2.53281338211 3.28103872348 0.0 3.21568853595 ;
2.38968591416 4.5373736224 2.87512450776 3.12326518366 2.73270529154 2.37480185549 1.50776778388 ;
0.0 4.75113158531 2.68231200752 2.49618572056 2.91913265537 1.64033111812 2.8772729455 ;
2.44424408777 4.77263226681 3.20461136807 4.49814094865 2.93396665061 3.85715422172 3.20514253516 ;
2.38966636722 4.76855119857 2.72330611152 2.62876086717 3.39960609735 1.75969822322 3.27975417971 ;
1.50300707843 4.76809014603 2.56988956214 2.07060545842 0.0 0.930107566632 2.70822582861 ;
3.00737348443 4.46876462095 3.50134663807 3.40934659459 4.70157972662 2.34773874655 3.5009347809 ;
1.67607942729 4.74509504264 0.0 1.93350914094 2.26741084691 0.843504672805 2.73364397829 ;
2.09548505182 4.74438601884 2.87449033188 2.63215482688 4.23758897321 1.93576891476 3.4463095728 ;
2.19423685581 4.77053211445 3.1950272699 4.49639858828 2.91517773935 3.85557053949 3.18204994686 ;
2.09639860982 4.79714653791 2.56607621581 2.5810485683 2.49397748142 1.58655697937 3.08439332606 ;
1.67607942729 4.74509504264 0.0 1.93350914094 2.26741084691 0.843504672805 2.73364397829 ;
2.9612871616 4.4346778704 3.52000247713 3.34298111364 4.69129862693 2.3400581767 3.48259357368 ;
2.08327428044 4.73223398408 2.71271853089 2.43684585914 3.15519361428 0.0 3.20650947006 ;
1.47832721631 4.76455075466 2.57281615143 2.07328252029 0.0 0.993896815787 2.66861174883 ;
2.11142910276 4.55239585775 2.84698127421 3.00551542464 2.66375563315 2.27800392207 1.30185460853 ;
1.6979405937 4.74819651588 0.0 1.94745911473 2.28779765745 0.84521621834 3.01424981712 ;
2.46696472773 4.77589014293 2.69761040767 2.60317778833 3.46127585465 1.84766332573 3.3180416374 ;
2.19089611817 4.77019006063 3.19461678507 4.49548543537 2.92014611543 3.8564903768 3.17377319323 ;
2.08509935315 4.7304911539 2.71249945855 2.42594794212 3.2097908099 0.0 3.18555631013 ;
3.00689952507 4.46960401398 3.50568971224 3.41072331978 4.70236593756 2.35863473747 3.49957453176 ;
1.52677507957 4.75638491309 2.57785589138 2.08772872608 0.0 0.98478292998 3.07129603208 ;
1.74981293528 4.69447690187 2.15692635216 2.58829940361 1.99358145636 1.54010753421 0.0 ;
1.45404536398 4.65140130281 2.79026331894 2.59700602294 3.12998696203 1.82181340865 3.06595900118 ;
1.70779450901 4.72544183886 2.69968745607 2.23253951156 4.21566605285 1.40250711658 3.38758762962 ;
2.99904120636 4.47505234293 3.50491138275 3.41756456463 4.70998148306 2.38548952078 3.50338352632 ;
1.5157704591 4.75683667811 0.0 1.47622777544 1.50039336873 0.858247349232 0.862353846436 ;
2.18980239021 4.76904118668 3.19568199248 4.49512305352 2.91354737982 3.85880373213 3.18074933477 ;
1.48988037905 4.76871040342 2.57162090507 2.08727133705 0.0 0.946155047343 2.69746309716 ;
2.56889040594 4.73184495782 2.81188013899 2.8116512737 3.00506613436 0.827233494061 3.2156542343 ;
1.70706268305 4.75100274469 0.0 1.99583462255 2.37347067481 0.837750451011 3.06489562605 ;
1.42805052535 4.68083426235 2.56774915296 2.46335483376 2.45377084183 1.54343309673 1.91810497027 ;
2.18310116815 4.77139215391 3.19996620417 4.50052233277 2.92050632168 3.85923973077 3.17264120829 ;
1.6979405937 4.74819651588 0.0 1.94745911473 2.28779765745 0.84521621834 3.01424981712 ;
2.03304468873 4.73910600536 2.8355896701 2.54015414976 4.24993659197 2.06870604793 3.44067848279 ;
1.52302059478 4.75725999684 2.57790768764 2.07843885332 0.0 0.970510713603 3.05183772731 ;
1.74981293528 4.69447690187 2.15692635216 2.58829940361 1.99358145636 1.54010753421 0.0 ;
1.76110541544 4.79366997481 2.5035524324 1.95126051534 2.76236649653 0.581278180652 3.08116407699 ;
2.71962531126 4.62152510664 3.04177068954 3.56889515845 3.48030885371 1.25046124065 3.26662186576 ;
2.9635281046 4.43683230422 3.52724127762 3.33893749343 4.70001277424 2.38808166145 3.481626464 ;
1.6979405937 4.74819651588 0.0 1.94745911473 2.28779765745 0.84521621834 3.01424981712 ;
2.39886944035 4.60172107928 2.65227252698 2.93019272148 2.96651811363 2.08963915934 2.95179803848 ;
2.18959035907 4.77004596871 3.19742426329 4.49692348413 2.91495021888 3.85685547486 3.18133317882 ;
2.99292981642 4.4807514312 3.50012878108 3.4313870024 4.70704152064 2.36392950688 3.50361485637 ;
1.94974599375 4.76749859676 2.75476275684 2.482390442 3.42512439013 1.76436099929 3.29428963748 ;
1.74981293528 4.69447690187 2.15692635216 2.58829940361 1.99358145636 1.54010753421 0.0 ;
1.52940591315 4.75731940306 2.58184178793 2.08546368456 0.0 0.999481182666 3.08447955494 ;
2.08071809993 4.73027216542 2.71010364164 2.42483584609 3.19064692833 0.0 3.17960667011 ;
2.09639860982 4.79714653791 2.56607621581 2.5810485683 2.49397748142 1.58655697937 3.08439332606 ;
2.19423685581 4.77053211445 3.1950272699 4.49639858828 2.91517773935 3.85557053949 3.18204994686 ;
1.47832721631 4.76455075466 2.57281615143 2.07328252029 0.0 0.993896815787 2.66861174883 ;
2.9612871616 4.4346778704 3.52000247713 3.34298111364 4.69129862693 2.3400581767 3.48259357368 ;
2.09548505182 4.74438601884 2.87449033188 2.63215482688 4.23758897321 1.93576891476 3.4463095728 ;
1.67607942729 4.74509504264 0.0 1.93350914094 2.26741084691 0.843504672805 2.73364397829 ;
2.08327428044 4.73223398408 2.71271853089 2.43684585914 3.15519361428 0.0 3.20650947006 ;
2.11142910276 4.55239585775 2.84698127421 3.00551542464 2.66375563315 2.27800392207 1.30185460853 ;
1.6979405937 4.74819651588 0.0 1.94745911473 2.28779765745 0.84521621834 3.01424981712 ;
2.19019953102 4.76981525454 3.195387578 4.49654627403 2.91298063381 3.85641811642 3.18076307551 ;
2.41375214075 4.55226599925 2.92363158447 3.15131506953 3.00413470996 2.14155294537 2.91057961674 ;
1.96533667247 4.76910648856 2.67743370371 2.41984645885 3.36642826109 1.76045499683 3.28759810361 ;
2.99074391155 4.4843479441 3.49067510951 3.44351683598 4.70595690167 2.36771369944 3.50344662464 ;
1.50537690812 4.77365017541 2.56992953381 2.08510629801 0.0 0.942020172581 3.05801509529 ;
2.08583640499 4.72865885456 2.7135895614 2.426975479 3.22268153605 0.0 3.19369541243 ;
1.74981293528 4.69447690187 2.15692635216 2.58829940361 1.99358145636 1.54010753421 0.0 ;
1.69589278973 4.77507669192 0.0 1.88685461326 2.26139186209 0.758183635798 3.09152975057 ;
2.47453354473 4.78164763439 3.2163167925 4.51086288185 2.95280825237 3.8591079816 3.24242200892 ;
1.27758500693 4.7225611257 2.55977203489 1.92599564634 1.30973128672 0.896831219475 1.77708678627 ;
2.9906467274 4.48438641505 3.48431290039 3.44470548223 4.70493943262 2.38005513305 3.50723593961 ;
2.54761959857 4.71105980791 2.8673757722 2.94130085928 2.52594229903 0.829446901725 3.23124659901 ;
1.68238060081 4.75888017943 2.54464173468 2.02549997053 3.57087816333 1.13916296593 3.28163212073 ;
1.28285142599 4.67534260798 3.12715675738 4.33056203626 2.53120661356 3.90106294052 2.2538071626 ;
1.59116501685 4.61660226002 0.0 2.13345711674 2.29320649613 1.20916625998 1.19984781136 ;
