cluster 0
size:603
#377eb8
[ 1.69562377  4.77235096  2.56892535  2.03905462  1.33630179  0.65193723
  3.07550775]

cluster 1
size:776
#ff7f00
[ 2.94618133  4.51540792  3.2487334   3.54513044  4.42216528  1.87502286
  3.38095465]

cluster 2
size:473
#4daf4a
[ 2.22424666  4.68680486  3.08914817  4.33159995  2.65432528  3.63834123
  2.86792186]

cluster 3
size:357
#f781bf
[ 1.64249438  4.72416277  0.06651772  1.61935926  2.45606799  0.69807355
  3.03113414]

cluster 4
size:654
#a65628
[ 1.67203658  4.73326792  2.64357032  1.83871276  3.91146603  1.00695482
  3.2468733 ]

cluster 5
size:146
#984ea3
[ 1.74545163  4.66157302  1.93483185  2.19195588  1.92336718  0.9528891
  0.02402336]

