64.855036855 3.52334152334 4.5601965602 1.84766584767 0.0810810810811 24.1744471744 3.34643734644 ;
64.3973634652 3.69962335217 2.82391713748 0.922787193974 0.952919020716 3.83709981168 0.255178907721 ;
59.7412587413 3.31468531469 6.73426573427 3.15734265734 0.00699300699301 49.493006993 8.05944055944 ;
52.9261744966 3.04921700224 5.04026845638 2.15212527964 0.0111856823266 33.0089485459 4.84563758389 ;
77.8595041322 4.45123966942 2.82975206612 1.02975206612 1.03636363636 4.17520661157 0.305785123967 ;
46.8514190317 2.88814691152 1.4590984975 0.373956594324 0.621035058431 2.71285475793 0.155258764608 ;
50.3039370079 2.90551181102 3.27244094488 1.20787401575 0.163779527559 16.7307086614 2.10078740157 ;
59.4117647059 3.31764705882 9.32941176471 4.63529411765 0.0 74.9647058824 13.6235294118 ;
55.0481522956 3.24076147816 1.78611422172 0.556550951848 0.737961926092 2.85106382979 0.144456886898 ;
60.4466019417 3.30097087379 9.05825242718 4.52427184466 0.0 72.4660194175 13.0873786408 ;
58.8221626452 3.38784629133 2.24218051832 0.705987488829 0.857015192136 2.98480786416 0.149240393208 ;
52.4871794872 3.01380670611 4.40828402367 1.88560157791 0.0197238658777 28.540433925 4.03944773176 ;
69.0375586854 3.98004694836 2.98591549296 1.01291079812 0.964788732394 4.70892018779 0.386150234742 ;
48.4393404005 2.98586572438 1.49941107185 0.394581861013 0.652532391048 2.57243816254 0.127208480565 ;
51.2616372392 2.97110754414 3.24077046549 1.17495987159 0.203852327448 15.1861958266 1.86195826645 ;
66.2492307692 3.55076923077 5.15692307692 2.14153846154 0.0553846153846 28.8461538462 4.19692307692 ;
82.0911854103 4.61398176292 2.6170212766 1.00911854103 0.975683890578 4.19756838906 0.303951367781 ;
56.9583333333 3.23717948718 6.52564102564 2.98717948718 0.00961538461538 47.5320512821 7.625 ;
47.9658952497 2.93788063337 1.54080389769 0.415347137637 0.616321559074 3.04750304507 0.186358099878 ;
55.9908925319 3.16757741348 5.37158469945 2.33151183971 0.00910746812386 35.9180327869 5.38797814208 ;
68.5556844548 3.9524361949 2.79930394432 0.945475638051 1.01044083527 3.70533642691 0.243619489559 ;
59.1653225806 3.29032258065 7.88306451613 3.8064516129 0.00403225806452 61.1572580645 10.5685483871 ;
56.3516483516 3.16263736264 3.56923076923 1.28131868132 0.250549450549 14.6703296703 1.8043956044 ;
67.7827586207 3.69655172414 4.66896551724 1.90689655172 0.113793103448 23.7275862069 3.27931034483 ;
81.9909090909 4.64545454545 2.66666666667 1.01212121212 1.0 4.03939393939 0.287878787879 ;
57.9732313576 3.37189292543 2.15200764818 0.65965583174 0.876673040153 2.46175908222 0.0831739961759 ;
47.7727272727 2.80622009569 3.33732057416 1.34449760766 0.0885167464115 20.2655502392 2.64832535885 ;
53.395738204 3.06392694064 3.34855403349 1.20243531202 0.229832572298 14.8569254186 1.81278538813 ;
74.1478743068 4.17744916821 2.95194085028 1.06654343808 0.894639556377 6.02957486137 0.582255083179 ;
59.5949074074 3.31018518519 6.09722222222 2.68287037037 0.0115740740741 41.7060185185 6.5162037037 ;
55.8613396005 3.2937720329 1.87309048179 0.568742655699 0.806110458284 2.40775558167 0.0834312573443 ;
64.8006756757 3.71396396396 2.74887387387 0.902027027027 0.983108108108 3.37837837838 0.19481981982 ;
59.4838709677 3.32258064516 8.42580645161 4.17419354839 0.0 67.5161290323 11.9548387097 ;
54.523659306 3.07255520505 4.40063091483 1.87223974763 0.0299684542587 27.0583596215 3.79495268139 ;
47.2065997131 2.87804878049 1.47489239598 0.38593974175 0.595408895265 2.98278335725 0.182209469154 ;
86.2073170732 5.15243902439 3.0243902439 1.14634146341 1.10365853659 4.44512195122 0.317073170732 ;
59.1644612476 3.41020793951 2.37712665406 0.751417769376 0.87145557656 3.27221172023 0.181474480151 ;
60.1211180124 3.31366459627 6.41304347826 2.90683229814 0.00931677018634 45.3913043478 7.22670807453 ;
63.7528089888 3.47640449438 4.36853932584 1.72808988764 0.107865168539 22.2696629213 3.02247191011 ;
69.0865139949 3.97837150127 2.85368956743 0.966921119593 1.01145038168 3.83333333333 0.263358778626 ;
59.2248062016 3.28682170543 8.65891472868 4.32558139535 0.0 69.7596899225 12.496124031 ;
49.0147058824 3.00630252101 1.48109243697 0.403361344538 0.643907563025 2.62289915966 0.132352941176 ;
81.8885630499 4.65395894428 2.68328445748 1.0293255132 0.967741935484 4.5366568915 0.354838709677 ;
49.5444839858 2.87722419929 3.20462633452 1.18505338078 0.170818505338 16.1120996441 2.00533807829 ;
52.2476415094 3.01650943396 4.89622641509 2.08254716981 0.0165094339623 31.6462264151 4.58962264151 ;
59.347826087 3.4241037376 2.24790236461 0.706331045004 0.881769641495 2.79862700229 0.124332570557 ;
58.2375 3.28333333333 5.58958333333 2.44375 0.00625 38.5145833333 5.89791666667 ;
59.5476190476 3.28571428571 7.41071428571 3.55952380952 0.0 57.9404761905 9.79166666667 ;
74.485106383 4.2829787234 2.78936170213 0.991489361702 1.0085106383 4.03829787234 0.295744680851 ;
48.314172448 2.96233894945 1.81268582755 0.554013875124 0.574826560951 4.53022794846 0.377601585728 ;
49.6809701493 2.83955223881 3.7052238806 1.52611940299 0.0690298507463 23.078358209 3.11567164179 ;
60.0 3.83333333333 39.0 11.0 2.0 23.8333333333 3.0 ;
59.0 3.36170212766 9.97872340426 5.08510638298 0.0 81.6808510638 15.2765957447 ;
62.3754789272 3.41570881226 3.96743295019 1.5153256705 0.149425287356 18.9808429119 2.48850574713 ;
68.1742081448 3.92986425339 3.07239819005 1.01696832579 0.985294117647 4.62104072398 0.367647058824 ;
60.201183432 3.33136094675 8.2899408284 4.08875739645 0.0 66.3372781065 11.7041420118 ;
58.4632282713 3.36198662846 2.10888252149 0.67335243553 0.823304680038 2.97325692455 0.148042024833 ;
53.8664323374 3.03339191564 4.0 1.57469244288 0.0755711775044 22.4797891037 3.03514938489 ;
54.5977011494 3.16954022989 5.97988505747 2.64367816092 0.00862068965517 42.2643678161 6.56609195402 ;
48.5080946451 2.99128268991 1.49066002491 0.374844333748 0.6799501868 2.2204234122 0.0734744707347 ;
81.0773195876 4.60051546392 2.70360824742 1.03865979381 0.953608247423 4.76288659794 0.39175257732 ;
64.1818181818 3.4435261708 5.15702479339 2.19283746556 0.0358126721763 30.4462809917 4.4738292011 ;
48.7522321429 2.890625 2.87053571429 1.09598214286 0.236607142857 13.2276785714 1.55803571429 ;
58.8406862745 3.42647058824 4.53676470588 1.44607843137 0.583333333333 11.6740196078 1.36029411765 ;
58.8477690289 3.28083989501 6.37007874016 2.89501312336 0.00787401574803 45.7217847769 7.30183727034 ;
64.1660839161 3.68094405594 2.32692307692 0.774475524476 0.949300699301 2.74300699301 0.111888111888 ;
50.6610878661 3.05355648536 1.48368200837 0.400836820084 0.687029288703 2.32050209205 0.0853556485356 ;
59.2666666667 3.29523809524 9.01904761905 4.48571428571 0.0 72.3238095238 13.0285714286 ;
52.8210116732 3.00972762646 4.55836575875 1.9280155642 0.0233463035019 28.9221789883 4.09922178988 ;
78.6280373832 4.50093457944 2.85981308411 1.03177570093 1.0523364486 4.07663551402 0.293457943925 ;
67.2534246575 3.64726027397 4.45547945205 1.86301369863 0.0719178082192 23.948630137 3.32534246575 ;
48.0876404494 2.79550561798 2.81348314607 1.09213483146 0.157303370787 15.2561797753 1.87191011236 ;
50.2789317507 2.86646884273 3.3471810089 1.33679525223 0.0919881305638 19.884272997 2.61572700297 ;
67.5749730313 3.89212513484 2.51779935275 0.871628910464 0.976267529666 3.68392664509 0.240560949299 ;
56.8071833648 3.202268431 5.52930056711 2.43289224953 0.00567107750473 38.4744801512 5.88468809074 ;
57.2282608696 3.35597826087 1.94384057971 0.650362318841 0.732789855072 3.6277173913 0.236413043478 ;
59.5357142857 3.32653061224 8.09693877551 3.9693877551 0.0 64.4081632653 11.2704081633 ;
47.7599502488 2.90547263682 1.47885572139 0.405472636816 0.592039800995 3.13805970149 0.194029850746 ;
65.5817174515 3.57894736842 4.18559556787 1.73684210526 0.0886426592798 22.6620498615 3.09418282548 ;
81.2171581769 4.59785522788 2.7399463807 1.02949061662 1.01340482574 4.09651474531 0.300268096515 ;
59.8431372549 3.60784313725 21.8823529412 5.35294117647 2.92156862745 9.52941176471 0.960784313725 ;
51.167539267 2.97643979058 4.88743455497 2.09947643979 0.0157068062827 32.2591623037 4.69371727749 ;
76.1838624339 4.31746031746 2.72619047619 0.993386243386 0.997354497354 4.05423280423 0.292328042328 ;
49.9304192685 3.01427297056 1.5593220339 0.432649420161 0.659232827832 2.63871543265 0.135593220339 ;
59.6708860759 3.3164556962 9.41772151899 4.70886075949 0.0 75.7974683544 13.8734177215 ;
64.2707423581 3.4672489083 5.92139737991 2.54585152838 0.00873362445415 38.1441048035 5.86026200873 ;
62.9724137931 3.4367816092 4.25517241379 1.67816091954 0.110344827586 21.4482758621 2.88505747126 ;
49.6182136602 2.8826619965 3.1996497373 1.18739054291 0.176882661996 16.054290718 1.99124343257 ;
57.5074626866 3.24875621891 6.97512437811 3.30348258706 0.00995024875622 52.9004975124 8.72139303483 ;
61.8642570281 3.60481927711 2.59437751004 0.832931726908 0.933333333333 3.46827309237 0.204016064257 ;
52.4990512334 2.98292220114 4.20683111954 1.75711574953 0.0303605313093 26.2428842505 3.64895635674 ;
61.9703891709 3.51099830795 2.10406091371 0.688663282572 0.912013536379 2.33333333333 0.0592216582064 ;
60.637037037 3.31111111111 8.66666666667 4.2962962963 0.0 69.0740740741 12.362962963 ;
78.2651245552 4.44128113879 2.60320284698 0.967971530249 1.03380782918 3.66370106762 0.23487544484 ;
64.8036809816 3.49079754601 5.47239263804 2.3282208589 0.0337423312883 32.763803681 4.8773006135 ;
49.9711711712 2.90630630631 2.96576576577 1.12072072072 0.221621621622 13.6918918919 1.63603603604 ;
54.9963768116 3.19927536232 6.34057971014 2.86594202899 0.0108695652174 46.0036231884 7.3115942029 ;
65.9713024283 3.94922737307 4.45474613687 1.45695364238 0.682119205298 11.6754966887 1.35982339956 ;
49.6899302094 3.02093718843 1.54636091725 0.404785643071 0.690927218345 2.27218344965 0.0767696909272 ;
50.3200795229 2.99204771372 3.07157057654 1.1351888668 0.330019880716 11.8628230616 1.39562624254 ;
50.7376425856 2.88212927757 3.98669201521 1.63117870722 0.0380228136882 24.8764258555 3.41254752852 ;
76.0147651007 4.3355704698 2.81073825503 0.994630872483 1.04832214765 3.53422818792 0.221476510067 ;
57.2459016393 3.25409836066 6.95081967213 3.28278688525 0.00819672131148 52.643442623 8.64754098361 ;
60.8271889401 3.36866359447 5.52995391705 2.35023041475 0.0161290322581 35.0829493088 5.26958525346 ;
60.8071312804 3.49513776337 2.3095623987 0.726094003241 0.940842787682 2.5623987034 0.0923824959481 ;
48.8711583924 2.97872340426 1.37470449173 0.340425531915 0.663120567376 2.01773049645 0.0425531914894 ;
60.3787878788 3.30303030303 9.63636363636 4.83333333333 0.0 77.696969697 14.4545454545 ;
65.2897862233 3.7054631829 3.81235154394 1.44418052257 0.275534441805 16.0665083135 1.99524940618 ;
49.9361111111 3.02037037037 1.54537037037 0.412037037037 0.674074074074 2.40462962963 0.103703703704 ;
57.7831632653 3.26785714286 6.06887755102 2.6862244898 0.00765306122449 42.5229591837 6.6556122449 ;
68.9571984436 3.78988326848 4.79766536965 1.84046692607 0.194552529183 20.9961089494 2.83657587549 ;
61.041322314 3.53994490358 2.50229568411 0.804407713499 0.910009182736 3.5261707989 0.208448117539 ;
50.2569105691 2.91869918699 3.13658536585 1.16097560976 0.19512195122 15.0569105691 1.84715447154 ;
59.9937888199 3.32919254658 8.34161490683 4.14285714286 0.0 67.0062111801 11.8633540373 ;
54.4514925373 3.03917910448 4.44402985075 1.89365671642 0.0261194029851 27.6063432836 3.875 ;
71.3040847201 4.05597579425 2.741301059 0.944024205749 1.01361573374 3.50680786687 0.229954614221 ;
84.1535087719 4.84649122807 2.69298245614 1.03070175439 1.04385964912 3.73684210526 0.223684210526 ;
47.835117773 2.79014989293 3.40899357602 1.37259100642 0.0856531049251 20.8736616702 2.75374732334 ;
62.1129568106 3.55897009967 2.22591362126 0.72342192691 0.927740863787 2.58139534884 0.0971760797342 ;
59.0813704497 3.41327623126 4.20556745182 1.38758029979 0.434689507495 13.426124197 1.59957173448 ;
57.4512534819 3.25348189415 5.89972144847 2.52924791086 0.0139275766017 39.061281337 5.99442896936 ;
76.744740533 4.38709677419 2.83730715288 1.03085553997 0.997194950912 4.4950911641 0.349228611501 ;
58.0643274854 3.25730994152 7.0701754386 3.34502923977 0.00584795321637 53.8011695906 8.90058479532 ;
61.2211538462 3.33653846154 4.50240384615 1.93028846154 0.0360576923077 26.6394230769 3.75721153846 ;
49.5202108963 3.00087873462 1.61950790861 0.467486818981 0.634446397188 3.14499121265 0.189806678383 ;
60.0119047619 3.33333333333 9.33333333333 4.66666666667 0.0 75.0238095238 13.7023809524 ;
50.6640316206 3.01185770751 3.16996047431 1.15415019763 0.328063241107 12.2826086957 1.44664031621 ;
58.2167689162 3.27811860941 5.97341513292 2.60122699387 0.0102249488753 40.7382413088 6.31697341513 ;
70.650812065 4.03016241299 2.73897911833 0.944315545244 1.01740139211 3.58352668213 0.237819025522 ;
65.2846534653 3.56435643564 4.23762376238 1.66336633663 0.148514851485 20.2995049505 2.69801980198 ;
59.6898734177 3.32278481013 8.37341772152 4.16455696203 0.0 67.2784810127 11.9240506329 ;
50.8910505837 2.87937743191 4.00778210117 1.65564202335 0.0350194552529 25.0680933852 3.44552529183 ;
59.0650994575 3.40235081374 2.20524412297 0.687160940325 0.872513562387 2.75858951175 0.117540687161 ;
48.3753180662 2.97582697201 1.41094147583 0.35368956743 0.664122137405 2.14503816794 0.059796437659 ;
85.2164948454 5.0 2.87113402062 1.09793814433 1.03608247423 4.32474226804 0.283505154639 ;
63.7127831715 3.64239482201 2.60517799353 0.851941747573 0.957928802589 3.13996763754 0.164239482201 ;
64.5616883117 3.47402597403 5.50324675325 2.33766233766 0.025974025974 32.8344155844 4.86038961039 ;
50.7135093168 3.0597826087 1.6149068323 0.455745341615 0.684782608696 2.72903726708 0.142080745342 ;
59.7272727273 3.32467532468 9.49350649351 4.74025974026 0.0 76.0649350649 13.974025974 ;
51.5106990014 2.97432239658 3.28530670471 1.22111269615 0.159771754636 16.6562054208 2.08844507846 ;
51.6763285024 2.96618357488 4.7729468599 2.05072463768 0.0193236714976 31.4275362319 4.56280193237 ;
69.2767527675 4.10701107011 4.22140221402 1.53505535055 0.420664206642 15.2103321033 1.90036900369 ;
57.8835341365 3.26104417671 6.84738955823 3.22489959839 0.00803212851406 51.453815261 8.41365461847 ;
79.1747368421 4.44421052632 2.59368421053 0.953684210526 1.06105263158 3.22105263158 0.170526315789 ;
55.6336477987 3.11949685535 4.31918238994 1.83018867925 0.0298742138365 26.6619496855 3.72012578616 ;
61.6540447504 3.59122203098 2.78657487091 0.878657487091 0.930292598967 3.93717728055 0.268502581756 ;
60.3217391304 3.29565217391 8.89565217391 4.40869565217 0.0 71.0608695652 12.8173913043 ;
50.1107110711 3.03150315032 1.54635463546 0.415841584158 0.681368136814 2.399639964 0.101710171017 ;
82.9463601533 4.95785440613 3.3601532567 1.27969348659 0.946360153257 7.02298850575 0.689655172414 ;
50.3774509804 2.92320261438 3.09967320261 1.15032679739 0.191176470588 14.9869281046 1.83496732026 ;
66.8959276018 3.47058823529 6.04524886878 2.58371040724 0.027149321267 36.8733031674 5.65158371041 ;
54.231884058 3.18115942029 6.35144927536 2.88405797101 0.0108695652174 46.3913043478 7.39130434783 ;
71.9728 3.9776 2.3952 0.8688 0.9344 3.5024 0.2336 ;
47.7966963151 2.90724269377 1.43202033037 0.388818297332 0.593392630241 2.94790343075 0.175349428208 ;
60.8058608059 3.36263736264 6.64102564103 3.05860805861 0.00732600732601 47.7692307692 7.67765567766 ;
79.1450980392 4.51960784314 2.91176470588 1.06666666667 1.02941176471 4.50588235294 0.349019607843 ;
52.1503957784 3.04221635884 5.17941952507 2.20580474934 0.0131926121372 34.1978891821 5.0580474934 ;
64.1455399061 3.49295774648 4.53990610329 1.8544600939 0.0821596244131 24.3309859155 3.36854460094 ;
65.9163265306 3.75612244898 2.54693877551 0.864285714286 0.931632653061 3.56428571429 0.224489795918 ;
59.3796296296 3.26851851852 8.97222222222 4.46296296296 0.0 71.962962963 13.0277777778 ;
50.3090614887 2.88349514563 3.31391585761 1.24757281553 0.139158576052 17.7540453074 2.27669902913 ;
56.5852878465 3.35820895522 2.39978678038 0.736673773987 0.832622601279 3.51279317697 0.21855010661 ;
65.0094736842 3.71684210526 2.73368421053 0.915789473684 0.934736842105 3.95578947368 0.271578947368 ;
52.5066371681 3.02654867257 4.84955752212 2.04867256637 0.0176991150442 31.1681415929 4.49778761062 ;
59.5243902439 3.30487804878 9.35365853659 4.68292682927 0.0 75.3780487805 13.7682926829 ;
77.9460370995 4.46543001686 2.82462057336 1.02360876897 1.05059021922 3.97807757167 0.279932546374 ;
47.3781869688 2.90084985836 1.49433427762 0.390934844193 0.610481586402 2.94617563739 0.182719546742 ;
59.4723756906 3.30386740331 6.57182320442 3.03314917127 0.00828729281768 47.6049723757 7.68508287293 ;
56.0088495575 3.30973451327 1.9314159292 0.598451327434 0.79314159292 2.71238938053 0.121681415929 ;
64.6740196078 3.52941176471 4.48284313725 1.77696078431 0.112745098039 22.7254901961 3.09803921569 ;
50.28113879 2.8896797153 3.2846975089 1.20106761566 0.174377224199 16.1814946619 2.01423487544 ;
49.6168831169 3.0 1.73701298701 0.525974025974 0.612012987013 3.80357142857 0.269480519481 ;
57.9125799574 3.25159914712 5.55650319829 2.3987206823 0.00852878464819 37.4093816631 5.68656716418 ;
60.6932234432 3.49450549451 2.40659340659 0.766483516484 0.907509157509 3.14652014652 0.163919413919 ;
58.400921659 3.24884792627 7.46082949309 3.5668202765 0.00460829493088 57.4147465438 9.67281105991 ;
83.1920289855 4.77898550725 2.66304347826 1.04347826087 0.967391304348 4.48913043478 0.336956521739 ;
63.7002188184 3.48577680525 4.2341356674 1.62144420131 0.150984682713 19.932166302 2.647702407 ;
49.7382550336 2.87080536913 3.69630872483 1.47483221477 0.0872483221477 21.5922818792 2.89261744966 ;
70.8918083462 4.08037094281 2.90108191654 0.981452859351 1.04482225657 3.65842349304 0.250386398764 ;
61.4545454545 3.42424242424 10.3939393939 5.30303030303 0.0 85.0606060606 16.2727272727 ;
52.926199262 3.0405904059 3.21402214022 1.17527675277 0.263837638376 13.5922509225 1.63284132841 ;
59.2643678161 3.31034482759 8.25287356322 4.08045977011 0.0 66.0172413793 11.6149425287 ;
68.3337468983 3.96401985112 2.86724565757 0.962779156328 1.01736972705 3.85980148883 0.259305210918 ;
48.4424379233 2.97404063205 1.539503386 0.415349887133 0.638826185102 2.78668171558 0.146726862302 ;
58.3858447489 3.27168949772 5.98173515982 2.61187214612 0.0114155251142 40.8744292237 6.35159817352 ;
49.8468271335 2.86652078775 4.04157549234 1.68927789934 0.0262582056893 25.7746170678 3.55142231947 ;
81.1174934726 4.59791122715 2.76762402089 1.04699738903 0.994778067885 4.42036553525 0.344647519582 ;
58.628600823 3.3683127572 2.10185185185 0.650205761317 0.873456790123 2.42489711934 0.0802469135802 ;
64.9501385042 3.56232686981 4.60664819945 1.83379501385 0.105263157895 23.1329639889 3.16620498615 ;
47.3157894737 2.89338731444 1.55330634278 0.422402159244 0.595141700405 3.32523616734 0.225371120108 ;
64.3785900783 3.50391644909 4.55091383812 1.89295039164 0.0704960835509 24.864229765 3.44647519582 ;
66.8768920283 3.84056508577 2.72452068618 0.914228052472 0.974772956609 3.79414732593 0.249243188698 ;
58.2666666667 3.32 8.44666666667 4.17333333333 0.0 67.7133333333 11.98 ;
52.4530744337 3.00809061489 3.43689320388 1.22977346278 0.208737864078 15.7588996764 1.96601941748 ;
56.5747474747 3.32121212121 2.00202020202 0.615151515152 0.822222222222 2.58080808081 0.10303030303 ;
80.4562647754 4.57210401891 2.8463356974 1.07092198582 1.00945626478 4.47990543735 0.34988179669 ;
50.7119815668 2.96082949309 4.77419354839 2.02304147465 0.0184331797235 31.064516129 4.4930875576 ;
61.0726643599 3.32871972318 6.37716262976 2.87889273356 0.00692041522491 44.7820069204 7.11764705882 ;
68.6724565757 3.79032258065 2.18610421836 0.780397022333 0.981389578164 2.39702233251 0.0707196029777 ;
49.063973064 2.89393939394 2.89057239057 1.08417508418 0.225589225589 13.5707070707 1.62962962963 ;
54.4615384615 3.05944055944 4.27272727273 1.80769230769 0.0332167832168 26.3076923077 3.65734265734 ;
60.4060150376 3.31578947368 8.6992481203 4.3007518797 0.0 69.2857142857 12.3834586466 ;
82.1826625387 4.77708978328 2.9907120743 1.12693498452 0.981424148607 5.43962848297 0.482972136223 ;
53.4645962733 3.17080745342 1.7149068323 0.487577639752 0.762732919255 2.23602484472 0.0664596273292 ;
52.784 3.156 6.176 2.796 0.012 45.136 7.136 ;
65.2673992674 3.4652014652 5.96336996337 2.53846153846 0.018315018315 37.2271062271 5.70695970696 ;
64.4825327511 3.86462882096 4.60043668122 1.48908296943 0.692139737991 11.9148471616 1.38427947598 ;
49.6117216117 2.8663003663 3.71794871795 1.51465201465 0.0695970695971 22.7344322344 3.06593406593 ;
57.9319066148 3.36478599222 1.90661478599 0.602140077821 0.837548638132 2.34143968872 0.0642023346304 ;
56.7600896861 3.2399103139 5.97757847534 2.61210762332 0.00896860986547 41.2331838565 6.40807174888 ;
69.2040133779 3.96209587514 2.8104793757 0.948717948718 1.03121516165 3.61872909699 0.23745819398 ;
59.8773006135 3.32515337423 8.31901840491 4.12883435583 0.0 66.8650306748 11.8282208589 ;
64.9837837838 3.50540540541 4.56486486486 1.90540540541 0.0594594594595 25.4351351351 3.54594594595 ;
56.9819413093 3.26862302483 4.07900677201 1.35665914221 0.435665914221 12.5033860045 1.47404063205 ;
47.7351543943 2.91805225653 1.54275534442 0.432304038005 0.593824228029 3.4513064133 0.236342042755 ;
83.0176056338 4.75704225352 2.66901408451 1.04577464789 0.954225352113 4.5985915493 0.352112676056 ;
50.6995884774 3.04773662551 1.55473251029 0.424691358025 0.684773662551 2.45596707819 0.108641975309 ;
60.1560693642 3.33526011561 7.23121387283 3.46242774566 0.0 56.1445086705 9.38150289017 ;
63.7339650146 3.6778425656 2.72886297376 0.893586005831 0.932944606414 3.79300291545 0.251457725948 ;
48.8477842004 2.85741811175 2.95375722543 1.12524084778 0.188824662813 14.9036608863 1.80924855491 ;
55.7437275986 3.12903225806 4.18817204301 1.6935483871 0.0681003584229 24.0860215054 3.29928315412 ;
78.8413926499 4.48936170213 2.77176015474 1.00967117988 1.04835589942 3.87620889749 0.26499032882 ;
54.5855614973 3.16042780749 5.82352941176 2.52139037433 0.0133689839572 39.3128342246 6.02406417112 ;
60.3793103448 3.34482758621 9.79310344828 4.94827586207 0.0 79.1896551724 14.724137931 ;
69.8068669528 3.71673819742 4.94849785408 2.06008583691 0.0815450643777 26.356223176 3.77253218884 ;
50.8616761595 3.05207485761 1.52400325468 0.407648494711 0.698128559805 2.28397070789 0.079739625712 ;
58.768 3.308 6.752 3.16 0.008 50.12 8.16 ;
78.888671875 4.455078125 2.76171875 1.005859375 1.05078125 3.794921875 0.25390625 ;
50.2066508314 2.87410926366 3.80997624703 1.54631828979 0.0403800475059 23.4085510689 3.14726840855 ;
64.220190779 3.71383147854 2.62877583466 0.871224165342 0.944356120827 3.48807631161 0.211446740859 ;
67.6989619377 3.67820069204 4.53633217993 1.85467128028 0.0934256055363 23.1038062284 3.16955017301 ;
60.0212765957 3.27659574468 9.17021276596 4.57446808511 0.0 73.670212766 13.3829787234 ;
52.3612099644 3.05871886121 3.39145907473 1.20818505338 0.320284697509 12.9982206406 1.54982206406 ;
56.1831683168 3.18564356436 5.25 2.23762376238 0.00990099009901 34.8688118812 5.19554455446 ;
58.0742804085 3.36490250696 1.99721448468 0.627669452182 0.845868152275 2.43175487465 0.0826369545032 ;
59.7322834646 3.29921259843 8.71653543307 4.35433070866 0.0 69.9291338583 12.5433070866 ;
57.5792349727 3.25409836066 6.27868852459 2.83333333333 0.00819672131148 44.8825136612 7.11475409836 ;
47.47702407 2.74398249453 3.0284463895 1.20787746171 0.113785557987 17.8074398249 2.26258205689 ;
58.5784543326 3.31147540984 3.87119437939 1.33255269321 0.292740046838 14.6768149883 1.7962529274 ;
81.1593830334 4.59383033419 2.63753213368 1.03856041131 0.925449871465 5.03084832905 0.439588688946 ;
68.5518925519 3.97557997558 3.00122100122 0.993894993895 1.02686202686 4.10500610501 0.294261294261 ;
58.5233968804 3.24090121317 4.86135181976 2.05372616984 0.0329289428076 29.0381282496 4.14211438475 ;
48.0141025641 2.95256410256 1.54358974359 0.4 0.644871794872 2.70641025641 0.146153846154 ;
64.5207253886 3.51295336788 4.52849740933 1.80829015544 0.103626943005 23.0725388601 3.15544041451 ;
49.5768500949 3.01233396584 1.56166982922 0.425996204934 0.665085388994 2.59108159393 0.125237191651 ;
60.8617305977 3.51293487957 2.40321141838 0.769848349688 0.894736842105 3.31222123104 0.187332738626 ;
59.474025974 3.31818181818 8.42857142857 4.17532467532 0.0 67.5974025974 11.974025974 ;
71.4119359534 4.02765647744 2.79184861718 0.959243085881 1.01164483261 3.66084425036 0.254730713246 ;
50.8767772512 2.94944707741 3.2195892575 1.18483412322 0.202211690363 15.4281200632 1.90205371248 ;
60.5284810127 3.31962025316 6.38607594937 2.8417721519 0.0126582278481 43.6613924051 6.89873417722 ;
84.0811965812 4.94871794872 2.88034188034 1.12393162393 1.00854700855 4.97863247863 0.388888888889 ;
51.2419354839 2.98847926267 4.72811059908 2.02534562212 0.0161290322581 31.1382488479 4.49078341014 ;
60.1547619048 3.59523809524 17.9285714286 4.38095238095 2.80952380952 9.07142857143 0.928571428571 ;
49.4241877256 2.89350180505 2.62635379061 1.04512635379 0.175090252708 13.3068592058 1.59747292419 ;
58.9099307159 3.29099307159 6.37413394919 2.90300230947 0.00692840646651 45.856812933 7.34180138568 ;
69.9455040872 3.99182561308 2.44822888283 0.881471389646 0.926430517711 4.05313351499 0.307901907357 ;
59.3571428571 3.30952380952 9.34523809524 4.64285714286 0.0 75.1071428571 13.6666666667 ;
56.2188264059 3.13325183374 4.13325183374 1.74327628362 0.0256723716381 26.2738386308 3.67970660147 ;
82.0118343195 4.73076923077 2.94674556213 1.14792899408 0.914201183432 6.27514792899 0.60650887574 ;
49.1454753723 3.00916380298 1.37457044674 0.342497136312 0.671248568156 2.02749140893 0.0423825887743 ;
59.919164396 3.44323342416 2.00363306085 0.679382379655 0.801089918256 3.50590372389 0.213442325159 ;
56.8217054264 3.13798449612 4.36899224806 1.81395348837 0.0496124031008 25.3178294574 3.50697674419 ;
66.2903553299 3.80203045685 2.82335025381 0.942131979695 0.936040609137 4.25989847716 0.316751269036 ;
56.8512931034 3.34806034483 2.07327586207 0.643318965517 0.830818965517 2.77586206897 0.127155172414 ;
70.5853658537 3.63414634146 5.88617886179 2.65040650407 0.0 38.837398374 6.06504065041 ;
47.7713884993 2.90182328191 1.38569424965 0.333800841515 0.631136044881 2.31276297335 0.0967741935484 ;
54.5861111111 3.17777777778 5.96388888889 2.59166666667 0.0138888888889 41.0277777778 6.35555555556 ;
79.231827112 4.51080550098 2.9115913556 1.07858546169 0.990176817289 4.94499017682 0.416502946955 ;
59.3554216867 3.32530120482 8.30722891566 4.09638554217 0.0 66.578313253 11.7228915663 ;
50.1186440678 2.93898305085 3.12372881356 1.15423728814 0.220338983051 14.6610169492 1.77966101695 ;
59.6447368421 3.30789473684 6.31578947368 2.87631578947 0.00789473684211 45.2026315789 7.18421052632 ;
65.5845588235 3.78216911765 2.73253676471 0.909926470588 0.965992647059 3.71047794118 0.234375 ;
50.0342342342 2.92792792793 3.18558558559 1.17477477477 0.205405405405 15.1963963964 1.86486486486 ;
46.8260135135 2.88851351351 1.49155405405 0.369932432432 0.633445945946 2.64527027027 0.14527027027 ;
55.416400426 3.25665601704 1.84132055378 0.55910543131 0.767838125666 2.6112886049 0.113951011715 ;
59.5765765766 3.27927927928 8.96396396396 4.45045045045 0.0 71.6126126126 12.954954955 ;
79.5708333333 4.50833333333 2.85208333333 1.05416666667 1.02916666667 4.3125 0.325 ;
63.7188940092 3.46543778802 4.3133640553 1.70046082949 0.110599078341 21.8248847926 2.95391705069 ;
51.9136363636 3.00227272727 4.76590909091 2.01136363636 0.0181818181818 30.3636363636 4.35 ;
65.7611607143 3.74441964286 2.52120535714 0.8515625 0.948660714286 3.26897321429 0.180803571429 ;
65.4507575758 3.46212121212 6.22727272727 2.70075757576 0.0113636363636 39.928030303 6.20454545455 ;
57.0232018561 3.38515081206 2.60324825986 0.796983758701 0.867749419954 3.84222737819 0.256380510441 ;
52.0024390244 3.05365853659 5.28780487805 2.31707317073 0.0121951219512 36.4512195122 5.49756097561 ;
59.3125 3.31875 8.375 4.14375 0.0 67.0875 11.84375 ;
78.4558303887 4.5035335689 2.87632508834 1.05830388693 1.00530035336 4.72261484099 0.383392226148 ;
48.4896551724 2.94022988506 1.36436781609 0.370114942529 0.594252873563 2.63793103448 0.13908045977 ;
48.3393213573 2.78642714571 3.11576846307 1.21756487026 0.127744510978 17.624750499 2.24151696607 ;
60.9673469388 3.35714285714 4.19387755102 1.62244897959 0.118367346939 20.9346938776 2.8 ;
49.4948275862 2.84827586207 3.69137931034 1.51551724138 0.0672413793103 22.5810344828 3.05689655172 ;
75.2992957746 4.27464788732 2.77816901408 1.0 0.989436619718 4.05516431925 0.295774647887 ;
64.5741935484 3.44838709677 5.53548387097 2.38387096774 0.0193548387097 34.5903225806 5.21290322581 ;
50.463193658 3.05209513024 1.90826727067 0.601359003398 0.619479048698 4.42695356738 0.337485843715 ;
54.2959501558 3.19937694704 6.23987538941 2.80373831776 0.00934579439252 45.2866043614 7.16199376947 ;
60.4260869565 3.29565217391 8.92173913043 4.41739130435 0.0 71.052173913 12.8086956522 ;
61.1628865979 3.40824742268 4.0618556701 1.4824742268 0.2 17.8391752577 2.28659793814 ;
44.8576923077 2.72692307692 1.08461538462 0.246153846154 0.542307692308 1.73461538462 0.0538461538462 ;
60.7633965375 3.53833470734 2.38746908491 0.750206100577 0.938169826876 2.90354492993 0.139323990107 ;
58.7941176471 3.52941176471 19.3676470588 4.70588235294 2.92647058824 9.0 0.911764705882 ;
59.7536 3.4328 1.9184 0.6312 0.8496 2.5424 0.0936 ;
52.2887323944 3.11267605634 5.75 2.53873239437 0.0105633802817 40.9753521127 6.3485915493 ;
51.8986384266 2.9243570348 3.64599092284 1.517397882 0.0393343419062 23.1558245083 3.13464447806 ;
75.3652912621 4.28762135922 2.625 0.953883495146 1.01699029126 3.63349514563 0.239077669903 ;
48.3740458015 2.96755725191 1.68129770992 0.522900763359 0.55534351145 4.53816793893 0.38358778626 ;
59.8047337278 3.33727810651 8.2899408284 4.10059171598 0.0 66.3846153846 11.6982248521 ;
65.6943396226 3.4641509434 5.69433962264 2.48679245283 0.00377358490566 37.2943396226 5.70943396226 ;
63.76 3.65555555556 3.31777777778 1.29555555556 0.228888888889 15.4044444444 1.91111111111 ;
50.6928 3.0584 1.5672 0.4312 0.6872 2.5256 0.1152 ;
59.11898017 3.30028328612 5.77053824363 2.51274787535 0.0113314447592 38.9376770538 5.98016997167 ;
78.8858800774 4.4912959381 2.72340425532 0.998065764023 1.04061895551 3.89941972921 0.268858800774 ;
58.4727272727 3.36363636364 9.94545454545 5.0 0.0 79.7454545455 14.8545454545 ;
51.6286173633 2.98553054662 3.18327974277 1.16398713826 0.221864951768 14.6655948553 1.7845659164 ;
64.0241809672 3.68330733229 2.65912636505 0.870514820593 0.952418096724 3.41107644306 0.203588143526 ;
50.3513513514 2.89434889435 4.34152334152 1.85503685504 0.019656019656 28.0712530713 3.94348894349 ;
59.6230366492 3.28272251309 7.31937172775 3.47643979058 0.00523560209424 55.9371727749 9.35078534031 ;
65.9122807018 3.62280701754 4.62280701754 1.83040935673 0.131578947368 22.2485380117 3.01169590643 ;
59.0052083333 3.28645833333 6.24739583333 2.8125 0.0078125 44.3958333333 7.02604166667 ;
64.6045816733 3.69322709163 2.51195219124 0.844621513944 0.917330677291 3.47211155378 0.208167330677 ;
47.2158590308 2.87812041116 1.41556534508 0.367107195301 0.594713656388 2.81057268722 0.164464023495 ;
50.587826087 2.90086956522 3.26086956522 1.1947826087 0.153043478261 16.6973913043 2.10260869565 ;
66.7971014493 3.65797101449 4.47536231884 1.77101449275 0.147826086957 21.0724637681 2.84637681159 ;
55.4372146119 3.30821917808 2.20433789954 0.674657534247 0.815068493151 3.19748858447 0.181506849315 ;
59.6507936508 3.30158730159 8.7380952381 4.36507936508 0.0 70.0317460317 12.5555555556 ;
77.9689119171 4.46459412781 2.82728842832 1.01208981002 1.07426597582 3.76165803109 0.246977547496 ;
53.0489977728 3.02672605791 4.70601336303 2.00222717149 0.022271714922 29.8329621381 4.25167037862 ;
63.0052631579 3.41052631579 6.87894736842 3.18421052632 0.0105263157895 49.4210526316 8.04210526316 ;
50.6577777778 3.04888888889 1.69777777778 0.491111111111 0.674074074074 3.07111111111 0.18 ;
78.7884972171 4.53432282004 2.92764378479 1.07606679035 1.01298701299 4.76623376623 0.384044526902 ;
63.917721519 3.42088607595 5.10443037975 2.15506329114 0.0411392405063 29.3481012658 4.23734177215 ;
64.1324126726 3.68074735987 2.54183590577 0.830219333875 0.964256701868 2.98862713241 0.149471974005 ;
48.5305719921 2.80473372781 3.37672583826 1.34911242604 0.0966469428008 19.9605522682 2.61735700197 ;
58.0178571429 3.27678571429 8.84821428571 4.41071428571 0.0 71.375 12.8303571429 ;
52.1676829268 3.08536585366 5.44817073171 2.35975609756 0.00609756097561 37.6067073171 5.69207317073 ;
59.7869955157 3.35650224215 3.7600896861 1.34304932735 0.235426008969 15.7174887892 1.95291479821 ;
80.5365853659 4.56097560976 2.68048780488 1.00975609756 1.01707317073 3.91707317073 0.278048780488 ;
50.6170212766 2.90425531915 3.37689969605 1.27051671733 0.144376899696 17.8039513678 2.27507598784 ;
62.8402555911 3.4249201278 5.94888178914 2.56549520767 0.0127795527157 38.4728434505 5.91054313099 ;
57.326171875 3.337890625 2.1103515625 0.673828125 0.802734375 3.017578125 0.1591796875 ;
67.2356902357 3.88215488215 2.8406285073 0.93265993266 1.02693602694 3.56228956229 0.215488215488 ;
59.2081218274 3.31472081218 8.07106598985 3.96446700508 0.0 64.345177665 11.2538071066 ;
65.3890410959 3.58082191781 4.35068493151 1.70684931507 0.158904109589 20.3369863014 2.69863013699 ;
50.9971830986 2.97183098592 5.11830985915 2.23943661972 0.0112676056338 34.8422535211 5.17746478873 ;
47.9044665012 2.94416873449 1.50868486352 0.408188585608 0.619106699752 3.00496277916 0.182382133995 ;
52.543715847 2.99863387978 3.45628415301 1.28142076503 0.150273224044 17.6885245902 2.26639344262 ;
50.7777777778 3.05847953216 6.23391812865 2.84210526316 0.0175438596491 45.6432748538 7.26900584795 ;
67.3267326733 3.86930693069 2.86237623762 0.956435643564 0.981188118812 4.20594059406 0.30396039604 ;
57.0825958702 3.35201573255 2.11897738446 0.667649950836 0.821042281219 2.93805309735 0.149459193707 ;
59.05 3.3 9.09 4.52 0.0 72.88 13.17 ;
65.12 3.455 6.55 3.02 0.0 46.805 7.545 ;
80.7288135593 4.598062954 2.92251815981 1.10895883777 0.953995157385 5.33898305085 0.484261501211 ;
57.8430335097 3.21693121693 4.95238095238 2.08994708995 0.0282186948854 29.9735449735 4.30158730159 ;
47.694684796 2.891223733 1.4956736712 0.412855377009 0.57478368356 3.31149567367 0.218788627936 ;
58.2298288509 3.26161369193 6.07090464548 2.66503667482 0.0122249388753 41.7310513447 6.51344743276 ;
58.0689981096 3.39224952741 2.18809073724 0.683364839319 0.866729678639 2.71833648393 0.115311909263 ;
51.9901477833 2.99014778325 3.23645320197 1.16912972085 0.210180623974 14.8719211823 1.81280788177 ;
68.4827981651 3.94610091743 2.81766055046 0.946100917431 1.01605504587 3.75917431193 0.248853211009 ;
52.7762376238 2.99603960396 4.31287128713 1.84752475248 0.0257425742574 27.3564356436 3.8297029703 ;
68.6653992395 3.74904942966 4.76425855513 1.88212927757 0.152091254753 21.9885931559 2.99619771863 ;
48.0196801968 2.92742927429 1.45879458795 0.383763837638 0.613776137761 2.78351783518 0.154981549815 ;
82.0590062112 4.64285714286 2.6397515528 1.0 1.01242236025 3.75155279503 0.242236024845 ;
59.7857142857 3.32738095238 8.29166666667 4.10714285714 0.0 66.4821428571 11.7261904762 ;
67.1318327974 3.85530546624 2.92926045016 0.962486602358 1.0 3.98177920686 0.274383708467 ;
70.2764976959 3.80184331797 4.73732718894 1.94930875576 0.0967741935484 24.5023041475 3.44239631336 ;
47.9358151476 2.95250320924 1.47625160462 0.386392811297 0.629011553273 2.75738125802 0.1540436457 ;
56.6761229314 3.25768321513 6.03073286052 2.66903073286 0.00709219858156 42.6524822695 6.66903073286 ;
60.2027972028 3.30769230769 8.53846153846 4.25874125874 0.0 68.4545454545 12.2097902098 ;
55.8168498168 3.09157509158 4.40476190476 1.82234432234 0.0494505494505 25.7527472527 3.57692307692 ;
80.5024509804 4.55882352941 2.68137254902 1.00490196078 1.02696078431 3.83088235294 0.267156862745 ;
49.2259887006 2.87382297552 3.19585687382 1.18832391714 0.175141242938 16.2203389831 2.01694915254 ;
57.3445620789 3.34071222329 2.12415784408 0.679499518768 0.796920115496 3.14629451396 0.173243503369 ;
61.0227272727 3.48863636364 3.84772727273 1.35909090909 0.254545454545 15.6227272727 1.92954545455 ;
60.670802316 3.48138957816 2.34077750207 0.731182795699 0.937138130687 2.67493796526 0.110835401158 ;
59.2441860465 3.3023255814 9.3023255814 4.62790697674 0.0 74.8255813953 13.5930232558 ;
75.4506539834 4.30439952438 2.81450653983 1.02021403092 0.99405469679 4.19143876338 0.311533888228 ;
48.6808943089 2.82520325203 3.22357723577 1.27032520325 0.113821138211 18.6361788618 2.40650406504 ;
50.9734219269 3.01328903654 5.16279069767 2.23255813953 0.00996677740864 35.1096345515 5.2292358804 ;
49.1294343241 3.00191754554 1.63566634708 0.466922339406 0.631831255992 3.18791946309 0.199424736337 ;
59.9102040816 3.33469387755 6.87755102041 3.22040816327 0.00816326530612 50.6 8.27346938776 ;
63.2209944751 3.38397790055 5.15193370166 2.18508287293 0.0359116022099 30.3591160221 4.40883977901 ;
67.0747185261 3.83828045036 2.21289662231 0.825997952917 0.845445240532 4.22722620266 0.315250767656 ;
62.576419214 3.36681222707 6.65938864629 3.096069869 0.00873362445415 47.9388646288 7.77729257642 ;
54.3686176837 3.0398505604 3.49813200498 1.39227895392 0.0684931506849 20.202988792 2.66749688667 ;
56.6939393939 3.3101010101 1.51212121212 0.519191919192 0.690909090909 2.7898989899 0.134343434343 ;
80.3886363636 4.58409090909 2.91363636364 1.11590909091 0.938636363636 5.78181818182 0.545454545455 ;
47.4389952153 2.89832535885 1.56937799043 0.477272727273 0.528708133971 4.33373205742 0.356459330144 ;
57.6639344262 3.27868852459 8.7131147541 4.31147540984 0.0 70.1885245902 12.5245901639 ;
55.5419222904 3.17791411043 5.16155419223 2.21267893661 0.00613496932515 34.5153374233 5.1226993865 ;
59.984962406 3.64661654135 14.3759398496 3.42857142857 2.92481203008 6.13533834586 0.511278195489 ;
55.012987013 3.14069264069 5.28787878788 2.25324675325 0.00865800865801 35.0064935065 5.21428571429 ;
49.6112576957 3.00791556728 1.63412489006 0.475813544415 0.626209322779 3.20844327177 0.19964819701 ;
82.9381443299 4.74570446735 2.67697594502 1.05498281787 0.945017182131 4.87628865979 0.40206185567 ;
59.7313432836 3.29850746269 9.62686567164 4.83582089552 0.0 77.6119402985 14.4029850746 ;
49.4545454545 2.86449399657 3.38936535163 1.30703259005 0.132075471698 18.5111492281 2.39622641509 ;
60.1965150048 3.45885769603 2.41432720232 0.761858664085 0.899322362052 3.19361084221 0.167473378509 ;
63.5752808989 3.47640449438 4.37078651685 1.70112359551 0.121348314607 21.5325842697 2.90786516854 ;
60.1558935361 3.32319391635 6.9391634981 3.26996197719 0.00760456273764 51.6653992395 8.463878327 ;
70.1382113821 4.03929539295 2.87398373984 0.979674796748 1.03116531165 3.81571815718 0.264227642276 ;
55.0065502183 3.14192139738 5.30786026201 2.2576419214 0.0109170305677 34.711790393 5.15938864629 ;
60.4857594937 3.50316455696 2.40506329114 0.76582278481 0.912183544304 3.125 0.162183544304 ;
74.9801401869 4.27570093458 2.78154205607 0.990654205607 1.01168224299 3.83878504673 0.268691588785 ;
59.3571428571 3.30952380952 9.34523809524 4.64285714286 0.0 75.1071428571 13.6666666667 ;
49.1053621825 2.99341486359 1.64158043274 0.480714957667 0.61429915334 3.40357478833 0.222013170273 ;
59.343220339 3.29237288136 6.86016949153 3.23728813559 0.00847457627119 51.2033898305 8.38983050847 ;
60.0804347826 3.32608695652 4.03043478261 1.48695652174 0.167391304348 18.7934782609 2.44565217391 ;
48.1239130435 2.78695652174 3.23260869565 1.29130434783 0.095652173913 19.4543478261 2.54130434783 ;
72.8695652174 3.92753623188 5.39130434783 2.23913043478 0.101449275362 27.3768115942 3.96376811594 ;
49.0735455543 3.01866081229 1.50713501647 0.388583973655 0.680570801317 2.28540065862 0.0812294182217 ;
57.1392405063 3.22573839662 5.94514767932 2.57594936709 0.0126582278481 40.0506329114 6.19620253165 ;
69.281829419 3.97775030902 2.86032138443 0.96044499382 1.02348578492 3.71569839308 0.250927070457 ;
49.7651122625 2.92055267703 3.03799654577 1.13644214162 0.219343696028 14.1208981002 1.70984455959 ;
59.6538461538 3.31868131868 8.18681318681 4.03846153846 0.0 65.4175824176 11.4835164835 ;
72.3652694611 4.03592814371 4.82634730539 1.89820359281 0.233532934132 20.9700598802 2.82035928144 ;
55.926910299 3.11794019934 4.1561461794 1.71096345515 0.0564784053156 24.4700996678 3.3488372093 ;
82.7649122807 4.69122807018 2.56140350877 0.989473684211 1.00701754386 3.60350877193 0.217543859649 ;
59.404950495 3.40396039604 2.27128712871 0.720792079208 0.864356435644 3.07227722772 0.158415841584 ;
52.0573663625 2.94002607562 3.84093872229 1.54106910039 0.0795306388527 22.5710560626 3.05345501956 ;
57.4854881266 3.35708003518 2.34564643799 0.738786279683 0.799472295515 3.7308707124 0.248900615655 ;
57.8921348315 3.25842696629 5.87640449438 2.55730337079 0.0112359550562 39.9393258427 6.1595505618 ;
68.2544802867 3.75985663082 4.81720430108 1.86738351254 0.179211469534 21.6666666667 2.93906810036 ;
68.026371308 3.89767932489 2.67194092827 0.912447257384 0.992616033755 3.59810126582 0.227848101266 ;
59.0869565217 3.39130434783 10.0217391304 5.10869565217 0.0 81.9347826087 15.3695652174 ;
59.3624161074 3.29530201342 7.53020134228 3.62416107383 0.0 59.1073825503 10.0268456376 ;
82.0590062112 4.64285714286 2.6397515528 1.0 1.01242236025 3.75155279503 0.242236024845 ;
47.8196544276 2.92656587473 1.6717062635 0.495680345572 0.563714902808 4.2656587473 0.347732181425 ;
58.5076923077 3.37403846154 2.17884615385 0.675961538462 0.869230769231 2.67596153846 0.114423076923 ;
54.6635730858 3.16705336427 5.82598607889 2.54060324826 0.0092807424594 40.0510440835 6.17865429234 ;
61.051980198 3.44059405941 3.83663366337 1.36138613861 0.25495049505 15.3985148515 1.88861386139 ;
59.9367816092 3.3275862069 8.24712643678 4.06896551724 0.0 66.0 11.6149425287 ;
82.1036585366 4.66768292683 2.67987804878 1.03353658537 0.963414634146 4.60670731707 0.359756097561 ;
48.4517497349 2.97242841994 1.62990455992 0.46553552492 0.618239660657 3.34358430541 0.218451749735 ;
49.7049180328 2.84426229508 3.46885245902 1.40163934426 0.0901639344262 20.6163934426 2.72295081967 ;
69.1348314607 3.98127340824 2.83395755306 0.955056179775 1.04369538077 3.47815230961 0.213483146067 ;
66.0798611111 3.53125 5.28472222222 2.25 0.0451388888889 30.3506944444 4.44791666667 ;
67.013029316 3.67100977199 4.19218241042 1.74267100977 0.0814332247557 22.6156351792 3.1009771987 ;
59.2222222222 3.56565656566 16.4242424242 3.90909090909 3.05050505051 6.46464646465 0.555555555556 ;
60.2810457516 3.3137254902 6.47712418301 2.96405228758 0.00653594771242 46.3071895425 7.41176470588 ;
77.970790378 4.46391752577 2.72508591065 0.998281786942 1.05154639175 3.87457044674 0.264604810997 ;
50.8041733547 3.07624398074 1.43980738363 0.412520064205 0.658105939005 2.59871589085 0.125200642055 ;
53.4934579439 3.04112149533 4.65981308411 1.99439252336 0.018691588785 30.7102803738 4.42056074766 ;
50.2532051282 2.89102564103 2.8733974359 1.10897435897 0.110576923077 15.8798076923 1.97115384615 ;
63.6056808688 3.63993316625 2.04427736007 0.739348370927 0.813700918964 3.58479532164 0.229741019215 ;
58.325203252 3.29268292683 8.76422764228 4.34146341463 0.0 70.2520325203 12.5853658537 ;
48.3532818533 2.80308880309 2.97104247104 1.13706563707 0.166023166023 15.6544401544 1.92857142857 ;
51.9624573379 3.11467576792 1.73447098976 0.490102389078 0.726962457338 2.64436860068 0.126279863481 ;
66.2130434783 3.46956521739 5.82173913043 2.48695652174 0.0217391304348 35.1043478261 5.30434782609 ;
80.3441108545 4.54965357968 2.75519630485 1.04618937644 0.9792147806 4.64665127021 0.378752886836 ;
59.609375 3.296875 9.65625 4.875 0.0 78.109375 14.53125 ;
51.6699751861 3.01240694789 5.03225806452 2.16873449132 0.014888337469 33.4714640199 4.92555831266 ;
65.670558799 3.7848206839 2.70391993328 0.899916597164 0.964136780651 3.59633027523 0.221017514595 ;
60.397515528 3.38302277433 4.13871635611 1.56107660455 0.144927536232 19.9710144928 2.63561076605 ;
58.53125 3.29464285714 7.08482142857 3.35267857143 0.00892857142857 53.5803571429 8.84821428571 ;
53.6398601399 3.15034965035 6.36013986014 2.90909090909 0.0104895104895 47.1573426573 7.52797202797 ;
61.5699391833 3.56559513467 2.66898349262 0.847089487402 0.925282363162 3.62467419635 0.227628149435 ;
50.0857885615 3.03292894281 1.59445407279 0.445407279029 0.675909878683 2.6733102253 0.13691507799 ;
63.7985611511 3.44964028777 5.78417266187 2.47841726619 0.00719424460432 37.6582733813 5.78057553957 ;
86.0773809524 5.125 3.03571428571 1.16666666667 1.05952380952 5.00595238095 0.380952380952 ;
49.220228385 2.86623164763 3.24143556281 1.23817292007 0.15660685155 17.0293637847 2.15171288744 ;
60.5789473684 3.29473684211 9.13684210526 4.57894736842 0.0 73.4526315789 13.3684210526 ;
72.7381974249 4.07868383405 2.63376251788 0.9556509299 0.929899856938 4.30329041488 0.343347639485 ;
58.9130434783 3.25565217391 4.41913043478 1.79826086957 0.0695652173913 24.4139130435 3.35652173913 ;
58.6423357664 3.38138686131 2.20894160584 0.693430656934 0.857664233577 2.89051094891 0.140510948905 ;
55.3470031546 3.12460567823 3.60410094637 1.31703470032 0.175078864353 17.2697160883 2.19716088328 ;
82.5882352941 4.68300653595 2.63725490196 1.02614379085 0.950980392157 4.57189542484 0.356209150327 ;
57.4787234043 3.25886524823 6.77659574468 3.14893617021 0.0106382978723 49.9361702128 8.12411347518 ;
69.3116438356 3.99885844749 2.94178082192 0.995433789954 0.995433789954 4.37899543379 0.335616438356 ;
48.2640163099 2.9500509684 1.64220183486 0.485219164118 0.590214067278 3.79001019368 0.279306829766 ;
64.5156695157 3.48433048433 5.36182336182 2.28205128205 0.034188034188 32.1566951567 4.76068376068 ;
59.6296296296 3.32098765432 9.38271604938 4.69135802469 0.0 75.5185185185 13.8024691358 ;
49.6796116505 2.88834951456 4.44660194175 1.88349514563 0.0145631067961 29.0315533981 4.12378640777 ;
48.2760736196 2.77300613497 3.0490797546 1.1881390593 0.134969325153 17.1267893661 2.15950920245 ;
63.4205685619 3.64715719064 2.6220735786 0.852006688963 0.954013377926 3.23411371237 0.177257525084 ;
65.9047619048 3.50476190476 6.0380952381 2.71904761905 0.0 40.8952380952 6.39047619048 ;
59.5208333333 3.375 9.97916666667 5.08333333333 0.0 81.4583333333 15.25 ;
53.2065217391 3.06956521739 5.07173913043 2.15869565217 0.0130434782609 32.997826087 4.8347826087 ;
50.7940503432 3.06483600305 1.62623951182 0.466819221968 0.669717772693 2.89244851259 0.162471395881 ;
61.4571428571 3.38367346939 4.25510204082 1.58163265306 0.167346938776 19.4224489796 2.55102040816 ;
77.6756329114 4.46360759494 2.86550632911 1.04905063291 1.01107594937 4.64240506329 0.373417721519 ;
56.9617486339 3.24043715847 7.3825136612 3.51912568306 0.0109289617486 56.5792349727 9.49726775956 ;
64.1147540984 3.49648711944 4.35128805621 1.72365339578 0.107728337237 22.1334894614 3.00234192037 ;
66.2611398964 3.81761658031 2.7274611399 0.915025906736 0.964766839378 3.77720207254 0.245595854922 ;
60.7516339869 3.32352941176 6.51307189542 2.97712418301 0.00653594771242 46.5359477124 7.46078431373 ;
56.3492537313 3.3223880597 2.05273631841 0.63184079602 0.813930348259 2.82985074627 0.137313432836 ;
50.0119863014 2.91095890411 3.22260273973 1.18664383562 0.195205479452 15.5239726027 1.91438356164 ;
58.2735042735 3.2905982906 8.82051282051 4.38461538462 0.0 70.8717948718 12.7264957265 ;
79.6113445378 4.51680672269 2.84663865546 1.05042016807 1.03571428571 4.22058823529 0.313025210084 ;
52.5154639175 3.02268041237 4.87628865979 2.07628865979 0.0164948453608 31.6453608247 4.59175257732 ;
47.2782874618 2.88073394495 1.38532110092 0.34250764526 0.614678899083 2.48012232416 0.122324159021 ;
59.867427568 3.46005267779 2.47585601405 0.786654960492 0.889376646181 3.5188762072 0.208955223881 ;
71.6040268456 3.77852348993 5.57046979866 2.38255033557 0.0738255033557 31.1476510067 4.64429530201 ;
54.8924485126 3.18077803204 5.92677345538 2.59725400458 0.0091533180778 41.057208238 6.33638443936 ;
82.7176870748 4.70408163265 2.60884353741 1.01360544218 0.986394557823 4.08163265306 0.285714285714 ;
49.2767710049 2.85008237232 3.33607907743 1.2784184514 0.151565074135 17.8286655684 2.28665568369 ;
49.2021589794 3.00588812561 1.53680078508 0.432777232581 0.62806673209 2.87144259078 0.163886162905 ;
60.2756410256 3.32051282051 8.40384615385 4.16666666667 0.0 67.3461538462 11.9615384615 ;
70.0931506849 4.01643835616 2.78219178082 0.954794520548 0.990410958904 3.90410958904 0.286301369863 ;
59.5614754098 3.27459016393 4.39754098361 1.75 0.0840163934426 23.8155737705 3.25819672131 ;
48.8122743682 2.81588447653 3.16606498195 1.2274368231 0.110108303249 18.0974729242 2.32490974729 ;
64.7009847807 3.68397493286 2.30975828111 0.770814682184 0.938227394808 2.7054610564 0.116383169203 ;
60.2718446602 3.32524271845 8.00970873786 3.92718446602 0.0 63.5873786408 11.0825242718 ;
58.775462963 3.2037037037 4.66203703704 1.99537037037 0.0231481481481 28.6689814815 4.10416666667 ;
49.9520225776 2.96801505174 1.28880526811 0.338664158043 0.629350893697 2.13922859831 0.0771401693321 ;
55.0408719346 3.20163487738 5.93188010899 2.60217983651 0.0108991825613 40.6321525886 6.26430517711 ;
79.4322033898 4.5063559322 2.73305084746 1.0063559322 1.05508474576 3.69703389831 0.237288135593 ;
67.9863481229 3.83959044369 4.47781569966 1.64846416382 0.290102389078 17.795221843 2.2866894198 ;
56.3475728155 3.47961165049 3.76504854369 1.19805825243 0.852427184466 7.45631067961 0.71067961165 ;
67.6527621195 3.89064261556 2.43066516347 0.851183765502 0.983089064262 3.29199549042 0.182638105975 ;
50.3553846154 2.86461538462 3.52923076923 1.42923076923 0.0661538461538 21.5507692308 2.88461538462 ;
59.7857142857 3.32738095238 8.29166666667 4.10714285714 0.0 66.4821428571 11.7261904762 ;
56.7772675086 3.25487944891 1.34672789897 0.445464982778 0.693455797933 1.99655568312 0.0264064293915 ;
81.0815789474 4.61052631579 2.73157894737 1.02631578947 1.00526315789 4.13947368421 0.310526315789 ;
57.3276190476 3.23619047619 5.88761904762 2.55619047619 0.0114285714286 39.7314285714 6.13142857143 ;
66.0988372093 3.60465116279 4.34302325581 1.76744186047 0.104651162791 22.2005813953 3.01453488372 ;
47.4195624196 2.89189189189 1.5148005148 0.435006435006 0.568854568855 3.62162162162 0.250965250965 ;
57.8489208633 3.53237410072 5.44364508393 1.58752997602 1.02877697842 9.10791366906 0.968824940048 ;
80.4547619048 4.56428571429 2.71428571429 1.02857142857 1.00476190476 4.21666666667 0.319047619048 ;
59.4948805461 3.31058020478 6.73037542662 3.15358361775 0.00682593856655 49.4368600683 8.0409556314 ;
57.3089108911 3.33564356436 2.03762376238 0.655445544554 0.793069306931 3.0 0.159405940594 ;
50.5552 2.92 3.3568 1.2336 0.1632 17.0848 2.1584 ;
53.4434782609 3.06739130435 5.06086956522 2.14782608696 0.0130434782609 32.8260869565 4.81086956522 ;
67.0971184632 3.86019210245 2.9007470651 0.956243329776 1.00213447172 3.91782283885 0.263607257204 ;
47.9244114002 2.94547707559 1.55885997522 0.418835192069 0.628252788104 2.98389095415 0.179677819083 ;
59.3571428571 3.30952380952 9.34523809524 4.64285714286 0.0 75.1071428571 13.6666666667 ;
65.3603133159 3.53524804178 4.51436031332 1.83028720627 0.0913838120104 23.6684073107 3.2637075718 ;
58.0642023346 3.37354085603 1.75194552529 0.581712062257 0.786964980545 2.59630350195 0.108949416342 ;
58.7710843373 3.27309236948 7.85140562249 3.79919678715 0.00401606425703 61.1164658635 10.5542168675 ;
59.0358422939 3.29390681004 5.40681003584 2.3458781362 0.010752688172 35.8835125448 5.4229390681 ;
68.8075060533 3.93220338983 2.33292978208 0.838983050847 0.945520581114 3.43341404358 0.213075060533 ;
48.1471535983 2.93770139635 1.60902255639 0.481203007519 0.584317937701 3.90977443609 0.284640171858 ;
48.5723140496 2.8326446281 3.5041322314 1.43595041322 0.0681818181818 22.1549586777 2.96900826446 ;
81.7450424929 4.69121813031 2.87818696884 1.1104815864 0.940509915014 5.68838526912 0.524079320113 ;
60.2196078431 3.32156862745 3.41960784314 1.32941176471 0.133333333333 17.3568627451 2.20784313725 ;
60.5875 3.6625 17.9 4.2875 3.0 6.85 0.6 ;
62.837469976 3.62850280224 2.47958366693 0.798238590873 0.951961569255 2.88150520416 0.13610888711 ;
53.9291666667 3.1375 6.07916666667 2.70416666667 0.0125 43.0666666667 6.74166666667 ;
61.829321663 3.42450765864 4.03282275711 1.4704595186 0.205689277899 17.1619256018 2.17067833698 ;
48.5327272727 2.80363636364 3.13818181818 1.21272727273 0.152727272727 16.9145454545 2.13090909091 ;
77.6322378717 4.44444444444 2.90923317684 1.0579029734 1.02034428795 4.62128325509 0.372456964006 ;
50.1719965428 3.03975799481 1.59291270527 0.445116681072 0.676750216076 2.6698357822 0.135695764909 ;
57.8560157791 3.21696252465 4.95266272189 2.11834319527 0.0177514792899 30.9822485207 4.49309664694 ;
58.6875 3.375 10.0 5.08333333333 0.0 81.375 15.1875 ;
62.023255814 3.3488372093 7.37209302326 3.53488372093 0.0 56.8604651163 9.58720930233 ;
59.6014692378 3.42516069789 2.33516988062 0.738292011019 0.883379247016 3.10651974288 0.15886134068 ;
51.5737704918 2.99531615925 4.73770491803 2.01170960187 0.016393442623 30.5362997658 4.38641686183 ;
70.1116751269 4.03807106599 2.85025380711 0.972081218274 1.0152284264 3.8769035533 0.276649746193 ;
59.5465838509 3.32298136646 8.34161490683 4.16149068323 0.0 67.0310559006 11.8695652174 ;
49.8627787307 2.90737564322 3.1372212693 1.16466552316 0.202401372213 15.0325900515 1.84391080617 ;
63.8045977011 3.47586206897 4.32643678161 1.69885057471 0.112643678161 21.7402298851 2.94252873563 ;
59.9970501475 3.28613569322 6.21533923304 2.76991150442 0.0117994100295 43.0088495575 6.74926253687 ;
49.0301724138 3.00646551724 1.50538793103 0.393318965517 0.661637931034 2.42672413793 0.104525862069 ;
83.3568773234 4.76208178439 2.66171003717 1.04460966543 0.966542750929 4.44237918216 0.327137546468 ;
58.7872763419 3.26441351889 4.99602385686 2.13717693837 0.0119284294235 31.8807157058 4.66799204771 ;
56.7988560534 3.36224976168 2.29265967588 0.720686367969 0.808388941849 3.53860819828 0.222116301239 ;
56.9621451104 3.2429022082 6.60567823344 3.03154574132 0.00946372239748 48.214511041 7.76025236593 ;
81.2252747253 4.58241758242 2.6456043956 1.0 1.02472527473 3.68681318681 0.244505494505 ;
50.6183431953 2.89349112426 3.48224852071 1.34615384615 0.12426035503 19.3032544379 2.52810650888 ;
60.3152173913 3.29347826087 9.1847826087 4.59782608696 0.0 73.8913043478 13.4565217391 ;
67.1035598706 3.82955771305 2.53613807983 0.856526429342 1.00755124056 2.99892125135 0.145631067961 ;
47.6557377049 2.87389659521 1.44136191677 0.398486759142 0.572509457755 3.17780580076 0.201765447667 ;
68.1610738255 3.90939597315 4.75838926174 1.68791946309 0.375838926174 16.7651006711 2.11744966443 ;
58.961130742 3.27208480565 4.20848056537 1.63780918728 0.10777385159 21.7455830389 2.92402826855 ;
68.7249022164 3.98435462842 2.97913950456 1.00651890482 0.976531942634 4.61929595828 0.362451108214 ;
49.1877637131 3.03164556962 1.53902953586 0.409282700422 0.666666666667 2.51898734177 0.117088607595 ;
52.2342995169 3.0845410628 5.23429951691 2.30193236715 0.00724637681159 36.5265700483 5.50483091787 ;
58.9247311828 3.32258064516 8.15591397849 4.01075268817 0.0 65.0698924731 11.3924731183 ;
80.9164556962 4.54936708861 2.63544303797 1.01012658228 0.974683544304 4.23797468354 0.329113924051 ;
66.8063063063 3.45495495495 6.4009009009 2.73423423423 0.0225225225225 38.8783783784 6.04504504505 ;
59.3026188167 3.40252182347 2.29582929195 0.728419010669 0.868089233754 3.09408341416 0.161978661494 ;
48.1979591837 2.79387755102 2.95306122449 1.14081632653 0.171428571429 15.4244897959 1.88163265306 ;
68.7128378378 3.80743243243 4.59797297297 1.76351351351 0.243243243243 19.4290540541 2.56081081081 ;
51.7876230661 2.95921237693 3.37552742616 1.28691983122 0.126582278481 18.3924050633 2.37130801688 ;
53.8622754491 3.25149700599 7.05389221557 3.33532934132 0.0119760479042 53.5449101796 8.76646706587 ;
61.328030303 3.57727272727 2.51515151515 0.800757575758 0.940909090909 3.20984848485 0.175757575758 ;
49.2831215971 2.98094373866 1.62704174229 0.471869328494 0.60889292196 3.27676950998 0.208711433757 ;
76.2633802817 4.30422535211 2.64225352113 0.954929577465 1.02676056338 3.40422535211 0.204225352113 ;
54.9801587302 3.13492063492 5.16071428571 2.19642857143 0.015873015873 33.2222222222 4.89285714286 ;
66.9115646259 3.37414965986 6.51700680272 3.02040816327 0.0 46.768707483 7.61224489796 ;
60.3064516129 3.3064516129 9.66129032258 4.87096774194 0.0 78.435483871 14.564516129 ;
46.768258427 2.89185393258 1.75983146067 0.553370786517 0.497191011236 5.29775280899 0.48595505618 ;
62.0461192351 3.60067491564 2.82452193476 0.905511811024 0.919010123735 4.17885264342 0.29246344207 ;
57.0512195122 3.28048780488 6.21463414634 2.80243902439 0.00731707317073 44.712195122 7.06341463415 ;
52.3636363636 2.93524283935 3.82565379826 1.53175591532 0.0747198007472 22.595267746 3.06102117061 ;
71.2982708934 4.04755043228 2.80403458213 0.974063400576 0.984149855908 4.04899135447 0.309798270893 ;
59.5229357798 3.26605504587 8.96330275229 4.45871559633 0.0 71.8440366972 13.0091743119 ;
54.1597633136 3.18106508876 1.78106508876 0.52899408284 0.744378698225 2.63313609467 0.119526627219 ;
66.6335403727 3.60559006211 5.07763975155 2.07763975155 0.0807453416149 27.1242236025 3.87267080745 ;
84.0978723404 4.85957446809 2.71914893617 1.04680851064 1.02978723404 4.05957446809 0.263829787234 ;
61.0863930886 3.4535637149 3.90712742981 1.43196544276 0.226781857451 16.9935205184 2.14902807775 ;
56.7449908925 3.20765027322 5.78870673953 2.52641165756 0.0109289617486 39.2586520947 6.03096539162 ;
63.7562446167 3.64427217916 2.44616709733 0.803617571059 0.945736434109 2.8992248062 0.141257536606 ;
59.8780487805 3.32317073171 8.31707317073 4.12195121951 0.0 66.7865853659 11.8048780488 ;
78.14490161 4.49194991055 2.92128801431 1.03935599284 1.09123434705 3.8175313059 0.250447227191 ;
49.489465154 2.83954619125 3.46839546191 1.40356564019 0.0891410048622 20.6110210697 2.72123176661 ;
45.910041841 2.82845188285 1.32217573222 0.357740585774 0.510460251046 3.11506276151 0.200836820084 ;
72.7536231884 3.94202898551 5.29710144928 2.1884057971 0.108695652174 26.1739130435 3.75362318841 ;
53.2247191011 3.17191011236 1.97640449438 0.587640449438 0.765168539326 3.17415730337 0.184269662921 ;
52.4634974533 3.05942275042 3.50764006791 1.22410865874 0.314091680815 13.6570458404 1.64006791171 ;
81.9732937685 4.60237388724 2.67359050445 1.0296735905 0.970326409496 4.41246290801 0.341246290801 ;
57.7142857143 3.25907990315 6.02663438257 2.67070217918 0.00726392251816 42.3171912833 6.61501210654 ;
59.0097370983 3.41966893866 2.17429406037 0.682570593963 0.889970788705 2.64556962025 0.10029211295 ;
64.170263789 3.49160671463 4.58992805755 1.87050359712 0.0719424460432 24.6834532374 3.42446043165 ;
59.8376623377 3.31818181818 8.43506493506 4.18831168831 0.0 67.5909090909 12.0 ;
48.5376712329 2.95091324201 1.40867579909 0.377853881279 0.62100456621 2.55251141553 0.123287671233 ;
49.4851485149 2.85396039604 4.09900990099 1.72524752475 0.019801980198 26.2747524752 3.64108910891 ;
69.0773067332 3.99251870324 2.86034912718 0.968827930175 1.00124688279 4.03865336658 0.28927680798 ;
47.9107142857 2.93327067669 1.99436090226 0.642857142857 0.508458646617 6.42387218045 0.635338345865 ;
60.1823708207 3.31610942249 6.38601823708 2.90273556231 0.00607902735562 45.5714285714 7.25531914894 ;
69.7481203008 3.97744360902 2.77819548872 0.9335839599 1.05513784461 3.2656641604 0.190476190476 ;
60.8864197531 3.3037037037 4.39259259259 1.8024691358 0.0567901234568 24.7827160494 3.45185185185 ;
83.2246376812 4.76811594203 2.67028985507 1.05072463768 0.960144927536 4.61956521739 0.355072463768 ;
57.9207419899 3.33389544688 2.05986509275 0.634064080944 0.850758853288 2.43507588533 0.0843170320405 ;
59.0731707317 3.27642276423 8.75609756098 4.37398373984 0.0 70.3333333333 12.6422764228 ;
50.5788336933 2.95464362851 4.64362850972 1.94600431965 0.0194384449244 30.1101511879 4.3282937365 ;
62.4186666667 3.608 3.89333333333 1.352 0.328 14.1093333333 1.688 ;
60.5333333333 3.66666666667 30.8666666667 8.13333333333 2.33333333333 17.4666666667 2.06666666667 ;
59.3066666667 3.41142857143 2.36 0.746666666667 0.872380952381 3.24095238095 0.175238095238 ;
63.0756302521 3.44537815126 4.01260504202 1.62394957983 0.0861344537815 21.7100840336 2.94327731092 ;
59.5020746888 3.30290456432 7.79253112033 3.79668049793 0.0 61.5435684647 10.6307053942 ;
49.128358209 3.01890547264 1.58208955224 0.442786069652 0.641791044776 2.9184079602 0.16815920398 ;
81.9910714286 4.60416666667 2.66964285714 1.02678571429 0.973214285714 4.375 0.33630952381 ;
55.9620938628 3.16606498195 5.29061371841 2.32310469314 0.00541516245487 36.4530685921 5.5 ;
69.1937984496 4.00775193798 2.71188630491 0.931524547804 0.992248062016 3.8669250646 0.268733850129 ;
48.985915493 2.83098591549 3.23943661972 1.25 0.139084507042 17.7728873239 2.2676056338 ;
50.0838709677 2.8935483871 3.31129032258 1.23387096774 0.162903225806 16.8467741935 2.11774193548 ;
59.1505376344 3.31720430108 8.16666666667 4.01612903226 0.0 65.1290322581 11.4193548387 ;
58.376560999 3.37175792507 2.18347742555 0.691642651297 0.832853025937 3.03362151777 0.156580211335 ;
61.875 3.39634146341 6.09756097561 2.65548780488 0.0121951219512 40.4664634146 6.28353658537 ;
81.2815013405 4.61126005362 2.65415549598 1.01876675603 0.986595174263 4.27077747989 0.324396782842 ;
63.9659367397 3.47688564477 4.32846715328 1.7104622871 0.124087591241 21.3649635036 2.86861313869 ;
48.4954545455 2.99318181818 1.56136363636 0.423863636364 0.651136363636 2.78181818182 0.153409090909 ;
68.2515042118 3.93622141998 2.84717208183 0.949458483755 1.01805054152 3.75691937425 0.246690734055 ;
50.8022922636 2.94842406877 4.96275071633 2.16045845272 0.0114613180516 33.1891117479 4.87679083095 ;
58.8634751773 3.40514184397 2.29343971631 0.716312056738 0.872340425532 2.9609929078 0.146276595745 ;
61.2228739003 3.35190615836 6.35483870968 2.85337243402 0.00879765395894 44.1730205279 6.99413489736 ;
50.7224025974 2.90909090909 3.26623376623 1.20616883117 0.154220779221 16.6672077922 2.09090909091 ;
82.961130742 4.73851590106 2.63604240283 1.02120141343 0.996466431095 4.05300353357 0.275618374558 ;
58.7218045113 3.27819548872 8.60902255639 4.27819548872 0.0 69.3458646617 12.3684210526 ;
66.5158730159 3.75925925926 4.25925925926 1.65608465608 0.222222222222 18.7724867725 2.44973544974 ;
52.9736842105 3.03643724696 4.80566801619 2.06072874494 0.0222672064777 31.1437246964 4.50809716599 ;
48.4552572707 2.98993288591 1.56711409396 0.430648769575 0.644295302013 2.89597315436 0.166666666667 ;
69.6954787234 3.95079787234 2.71808510638 0.918882978723 1.03590425532 3.20079787234 0.186170212766 ;
59.3152380952 3.43714285714 2.42380952381 0.760952380952 0.889523809524 3.20285714286 0.171428571429 ;
56.7575150301 3.19238476954 5.26052104208 2.2244488978 0.0160320641283 33.5551102204 4.96392785571 ;
59.78125 3.30208333333 9.14583333333 4.5625 0.0 73.4270833333 13.3125 ;
82.6221498371 4.7003257329 2.65798045603 1.04560260586 0.960912052117 4.7003257329 0.381107491857 ;
63.1241534989 3.44018058691 4.230248307 1.60270880361 0.151241534989 19.7110609481 2.59367945824 ;
49.1307767945 3.00786627335 1.59685349066 0.452310717797 0.635201573255 3.02654867257 0.17994100295 ;
48.8336314848 2.82647584973 3.23613595707 1.26654740608 0.119856887299 18.3166368515 2.35241502683 ;
69.5668789809 3.99108280255 2.74777070064 0.936305732484 1.0127388535 3.60382165605 0.236942675159 ;
58.1939163498 3.26996197719 6.68441064639 3.1216730038 0.00760456273764 49.5817490494 8.05323193916 ;
69.8200992556 3.99007444169 2.69106699752 0.921836228288 1.00868486352 3.53598014888 0.227047146402 ;
60.350931677 3.32298136646 6.58695652174 3.03726708075 0.00621118012422 47.5062111801 7.66459627329 ;
48.4322968907 2.95586760281 1.67602808425 0.495486459378 0.599799398195 3.76529588766 0.272818455366 ;
52.7072419106 3.02003081664 3.42835130971 1.28813559322 0.127889060092 18.3882896764 2.36825885978 ;
58.9503916449 3.41340295909 2.35248041775 0.737162750218 0.869451697128 3.15404699739 0.167101827676 ;
83.4474708171 4.77821011673 2.61478599222 1.01167315175 1.01167315175 3.73151750973 0.229571984436 ;
58.84375 3.30208333333 9.14583333333 4.54166666667 0.0 73.4375 13.2604166667 ;
53.3873684211 3.05684210526 4.98105263158 2.12210526316 0.0168421052632 32.2673684211 4.72 ;
68.8805970149 3.75373134328 4.77985074627 1.86567164179 0.190298507463 21.3507462687 2.89925373134 ;
80.3773148148 4.56944444444 2.87037037037 1.08333333333 0.99537037037 4.74305555556 0.391203703704 ;
61.733615222 3.41860465116 4.01057082452 1.48202959831 0.200845665962 17.7695560254 2.28752642706 ;
60.0181818182 3.34545454545 9.83636363636 4.98181818182 0.0 79.8363636364 14.8909090909 ;
57.3895582329 3.24497991968 7.0281124498 3.32530120482 0.00803212851406 53.453815261 8.83534136546 ;
65.7680906713 3.79598953793 2.63818657367 0.870095902354 0.989537925022 3.19877942459 0.17262423714 ;
52.042366691 3.11176040906 1.68517165814 0.45799853908 0.747260774288 2.26515704894 0.073046018992 ;
50.9637526652 2.93603411514 4.40724946695 1.86353944563 0.0213219616205 28.4776119403 4.02771855011 ;
63.1308411215 3.43613707165 5.7445482866 2.45482866044 0.018691588785 36.1713395639 5.48598130841 ;
48.5853174603 2.85912698413 2.80555555556 1.07936507937 0.224206349206 13.1448412698 1.55753968254 ;
65.4202401372 3.78387650086 2.61492281304 0.863636363636 0.999142367067 3.07890222985 0.153516295026 ;
59.4964539007 3.29787234043 8.58865248227 4.23404255319 0.0 68.6737588652 12.219858156 ;
60.5940366972 3.43119266055 3.92201834862 1.36009174312 0.286697247706 15.2568807339 1.88990825688 ;
51.674644727 3.08676140613 1.64173522812 0.442782348542 0.724008975318 2.30590875093 0.0830216903515 ;
62.5127478754 3.39660056657 5.09348441926 2.13031161473 0.0368271954674 29.9490084986 4.32861189802 ;
80.0814977974 4.56387665198 2.8986784141 1.09251101322 0.986784140969 4.96916299559 0.420704845815 ;
49.8242894057 2.90439276486 4.24031007752 1.78294573643 0.0232558139535 27.0439276486 3.78294573643 ;
47.9976247031 2.77197149644 2.67933491686 1.0593824228 0.197149643705 13.4014251781 1.5890736342 ;
57.9012345679 3.25925925926 6.29012345679 2.86728395062 0.00925925925926 44.9783950617 7.14197530864 ;
48.4013528749 2.98872604284 1.56482525366 0.426155580609 0.645997745209 2.86020293123 0.161217587373 ;
58.5175 3.275 6.12 2.7175 0.01 42.6875 6.685 ;
68.4452054795 3.94292237443 2.850456621 0.955479452055 1.00913242009 3.84817351598 0.262557077626 ;
51.8526645768 2.98589341693 3.31661442006 1.19592476489 0.200626959248 15.565830721 1.9263322884 ;
59.8486842105 3.30921052632 8.44078947368 4.19078947368 0.0 67.7565789474 12.0394736842 ;
53.4246031746 3.03571428571 4.49007936508 1.92063492063 0.0257936507937 28.1507936508 3.96428571429 ;
69.5696202532 3.83966244726 4.69620253165 1.86075949367 0.172995780591 21.7890295359 2.96202531646 ;
58.4194831014 3.36381709742 2.1282306163 0.668986083499 0.841948310139 2.76640159046 0.12226640159 ;
82.1003134796 4.61128526646 2.62382445141 0.996865203762 1.01567398119 3.66457680251 0.23197492163 ;
54.0343878955 3.07840440165 3.45667125172 1.2613480055 0.189821182944 16.295735901 2.04126547455 ;
83.6375 4.98333333333 3.12916666667 1.22083333333 0.945833333333 6.60833333333 0.633333333333 ;
60.5789473684 3.29473684211 9.13684210526 4.57894736842 0.0 73.4526315789 13.3684210526 ;
61.3525179856 3.57913669065 2.45863309353 0.786870503597 0.937949640288 3.14928057554 0.160971223022 ;
56.3450980392 3.2431372549 6.70980392157 3.10588235294 0.0117647058824 49.6117647059 8.06274509804 ;
49.6747404844 2.99567474048 1.59515570934 0.455017301038 0.634948096886 2.99307958478 0.177335640138 ;
51.7961783439 2.97239915074 4.53078556263 1.93630573248 0.0191082802548 29.4416135881 4.18259023355 ;
71.9635811836 4.0091047041 2.78300455235 0.959028831563 0.984825493171 3.86494688923 0.280728376328 ;
65.4703947368 3.48355263158 5.58223684211 2.36842105263 0.0361842105263 33.1546052632 4.94078947368 ;
60.8972835314 3.50084889643 2.34210526316 0.726655348048 0.950764006791 2.60186757216 0.102716468591 ;
50.0415913201 2.86799276673 3.60759493671 1.48101265823 0.0650994575045 22.3616636528 2.99638336347 ;
53.6361185984 3.14016172507 5.67924528302 2.43935309973 0.0134770889488 38.2911051213 5.84636118598 ;
49.1303191489 2.97960992908 1.67996453901 0.502659574468 0.602836879433 3.68705673759 0.257978723404 ;
75.3697788698 4.30466830467 2.77027027027 0.995085995086 1.02088452088 3.76412776413 0.253071253071 ;
65.3023255814 3.43023255814 6.49418604651 3.00581395349 0.0 46.8023255814 7.5523255814 ;
68.8080357143 3.75446428571 5.0 2.0625 0.0982142857143 25.2857142857 3.53125 ;
58.0373134328 3.29850746269 8.61940298507 4.25373134328 0.0 69.0447761194 12.2686567164 ;
59.2112359551 3.38202247191 3.78202247191 1.3393258427 0.269662921348 15.0359550562 1.85393258427 ;
50.2997032641 2.87833827893 3.47922848665 1.34272997033 0.126112759644 19.0178041543 2.47922848665 ;
65.4042553191 3.77811550152 3.80243161094 1.37082066869 0.310030395137 14.9513677812 1.81458966565 ;
60.3467336683 3.31155778894 8.05527638191 3.94472361809 0.0 64.0150753769 11.1859296482 ;
58.3279002876 3.39117929051 2.27804410355 0.709491850431 0.869606903164 2.93959731544 0.14573346117 ;
82.1165644172 4.62576687117 2.65337423313 1.01226993865 1.00306748466 3.98466257669 0.273006134969 ;
48.450597177 2.97719869707 1.60586319218 0.450597176982 0.625407166124 3.15852334419 0.196525515744 ;
63.3342175066 3.38726790451 5.09814323607 2.20159151194 0.0318302387268 30.4350132626 4.43766578249 ;
53.3899204244 3.15384615385 5.77984084881 2.51724137931 0.0106100795756 39.7161803714 6.0875331565 ;
68.8059508409 3.9107373868 2.67270375162 0.901681759379 1.0362225097 3.00129366106 0.153945666235 ;
63.2115384615 3.72115384615 15.5096153846 3.625 2.98076923077 5.27884615385 0.375 ;
63.758974359 3.47435897436 4.10256410256 1.69230769231 0.0769230769231 22.6384615385 3.08205128205 ;
60.6726677578 3.50818330606 1.89361702128 0.665302782324 0.799509001637 3.33715220949 0.193944353519 ;
51.7399527187 2.98817966903 4.79905437352 2.09219858156 0.00709219858156 32.9929078014 4.84397163121 ;
63.8181818182 3.44628099174 6.43388429752 2.80991735537 0.0165289256198 41.7231404959 6.55371900826 ;
75.3133971292 4.27751196172 2.37200956938 0.917464114833 0.91985645933 4.09090909091 0.303827751196 ;
50.0892857143 2.90584415584 3.14123376623 1.17857142857 0.155844155844 16.3051948052 2.02435064935 ;
49.1902339776 3.01322482197 1.46388606307 0.405900305188 0.635808748728 2.65920651068 0.139369277721 ;
57.9655172414 3.26600985222 7.95566502463 3.91625615764 0.0 63.6945812808 11.0935960591 ;
62.6031746032 3.69841269841 14.5714285714 3.46825396825 2.8253968254 5.93650793651 0.468253968254 ;
59.2211630124 3.42897998093 1.79027645377 0.633937082936 0.728312678742 3.54623450906 0.223069590086 ;
56.9225181598 3.24697336562 6.01694915254 2.65133171913 0.00726392251816 42.1016949153 6.5617433414 ;
59.6561461794 3.25747508306 4.39534883721 1.86212624585 0.0365448504983 26.3521594684 3.69102990033 ;
59.9937888199 3.32919254658 8.34161490683 4.14285714286 0.0 67.0062111801 11.8633540373 ;
48.9520766773 3.00106496273 1.44834930777 0.395101171459 0.644302449414 2.58892438765 0.130990415335 ;
82.6363636364 4.72727272727 2.73051948052 1.07467532468 0.938311688312 5.17207792208 0.441558441558 ;
69.6380832282 3.96973518285 2.22068095839 0.837326607818 0.875157629256 4.11979823455 0.317780580076 ;
49.5493630573 2.85828025478 3.08280254777 1.19585987261 0.12898089172 17.0668789809 2.16082802548 ;
58.7166361974 3.39670932358 2.24771480804 0.701096892139 0.882084095064 2.77148080439 0.120658135283 ;
65.0601265823 3.44936708861 5.44620253165 2.37025316456 0.0158227848101 34.414556962 5.17405063291 ;
83.2408759124 4.75547445255 2.66423357664 1.04379562044 0.959854014599 4.53284671533 0.343065693431 ;
50.4530791789 2.8724340176 3.39736070381 1.3284457478 0.114369501466 19.0337243402 2.4706744868 ;
59.8121546961 3.32596685083 8.17679558011 4.03867403315 0.0 65.4640883978 11.4972375691 ;
48.4543454345 2.98679867987 1.58855885589 0.441144114411 0.635863586359 3.03520352035 0.183718371837 ;
69.9341935484 3.97161290323 2.62451612903 0.895483870968 1.02193548387 3.25419354839 0.193548387097 ;
63.725440806 3.63727959698 4.35012594458 1.54911838791 0.324937027708 15.8866498741 1.96473551637 ;
52.3503836317 3.09718670077 5.56010230179 2.43734015345 0.0102301790281 38.2352941176 5.82864450128 ;
66.5 3.62951807229 4.64156626506 1.87951807229 0.102409638554 23.671686747 3.26807228916 ;
56.3423035522 3.31108719053 1.95048439182 0.589881593111 0.824542518837 2.39504843918 0.0796555435953 ;
59.7307692308 3.32051282051 8.41666666667 4.17948717949 0.0 67.4358974359 11.9615384615 ;
79.6911447084 4.52051835853 2.74298056156 1.01295896328 1.04103671706 3.90496760259 0.274298056156 ;
52.0589225589 3.03535353535 3.23400673401 1.17003367003 0.249158249158 14.0993265993 1.70202020202 ;
51.3700623701 2.92307692308 4.19542619543 1.78378378378 0.018711018711 26.9563409563 3.75675675676 ;
66.2302231237 3.81034482759 2.82048681542 0.937119675456 0.973630831643 3.8569979716 0.255578093306 ;
57.9950617284 3.26172839506 6.13333333333 2.6962962963 0.0123456790123 42.3777777778 6.62716049383 ;
47.2392273403 2.88112927192 1.40564635958 0.35661218425 0.609212481426 2.67161961367 0.144130757801 ;
64.1322115385 3.50240384615 4.40144230769 1.74759615385 0.108173076923 22.3701923077 3.04086538462 ;
59.3261278195 3.42481203008 2.31390977444 0.742481203008 0.841165413534 3.4530075188 0.204887218045 ;
55.6593625498 3.16932270916 5.42629482072 2.33864541833 0.00996015936255 36.374501992 5.47609561753 ;
82.0209580838 4.62874251497 2.60179640719 1.0119760479 0.961077844311 4.3622754491 0.335329341317 ;
59.2340425532 3.40425531915 10.0425531915 5.10638297872 0.0 81.7021276596 15.3191489362 ;
49.1007677543 3.0 1.61708253359 0.463531669866 0.62763915547 3.19385796545 0.199616122841 ;
49.7324632953 2.86949429038 3.48613376835 1.33442088091 0.137030995106 18.7389885808 2.43719412724 ;
69.1948717949 3.98076923077 2.93076923077 0.980769230769 1.03717948718 3.77692307692 0.253846153846 ;
60.2126696833 3.30316742081 7.33031674208 3.47058823529 0.00452488687783 55.2895927602 9.22624434389 ;
58.0353982301 3.28318584071 8.84955752212 4.40707964602 0.0 71.2654867257 12.8053097345 ;
55.9656019656 3.29238329238 3.82800982801 1.29484029484 0.481572481572 11.1228501229 1.25798525799 ;
78.3743218807 4.50994575045 2.94936708861 1.04882459313 1.07775768535 4.03435804702 0.280289330922 ;
53.6339869281 3.08061002179 5.18736383442 2.2091503268 0.0130718954248 33.9302832244 5.0 ;
63.9727659574 3.67914893617 2.42468085106 0.80085106383 0.944680851064 2.95404255319 0.141276595745 ;
50.4605704698 3.02768456376 1.49161073826 0.403523489933 0.687919463087 2.35151006711 0.0889261744966 ;
61.9547169811 3.36603773585 6.62264150943 3.05660377358 0.00754716981132 47.4528301887 7.67547169811 ;
65.6294277929 3.58038147139 4.34604904632 1.76021798365 0.103542234332 22.10626703 3.0 ;
48.6352459016 2.78893442623 3.15368852459 1.23975409836 0.094262295082 18.7909836066 2.43237704918 ;
81.6938202247 4.64887640449 2.77528089888 1.06741573034 0.946629213483 5.08988764045 0.438202247191 ;
51.1909385113 3.08090614887 5.42394822006 2.3786407767 0.00647249190939 38.1974110032 5.77993527508 ;
47.6603773585 2.88948787062 1.38140161725 0.357142857143 0.598382749326 2.69541778976 0.149595687332 ;
61.0220588235 3.32169117647 4.59742647059 1.84926470588 0.0808823529412 24.7904411765 3.43382352941 ;
58.6218487395 3.3025210084 8.82352941176 4.3781512605 0.0 70.6890756303 12.6890756303 ;
64.0711297071 3.42677824268 6.57322175732 2.97907949791 0.00836820083682 45.7154811715 7.33054393305 ;
57.2877442274 3.37921847247 2.31438721137 0.722912966252 0.83214920071 3.33925399645 0.193605683837 ;
49.6523887974 2.87808896211 3.2981878089 1.24382207578 0.156507413509 17.2701812191 2.19769357496 ;
68.0194472876 3.88536335722 2.72978505629 0.935516888434 0.975435005118 3.9252814739 0.274309109519 ;
47.9138576779 2.95006242197 1.51935081149 0.405742821473 0.626716604245 2.94631710362 0.176029962547 ;
66.9068322981 3.67391304348 4.5900621118 1.81055900621 0.145962732919 21.5745341615 2.92857142857 ;
81.0157480315 4.61679790026 2.70341207349 1.01312335958 1.02624671916 3.89763779528 0.275590551181 ;
67.4365591398 3.85806451613 2.81612903226 0.935483870968 1.0064516129 3.74193548387 0.239784946237 ;
50.4700162075 2.91410048622 3.31604538088 1.21555915721 0.157212317666 17.0502431118 2.16045380875 ;
59.6666666667 3.28888888889 8.61481481481 4.28888888889 0.0 69.1925925926 12.362962963 ;
54.1953781513 3.07142857143 4.86134453782 2.06512605042 0.0189075630252 30.9075630252 4.44537815126 ;
58.8836477987 3.29245283019 6.38050314465 2.90251572327 0.00943396226415 45.4559748428 7.2358490566 ;
57.3888354187 3.34359961501 2.10779595765 0.676612127045 0.797882579403 3.09624639076 0.165543792108 ;
67.8 3.90842105263 2.78947368421 0.927368421053 1.03368421053 3.44421052632 0.203157894737 ;
50.607421875 2.892578125 4.068359375 1.705078125 0.021484375 26.009765625 3.5859375 ;
56.4813466788 3.28298453139 1.88080072793 0.58143767061 0.790718835305 2.38671519563 0.0828025477707 ;
60.4585987261 3.32484076433 8.41401273885 4.15923566879 0.0 67.2229299363 11.9363057325 ;
65.8160535117 3.54180602007 5.38795986622 2.28428093645 0.0434782608696 31.1404682274 4.59197324415 ;
47.0418719212 2.91009852217 1.86945812808 0.566502463054 0.557881773399 5.23522167488 0.480295566502 ;
58.5 3.275 3.70192307692 1.31923076923 0.240384615385 15.4711538462 1.925 ;
55.3476821192 3.20860927152 6.16887417219 2.74503311258 0.00993377483444 44.0894039735 6.92715231788 ;
81.3913043478 4.61956521739 2.84782608696 1.08152173913 0.972826086957 4.97010869565 0.415760869565 ;
50.8625277162 2.89135254989 4.07982261641 1.69623059867 0.0332594235033 25.6208425721 3.54767184035 ;
64.9701365188 3.72610921502 2.56228668942 0.835324232082 0.98976109215 2.87116040956 0.130546075085 ;
51.397314376 3.08925750395 1.59873617694 0.432859399684 0.723538704581 2.24960505529 0.0726698262243 ;
55.2317460317 3.2126984127 6.1746031746 2.74603174603 0.00952380952381 44.2380952381 6.95238095238 ;
60.156462585 3.31972789116 8.51020408163 4.23129251701 0.0 68.1224489796 12.1428571429 ;
79.8215053763 4.54193548387 2.8688172043 1.05806451613 1.02150537634 4.54193548387 0.356989247312 ;
61.6527777778 3.5462962963 3.91435185185 1.37037037037 0.3125 14.8912037037 1.82175925926 ;
48.2720930233 2.82093023256 2.73488372093 1.07906976744 0.227906976744 12.7813953488 1.50465116279 ;
64.3636363636 3.45747800587 5.3431085044 2.27272727273 0.0351906158358 31.5513196481 4.642228739 ;
61.7580645161 3.58064516129 4.30875576037 1.45852534562 0.373271889401 14.5230414747 1.76267281106 ;
59.6554054054 3.31756756757 8.49324324324 4.20945945946 0.0 68.0337837838 12.0945945946 ;
77.9001636661 4.47954173486 2.90507364975 1.05564648118 1.03927986907 4.52700490998 0.355155482815 ;
50.1509433962 3.03430531732 1.59519725557 0.447684391081 0.67409948542 2.70754716981 0.139794168096 ;
66.5754716981 3.49528301887 6.10377358491 2.69811320755 0.00471698113208 40.6367924528 6.33962264151 ;
62.9959049959 3.59131859132 2.34971334971 0.761670761671 0.938574938575 2.66339066339 0.108108108108 ;
56.4257028112 3.12248995984 4.49799196787 1.93975903614 0.0261044176707 27.6626506024 3.9016064257 ;
48.1569037657 2.78870292887 3.01046025105 1.16108786611 0.142259414226 16.629707113 2.08368200837 ;
51.7689243028 3.1235059761 5.90438247012 2.61354581673 0.0119521912351 42.3505976096 6.58565737052 ;
58.4755512943 3.37679769895 2.29338446788 0.710450623202 0.869606903164 2.953978907 0.143815915628 ;
57.8597560976 3.2581300813 5.79268292683 2.51016260163 0.010162601626 39.1707317073 6.02235772358 ;
50.1951807229 2.84819277108 4.00240963855 1.65542168675 0.0361445783133 24.8289156627 3.4 ;
59.3969072165 3.32474226804 8.10824742268 3.9793814433 0.0 64.5618556701 11.3041237113 ;
81.1926121372 4.5963060686 2.75461741425 1.03957783641 0.997361477573 4.33245382586 0.332453825858 ;
49.8481012658 2.94092827004 3.05063291139 1.13502109705 0.272151898734 12.8291139241 1.51265822785 ;
48.4546599496 2.98614609572 1.38539042821 0.351385390428 0.658690176322 2.20277078086 0.0717884130982 ;
68.3505535055 3.94341943419 2.74661746617 0.932349323493 0.993849938499 3.73677736777 0.243542435424 ;
64.0891566265 3.50120481928 4.30602409639 1.68192771084 0.118072289157 21.265060241 2.86265060241 ;
66.6780185759 3.65325077399 4.61609907121 1.84829721362 0.120743034056 22.7244582043 3.10526315789 ;
56.5594713656 3.37885462555 3.45814977974 1.19823788546 0.511013215859 10.0154185022 1.11013215859 ;
66.2119148936 3.81106382979 2.62042553191 0.869787234043 0.989787234043 3.29957446809 0.182978723404 ;
59.457337884 3.29692832765 6.40273037543 2.90443686007 0.0102389078498 45.0511945392 7.16040955631 ;
59.644295302 3.31543624161 8.47651006711 4.20134228188 0.0 68.0067114094 12.0738255034 ;
48.3249475891 2.79035639413 3.04192872117 1.15303983229 0.125786163522 16.9601677149 2.14046121593 ;
53.4949494949 3.03838383838 4.80404040404 2.0404040404 0.020202020202 30.7838383838 4.43434343434 ;
81.2432432432 4.58918918919 2.72432432432 1.02432432432 1.01351351351 3.99459459459 0.286486486486 ;
51.3928293063 3.06547155105 1.53546375682 0.407638347623 0.726422447389 2.03741231489 0.0483242400624 ;
59.4898148148 3.41851851852 2.29351851852 0.730555555556 0.857407407407 3.25648148148 0.177777777778 ;
58.9123287671 3.29315068493 6.20273972603 2.78356164384 0.00821917808219 43.5917808219 6.87397260274 ;
63.0476190476 3.42443064182 4.56728778468 1.8198757764 0.0910973084886 23.9068322981 3.29399585921 ;
69.6464646465 4.00631313131 2.88636363636 0.977272727273 1.02525252525 3.88636363636 0.27398989899 ;
48.9516685846 2.98849252014 1.41311852704 0.356731875719 0.670886075949 2.10586881473 0.0563866513234 ;
49.9116161616 2.91414141414 4.38888888889 1.85858585859 0.0176767676768 28.4949494949 4.03787878788 ;
50.1931034483 2.96379310345 3.14310344828 1.14137931034 0.260344827586 13.5482758621 1.63275862069 ;
59.3673469388 3.30612244898 8.48979591837 4.19047619048 0.0 68.1700680272 12.1020408163 ;
82.5504885993 4.69381107492 2.65798045603 1.04234527687 0.938110749186 4.79153094463 0.390879478827 ;
57.7297297297 3.25868725869 6.80308880309 3.20077220077 0.00772200772201 51.166023166 8.36293436293 ;
58.7262396694 3.33780991736 1.58161157025 0.53305785124 0.775826446281 2.13223140496 0.0402892561983 ;
51.224340176 2.90322580645 3.47947214076 1.38416422287 0.0806451612903 20.4486803519 2.70527859238 ;
83.4514925373 4.72014925373 2.66791044776 1.05970149254 0.962686567164 4.5671641791 0.350746268657 ;
48.3902691511 2.96894409938 1.63043478261 0.478260869565 0.608695652174 3.63457556936 0.250517598344 ;
70.3362720403 4.01511335013 2.61335012594 0.919395465995 0.97355163728 3.97858942065 0.292191435768 ;
59.7272727273 3.32467532468 9.49350649351 4.74025974026 0.0 76.0649350649 13.974025974 ;
59.4511545293 3.30373001776 5.31971580817 2.2539964476 0.0213143872114 33.1296625222 4.90586145648 ;
61.2873303167 3.67873303167 5.26923076923 1.59049773756 0.848416289593 10.9773755656 1.23755656109 ;
47.7684085511 2.89667458432 1.56888361045 0.440617577197 0.585510688836 3.4809976247 0.236342042755 ;
50.8693009119 2.88601823708 3.53343465046 1.37386018237 0.109422492401 19.8890577508 2.62765957447 ;
68.0593849417 3.92046659597 2.74231177094 0.921527041357 1.02226935313 3.48568398727 0.211028632025 ;
59.0871794872 3.32307692308 8.10256410256 3.97948717949 0.0 64.4564102564 11.2666666667 ;
65.4555873926 3.60171919771 4.37249283668 1.69627507163 0.169054441261 19.8366762178 2.62750716332 ;
57.30643699 3.37987307344 2.26291931097 0.716228467815 0.812330009066 3.38803263826 0.199456029012 ;
53.1980440098 3.12958435208 5.49144254279 2.36674816626 0.0122249388753 36.7921760391 5.53789731051 ;
66.4512820513 3.45128205128 5.92820512821 2.59487179487 0.00512820512821 39.2051282051 6.08205128205 ;
82.1107692308 4.60615384615 2.61538461538 1.00307692308 0.996923076923 3.96923076923 0.28 ;
51.3231511254 3.08601286174 1.5345659164 0.413987138264 0.715434083601 2.15836012862 0.0570739549839 ;
62.6422018349 3.43425076453 5.33027522936 2.25382262997 0.0214067278287 32.8470948012 4.874617737 ;
64.7873417722 3.72405063291 2.62362869198 0.850632911392 0.991561181435 2.99240506329 0.148523206751 ;
59.6967213115 3.29508196721 8.80327868852 4.38524590164 0.0 70.4262295082 12.6557377049 ;
63.8362720403 3.56926952141 4.02518891688 1.47607052897 0.244332493703 16.8564231738 2.1234256927 ;
50.5305676856 2.89737991266 4.18122270742 1.75545851528 0.0262008733624 26.731441048 3.73362445415 ;
49.7908256881 2.92293577982 2.9871559633 1.11559633028 0.278899082569 12.7706422018 1.51009174312 ;
79.7857142857 4.5367965368 2.78571428571 1.0303030303 1.03463203463 4.0670995671 0.292207792208 ;
57.2795698925 3.25448028674 6.53405017921 2.98566308244 0.010752688172 47.2365591398 7.55197132616 ;
51.0089686099 2.92675635277 3.32137518685 1.22720478326 0.153961136024 17.1434977578 2.16741405082 ;
58.5527777778 3.37222222222 2.18981481481 0.694444444444 0.843518518519 2.94351851852 0.14537037037 ;
59.7294117647 3.34117647059 9.31764705882 4.64705882353 0.0 74.9176470588 13.6352941176 ;
66.7969543147 3.48730964467 6.19289340102 2.78680203046 0.0 42.3756345178 6.72081218274 ;
68.5166666667 3.97777777778 3.12333333333 1.04222222222 0.957777777778 5.18666666667 0.445555555556 ;
81.5150684932 4.56164383562 2.58082191781 1.01095890411 0.950684931507 4.45205479452 0.361643835616 ;
57.2079207921 3.1897689769 4.79207920792 2.02310231023 0.03300330033 28.8168316832 4.10561056106 ;
48.438752784 2.98218262806 1.55011135857 0.430957683742 0.632516703786 2.95879732739 0.174832962138 ;
53.2785388128 3.15525114155 6.56621004566 3.04566210046 0.013698630137 49.0410958904 7.92237442922 ;
59.4520547945 3.32876712329 9.53424657534 4.78082191781 0.0 76.6712328767 14.1095890411 ;
65.7595419847 3.78148854962 2.66125954198 0.891221374046 0.953244274809 3.67366412214 0.231870229008 ;
65.1002638522 3.55672823219 4.40105540897 1.72559366755 0.126649076517 21.2427440633 2.86015831135 ;
50.3698412698 2.86984126984 3.55396825397 1.38412698413 0.112698412698 19.9650793651 2.6380952381 ;
79.6038135593 4.52118644068 2.78813559322 1.02966101695 1.04237288136 4.07203389831 0.294491525424 ;
46.9626436782 2.86494252874 1.5617816092 0.445402298851 0.566091954023 3.7974137931 0.274425287356 ;
55.5856031128 3.29280155642 2.11089494163 0.649805447471 0.782101167315 3.14299610895 0.176070038911 ;
59.3732718894 3.3133640553 7.0599078341 3.33640552995 0.00921658986175 52.9861751152 8.72811059908 ;
56.518907563 3.20168067227 5.43907563025 2.32142857143 0.00840336134454 36.0231092437 5.41806722689 ;
58.5161290323 3.40725806452 2.18790322581 0.695161290323 0.856451612903 2.8685483871 0.135483870968 ;
58.3753846154 3.26153846154 6.57230769231 3.04307692308 0.00923076923077 48.0092307692 7.76923076923 ;
53.7531992687 3.06032906764 4.75868372943 2.02559414991 0.0201096892139 30.4296160878 4.36014625229 ;
73.4109589041 4.19471624266 2.79549902153 0.970645792564 1.04305283757 3.53522504892 0.223091976517 ;
49.0715630885 2.84745762712 2.98305084746 1.131826742 0.177024482109 15.2297551789 1.86629001883 ;
59.2417582418 3.2967032967 9.24175824176 4.59340659341 0.0 74.1208791209 13.4175824176 ;
73.5298507463 3.96268656716 5.37313432836 2.24626865672 0.119402985075 27.6417910448 4.02985074627 ;
62.0568475452 3.47803617571 3.94056847545 1.44444444444 0.191214470284 17.4935400517 2.23514211886 ;
47.9407008086 2.94204851752 1.49191374663 0.366576819407 0.657681940701 2.41644204852 0.10781671159 ;
66.8317853457 3.84210526316 2.75851393189 0.916408668731 0.992776057792 3.6181630547 0.22084623323 ;
60.1927710843 3.3313253012 6.47590361446 2.96987951807 0.00602409638554 46.4548192771 7.43373493976 ;
47.6213592233 2.88765603329 1.41886269071 0.355062413315 0.608876560333 2.60055478502 0.141470180305 ;
63.9976689977 3.4965034965 4.36596736597 1.67832167832 0.132867132867 20.8717948718 2.79953379953 ;
59.3796296296 3.26851851852 8.97222222222 4.46296296296 0.0 71.962962963 13.0277777778 ;
80.4047058824 4.58117647059 2.73176470588 1.03294117647 1.00470588235 4.32235294118 0.331764705882 ;
56.7124505929 3.35079051383 2.14723320158 0.680830039526 0.819169960474 3.09782608696 0.167984189723 ;
49.4122965642 2.86799276673 3.17359855335 1.18625678119 0.162748643761 16.4719710669 2.05605786618 ;
53.2191489362 3.04255319149 4.91276595745 2.09787234043 0.0170212765957 31.714893617 4.60212765957 ;
