cluster 0
size:597
#377eb8
[ 1.69143171  4.7738283   2.59477172  2.07484268  1.34484059  0.63058454
  3.0716895 ]

cluster 1
size:479
#ff7f00
[ 2.23101504  4.68458712  3.08470025  4.31550632  2.63877744  3.602998
  2.87239767]

cluster 2
size:682
#4daf4a
[ 1.75639971  4.73460917  2.64194308  1.82812138  3.8809974   1.04997148
  3.24629602]

cluster 3
size:739
#f781bf
[ 2.92946267  4.50447344  3.27755502  3.59444483  4.49791079  1.89254343
  3.39576274]

cluster 4
size:365
#a65628
[ 1.63614173  4.72469122  0.0834211   1.63500313  2.42714888  0.70666748
  3.0332312 ]

cluster 5
size:147
#984ea3
[ 1.74907945  4.65987427  1.94119919  2.20690222  1.93920331  0.95955792
  0.02385993]

