36.9161451815 4.22152690864 4.96370463079 0.0 0.0 4.07008760951 0.0 ;
39.0666666667 31.4888888889 10.4888888889 1.55555555556 0.511111111111 5.22222222222 0.222222222222 ;
38.8095238095 7.80952380952 8.90476190476 1.0 0.0 13.619047619 1.0 ;
37.3122028526 8.19651347068 2.35182250396 0.0 0.0 12.4770206022 1.0 ;
38.1973490427 6.0147275405 1.52724594993 0.0 0.0 5.10419734904 0.0 ;
37.0392156863 14.0490196078 3.44117647059 0.460784313725 0.0 25.862745098 2.48039215686 ;
44.0378071834 26.6710775047 1.80529300567 0.0 0.0 4.01701323251 0.0 ;
37.2173913043 4.46376811594 11.8043478261 1.15217391304 0.0 4.94202898551 0.0 ;
37.2173913043 4.46376811594 11.8043478261 1.15217391304 0.0 4.94202898551 0.0 ;
37.3122028526 8.19651347068 2.35182250396 0.0 0.0 12.4770206022 1.0 ;
39.0666666667 31.4888888889 10.4888888889 1.55555555556 0.511111111111 5.22222222222 0.222222222222 ;
38.8095238095 7.80952380952 8.90476190476 1.0 0.0 13.619047619 1.0 ;
38.1969083548 6.01435406699 1.52778800147 0.0 0.0 5.1048951049 0.0 ;
44.0378071834 26.6710775047 1.80529300567 0.0 0.0 4.01701323251 0.0 ;
37.0392156863 14.0490196078 3.44117647059 0.460784313725 0.0 25.862745098 2.48039215686 ;
36.9160401003 4.22055137845 4.96616541353 0.0 0.0 4.0664160401 0.0 ;
37.432 12.936 4.488 0.576 0.0 23.592 2.208 ;
36.2428940568 5.9819121447 1.94573643411 0.0 0.0 12.0413436693 1.0 ;
38.8837209302 32.488372093 10.4418604651 1.53488372093 0.53488372093 4.88372093023 0.186046511628 ;
37.2173913043 4.46376811594 11.8043478261 1.15217391304 0.0 4.94202898551 0.0 ;
39.0081967213 11.7090163934 2.99590163934 0.0 0.0 13.1680327869 1.0 ;
36.9742599743 4.22522522523 5.03088803089 0.0 0.0 4.0592020592 0.0 ;
38.1546617916 5.99890310786 1.53711151737 0.0 0.0 5.10237659963 0.0 ;
44.0864661654 26.5563909774 1.7969924812 0.0 0.0 4.00563909774 0.0 ;
37.2070626003 8.09470304976 2.31621187801 0.0 0.0 12.4943820225 1.0 ;
44.2301480485 21.7725437416 1.47240915209 0.0 0.0 4.09555854643 0.0 ;
37.7631578947 17.1578947368 3.55263157895 0.0 0.0 19.6710526316 1.81578947368 ;
38.6989247312 10.7849462366 7.33333333333 1.1935483871 0.0 19.5161290323 1.63440860215 ;
70.0 6.25 1.5 0.0 0.0 5.25 0.25 ;
40.1 55.3 7.15 0.7 0.65 3.45 0.05 ;
36.5234375 3.8203125 12.625 1.34375 0.078125 4.3828125 0.0 ;
37.4310868245 5.30449301761 2.40983606557 0.0 0.0 4.90771098968 0.0 ;
39.1071428571 7.78571428571 9.82142857143 1.14285714286 0.0 13.0 1.0 ;
38.6829268293 33.5853658537 9.9756097561 1.43902439024 0.560975609756 4.63414634146 0.146341463415 ;
37.0392156863 14.0490196078 3.44117647059 0.460784313725 0.0 25.862745098 2.48039215686 ;
37.2173913043 4.46376811594 11.8043478261 1.15217391304 0.0 4.94202898551 0.0 ;
36.9390088945 4.21982210928 5.0 0.0 0.0 4.06861499365 0.0 ;
44.0753295669 26.5875706215 1.80037664783 0.0 0.0 4.00753295669 0.0 ;
37.3184713376 8.21337579618 2.32324840764 0.0 0.0 12.4840764331 1.0 ;
38.1735143067 6.00843727073 1.53264856933 0.0 0.0 5.10271460015 0.0 ;
37.2173913043 4.46376811594 11.8043478261 1.15217391304 0.0 4.94202898551 0.0 ;
38.7045454545 32.0454545455 10.5909090909 1.52272727273 0.522727272727 4.93181818182 0.204545454545 ;
38.1967694567 6.01211453744 1.53046989721 0.0 0.0 5.10058737151 0.0 ;
39.4497354497 12.3439153439 3.11111111111 0.0 0.0 13.3121693122 1.0 ;
36.9051833123 4.21238938053 4.98735777497 0.0 0.0 4.07206068268 0.0 ;
44.0378071834 26.6710775047 1.80529300567 0.0 0.0 4.01701323251 0.0 ;
36.3981900452 6.42307692308 2.02714932127 0.0 0.0 12.1199095023 1.0 ;
37.4838709677 12.935483871 4.38709677419 0.572580645161 0.0 23.7258064516 2.21774193548 ;
36.9390088945 4.21982210928 5.0 0.0 0.0 4.06861499365 0.0 ;
37.0392156863 14.0490196078 3.44117647059 0.460784313725 0.0 25.862745098 2.48039215686 ;
39.0666666667 31.4888888889 10.4888888889 1.55555555556 0.511111111111 5.22222222222 0.222222222222 ;
38.8095238095 7.80952380952 8.90476190476 1.0 0.0 13.619047619 1.0 ;
44.0753295669 26.5875706215 1.80037664783 0.0 0.0 4.00753295669 0.0 ;
38.1735143067 6.00843727073 1.53264856933 0.0 0.0 5.10271460015 0.0 ;
37.3122028526 8.19651347068 2.35182250396 0.0 0.0 12.4770206022 1.0 ;
37.2173913043 4.46376811594 11.8043478261 1.15217391304 0.0 4.94202898551 0.0 ;
37.5272945411 5.34523095381 2.40101979604 0.0 0.0 4.90701859628 0.0 ;
40.0952380952 54.4761904762 7.09523809524 0.714285714286 0.619047619048 4.14285714286 0.0952380952381 ;
37.6710526316 16.3947368421 3.56578947368 0.0 0.0 19.7236842105 1.82894736842 ;
37.6732673267 6.80198019802 9.99504950495 1.15841584158 0.0 11.2623762376 0.742574257426 ;
34.6666666667 4.44444444444 15.1666666667 2.66666666667 0.555555555556 4.61111111111 0.0555555555556 ;
70.0 6.25 1.5 0.0 0.0 5.25 0.25 ;
44.1647727273 22.5710227273 1.46732954545 0.0 0.0 4.05539772727 0.0 ;
37.2025723473 8.10289389068 2.30868167203 0.0 0.0 12.498392283 1.0 ;
37.3122028526 8.19651347068 2.35182250396 0.0 0.0 12.4770206022 1.0 ;
36.9390088945 4.21982210928 5.0 0.0 0.0 4.06861499365 0.0 ;
39.0666666667 31.4888888889 10.4888888889 1.55555555556 0.511111111111 5.22222222222 0.222222222222 ;
38.8095238095 7.80952380952 8.90476190476 1.0 0.0 13.619047619 1.0 ;
38.1735143067 6.00843727073 1.53264856933 0.0 0.0 5.10271460015 0.0 ;
37.0392156863 14.0490196078 3.44117647059 0.460784313725 0.0 25.862745098 2.48039215686 ;
44.0753295669 26.5875706215 1.80037664783 0.0 0.0 4.00753295669 0.0 ;
37.2173913043 4.46376811594 11.8043478261 1.15217391304 0.0 4.94202898551 0.0 ;
40.1033138402 6.69200779727 3.56790123457 0.0 0.0 4.70175438596 0.0 ;
43.8446601942 27.0912621359 1.36504854369 0.0 0.0 3.53786407767 0.0 ;
36.2957746479 4.78269617706 1.43661971831 0.0 0.0 5.11670020121 0.0 ;
37.0672268908 4.43697478992 11.1260504202 1.0 0.0 4.82352941176 0.0 ;
37.2397058824 8.37941176471 2.37352941176 0.0 0.0 13.1632352941 1.07647058824 ;
39.3655913978 17.6021505376 6.84946236559 1.02150537634 0.0 21.4516129032 1.95698924731 ;
38.6666666667 57.4 5.0 0.533333333333 0.866666666667 3.0 0.0666666666667 ;
35.53125 4.28125 15.375 2.34375 0.3125 4.96875 0.0 ;
36.9742599743 4.22522522523 5.03088803089 0.0 0.0 4.0592020592 0.0 ;
38.8837209302 32.488372093 10.4418604651 1.53488372093 0.53488372093 4.88372093023 0.186046511628 ;
38.1546617916 5.99890310786 1.53711151737 0.0 0.0 5.10237659963 0.0 ;
37.2173913043 4.46376811594 11.8043478261 1.15217391304 0.0 4.94202898551 0.0 ;
37.432 12.936 4.488 0.576 0.0 23.592 2.208 ;
36.2357512953 5.96632124352 1.94559585492 0.0 0.0 12.0388601036 1.0 ;
39.0081632653 11.7102040816 2.99183673469 0.0 0.0 13.1673469388 1.0 ;
44.0864661654 26.5563909774 1.7969924812 0.0 0.0 4.00563909774 0.0 ;
36.5234375 3.8203125 12.625 1.34375 0.078125 4.3828125 0.0 ;
44.2301480485 21.7725437416 1.47240915209 0.0 0.0 4.09555854643 0.0 ;
38.6989247312 10.7849462366 7.33333333333 1.1935483871 0.0 19.5161290323 1.63440860215 ;
37.7631578947 17.1578947368 3.55263157895 0.0 0.0 19.6710526316 1.81578947368 ;
37.4310868245 5.30449301761 2.40983606557 0.0 0.0 4.90771098968 0.0 ;
40.1 55.3 7.15 0.7 0.65 3.45 0.05 ;
37.2070626003 8.09470304976 2.31621187801 0.0 0.0 12.4943820225 1.0 ;
70.0 6.25 1.5 0.0 0.0 5.25 0.25 ;
34.6666666667 4.44444444444 15.1666666667 2.66666666667 0.555555555556 4.61111111111 0.0555555555556 ;
38.1549295775 16.2816901408 3.14084507042 0.0 0.0 20.5915492958 1.92957746479 ;
36.9116883117 4.21688311688 5.05454545455 0.0 0.0 4.1 0.0 ;
40.0952380952 54.4761904762 7.09523809524 0.714285714286 0.619047619048 4.14285714286 0.0952380952381 ;
37.6732673267 6.80198019802 9.99504950495 1.15841584158 0.0 11.2623762376 0.742574257426 ;
44.1113243762 26.8387715931 1.78119001919 0.0 0.0 3.9424184261 0.0 ;
37.1936 8.0768 2.3344 0.0 0.0 12.4912 1.0 ;
38.1881583727 6.02542680712 1.54340719215 0.0 0.0 5.09589538685 0.0 ;
37.3122028526 8.19651347068 2.35182250396 0.0 0.0 12.4770206022 1.0 ;
38.1777053927 6.00651465798 1.55121245024 0.0 0.0 5.0951863916 0.0 ;
41.3333333333 54.375 6.875 0.583333333333 0.541666666667 4.70833333333 0.166666666667 ;
36.5378787879 3.89393939394 12.553030303 1.33333333333 0.0757575757576 4.51515151515 0.0 ;
44.0492424242 26.6799242424 1.79734848485 0.0 0.0 3.98863636364 0.0 ;
36.4098360656 13.6557377049 2.88524590164 0.0 0.0 22.1639344262 2.09836065574 ;
36.9096945551 4.16334661355 5.09163346614 0.0 0.0 4.05843293493 0.0 ;
38.7752808989 10.9887640449 7.20224719101 1.20224719101 0.0 20.0 1.70786516854 ;
38.1677607586 5.9989059081 1.53865791393 0.0 0.0 5.09008023341 0.0 ;
37.2070626003 8.09470304976 2.31621187801 0.0 0.0 12.4943820225 1.0 ;
44.1121673004 26.6558935361 1.75095057034 0.0 0.0 3.97148288973 0.0 ;
37.6732673267 6.80198019802 9.99504950495 1.15841584158 0.0 11.2623762376 0.742574257426 ;
36.9457364341 4.24935400517 5.05167958656 0.0 0.0 4.11369509044 0.0 ;
34.6666666667 4.44444444444 15.1666666667 2.66666666667 0.555555555556 4.61111111111 0.0555555555556 ;
38.08 16.2666666667 3.44 0.0 0.0 19.9333333333 1.85333333333 ;
40.0952380952 54.4761904762 7.09523809524 0.714285714286 0.619047619048 4.14285714286 0.0952380952381 ;
40.0952380952 54.4761904762 7.09523809524 0.714285714286 0.619047619048 4.14285714286 0.0952380952381 ;
37.5272945411 5.34523095381 2.40101979604 0.0 0.0 4.90701859628 0.0 ;
37.6732673267 6.80198019802 9.99504950495 1.15841584158 0.0 11.2623762376 0.742574257426 ;
37.2025723473 8.10289389068 2.30868167203 0.0 0.0 12.498392283 1.0 ;
70.0 6.25 1.5 0.0 0.0 5.25 0.25 ;
37.6710526316 16.3947368421 3.56578947368 0.0 0.0 19.7236842105 1.82894736842 ;
44.1647727273 22.5710227273 1.46732954545 0.0 0.0 4.05539772727 0.0 ;
34.6666666667 4.44444444444 15.1666666667 2.66666666667 0.555555555556 4.61111111111 0.0555555555556 ;
38.1705170517 6.0069673634 1.53281994866 0.0 0.0 5.10157682435 0.0 ;
37.3184713376 8.21337579618 2.32324840764 0.0 0.0 12.4840764331 1.0 ;
44.0753295669 26.5875706215 1.80037664783 0.0 0.0 4.00753295669 0.0 ;
37.0392156863 14.0490196078 3.44117647059 0.460784313725 0.0 25.862745098 2.48039215686 ;
36.9478371501 4.22264631043 5.00381679389 0.0 0.0 4.07124681934 0.0 ;
39.1071428571 7.78571428571 9.82142857143 1.14285714286 0.0 13.0 1.0 ;
38.6829268293 33.5853658537 9.9756097561 1.43902439024 0.560975609756 4.63414634146 0.146341463415 ;
37.2173913043 4.46376811594 11.8043478261 1.15217391304 0.0 4.94202898551 0.0 ;
37.2070626003 8.09470304976 2.31621187801 0.0 0.0 12.4943820225 1.0 ;
40.1 55.3 7.15 0.7 0.65 3.45 0.05 ;
44.2272108844 21.9142857143 1.47482993197 0.0 0.0 4.08571428571 0.0 ;
38.7582417582 10.9120879121 7.26373626374 1.1978021978 0.0 19.7472527473 1.67032967033 ;
37.7631578947 17.1578947368 3.55263157895 0.0 0.0 19.6710526316 1.81578947368 ;
37.4482132041 5.3128407026 2.40702604482 0.0 0.0 4.9079345851 0.0 ;
36.5153846154 3.83846153846 12.5923076923 1.33846153846 0.0769230769231 4.45384615385 0.0 ;
70.0 6.25 1.5 0.0 0.0 5.25 0.25 ;
37.3122028526 8.19651347068 2.35182250396 0.0 0.0 12.4770206022 1.0 ;
37.2173913043 4.46376811594 11.8043478261 1.15217391304 0.0 4.94202898551 0.0 ;
39.0666666667 31.4888888889 10.4888888889 1.55555555556 0.511111111111 5.22222222222 0.222222222222 ;
38.1735143067 6.00843727073 1.53264856933 0.0 0.0 5.10271460015 0.0 ;
44.0753295669 26.5875706215 1.80037664783 0.0 0.0 4.00753295669 0.0 ;
37.0392156863 14.0490196078 3.44117647059 0.460784313725 0.0 25.862745098 2.48039215686 ;
38.8095238095 7.80952380952 8.90476190476 1.0 0.0 13.619047619 1.0 ;
36.9390088945 4.21982210928 5.0 0.0 0.0 4.06861499365 0.0 ;
38.1855935318 6.01102535832 1.53031973539 0.0 0.0 5.10584343991 0.0 ;
38.8095238095 7.80952380952 8.90476190476 1.0 0.0 13.619047619 1.0 ;
39.0666666667 31.4888888889 10.4888888889 1.55555555556 0.511111111111 5.22222222222 0.222222222222 ;
36.9293820933 4.22572509458 4.98108448928 0.0 0.0 4.06179066835 0.0 ;
44.0528301887 26.6245283019 1.80188679245 0.0 0.0 4.01132075472 0.0 ;
37.3122028526 8.19651347068 2.35182250396 0.0 0.0 12.4770206022 1.0 ;
37.0392156863 14.0490196078 3.44117647059 0.460784313725 0.0 25.862745098 2.48039215686 ;
37.2173913043 4.46376811594 11.8043478261 1.15217391304 0.0 4.94202898551 0.0 ;
38.1967694567 6.01211453744 1.53046989721 0.0 0.0 5.10058737151 0.0 ;
36.9051833123 4.21238938053 4.98735777497 0.0 0.0 4.07206068268 0.0 ;
38.7045454545 32.0454545455 10.5909090909 1.52272727273 0.522727272727 4.93181818182 0.204545454545 ;
44.0378071834 26.6710775047 1.80529300567 0.0 0.0 4.01701323251 0.0 ;
37.4838709677 12.935483871 4.38709677419 0.572580645161 0.0 23.7258064516 2.21774193548 ;
37.2173913043 4.46376811594 11.8043478261 1.15217391304 0.0 4.94202898551 0.0 ;
39.4497354497 12.3439153439 3.11111111111 0.0 0.0 13.3121693122 1.0 ;
36.3981900452 6.42307692308 2.02714932127 0.0 0.0 12.1199095023 1.0 ;
34.6666666667 4.44444444444 15.1666666667 2.66666666667 0.555555555556 4.61111111111 0.0555555555556 ;
44.1647727273 22.5710227273 1.46732954545 0.0 0.0 4.05539772727 0.0 ;
37.6732673267 6.80198019802 9.99504950495 1.15841584158 0.0 11.2623762376 0.742574257426 ;
37.6710526316 16.3947368421 3.56578947368 0.0 0.0 19.7236842105 1.82894736842 ;
37.2025723473 8.10289389068 2.30868167203 0.0 0.0 12.498392283 1.0 ;
37.5272945411 5.34523095381 2.40101979604 0.0 0.0 4.90701859628 0.0 ;
70.0 6.25 1.5 0.0 0.0 5.25 0.25 ;
40.0952380952 54.4761904762 7.09523809524 0.714285714286 0.619047619048 4.14285714286 0.0952380952381 ;
39.5080213904 12.3582887701 3.11764705882 0.0 0.0 13.2941176471 1.0 ;
44.0378071834 26.6710775047 1.80529300567 0.0 0.0 4.01701323251 0.0 ;
38.7045454545 32.0454545455 10.5909090909 1.52272727273 0.522727272727 4.93181818182 0.204545454545 ;
36.3873873874 6.44369369369 2.02927927928 0.0 0.0 12.1328828829 1.0 ;
36.8949367089 4.21139240506 4.98987341772 0.0 0.0 4.0746835443 0.0 ;
38.199266055 6.01174311927 1.53100917431 0.0 0.0 5.09944954128 0.0 ;
37.4838709677 12.935483871 4.38709677419 0.572580645161 0.0 23.7258064516 2.21774193548 ;
37.2173913043 4.46376811594 11.8043478261 1.15217391304 0.0 4.94202898551 0.0 ;
37.2025723473 8.10289389068 2.30868167203 0.0 0.0 12.498392283 1.0 ;
44.1647727273 22.5710227273 1.46732954545 0.0 0.0 4.05539772727 0.0 ;
70.0 6.25 1.5 0.0 0.0 5.25 0.25 ;
37.6710526316 16.3947368421 3.56578947368 0.0 0.0 19.7236842105 1.82894736842 ;
37.6732673267 6.80198019802 9.99504950495 1.15841584158 0.0 11.2623762376 0.742574257426 ;
40.0952380952 54.4761904762 7.09523809524 0.714285714286 0.619047619048 4.14285714286 0.0952380952381 ;
37.5272945411 5.34523095381 2.40101979604 0.0 0.0 4.90701859628 0.0 ;
34.6666666667 4.44444444444 15.1666666667 2.66666666667 0.555555555556 4.61111111111 0.0555555555556 ;
44.1216730038 26.680608365 1.74144486692 0.0 0.0 3.97718631179 0.0 ;
37.2070626003 8.09470304976 2.31621187801 0.0 0.0 12.4943820225 1.0 ;
38.148742253 5.98906306963 1.54028436019 0.0 0.0 5.09733868028 0.0 ;
40.0952380952 54.4761904762 7.09523809524 0.714285714286 0.619047619048 4.14285714286 0.0952380952381 ;
37.0051746442 4.26520051746 5.05692108668 0.0 0.0 4.08279430789 0.0 ;
37.6732673267 6.80198019802 9.99504950495 1.15841584158 0.0 11.2623762376 0.742574257426 ;
34.6666666667 4.44444444444 15.1666666667 2.66666666667 0.555555555556 4.61111111111 0.0555555555556 ;
38.08 16.2666666667 3.44 0.0 0.0 19.9333333333 1.85333333333 ;
39.1071428571 7.78571428571 9.82142857143 1.14285714286 0.0 13.0 1.0 ;
44.0753295669 26.5875706215 1.80037664783 0.0 0.0 4.00753295669 0.0 ;
36.9390088945 4.21982210928 5.0 0.0 0.0 4.06861499365 0.0 ;
38.1735143067 6.00843727073 1.53264856933 0.0 0.0 5.10271460015 0.0 ;
37.3184713376 8.21337579618 2.32324840764 0.0 0.0 12.4840764331 1.0 ;
37.2173913043 4.46376811594 11.8043478261 1.15217391304 0.0 4.94202898551 0.0 ;
37.0392156863 14.0490196078 3.44117647059 0.460784313725 0.0 25.862745098 2.48039215686 ;
38.6829268293 33.5853658537 9.9756097561 1.43902439024 0.560975609756 4.63414634146 0.146341463415 ;
36.9293820933 4.22572509458 4.98108448928 0.0 0.0 4.06179066835 0.0 ;
44.0528301887 26.6245283019 1.80188679245 0.0 0.0 4.01132075472 0.0 ;
39.2932692308 12.2451923077 3.04807692308 0.0 0.0 13.2836538462 1.0 ;
38.1855935318 6.01102535832 1.53031973539 0.0 0.0 5.10584343991 0.0 ;
38.8837209302 32.488372093 10.4418604651 1.53488372093 0.53488372093 4.88372093023 0.186046511628 ;
37.2173913043 4.46376811594 11.8043478261 1.15217391304 0.0 4.94202898551 0.0 ;
37.432 12.936 4.488 0.576 0.0 23.592 2.208 ;
36.3380614657 6.20567375887 2.00945626478 0.0 0.0 12.0803782506 1.0 ;
37.2173913043 4.46376811594 11.8043478261 1.15217391304 0.0 4.94202898551 0.0 ;
38.7045454545 32.0454545455 10.5909090909 1.52272727273 0.522727272727 4.93181818182 0.204545454545 ;
38.199266055 6.01174311927 1.53100917431 0.0 0.0 5.09944954128 0.0 ;
37.4838709677 12.935483871 4.38709677419 0.572580645161 0.0 23.7258064516 2.21774193548 ;
36.8949367089 4.21139240506 4.98987341772 0.0 0.0 4.0746835443 0.0 ;
39.4375 12.3541666667 3.09895833333 0.0 0.0 13.3229166667 1.0 ;
36.3826879271 6.37813211845 2.02505694761 0.0 0.0 12.1070615034 1.0 ;
44.0378071834 26.6710775047 1.80529300567 0.0 0.0 4.01701323251 0.0 ;
37.4310868245 5.30449301761 2.40983606557 0.0 0.0 4.90771098968 0.0 ;
44.2301480485 21.7725437416 1.47240915209 0.0 0.0 4.09555854643 0.0 ;
37.2070626003 8.09470304976 2.31621187801 0.0 0.0 12.4943820225 1.0 ;
70.0 6.25 1.5 0.0 0.0 5.25 0.25 ;
38.6989247312 10.7849462366 7.33333333333 1.1935483871 0.0 19.5161290323 1.63440860215 ;
37.7631578947 17.1578947368 3.55263157895 0.0 0.0 19.6710526316 1.81578947368 ;
36.5234375 3.8203125 12.625 1.34375 0.078125 4.3828125 0.0 ;
40.1 55.3 7.15 0.7 0.65 3.45 0.05 ;
36.2923387097 4.77671370968 1.43598790323 0.0 0.0 5.11643145161 0.0 ;
38.6666666667 57.4 5.0 0.533333333333 0.866666666667 3.0 0.0666666666667 ;
37.0672268908 4.43697478992 11.1260504202 1.0 0.0 4.82352941176 0.0 ;
37.2397058824 8.37941176471 2.37352941176 0.0 0.0 13.1632352941 1.07647058824 ;
39.3655913978 17.6021505376 6.84946236559 1.02150537634 0.0 21.4516129032 1.95698924731 ;
43.8446601942 27.0912621359 1.36504854369 0.0 0.0 3.53786407767 0.0 ;
35.53125 4.28125 15.375 2.34375 0.3125 4.96875 0.0 ;
40.0978613091 6.69475048607 3.56318859365 0.0 0.0 4.70317563189 0.0 ;
36.7909407666 3.39547038328 4.99477351916 0.0 0.0 3.11672473868 0.0 ;
37.2223858616 8.34462444772 2.37702503682 0.0 0.0 13.1649484536 1.0765832106 ;
40.4149484536 11.5077319588 4.07989690722 0.0 0.0 6.76030927835 0.0 ;
38.8095238095 17.5714285714 5.79761904762 0.904761904762 0.0 23.1071428571 2.13095238095 ;
37.2173913043 4.46376811594 11.8043478261 1.15217391304 0.0 4.94202898551 0.0 ;
37.4 29.0285714286 10.8571428571 1.77142857143 0.657142857143 4.2 0.142857142857 ;
37.9080633007 5.68311981914 1.55538809344 0.0 0.0 5.05463451394 0.0 ;
44.710955711 28.7855477855 1.17482517483 0.0 0.0 3.30536130536 0.0 ;
38.8095238095 7.80952380952 8.90476190476 1.0 0.0 13.619047619 1.0 ;
37.3122028526 8.19651347068 2.35182250396 0.0 0.0 12.4770206022 1.0 ;
39.0666666667 31.4888888889 10.4888888889 1.55555555556 0.511111111111 5.22222222222 0.222222222222 ;
36.9161451815 4.22152690864 4.96370463079 0.0 0.0 4.07008760951 0.0 ;
38.1973490427 6.0147275405 1.52724594993 0.0 0.0 5.10419734904 0.0 ;
37.0392156863 14.0490196078 3.44117647059 0.460784313725 0.0 25.862745098 2.48039215686 ;
44.0378071834 26.6710775047 1.80529300567 0.0 0.0 4.01701323251 0.0 ;
37.2173913043 4.46376811594 11.8043478261 1.15217391304 0.0 4.94202898551 0.0 ;
37.3122028526 8.19651347068 2.35182250396 0.0 0.0 12.4770206022 1.0 ;
41.3333333333 54.375 6.875 0.583333333333 0.541666666667 4.70833333333 0.166666666667 ;
38.180731619 6.00724375226 1.55016298443 0.0 0.0 5.09380659181 0.0 ;
36.4098360656 13.6557377049 2.88524590164 0.0 0.0 22.1639344262 2.09836065574 ;
36.5378787879 3.89393939394 12.553030303 1.33333333333 0.0757575757576 4.51515151515 0.0 ;
38.7752808989 10.9887640449 7.20224719101 1.20224719101 0.0 20.0 1.70786516854 ;
36.901986755 4.16556291391 5.08609271523 0.0 0.0 4.06622516556 0.0 ;
44.0492424242 26.6799242424 1.79734848485 0.0 0.0 3.98863636364 0.0 ;
35.6666666667 4.18181818182 15.3333333333 2.33333333333 0.30303030303 5.06060606061 0.0 ;
43.828460039 27.1578947368 1.36257309942 0.0 0.0 3.53411306043 0.0 ;
37.488372093 6.11627906977 9.52325581395 1.0 0.0 10.1104651163 0.593023255814 ;
37.2419354839 8.42961876833 2.37976539589 0.0 0.0 13.1715542522 1.07771260997 ;
40.1163849155 6.70156046814 3.56827048114 0.0 0.0 4.70416124837 0.0 ;
39.6 57.4666666667 3.46666666667 0.4 0.866666666667 3.46666666667 0.0666666666667 ;
40.3783783784 28.6486486486 8.72972972973 1.13513513514 0.0 21.1621621622 2.08108108108 ;
36.2993470618 4.78151682572 1.43797086891 0.0 0.0 5.11401305876 0.0 ;
36.5931034483 4.07586206897 12.1724137931 1.31034482759 0.0689655172414 4.84137931034 0.0 ;
39.3125 57.75 6.0 0.625 0.8125 3.125 0.0625 ;
39.3854166667 17.25 6.59375 0.979166666667 0.0 20.8020833333 1.875 ;
40.1596153846 6.7108974359 3.54038461538 0.0 0.0 4.68782051282 0.0 ;
43.7588932806 27.4071146245 1.35968379447 0.0 0.0 3.52371541502 0.0 ;
36.2672064777 4.76821862348 1.43674089069 0.0 0.0 5.12854251012 0.0 ;
37.1710914454 8.35103244838 2.3790560472 0.0 0.0 13.1725663717 1.07669616519 ;
48.5 7.0 8.75 0.75 0.0 11.0 1.0 ;
34.6666666667 4.44444444444 15.1666666667 2.66666666667 0.555555555556 4.61111111111 0.0555555555556 ;
37.5272945411 5.34523095381 2.40101979604 0.0 0.0 4.90701859628 0.0 ;
40.0952380952 54.4761904762 7.09523809524 0.714285714286 0.619047619048 4.14285714286 0.0952380952381 ;
37.6710526316 16.3947368421 3.56578947368 0.0 0.0 19.7236842105 1.82894736842 ;
44.1647727273 22.5710227273 1.46732954545 0.0 0.0 4.05539772727 0.0 ;
37.2025723473 8.10289389068 2.30868167203 0.0 0.0 12.498392283 1.0 ;
37.6732673267 6.80198019802 9.99504950495 1.15841584158 0.0 11.2623762376 0.742574257426 ;
70.0 6.25 1.5 0.0 0.0 5.25 0.25 ;
37.2173913043 4.46376811594 11.8043478261 1.15217391304 0.0 4.94202898551 0.0 ;
38.8837209302 32.488372093 10.4418604651 1.53488372093 0.53488372093 4.88372093023 0.186046511628 ;
39.0081967213 11.7090163934 2.99590163934 0.0 0.0 13.1680327869 1.0 ;
36.9742599743 4.22522522523 5.03088803089 0.0 0.0 4.0592020592 0.0 ;
36.2428940568 5.9819121447 1.94573643411 0.0 0.0 12.0413436693 1.0 ;
44.0864661654 26.5563909774 1.7969924812 0.0 0.0 4.00563909774 0.0 ;
38.1546617916 5.99890310786 1.53711151737 0.0 0.0 5.10237659963 0.0 ;
37.432 12.936 4.488 0.576 0.0 23.592 2.208 ;
37.432 12.936 4.488 0.576 0.0 23.592 2.208 ;
37.2173913043 4.46376811594 11.8043478261 1.15217391304 0.0 4.94202898551 0.0 ;
38.8837209302 32.488372093 10.4418604651 1.53488372093 0.53488372093 4.88372093023 0.186046511628 ;
44.0973782772 26.5 1.80149812734 0.0 0.0 4.01123595506 0.0 ;
37.005242464 4.22673656619 5.07339449541 0.0 0.0 4.05504587156 0.0 ;
38.9087452471 11.5627376426 2.94676806084 0.0 0.0 13.1596958175 1.0 ;
38.1336002912 5.98543866036 1.54204586822 0.0 0.0 5.0979250091 0.0 ;
36.1711956522 5.79076086957 1.92663043478 0.0 0.0 11.9891304348 1.0 ;
37.2070626003 8.09470304976 2.31621187801 0.0 0.0 12.4943820225 1.0 ;
44.1121673004 26.6558935361 1.75095057034 0.0 0.0 3.97148288973 0.0 ;
36.9457364341 4.24935400517 5.05167958656 0.0 0.0 4.11369509044 0.0 ;
38.08 16.2666666667 3.44 0.0 0.0 19.9333333333 1.85333333333 ;
37.6732673267 6.80198019802 9.99504950495 1.15841584158 0.0 11.2623762376 0.742574257426 ;
40.0952380952 54.4761904762 7.09523809524 0.714285714286 0.619047619048 4.14285714286 0.0952380952381 ;
34.6666666667 4.44444444444 15.1666666667 2.66666666667 0.555555555556 4.61111111111 0.0555555555556 ;
38.1677607586 5.9989059081 1.53865791393 0.0 0.0 5.09008023341 0.0 ;
43.0139442231 27.890438247 1.38047808765 0.0 0.0 3.59760956175 0.0 ;
41.1749781277 6.24759405074 4.06911636045 0.0 0.0 4.60454943132 0.0 ;
38.9887640449 12.2247191011 7.26966292135 1.15730337079 0.0 19.9325842697 1.70786516854 ;
40.7727272727 56.3181818182 6.27272727273 0.590909090909 0.590909090909 4.63636363636 0.181818181818 ;
36.6944444444 12.7777777778 3.56944444444 0.0 0.0 20.5972222222 1.93055555556 ;
37.2951612903 8.20161290323 2.26290322581 0.0 0.0 12.4870967742 1.0 ;
36.6287025448 5.26366291197 1.54609929078 0.0 0.0 5.07342511473 0.0 ;
36.6176470588 3.88970588235 12.4779411765 1.33088235294 0.0735294117647 4.58088235294 0.0 ;
37.2173913043 4.46376811594 11.8043478261 1.15217391304 0.0 4.94202898551 0.0 ;
39.0666666667 31.4888888889 10.4888888889 1.55555555556 0.511111111111 5.22222222222 0.222222222222 ;
38.8095238095 7.80952380952 8.90476190476 1.0 0.0 13.619047619 1.0 ;
38.1735143067 6.00843727073 1.53264856933 0.0 0.0 5.10271460015 0.0 ;
36.9390088945 4.21982210928 5.0 0.0 0.0 4.06861499365 0.0 ;
37.3122028526 8.19651347068 2.35182250396 0.0 0.0 12.4770206022 1.0 ;
37.0392156863 14.0490196078 3.44117647059 0.460784313725 0.0 25.862745098 2.48039215686 ;
44.0753295669 26.5875706215 1.80037664783 0.0 0.0 4.00753295669 0.0 ;
37.2173913043 4.46376811594 11.8043478261 1.15217391304 0.0 4.94202898551 0.0 ;
37.0392156863 14.0490196078 3.44117647059 0.460784313725 0.0 25.862745098 2.48039215686 ;
38.6829268293 33.5853658537 9.9756097561 1.43902439024 0.560975609756 4.63414634146 0.146341463415 ;
39.1071428571 7.78571428571 9.82142857143 1.14285714286 0.0 13.0 1.0 ;
37.3184713376 8.21337579618 2.32324840764 0.0 0.0 12.4840764331 1.0 ;
36.9390088945 4.21982210928 5.0 0.0 0.0 4.06861499365 0.0 ;
44.0753295669 26.5875706215 1.80037664783 0.0 0.0 4.00753295669 0.0 ;
38.1735143067 6.00843727073 1.53264856933 0.0 0.0 5.10271460015 0.0 ;
36.9742599743 4.22522522523 5.03088803089 0.0 0.0 4.0592020592 0.0 ;
44.0864661654 26.5563909774 1.7969924812 0.0 0.0 4.00563909774 0.0 ;
37.2173913043 4.46376811594 11.8043478261 1.15217391304 0.0 4.94202898551 0.0 ;
39.234741784 12.2112676056 3.0234741784 0.0 0.0 13.2769953052 1.0 ;
38.1546617916 5.99890310786 1.53711151737 0.0 0.0 5.10237659963 0.0 ;
38.8837209302 32.488372093 10.4418604651 1.53488372093 0.53488372093 4.88372093023 0.186046511628 ;
37.432 12.936 4.488 0.576 0.0 23.592 2.208 ;
36.3325358852 6.15071770335 2.00956937799 0.0 0.0 12.0693779904 1.0 ;
36.3789954338 6.36073059361 2.02511415525 0.0 0.0 12.1050228311 1.0 ;
38.7045454545 32.0454545455 10.5909090909 1.52272727273 0.522727272727 4.93181818182 0.204545454545 ;
37.2173913043 4.46376811594 11.8043478261 1.15217391304 0.0 4.94202898551 0.0 ;
38.2032281731 6.01577402788 1.53154805576 0.0 0.0 5.10124724872 0.0 ;
36.8949367089 4.21139240506 4.98987341772 0.0 0.0 4.0746835443 0.0 ;
39.4300518135 12.3626943005 3.0932642487 0.0 0.0 13.3212435233 1.0 ;
44.0284090909 26.6893939394 1.80303030303 0.0 0.0 4.00568181818 0.0 ;
37.4838709677 12.935483871 4.38709677419 0.572580645161 0.0 23.7258064516 2.21774193548 ;
36.9501278772 4.2557544757 5.02941176471 0.0 0.0 4.10485933504 0.0 ;
40.0952380952 54.4761904762 7.09523809524 0.714285714286 0.619047619048 4.14285714286 0.0952380952381 ;
38.08 16.2666666667 3.44 0.0 0.0 19.9333333333 1.85333333333 ;
37.2070626003 8.09470304976 2.31621187801 0.0 0.0 12.4943820225 1.0 ;
37.6732673267 6.80198019802 9.99504950495 1.15841584158 0.0 11.2623762376 0.742574257426 ;
44.1295238095 26.6857142857 1.74476190476 0.0 0.0 3.96761904762 0.0 ;
38.1689213894 6.00402193784 1.53601462523 0.0 0.0 5.0957952468 0.0 ;
34.6666666667 4.44444444444 15.1666666667 2.66666666667 0.555555555556 4.61111111111 0.0555555555556 ;
38.08 16.2666666667 3.44 0.0 0.0 19.9333333333 1.85333333333 ;
40.0952380952 54.4761904762 7.09523809524 0.714285714286 0.619047619048 4.14285714286 0.0952380952381 ;
36.9548387097 4.25935483871 5.05161290323 0.0 0.0 4.11225806452 0.0 ;
37.2070626003 8.09470304976 2.31621187801 0.0 0.0 12.4943820225 1.0 ;
38.1605253557 5.99452754469 1.53812477198 0.0 0.0 5.0893834367 0.0 ;
44.13878327 26.6673003802 1.74714828897 0.0 0.0 3.97908745247 0.0 ;
37.6732673267 6.80198019802 9.99504950495 1.15841584158 0.0 11.2623762376 0.742574257426 ;
34.6666666667 4.44444444444 15.1666666667 2.66666666667 0.555555555556 4.61111111111 0.0555555555556 ;
39.1071428571 7.78571428571 9.82142857143 1.14285714286 0.0 13.0 1.0 ;
37.2173913043 4.46376811594 11.8043478261 1.15217391304 0.0 4.94202898551 0.0 ;
44.0753295669 26.5875706215 1.80037664783 0.0 0.0 4.00753295669 0.0 ;
36.9390088945 4.21982210928 5.0 0.0 0.0 4.06861499365 0.0 ;
37.0392156863 14.0490196078 3.44117647059 0.460784313725 0.0 25.862745098 2.48039215686 ;
38.6829268293 33.5853658537 9.9756097561 1.43902439024 0.560975609756 4.63414634146 0.146341463415 ;
38.1735143067 6.00843727073 1.53264856933 0.0 0.0 5.10271460015 0.0 ;
37.3184713376 8.21337579618 2.32324840764 0.0 0.0 12.4840764331 1.0 ;
37.3122028526 8.19651347068 2.35182250396 0.0 0.0 12.4770206022 1.0 ;
41.3333333333 54.375 6.875 0.583333333333 0.541666666667 4.70833333333 0.166666666667 ;
37.3285714286 4.94285714286 10.7928571429 1.0 0.0 6.14285714286 0.15 ;
36.2935548842 4.78197381672 1.43705941591 0.0 0.0 5.12034239678 0.0 ;
37.5272727273 14.0545454545 4.19090909091 0.581818181818 0.0 24.6181818182 2.35454545455 ;
40.102464332 6.69520103761 3.5635538262 0.0 0.0 4.69779507134 0.0 ;
43.8482490272 27.1167315175 1.36381322957 0.0 0.0 3.53501945525 0.0 ;
35.9411764706 4.29411764706 15.3235294118 2.32352941176 0.294117647059 5.0 0.0 ;
36.8949367089 4.21139240506 4.98987341772 0.0 0.0 4.0746835443 0.0 ;
39.0666666667 31.4888888889 10.4888888889 1.55555555556 0.511111111111 5.22222222222 0.222222222222 ;
38.2049871654 6.01906857352 1.53135313531 0.0 0.0 5.10121012101 0.0 ;
37.3122028526 8.19651347068 2.35182250396 0.0 0.0 12.4770206022 1.0 ;
44.0303605313 26.7115749526 1.8045540797 0.0 0.0 4.00379506641 0.0 ;
37.2173913043 4.46376811594 11.8043478261 1.15217391304 0.0 4.94202898551 0.0 ;
38.8095238095 7.80952380952 8.90476190476 1.0 0.0 13.619047619 1.0 ;
37.0392156863 14.0490196078 3.44117647059 0.460784313725 0.0 25.862745098 2.48039215686 ;
37.2173913043 4.46376811594 11.8043478261 1.15217391304 0.0 4.94202898551 0.0 ;
37.3184713376 8.21337579618 2.32324840764 0.0 0.0 12.4840764331 1.0 ;
44.0753295669 26.5875706215 1.80037664783 0.0 0.0 4.00753295669 0.0 ;
37.0392156863 14.0490196078 3.44117647059 0.460784313725 0.0 25.862745098 2.48039215686 ;
38.1735143067 6.00843727073 1.53264856933 0.0 0.0 5.10271460015 0.0 ;
36.9390088945 4.21982210928 5.0 0.0 0.0 4.06861499365 0.0 ;
38.6829268293 33.5853658537 9.9756097561 1.43902439024 0.560975609756 4.63414634146 0.146341463415 ;
39.1071428571 7.78571428571 9.82142857143 1.14285714286 0.0 13.0 1.0 ;
37.2173913043 4.46376811594 11.8043478261 1.15217391304 0.0 4.94202898551 0.0 ;
39.0666666667 31.4888888889 10.4888888889 1.55555555556 0.511111111111 5.22222222222 0.222222222222 ;
37.0392156863 14.0490196078 3.44117647059 0.460784313725 0.0 25.862745098 2.48039215686 ;
36.9390088945 4.21982210928 5.0 0.0 0.0 4.06861499365 0.0 ;
37.3122028526 8.19651347068 2.35182250396 0.0 0.0 12.4770206022 1.0 ;
38.1735143067 6.00843727073 1.53264856933 0.0 0.0 5.10271460015 0.0 ;
38.8095238095 7.80952380952 8.90476190476 1.0 0.0 13.619047619 1.0 ;
44.0753295669 26.5875706215 1.80037664783 0.0 0.0 4.00753295669 0.0 ;
37.2173913043 4.46376811594 11.8043478261 1.15217391304 0.0 4.94202898551 0.0 ;
39.0666666667 31.4888888889 10.4888888889 1.55555555556 0.511111111111 5.22222222222 0.222222222222 ;
37.3122028526 8.19651347068 2.35182250396 0.0 0.0 12.4770206022 1.0 ;
38.8095238095 7.80952380952 8.90476190476 1.0 0.0 13.619047619 1.0 ;
36.8949367089 4.21139240506 4.98987341772 0.0 0.0 4.0746835443 0.0 ;
44.0303605313 26.7115749526 1.8045540797 0.0 0.0 4.00379506641 0.0 ;
38.2049871654 6.01906857352 1.53135313531 0.0 0.0 5.10121012101 0.0 ;
37.0392156863 14.0490196078 3.44117647059 0.460784313725 0.0 25.862745098 2.48039215686 ;
37.0392156863 14.0490196078 3.44117647059 0.460784313725 0.0 25.862745098 2.48039215686 ;
37.2173913043 4.46376811594 11.8043478261 1.15217391304 0.0 4.94202898551 0.0 ;
44.0378071834 26.6710775047 1.80529300567 0.0 0.0 4.01701323251 0.0 ;
36.9160401003 4.22055137845 4.96616541353 0.0 0.0 4.0664160401 0.0 ;
38.1969083548 6.01435406699 1.52778800147 0.0 0.0 5.1048951049 0.0 ;
38.8095238095 7.80952380952 8.90476190476 1.0 0.0 13.619047619 1.0 ;
39.0666666667 31.4888888889 10.4888888889 1.55555555556 0.511111111111 5.22222222222 0.222222222222 ;
37.3122028526 8.19651347068 2.35182250396 0.0 0.0 12.4770206022 1.0 ;
34.6666666667 4.44444444444 15.1666666667 2.66666666667 0.555555555556 4.61111111111 0.0555555555556 ;
40.0952380952 54.4761904762 7.09523809524 0.714285714286 0.619047619048 4.14285714286 0.0952380952381 ;
37.6732673267 6.80198019802 9.99504950495 1.15841584158 0.0 11.2623762376 0.742574257426 ;
44.13878327 26.6673003802 1.74714828897 0.0 0.0 3.97908745247 0.0 ;
36.9459459459 4.26383526384 5.04633204633 0.0 0.0 4.11711711712 0.0 ;
38.08 16.2666666667 3.44 0.0 0.0 19.9333333333 1.85333333333 ;
37.2070626003 8.09470304976 2.31621187801 0.0 0.0 12.4943820225 1.0 ;
38.163928441 5.99452354874 1.53705732019 0.0 0.0 5.08871851041 0.0 ;
37.2173913043 4.46376811594 11.8043478261 1.15217391304 0.0 4.94202898551 0.0 ;
38.6829268293 33.5853658537 9.9756097561 1.43902439024 0.560975609756 4.63414634146 0.146341463415 ;
36.9390088945 4.21982210928 5.0 0.0 0.0 4.06861499365 0.0 ;
37.3184713376 8.21337579618 2.32324840764 0.0 0.0 12.4840764331 1.0 ;
39.1071428571 7.78571428571 9.82142857143 1.14285714286 0.0 13.0 1.0 ;
44.0753295669 26.5875706215 1.80037664783 0.0 0.0 4.00753295669 0.0 ;
38.1735143067 6.00843727073 1.53264856933 0.0 0.0 5.10271460015 0.0 ;
37.0392156863 14.0490196078 3.44117647059 0.460784313725 0.0 25.862745098 2.48039215686 ;
44.0528301887 26.6245283019 1.80188679245 0.0 0.0 4.01132075472 0.0 ;
38.0 8.25 11.75 1.0 0.0 16.0 1.0 ;
38.5333333333 31.4 10.6666666667 1.51111111111 0.511111111111 5.04444444444 0.222222222222 ;
36.9282115869 4.22544080605 4.9798488665 0.0 0.0 4.07052896725 0.0 ;
38.1863970588 6.01176470588 1.52941176471 0.0 0.0 5.10367647059 0.0 ;
37.3122028526 8.19651347068 2.35182250396 0.0 0.0 12.4770206022 1.0 ;
37.2173913043 4.46376811594 11.8043478261 1.15217391304 0.0 4.94202898551 0.0 ;
37.5210084034 13.1764705882 4.05882352941 0.554621848739 0.0 24.1008403361 2.26890756303 ;
36.2428940568 5.9819121447 1.94573643411 0.0 0.0 12.0413436693 1.0 ;
38.8837209302 32.488372093 10.4418604651 1.53488372093 0.53488372093 4.88372093023 0.186046511628 ;
38.1546617916 5.99890310786 1.53711151737 0.0 0.0 5.10237659963 0.0 ;
39.0081967213 11.7090163934 2.99590163934 0.0 0.0 13.1680327869 1.0 ;
36.9742599743 4.22522522523 5.03088803089 0.0 0.0 4.0592020592 0.0 ;
37.432 12.936 4.488 0.576 0.0 23.592 2.208 ;
44.0864661654 26.5563909774 1.7969924812 0.0 0.0 4.00563909774 0.0 ;
37.2173913043 4.46376811594 11.8043478261 1.15217391304 0.0 4.94202898551 0.0 ;
38.0 8.25 11.75 1.0 0.0 16.0 1.0 ;
38.5333333333 31.4 10.6666666667 1.51111111111 0.511111111111 5.04444444444 0.222222222222 ;
38.1863970588 6.01176470588 1.52941176471 0.0 0.0 5.10367647059 0.0 ;
37.2173913043 4.46376811594 11.8043478261 1.15217391304 0.0 4.94202898551 0.0 ;
36.9282115869 4.22544080605 4.9798488665 0.0 0.0 4.07052896725 0.0 ;
44.0528301887 26.6245283019 1.80188679245 0.0 0.0 4.01132075472 0.0 ;
37.3122028526 8.19651347068 2.35182250396 0.0 0.0 12.4770206022 1.0 ;
37.5210084034 13.1764705882 4.05882352941 0.554621848739 0.0 24.1008403361 2.26890756303 ;
36.9390088945 4.21982210928 5.0 0.0 0.0 4.06861499365 0.0 ;
44.0753295669 26.5875706215 1.80037664783 0.0 0.0 4.00753295669 0.0 ;
38.1735143067 6.00843727073 1.53264856933 0.0 0.0 5.10271460015 0.0 ;
39.1071428571 7.78571428571 9.82142857143 1.14285714286 0.0 13.0 1.0 ;
37.2173913043 4.46376811594 11.8043478261 1.15217391304 0.0 4.94202898551 0.0 ;
38.6829268293 33.5853658537 9.9756097561 1.43902439024 0.560975609756 4.63414634146 0.146341463415 ;
37.3184713376 8.21337579618 2.32324840764 0.0 0.0 12.4840764331 1.0 ;
37.0392156863 14.0490196078 3.44117647059 0.460784313725 0.0 25.862745098 2.48039215686 ;
44.2272108844 21.9142857143 1.47482993197 0.0 0.0 4.08571428571 0.0 ;
37.2070626003 8.09470304976 2.31621187801 0.0 0.0 12.4943820225 1.0 ;
70.0 6.25 1.5 0.0 0.0 5.25 0.25 ;
37.7631578947 17.1578947368 3.55263157895 0.0 0.0 19.6710526316 1.81578947368 ;
38.7065217391 10.847826087 7.30434782609 1.19565217391 0.0 19.6304347826 1.65217391304 ;
37.4482132041 5.3128407026 2.40702604482 0.0 0.0 4.9079345851 0.0 ;
40.1 55.3 7.15 0.7 0.65 3.45 0.05 ;
36.5348837209 3.82945736434 12.6046511628 1.34108527132 0.077519379845 4.41860465116 0.0 ;
36.5378787879 3.89393939394 12.553030303 1.33333333333 0.0757575757576 4.51515151515 0.0 ;
37.3122028526 8.19651347068 2.35182250396 0.0 0.0 12.4770206022 1.0 ;
44.0492424242 26.6799242424 1.79734848485 0.0 0.0 3.98863636364 0.0 ;
38.1777053927 6.00651465798 1.55121245024 0.0 0.0 5.0951863916 0.0 ;
36.9096945551 4.16334661355 5.09163346614 0.0 0.0 4.05843293493 0.0 ;
41.3333333333 54.375 6.875 0.583333333333 0.541666666667 4.70833333333 0.166666666667 ;
38.7752808989 10.9887640449 7.20224719101 1.20224719101 0.0 20.0 1.70786516854 ;
36.4098360656 13.6557377049 2.88524590164 0.0 0.0 22.1639344262 2.09836065574 ;
37.2070626003 8.09470304976 2.31621187801 0.0 0.0 12.4943820225 1.0 ;
44.2186666667 21.6546666667 1.48133333333 0.0 0.0 4.09466666667 0.0 ;
37.7631578947 17.1578947368 3.55263157895 0.0 0.0 19.6710526316 1.81578947368 ;
38.6847826087 10.4891304348 7.34782608696 1.19565217391 0.0 19.5326086957 1.64130434783 ;
40.0952380952 54.4761904762 7.09523809524 0.714285714286 0.619047619048 4.14285714286 0.0952380952381 ;
37.4192272589 5.29631883176 2.40979616672 0.0 0.0 4.90964405233 0.0 ;
36.5234375 3.8203125 12.625 1.34375 0.078125 4.3828125 0.0 ;
70.0 6.25 1.5 0.0 0.0 5.25 0.25 ;
37.529676259 5.3492206235 2.40047961631 0.0 0.0 4.90737410072 0.0 ;
44.1723646724 22.6011396011 1.46723646724 0.0 0.0 4.05128205128 0.0 ;
37.1964573269 8.10628019324 2.30112721417 0.0 0.0 12.500805153 1.0 ;
34.6666666667 4.44444444444 15.1666666667 2.66666666667 0.555555555556 4.61111111111 0.0555555555556 ;
37.6732673267 6.80198019802 9.99504950495 1.15841584158 0.0 11.2623762376 0.742574257426 ;
40.0952380952 54.4761904762 7.09523809524 0.714285714286 0.619047619048 4.14285714286 0.0952380952381 ;
37.7142857143 16.2597402597 3.61038961039 0.0 0.0 19.6103896104 1.81818181818 ;
70.0 6.25 1.5 0.0 0.0 5.25 0.25 ;
37.3122028526 8.19651347068 2.35182250396 0.0 0.0 12.4770206022 1.0 ;
36.9160401003 4.22055137845 4.96616541353 0.0 0.0 4.0664160401 0.0 ;
39.0666666667 31.4888888889 10.4888888889 1.55555555556 0.511111111111 5.22222222222 0.222222222222 ;
44.0378071834 26.6710775047 1.80529300567 0.0 0.0 4.01701323251 0.0 ;
37.2173913043 4.46376811594 11.8043478261 1.15217391304 0.0 4.94202898551 0.0 ;
38.1969083548 6.01435406699 1.52778800147 0.0 0.0 5.1048951049 0.0 ;
37.0392156863 14.0490196078 3.44117647059 0.460784313725 0.0 25.862745098 2.48039215686 ;
38.8095238095 7.80952380952 8.90476190476 1.0 0.0 13.619047619 1.0 ;
39.0081967213 11.7090163934 2.99590163934 0.0 0.0 13.1680327869 1.0 ;
38.1546617916 5.99890310786 1.53711151737 0.0 0.0 5.10237659963 0.0 ;
37.432 12.936 4.488 0.576 0.0 23.592 2.208 ;
38.8837209302 32.488372093 10.4418604651 1.53488372093 0.53488372093 4.88372093023 0.186046511628 ;
37.2173913043 4.46376811594 11.8043478261 1.15217391304 0.0 4.94202898551 0.0 ;
36.9742599743 4.22522522523 5.03088803089 0.0 0.0 4.0592020592 0.0 ;
44.0864661654 26.5563909774 1.7969924812 0.0 0.0 4.00563909774 0.0 ;
36.2428940568 5.9819121447 1.94573643411 0.0 0.0 12.0413436693 1.0 ;
43.5788423154 27.6467065868 1.35129740519 0.0 0.0 3.5249500998 0.0 ;
39.3125 57.75 6.0 0.625 0.8125 3.125 0.0625 ;
62.25 7.5 2.0 0.0 0.0 9.5 0.75 ;
40.210730446 6.69877181642 3.55914673562 0.0 0.0 4.69424692954 0.0 ;
37.1153846154 8.34467455621 2.37721893491 0.0 0.0 13.1715976331 1.07692307692 ;
36.5972222222 4.02777777778 12.1875 1.3125 0.0694444444444 4.82638888889 0.0 ;
39.39 16.91 6.77 0.98 0.0 20.4 1.83 ;
36.3025589563 4.78675363773 1.43803311591 0.0 0.0 5.11741093828 0.0 ;
37.2173913043 4.46376811594 11.8043478261 1.15217391304 0.0 4.94202898551 0.0 ;
38.7045454545 32.0454545455 10.5909090909 1.52272727273 0.522727272727 4.93181818182 0.204545454545 ;
36.3789954338 6.36073059361 2.02511415525 0.0 0.0 12.1050228311 1.0 ;
44.0284090909 26.6893939394 1.80303030303 0.0 0.0 4.00568181818 0.0 ;
37.4838709677 12.935483871 4.38709677419 0.572580645161 0.0 23.7258064516 2.21774193548 ;
38.200733945 6.01614678899 1.53100917431 0.0 0.0 5.1023853211 0.0 ;
36.9051833123 4.21238938053 4.98735777497 0.0 0.0 4.07206068268 0.0 ;
39.4300518135 12.3626943005 3.0932642487 0.0 0.0 13.3212435233 1.0 ;
37.2173913043 4.46376811594 11.8043478261 1.15217391304 0.0 4.94202898551 0.0 ;
39.0666666667 31.4888888889 10.4888888889 1.55555555556 0.511111111111 5.22222222222 0.222222222222 ;
37.3122028526 8.19651347068 2.35182250396 0.0 0.0 12.4770206022 1.0 ;
37.0392156863 14.0490196078 3.44117647059 0.460784313725 0.0 25.862745098 2.48039215686 ;
36.9293820933 4.22572509458 4.98108448928 0.0 0.0 4.06179066835 0.0 ;
38.8095238095 7.80952380952 8.90476190476 1.0 0.0 13.619047619 1.0 ;
38.1855935318 6.01102535832 1.53031973539 0.0 0.0 5.10584343991 0.0 ;
44.0528301887 26.6245283019 1.80188679245 0.0 0.0 4.01132075472 0.0 ;
38.6847826087 10.4891304348 7.34782608696 1.19565217391 0.0 19.5326086957 1.64130434783 ;
40.0952380952 54.4761904762 7.09523809524 0.714285714286 0.619047619048 4.14285714286 0.0952380952381 ;
44.2316910786 21.637816245 1.48468708389 0.0 0.0 4.09320905459 0.0 ;
37.4141813755 5.29519172246 2.40931223372 0.0 0.0 4.91022519781 0.0 ;
36.5234375 3.8203125 12.625 1.34375 0.078125 4.3828125 0.0 ;
37.7631578947 17.1578947368 3.55263157895 0.0 0.0 19.6710526316 1.81578947368 ;
70.0 6.25 1.5 0.0 0.0 5.25 0.25 ;
37.2070626003 8.09470304976 2.31621187801 0.0 0.0 12.4943820225 1.0 ;
36.9293820933 4.22572509458 4.98108448928 0.0 0.0 4.06179066835 0.0 ;
39.0666666667 31.4888888889 10.4888888889 1.55555555556 0.511111111111 5.22222222222 0.222222222222 ;
44.0528301887 26.6245283019 1.80188679245 0.0 0.0 4.01132075472 0.0 ;
38.1855935318 6.01102535832 1.53031973539 0.0 0.0 5.10584343991 0.0 ;
37.3122028526 8.19651347068 2.35182250396 0.0 0.0 12.4770206022 1.0 ;
37.2173913043 4.46376811594 11.8043478261 1.15217391304 0.0 4.94202898551 0.0 ;
38.8095238095 7.80952380952 8.90476190476 1.0 0.0 13.619047619 1.0 ;
37.0392156863 14.0490196078 3.44117647059 0.460784313725 0.0 25.862745098 2.48039215686 ;
37.0392156863 14.0490196078 3.44117647059 0.460784313725 0.0 25.862745098 2.48039215686 ;
44.0753295669 26.5875706215 1.80037664783 0.0 0.0 4.00753295669 0.0 ;
37.2173913043 4.46376811594 11.8043478261 1.15217391304 0.0 4.94202898551 0.0 ;
38.8095238095 7.80952380952 8.90476190476 1.0 0.0 13.619047619 1.0 ;
38.1735143067 6.00843727073 1.53264856933 0.0 0.0 5.10271460015 0.0 ;
36.9390088945 4.21982210928 5.0 0.0 0.0 4.06861499365 0.0 ;
37.3122028526 8.19651347068 2.35182250396 0.0 0.0 12.4770206022 1.0 ;
39.0666666667 31.4888888889 10.4888888889 1.55555555556 0.511111111111 5.22222222222 0.222222222222 ;
37.2173913043 4.46376811594 11.8043478261 1.15217391304 0.0 4.94202898551 0.0 ;
37.3122028526 8.19651347068 2.35182250396 0.0 0.0 12.4770206022 1.0 ;
39.0666666667 31.4888888889 10.4888888889 1.55555555556 0.511111111111 5.22222222222 0.222222222222 ;
38.8095238095 7.80952380952 8.90476190476 1.0 0.0 13.619047619 1.0 ;
38.1735143067 6.00843727073 1.53264856933 0.0 0.0 5.10271460015 0.0 ;
37.0392156863 14.0490196078 3.44117647059 0.460784313725 0.0 25.862745098 2.48039215686 ;
44.0753295669 26.5875706215 1.80037664783 0.0 0.0 4.00753295669 0.0 ;
36.9390088945 4.21982210928 5.0 0.0 0.0 4.06861499365 0.0 ;
37.3122028526 8.19651347068 2.35182250396 0.0 0.0 12.4770206022 1.0 ;
39.0666666667 31.4888888889 10.4888888889 1.55555555556 0.511111111111 5.22222222222 0.222222222222 ;
38.8095238095 7.80952380952 8.90476190476 1.0 0.0 13.619047619 1.0 ;
38.2049871654 6.01906857352 1.53135313531 0.0 0.0 5.10121012101 0.0 ;
36.8949367089 4.21139240506 4.98987341772 0.0 0.0 4.0746835443 0.0 ;
37.2173913043 4.46376811594 11.8043478261 1.15217391304 0.0 4.94202898551 0.0 ;
44.0303605313 26.7115749526 1.8045540797 0.0 0.0 4.00379506641 0.0 ;
37.0392156863 14.0490196078 3.44117647059 0.460784313725 0.0 25.862745098 2.48039215686 ;
38.0921052632 16.4078947368 3.48684210526 0.0 0.0 19.6973684211 1.82894736842 ;
36.2442748092 4.75521628499 1.43562340967 0.0 0.0 5.14045801527 0.0 ;
40.1 55.3 7.15 0.7 0.65 3.45 0.05 ;
40.1710108074 6.72027972028 3.52701843611 0.0 0.0 4.67260012715 0.0 ;
38.7752808989 10.9887640449 7.20224719101 1.20224719101 0.0 20.0 1.70786516854 ;
37.2070626003 8.09470304976 2.31621187801 0.0 0.0 12.4943820225 1.0 ;
43.7514910537 27.4691848907 1.33996023857 0.0 0.0 3.53280318091 0.0 ;
36.5378787879 3.89393939394 12.553030303 1.33333333333 0.0757575757576 4.51515151515 0.0 ;
35.53125 4.28125 15.375 2.34375 0.3125 4.96875 0.0 ;
40.0992217899 6.69260700389 3.56420233463 0.0 0.0 4.70168612192 0.0 ;
38.6666666667 57.4 5.0 0.533333333333 0.866666666667 3.0 0.0666666666667 ;
37.2397058824 8.37941176471 2.37352941176 0.0 0.0 13.1632352941 1.07647058824 ;
36.2931989924 4.77934508816 1.4362720403 0.0 0.0 5.11738035264 0.0 ;
39.3655913978 17.6021505376 6.84946236559 1.02150537634 0.0 21.4516129032 1.95698924731 ;
37.0672268908 4.43697478992 11.1260504202 1.0 0.0 4.82352941176 0.0 ;
43.8446601942 27.0912621359 1.36504854369 0.0 0.0 3.53786407767 0.0 ;
36.9390088945 4.21982210928 5.0 0.0 0.0 4.06861499365 0.0 ;
38.1735143067 6.00843727073 1.53264856933 0.0 0.0 5.10271460015 0.0 ;
39.0666666667 31.4888888889 10.4888888889 1.55555555556 0.511111111111 5.22222222222 0.222222222222 ;
37.2173913043 4.46376811594 11.8043478261 1.15217391304 0.0 4.94202898551 0.0 ;
37.3122028526 8.19651347068 2.35182250396 0.0 0.0 12.4770206022 1.0 ;
37.0392156863 14.0490196078 3.44117647059 0.460784313725 0.0 25.862745098 2.48039215686 ;
44.0753295669 26.5875706215 1.80037664783 0.0 0.0 4.00753295669 0.0 ;
38.8095238095 7.80952380952 8.90476190476 1.0 0.0 13.619047619 1.0 ;
37.2025723473 8.10289389068 2.30868167203 0.0 0.0 12.498392283 1.0 ;
44.1647727273 22.5710227273 1.46732954545 0.0 0.0 4.05539772727 0.0 ;
70.0 6.25 1.5 0.0 0.0 5.25 0.25 ;
40.0952380952 54.4761904762 7.09523809524 0.714285714286 0.619047619048 4.14285714286 0.0952380952381 ;
37.6732673267 6.80198019802 9.99504950495 1.15841584158 0.0 11.2623762376 0.742574257426 ;
37.6710526316 16.3947368421 3.56578947368 0.0 0.0 19.7236842105 1.82894736842 ;
34.6666666667 4.44444444444 15.1666666667 2.66666666667 0.555555555556 4.61111111111 0.0555555555556 ;
37.5272945411 5.34523095381 2.40101979604 0.0 0.0 4.90701859628 0.0 ;
36.3302107728 6.25292740047 2.01170960187 0.0 0.0 12.0655737705 1.0 ;
39.3676470588 12.2647058824 3.0637254902 0.0 0.0 13.3382352941 1.0 ;
38.8837209302 32.488372093 10.4418604651 1.53488372093 0.53488372093 4.88372093023 0.186046511628 ;
37.432 12.936 4.488 0.576 0.0 23.592 2.208 ;
36.9293820933 4.22572509458 4.98108448928 0.0 0.0 4.06179066835 0.0 ;
37.2173913043 4.46376811594 11.8043478261 1.15217391304 0.0 4.94202898551 0.0 ;
44.0528301887 26.6245283019 1.80188679245 0.0 0.0 4.01132075472 0.0 ;
38.1855935318 6.01102535832 1.53031973539 0.0 0.0 5.10584343991 0.0 ;
36.2993470618 4.78151682572 1.43797086891 0.0 0.0 5.11401305876 0.0 ;
38.6666666667 57.4 5.0 0.533333333333 0.866666666667 3.0 0.0666666666667 ;
37.488372093 6.11627906977 9.52325581395 1.0 0.0 10.1104651163 0.593023255814 ;
37.2419354839 8.42961876833 2.37976539589 0.0 0.0 13.1715542522 1.07771260997 ;
35.6666666667 4.18181818182 15.3333333333 2.33333333333 0.30303030303 5.06060606061 0.0 ;
40.1163849155 6.70156046814 3.56827048114 0.0 0.0 4.70416124837 0.0 ;
40.7567567568 28.6756756757 8.10810810811 1.08108108108 0.0 21.3513513514 2.08108108108 ;
43.828460039 27.1578947368 1.36257309942 0.0 0.0 3.53411306043 0.0 ;
38.1863970588 6.01176470588 1.52941176471 0.0 0.0 5.10367647059 0.0 ;
37.2173913043 4.46376811594 11.8043478261 1.15217391304 0.0 4.94202898551 0.0 ;
39.0666666667 31.4888888889 10.4888888889 1.55555555556 0.511111111111 5.22222222222 0.222222222222 ;
36.9282115869 4.22544080605 4.9798488665 0.0 0.0 4.07052896725 0.0 ;
38.8095238095 7.80952380952 8.90476190476 1.0 0.0 13.619047619 1.0 ;
37.0392156863 14.0490196078 3.44117647059 0.460784313725 0.0 25.862745098 2.48039215686 ;
44.0528301887 26.6245283019 1.80188679245 0.0 0.0 4.01132075472 0.0 ;
37.3122028526 8.19651347068 2.35182250396 0.0 0.0 12.4770206022 1.0 ;
36.5378787879 3.89393939394 12.553030303 1.33333333333 0.0757575757576 4.51515151515 0.0 ;
37.3122028526 8.19651347068 2.35182250396 0.0 0.0 12.4770206022 1.0 ;
44.0492424242 26.6799242424 1.79734848485 0.0 0.0 3.98863636364 0.0 ;
38.7752808989 10.9887640449 7.20224719101 1.20224719101 0.0 20.0 1.70786516854 ;
36.4098360656 13.6557377049 2.88524590164 0.0 0.0 22.1639344262 2.09836065574 ;
41.3333333333 54.375 6.875 0.583333333333 0.541666666667 4.70833333333 0.166666666667 ;
36.9096945551 4.16334661355 5.09163346614 0.0 0.0 4.05843293493 0.0 ;
38.1777053927 6.00651465798 1.55121245024 0.0 0.0 5.0951863916 0.0 ;
36.5234375 3.8203125 12.625 1.34375 0.078125 4.3828125 0.0 ;
37.4482132041 5.3128407026 2.40702604482 0.0 0.0 4.9079345851 0.0 ;
44.2272108844 21.9142857143 1.47482993197 0.0 0.0 4.08571428571 0.0 ;
38.6989247312 10.7849462366 7.33333333333 1.1935483871 0.0 19.5161290323 1.63440860215 ;
70.0 6.25 1.5 0.0 0.0 5.25 0.25 ;
40.1 55.3 7.15 0.7 0.65 3.45 0.05 ;
37.2070626003 8.09470304976 2.31621187801 0.0 0.0 12.4943820225 1.0 ;
37.7631578947 17.1578947368 3.55263157895 0.0 0.0 19.6710526316 1.81578947368 ;
36.3753665689 4.85679374389 1.4477028348 0.0 0.0 5.11827956989 0.0 ;
43.74609375 27.212890625 1.36328125 0.0 0.0 3.517578125 0.0 ;
40.1839622642 6.66374663073 3.6320754717 0.0 0.0 4.68800539084 0.0 ;
39.3125 57.75 6.0 0.625 0.8125 3.125 0.0625 ;
37.1153846154 8.34467455621 2.37721893491 0.0 0.0 13.1715976331 1.07692307692 ;
61.3333333333 8.33333333333 2.33333333333 0.0 0.0 11.6666666667 1.0 ;
39.4257425743 16.7722772277 6.78217821782 0.980198019802 0.0 20.297029703 1.81188118812 ;
36.5524475524 4.03496503497 12.2167832168 1.31468531469 0.0699300699301 4.79020979021 0.0 ;
44.0284090909 26.6893939394 1.80303030303 0.0 0.0 4.00568181818 0.0 ;
36.3789954338 6.36073059361 2.02511415525 0.0 0.0 12.1050228311 1.0 ;
38.7045454545 32.0454545455 10.5909090909 1.52272727273 0.522727272727 4.93181818182 0.204545454545 ;
38.2032281731 6.01577402788 1.53154805576 0.0 0.0 5.10124724872 0.0 ;
37.4838709677 12.935483871 4.38709677419 0.572580645161 0.0 23.7258064516 2.21774193548 ;
36.8949367089 4.21139240506 4.98987341772 0.0 0.0 4.0746835443 0.0 ;
37.2173913043 4.46376811594 11.8043478261 1.15217391304 0.0 4.94202898551 0.0 ;
39.4300518135 12.3626943005 3.0932642487 0.0 0.0 13.3212435233 1.0 ;
36.3860419717 4.85261102977 1.44802342606 0.0 0.0 5.11957052221 0.0 ;
37.1710914454 8.35103244838 2.3790560472 0.0 0.0 13.1725663717 1.07669616519 ;
39.3125 57.75 6.0 0.625 0.8125 3.125 0.0625 ;
43.7821011673 27.1361867704 1.36381322957 0.0 0.0 3.52529182879 0.0 ;
36.5931034483 4.07586206897 12.1724137931 1.31034482759 0.0689655172414 4.84137931034 0.0 ;
40.1595672752 6.67207572684 3.63894523327 0.0 0.0 4.68424611224 0.0 ;
39.3854166667 17.25 6.59375 0.979166666667 0.0 20.8020833333 1.875 ;
48.5 7.0 8.75 0.75 0.0 11.0 1.0 ;
37.0392156863 14.0490196078 3.44117647059 0.460784313725 0.0 25.862745098 2.48039215686 ;
36.9390088945 4.21982210928 5.0 0.0 0.0 4.06861499365 0.0 ;
44.0753295669 26.5875706215 1.80037664783 0.0 0.0 4.00753295669 0.0 ;
38.1735143067 6.00843727073 1.53264856933 0.0 0.0 5.10271460015 0.0 ;
37.3184713376 8.21337579618 2.32324840764 0.0 0.0 12.4840764331 1.0 ;
38.6829268293 33.5853658537 9.9756097561 1.43902439024 0.560975609756 4.63414634146 0.146341463415 ;
39.1071428571 7.78571428571 9.82142857143 1.14285714286 0.0 13.0 1.0 ;
37.2173913043 4.46376811594 11.8043478261 1.15217391304 0.0 4.94202898551 0.0 ;
38.8095238095 7.80952380952 8.90476190476 1.0 0.0 13.619047619 1.0 ;
44.0378071834 26.6710775047 1.80529300567 0.0 0.0 4.01701323251 0.0 ;
37.0392156863 14.0490196078 3.44117647059 0.460784313725 0.0 25.862745098 2.48039215686 ;
36.9160401003 4.22055137845 4.96616541353 0.0 0.0 4.0664160401 0.0 ;
39.0666666667 31.4888888889 10.4888888889 1.55555555556 0.511111111111 5.22222222222 0.222222222222 ;
37.2173913043 4.46376811594 11.8043478261 1.15217391304 0.0 4.94202898551 0.0 ;
37.3122028526 8.19651347068 2.35182250396 0.0 0.0 12.4770206022 1.0 ;
38.1969083548 6.01435406699 1.52778800147 0.0 0.0 5.1048951049 0.0 ;
35.6666666667 4.18181818182 15.3333333333 2.33333333333 0.30303030303 5.06060606061 0.0 ;
38.6666666667 57.4 5.0 0.533333333333 0.866666666667 3.0 0.0666666666667 ;
40.7567567568 28.6756756757 8.10810810811 1.08108108108 0.0 21.3513513514 2.08108108108 ;
36.2924006039 4.78007045798 1.43784599899 0.0 0.0 5.12028183191 0.0 ;
37.488372093 6.11627906977 9.52325581395 1.0 0.0 10.1104651163 0.593023255814 ;
43.828460039 27.1578947368 1.36257309942 0.0 0.0 3.53411306043 0.0 ;
40.1154345006 6.69844357977 3.56290531777 0.0 0.0 4.69714656291 0.0 ;
37.2419354839 8.42961876833 2.37976539589 0.0 0.0 13.1715542522 1.07771260997 ;
36.3305084746 4.80707876371 1.4406779661 0.0 0.0 5.1186440678 0.0 ;
40.2077073808 6.68190725016 3.5774003919 0.0 0.0 4.69235793599 0.0 ;
39.3125 57.75 6.0 0.625 0.8125 3.125 0.0625 ;
37.1153846154 8.34467455621 2.37721893491 0.0 0.0 13.1715976331 1.07692307692 ;
36.5972222222 4.02777777778 12.1875 1.3125 0.0694444444444 4.82638888889 0.0 ;
43.5575396825 27.5416666667 1.35317460317 0.0 0.0 3.52182539683 0.0 ;
62.25 7.5 2.0 0.0 0.0 9.5 0.75 ;
39.39 16.91 6.77 0.98 0.0 20.4 1.83 ;
38.7752808989 10.9887640449 7.20224719101 1.20224719101 0.0 20.0 1.70786516854 ;
41.2855917667 6.36620926244 4.01886792453 0.0 0.0 4.63121783877 0.0 ;
40.5909090909 53.1363636364 7.5 0.636363636364 0.590909090909 3.59090909091 0.0454545454545 ;
36.561948761 5.21461570769 1.55186896262 0.0 0.0 5.06425871483 0.0 ;
37.7014925373 16.1194029851 2.79104477612 0.0 0.0 21.223880597 2.0 ;
42.9516129032 28.1129032258 1.3689516129 0.0 0.0 3.58266129032 0.0 ;
36.5378787879 3.89393939394 12.553030303 1.33333333333 0.0757575757576 4.51515151515 0.0 ;
37.224522293 8.11464968153 2.35987261146 0.0 0.0 12.4872611465 1.0 ;
37.3122028526 8.19651347068 2.35182250396 0.0 0.0 12.4770206022 1.0 ;
38.5333333333 31.4 10.6666666667 1.51111111111 0.511111111111 5.04444444444 0.222222222222 ;
37.2173913043 4.46376811594 11.8043478261 1.15217391304 0.0 4.94202898551 0.0 ;
44.0528301887 26.6245283019 1.80188679245 0.0 0.0 4.01132075472 0.0 ;
37.5210084034 13.1764705882 4.05882352941 0.554621848739 0.0 24.1008403361 2.26890756303 ;
38.0 8.25 11.75 1.0 0.0 16.0 1.0 ;
38.1863970588 6.01176470588 1.52941176471 0.0 0.0 5.10367647059 0.0 ;
36.9282115869 4.22544080605 4.9798488665 0.0 0.0 4.07052896725 0.0 ;
36.4098360656 13.6557377049 2.88524590164 0.0 0.0 22.1639344262 2.09836065574 ;
41.3333333333 54.375 6.875 0.583333333333 0.541666666667 4.70833333333 0.166666666667 ;
38.1942028986 6.01884057971 1.54673913043 0.0 0.0 5.08876811594 0.0 ;
36.8893280632 4.15678524374 5.07246376812 0.0 0.0 4.0790513834 0.0 ;
44.04 26.7638095238 1.80952380952 0.0 0.0 3.9980952381 0.0 ;
38.7752808989 10.9887640449 7.20224719101 1.20224719101 0.0 20.0 1.70786516854 ;
37.3122028526 8.19651347068 2.35182250396 0.0 0.0 12.4770206022 1.0 ;
36.5378787879 3.89393939394 12.553030303 1.33333333333 0.0757575757576 4.51515151515 0.0 ;
36.3380614657 6.20567375887 2.00945626478 0.0 0.0 12.0803782506 1.0 ;
38.8837209302 32.488372093 10.4418604651 1.53488372093 0.53488372093 4.88372093023 0.186046511628 ;
37.2173913043 4.46376811594 11.8043478261 1.15217391304 0.0 4.94202898551 0.0 ;
37.432 12.936 4.488 0.576 0.0 23.592 2.208 ;
36.9293820933 4.22572509458 4.98108448928 0.0 0.0 4.06179066835 0.0 ;
44.0528301887 26.6245283019 1.80188679245 0.0 0.0 4.01132075472 0.0 ;
38.1855935318 6.01102535832 1.53031973539 0.0 0.0 5.10584343991 0.0 ;
39.2932692308 12.2451923077 3.04807692308 0.0 0.0 13.2836538462 1.0 ;
38.8095238095 17.5714285714 5.79761904762 0.904761904762 0.0 23.1071428571 2.13095238095 ;
40.6454293629 11.5595567867 4.11911357341 0.0 0.0 6.84764542936 0.0 ;
37.5 32.8666666667 8.93333333333 1.23333333333 0.766666666667 4.03333333333 0.166666666667 ;
36.7089041096 3.40582191781 4.99828767123 0.0 0.0 3.20034246575 0.0 ;
37.9227306827 5.71530382596 1.56114028507 0.0 0.0 5.05176294074 0.0 ;
37.2223858616 8.34462444772 2.37702503682 0.0 0.0 13.1649484536 1.0765832106 ;
37.2027972028 4.51748251748 12.1748251748 1.28671328671 0.0 4.95104895105 0.0 ;
44.6428571429 28.6797235023 1.18433179724 0.0 0.0 3.30875576037 0.0 ;
36.2005277045 5.90237467018 1.93667546174 0.0 0.0 12.0290237467 1.0 ;
36.9908376963 4.21989528796 5.06937172775 0.0 0.0 4.05628272251 0.0 ;
38.7045454545 32.0454545455 10.5909090909 1.52272727273 0.522727272727 4.93181818182 0.204545454545 ;
38.9841269841 11.6468253968 2.97619047619 0.0 0.0 13.1507936508 1.0 ;
37.2173913043 4.46376811594 11.8043478261 1.15217391304 0.0 4.94202898551 0.0 ;
38.1380189366 5.98798252003 1.54187909687 0.0 0.0 5.09796067007 0.0 ;
37.4838709677 12.935483871 4.38709677419 0.572580645161 0.0 23.7258064516 2.21774193548 ;
44.0973782772 26.5 1.80149812734 0.0 0.0 4.01123595506 0.0 ;
36.6244268445 5.27386411005 1.54689453939 0.0 0.0 5.07961650688 0.0 ;
37.2951612903 8.20161290323 2.26290322581 0.0 0.0 12.4870967742 1.0 ;
43.0178926441 27.8747514911 1.38170974155 0.0 0.0 3.61033797217 0.0 ;
40.7727272727 56.3181818182 6.27272727273 0.590909090909 0.590909090909 4.63636363636 0.181818181818 ;
41.1885964912 6.21578947368 4.07368421053 0.0 0.0 4.58596491228 0.0 ;
38.9887640449 12.2247191011 7.26966292135 1.15730337079 0.0 19.9325842697 1.70786516854 ;
36.6944444444 12.7777777778 3.56944444444 0.0 0.0 20.5972222222 1.93055555556 ;
36.6176470588 3.88970588235 12.4779411765 1.33088235294 0.0735294117647 4.58088235294 0.0 ;
38.6829268293 33.5853658537 9.9756097561 1.43902439024 0.560975609756 4.63414634146 0.146341463415 ;
37.2173913043 4.46376811594 11.8043478261 1.15217391304 0.0 4.94202898551 0.0 ;
39.1071428571 7.78571428571 9.82142857143 1.14285714286 0.0 13.0 1.0 ;
44.0753295669 26.5875706215 1.80037664783 0.0 0.0 4.00753295669 0.0 ;
38.1735143067 6.00843727073 1.53264856933 0.0 0.0 5.10271460015 0.0 ;
37.3184713376 8.21337579618 2.32324840764 0.0 0.0 12.4840764331 1.0 ;
37.0392156863 14.0490196078 3.44117647059 0.460784313725 0.0 25.862745098 2.48039215686 ;
36.9390088945 4.21982210928 5.0 0.0 0.0 4.06861499365 0.0 ;
39.1071428571 7.78571428571 9.82142857143 1.14285714286 0.0 13.0 1.0 ;
44.0753295669 26.5875706215 1.80037664783 0.0 0.0 4.00753295669 0.0 ;
37.2173913043 4.46376811594 11.8043478261 1.15217391304 0.0 4.94202898551 0.0 ;
38.6829268293 33.5853658537 9.9756097561 1.43902439024 0.560975609756 4.63414634146 0.146341463415 ;
37.0392156863 14.0490196078 3.44117647059 0.460784313725 0.0 25.862745098 2.48039215686 ;
36.9478371501 4.22264631043 5.00381679389 0.0 0.0 4.07124681934 0.0 ;
37.3184713376 8.21337579618 2.32324840764 0.0 0.0 12.4840764331 1.0 ;
38.1705170517 6.0069673634 1.53281994866 0.0 0.0 5.10157682435 0.0 ;
44.0528301887 26.6245283019 1.80188679245 0.0 0.0 4.01132075472 0.0 ;
37.2173913043 4.46376811594 11.8043478261 1.15217391304 0.0 4.94202898551 0.0 ;
37.432 12.936 4.488 0.576 0.0 23.592 2.208 ;
36.9293820933 4.22572509458 4.98108448928 0.0 0.0 4.06179066835 0.0 ;
38.8837209302 32.488372093 10.4418604651 1.53488372093 0.53488372093 4.88372093023 0.186046511628 ;
39.3381642512 12.2512077295 3.05314009662 0.0 0.0 13.2898550725 1.0 ;
36.3231132075 6.21698113208 2.00943396226 0.0 0.0 12.0801886792 1.0 ;
38.1855935318 6.01102535832 1.53031973539 0.0 0.0 5.10584343991 0.0 ;
36.9262187088 4.19104084321 5.08300395257 0.0 0.0 4.09486166008 0.0 ;
41.3333333333 54.375 6.875 0.583333333333 0.541666666667 4.70833333333 0.166666666667 ;
44.0702087287 26.6963946869 1.78937381404 0.0 0.0 3.97533206831 0.0 ;
36.4098360656 13.6557377049 2.88524590164 0.0 0.0 22.1639344262 2.09836065574 ;
38.1740391588 6.00725163162 1.54749818709 0.0 0.0 5.08955765047 0.0 ;
36.5338345865 3.88721804511 12.5413533835 1.33082706767 0.0751879699248 4.55639097744 0.0 ;
37.3122028526 8.19651347068 2.35182250396 0.0 0.0 12.4770206022 1.0 ;
38.8068181818 11.0795454545 7.15909090909 1.20454545455 0.0 20.1136363636 1.72727272727 ;
