cluster 0
size:532
#377eb8
[ 1.17719666  4.75295707  1.51799799  1.33283389  1.13548447  0.47481102
  2.68368428]

cluster 1
size:130
#ff7f00
[ 2.05690224  4.63827166  2.62223655  3.26940409  2.56867745  2.11002504
  0.02861307]

cluster 2
size:386
#4daf4a
[ 2.20013091  4.68845239  3.09043206  4.37808909  2.70883734  3.80940757
  3.11788569]

cluster 3
size:732
#f781bf
[ 1.65077821  4.72730177  2.08789258  1.7303388   3.88303618  0.9713291
  3.20587709]

cluster 4
size:748
#a65628
[ 2.89281474  4.50906082  3.26069453  3.51551026  4.54210575  1.92975648
  3.40659139]

cluster 5
size:481
#984ea3
[ 2.45399864  4.75418374  2.61468633  2.93104088  2.04806268  0.96496676
  3.14756854]

