50.6493799324 5.82863585118 3.099210823 0.704998121007 0.245396467493 11.1454340474 1.21082299887 257.282976325 12223.3175498 91.2536640361 13.7318226574 1.80972230015 3.74428417269 6.56810691301 60.6512589252 ;
46.0087022323 5.72550132425 2.81611804767 0.581157775255 0.269769201665 9.35054861899 0.931328036322 87.0115399168 3872.51740446 69.8231176693 9.36891824335 1.84073800997 2.90427405014 5.03683829409 52.4907302308 ;
51.3014256619 6.62525458248 2.90767141887 0.604209097081 0.295315682281 8.79633401222 0.811948404616 516.032586558 25092.3991853 100.952477936 15.1341302449 1.79877977338 4.62349764875 8.14096357326 63.9497623897 ;
60.1206896552 7.24827586207 3.21034482759 0.96724137931 0.556896551724 9.36034482759 0.994827586207 761.298275862 45006.7068966 131.656896552 20.4196877727 1.81559233872 5.18211604067 9.22855929139 79.9620689655 ;
52.16953125 7.03515625 2.9125 0.6171875 0.30703125 8.71484375 0.80078125 593.2734375 29382.4164062 105.0890625 15.8493662787 1.80178077755 4.75027943302 8.37732301105 65.71015625 ;
46.4911489066 5.6959389101 2.8474488025 0.601180145783 0.264491496008 9.6325928497 0.981430059007 94.2395001736 4258.90003471 71.4401249566 9.72111094214 1.83661626002 2.9470296492 5.10672763819 53.2318639361 ;
65.8095238095 6.45714285714 3.45714285714 1.25396825397 0.787301587302 10.0634920635 1.18412698413 786.352380952 51493.3333333 148.038095238 23.3569608355 1.83033702151 5.28488337498 9.52720678034 89.7428571429 ;
50.3321982596 6.00794551646 3.04729474082 0.662126371547 0.254256526674 10.458948165 1.0839954597 301.227014756 14260.9511918 92.391600454 13.8262587726 1.80970105061 3.93707581412 6.92306288662 60.6640181612 ;
47.177199879 5.72240701542 2.90096764439 0.629271242818 0.266555790747 9.98669488963 1.04248563653 109.654369519 5046.21318415 74.1211067433 10.2866078729 1.83564581391 3.01357956659 5.24092595517 54.3143332325 ;
53.009771987 7.49402823018 2.87404994571 0.637350705755 0.323561346363 8.61237785016 0.802388707926 657.038002172 33238.1064061 108.986970684 16.4442921593 1.80234914807 4.9836490321 8.77343924234 67.5917480999 ;
50.0871703174 6.12025033527 2.95932051855 0.598122485472 0.253464461332 9.51050514081 0.9029950827 371.849798838 17688.1256147 94.3625391149 14.0432367012 1.80273979518 4.21985335118 7.41994005601 61.0755476084 ;
68.0701754386 5.68859649123 3.61403508772 1.36842105263 0.916666666667 9.70175438596 1.15789473684 807.140350877 54846.8508772 154.701754386 24.5830554111 1.8193176477 5.13159734286 9.22998129629 93.5175438596 ;
50.5764253235 5.9062609304 3.09338929696 0.69289961525 0.249038125219 10.8905211612 1.1654424624 272.214410633 12927.6603708 91.6372857643 13.7546497194 1.81166501259 3.81097926813 6.69919705902 60.7058412032 ;
51.9015509103 6.89480782198 2.87727579231 0.606877950101 0.296021577883 8.68240053945 0.797707349966 571.727579231 28178.5812542 103.990559676 15.6627990182 1.79620769652 4.73241584912 8.31701915876 65.2049898854 ;
46.0567628325 5.7259273136 2.82109404271 0.584301236418 0.269201948295 9.41007868115 0.940989134507 87.7699512926 3913.06013488 69.9848257774 9.40676839081 1.83961206304 2.90917840517 5.04250168343 52.5606968902 ;
65.61875 6.44375 3.4625 1.246875 0.778125 10.0875 1.1875 786.228125 51326.365625 147.459375 23.2333453831 1.82900889569 5.27692310671 9.50826768807 89.403125 ;
46.4604228551 5.70207932902 2.84850602831 0.600908614363 0.264896033549 9.62659444347 0.980954045081 93.5843089289 4225.73003669 71.3227328324 9.69536594545 1.83591870159 2.94362992022 5.09766339603 53.1798008038 ;
51.4733124019 6.5808477237 2.87912087912 0.602040816327 0.298273155416 8.70957613815 0.799058084772 530.46389325 25832.311617 101.687598116 15.2808601238 1.79513666522 4.66300205364 8.20143774634 64.3657770801 ;
59.9815436242 7.2567114094 3.20637583893 0.961409395973 0.557046979866 9.29530201342 0.986577181208 758.830536913 44721.9379195 131.16442953 20.3368377479 1.81481958614 5.17208274126 9.20575240942 79.6610738255 ;
50.3523057748 5.98088907354 3.07312006647 0.673036975488 0.253012048193 10.6946406315 1.12089738263 283.583298712 13424.543415 91.8450353137 13.7620790541 1.81672580392 3.84792363491 6.78748471549 60.4931449938 ;
46.3028017241 5.72862787356 2.83423132184 0.592492816092 0.267600574713 9.52209051724 0.960129310345 91.1788793103 4096.86584052 70.8112428161 9.58600559026 1.83694493623 2.93138898334 5.07635963594 52.9416307471 ;
51.3855685131 6.54737609329 2.93148688047 0.607871720117 0.297376093294 8.88119533528 0.822157434402 515.66909621 25079.712828 101.045189504 15.1824878442 1.79726138293 4.61027699011 8.11467129659 64.0947521866 ;
59.632423756 7.22311396469 3.17656500803 0.945425361156 0.548956661316 9.16532905297 0.966292134831 755.398073836 44257.7897271 130.268057785 20.1412525238 1.81763529122 5.15446690748 9.18410738227 79.0144462279 ;
50.4517849815 5.89167008617 3.0759130078 0.68814115716 0.244973327862 10.8974148543 1.16618793599 271.008206812 12830.5502667 91.4677882643 13.7247525291 1.81457509861 3.80511505119 6.69941119391 60.5219532212 ;
51.7242570836 6.83137525916 2.88320663442 0.597097442985 0.296475466482 8.58189357291 0.780926053905 561.988251555 27547.1782999 103.175535591 15.5293238478 1.79482306561 4.73185757769 8.31284041293 64.9274360746 ;
46.1786954138 5.73762104878 2.81691942262 0.585236616115 0.267312260186 9.45733601316 0.948474328522 89.8216700164 4020.10560936 70.408733784 9.49583013251 1.83722755873 2.9215374855 5.05837152708 52.7438333638 ;
50.5385470719 5.87805782061 3.11119347665 0.696812453669 0.250555967383 10.8980726464 1.16641957005 275.901779096 13090.2312824 91.7750185322 13.7778865779 1.81580105031 3.81788132895 6.72724432892 60.6812453669 ;
64.0916230366 6.78534031414 3.39005235602 1.1832460733 0.704188481675 10.1832460733 1.1780104712 777.664921466 49427.0157068 143.256544503 22.476771661 1.82505676818 5.2208265817 9.38065655984 86.6492146597 ;
45.9794089609 5.73117254528 2.81639656816 0.581696854147 0.270352716873 9.3304099142 0.928122020972 86.3811248808 3840.92526215 69.716491897 9.34582485174 1.84104092004 2.90164152711 5.03270176962 52.4512869399 ;
51.3063357283 6.77400391901 2.91182233834 0.596342259961 0.293272370999 8.69693011104 0.791639451339 545.040496408 26510.7544089 101.757021555 15.2435030672 1.79628423097 4.67499390876 8.21880550818 64.0705421293 ;
63.3611111111 6.83564814815 3.3587962963 1.12731481481 0.664351851852 10.0046296296 1.14351851852 768.136574074 48117.7268519 140.578703704 22.0875521368 1.8259761229 5.21401866452 9.35281598913 85.4861111111 ;
50.6207020057 5.85744985673 3.07915472779 0.69770773639 0.244627507163 11.0659025788 1.19770773639 260.344197708 12371.3800143 91.2578796562 13.7184805223 1.80990897413 3.76167285305 6.59983342712 60.6396848138 ;
46.6641004184 5.73690376569 2.85974895397 0.605355648536 0.26309623431 9.69355648536 0.990125523013 97.8286192469 4443.17305439 72.0811715481 9.8630963066 1.83658777269 2.96398485535 5.14175357722 53.5032635983 ;
52.1583134447 7.07239459029 2.91249005569 0.615751789976 0.305489260143 8.70246618934 0.798727128083 594.817024662 29442.4065235 105.118536197 15.8664326779 1.80181621869 4.75574696885 8.38660552911 65.7104216388 ;
65.61875 6.44375 3.4625 1.246875 0.778125 10.0875 1.1875 786.228125 51326.365625 147.459375 23.2333453831 1.82900889569 5.27692310671 9.50826768807 89.403125 ;
50.260620915 5.92647058824 3.0318627451 0.65727124183 0.258169934641 10.3696895425 1.06944444444 311.453431373 14738.5081699 92.7160947712 13.8438308226 1.80746754441 3.98495641669 7.00166544786 60.6805555556 ;
46.4749478079 5.69919972164 2.84933890049 0.601252609603 0.264961725818 9.63395963814 0.981906750174 94.0116562283 4246.97807933 71.3844815588 9.70815664961 1.83642449513 2.94571297109 5.10306724561 53.1998956159 ;
52.0626911315 7.06422018349 2.90596330275 0.612385321101 0.305810397554 8.67431192661 0.792048929664 586.090214067 28958.7767584 104.716360856 15.7878707489 1.80197955458 4.74570796107 8.36781846296 65.5435779817 ;
50.3213328227 5.98161623899 3.04710838759 0.662964381463 0.252776713903 10.4852546917 1.08808885484 298.202987361 14102.4189966 92.218690157 13.8010809617 1.81063108207 3.92097005679 6.89779344816 60.6066641134 ;
65.4414414414 6.36936936937 3.43243243243 1.23423423423 0.762762762763 10.1261261261 1.19219219219 782.72972973 50901.6306306 146.861861862 23.1616604564 1.82625619643 5.2689944853 9.48644948967 89.0900900901 ;
52.9056785371 7.36477382098 2.8739172281 0.620789220404 0.319538017324 8.50529355149 0.785370548604 631.451395573 31746.6823869 108.002887392 16.3737087143 1.8017916195 4.9133096952 8.66004364713 67.2743022137 ;
46.9938630999 5.72619984264 2.89126671912 0.620613690008 0.265932336743 9.87930763179 1.02344610543 104.598269079 4791.77686861 73.3365853659 10.1272841599 1.83630559667 2.99183737988 5.19891850539 54.0124311566 ;
66.8893129771 5.90458015267 3.54961832061 1.32442748092 0.854961832061 9.96946564885 1.17938931298 800.713740458 53436.3816794 151.5 23.8991573889 1.82216230743 5.2193986389 9.39324511824 91.5534351145 ;
50.0328498294 6.03626279863 2.98122866894 0.624146757679 0.252133105802 9.91424914676 0.976535836177 347.975682594 16478.0255973 93.4355802048 13.8940790352 1.80429532425 4.11520238351 7.23068292594 60.7086177474 ;
46.6712947474 5.73670123787 2.85931749749 0.605219136835 0.263466042155 9.69120107059 0.989628638341 97.8701906992 4445.82151221 72.1015389762 9.86799903812 1.836396176 2.96417757928 5.14160731274 53.512713282 ;
66.8893129771 5.90458015267 3.54961832061 1.32442748092 0.854961832061 9.96946564885 1.17938931298 800.713740458 53436.3816794 151.5 23.8991573889 1.82216230743 5.2193986389 9.39324511824 91.5534351145 ;
50.2840909091 5.92672413793 3.02978056426 0.658699059561 0.260188087774 10.3530564263 1.065830721 318.173981191 15072.7558777 92.9467084639 13.8857075679 1.80937144073 3.99391875256 7.02717048093 60.7578369906 ;
52.6208609272 7.26158940397 2.91639072848 0.623344370861 0.309602649007 8.69536423841 0.805463576159 612.091887417 30644.240894 106.83692053 16.1520459317 1.80095988628 4.84416844694 8.53954109819 66.6349337748 ;
52.1067251462 6.97295321637 2.90789473684 0.616959064327 0.303362573099 8.74049707602 0.807748538012 581.829678363 28775.6535088 104.694444444 15.7957918562 1.79794397677 4.75854689903 8.36781479682 65.6198830409 ;
46.3672055427 5.71025048854 2.83620536507 0.597086516255 0.266299520341 9.59637591046 0.974951145852 92.0897139812 4146.99911174 71.0202522651 9.63000683078 1.83722263354 2.93531660358 5.08627413325 53.0440575591 ;
50.365535248 5.95971652369 3.06676613204 0.669153301007 0.251398731816 10.5348750466 1.09735173443 290.464378963 13743.7549422 91.9656844461 13.7687542321 1.81215770198 3.87892595245 6.8284992789 60.5494218575 ;
65.5403726708 6.45341614907 3.45652173913 1.24223602484 0.773291925466 10.099378882 1.18944099379 786.307453416 51260.2795031 147.267080745 23.2002884429 1.8284160268 5.27820607098 9.50822716039 89.2826086957 ;
46.1164561664 5.72734026746 2.8176077266 0.585252600297 0.26838781575 9.43034918276 0.945022288262 88.4067607727 3949.25984398 70.1942793462 9.45137210514 1.83883652434 2.91312347324 5.04833916543 52.6489598811 ;
58.8179190751 7.26878612717 3.10549132948 0.906069364162 0.514450867052 8.96531791908 0.929190751445 747.815028902 43144.683526 128.031791908 19.743850518 1.81669084848 5.12689249077 9.13422650663 77.7138728324 ;
50.6376811594 5.8421900161 3.09541062802 0.704508856683 0.246779388084 11.0785024155 1.19927536232 256.831320451 12196.2113527 91.2250402576 13.7235312331 1.8119947827 3.7410272191 6.56817767965 60.6533816425 ;
51.1388888889 6.5 2.96527777778 0.604861111111 0.29375 9.01041666667 0.838888888889 496.390972222 24060.4472222 99.8944444444 14.973813284 1.79862317337 4.5880514979 8.07650505903 63.5638888889 ;
46.3939876216 5.70486295314 2.83961096375 0.598585322723 0.266312997347 9.6157382847 0.978603006189 92.4829354553 4168.5994695 71.092484527 9.64612173138 1.83710595768 2.93714924329 5.09006713458 53.0804597701 ;
51.8664179104 6.91940298507 2.89925373134 0.603731343284 0.301492537313 8.60223880597 0.785820895522 575.985074627 28320.1544776 103.815671642 15.6454526552 1.79801599976 4.74873447289 8.35060375233 65.2126865672 ;
50.3615005684 5.97991663509 3.06479727169 0.668056081849 0.251610458507 10.5217885563 1.09359605911 290.512315271 13747.8851838 92.0299355817 13.7808165934 1.81218292042 3.88136953534 6.83165098593 60.5619552861 ;
64.6284153005 6.62295081967 3.40710382514 1.20765027322 0.718579234973 10.3825136612 1.21584699454 778.057377049 49885.9644809 144.718579235 22.7299856439 1.82495072874 5.23430269008 9.40928367341 87.587431694 ;
46.0545250141 5.72643807382 2.82031103616 0.583848604085 0.269252388983 9.40134907251 0.939479108113 87.7603522578 3912.27524827 69.9812628818 9.40607941225 1.83966019671 2.90917931507 5.04258520694 52.5578040097 ;
51.6166237113 6.82796391753 2.90206185567 0.601159793814 0.297680412371 8.60824742268 0.784793814433 559.168170103 27389.0534794 102.886597938 15.4483811605 1.79812393767 4.71219556373 8.28908158219 64.6668814433 ;
64.9858356941 6.58923512748 3.4164305949 1.2209631728 0.733711048159 10.3654390935 1.21529745042 779.201133144 50275.776204 145.526912181 22.9394921663 1.82336839187 5.25713904961 9.44872412504 88.3002832861 ;
50.6073241479 5.89303843365 3.08774474257 0.695794053662 0.246192893401 10.9778825236 1.18092820885 266.489485134 12663.6678753 91.5279187817 13.7515230477 1.81140480806 3.78396829181 6.64769106939 60.6965192168 ;
45.6799002286 5.72895447932 2.81459156101 0.582831012264 0.273124090626 9.26605695282 0.921222199127 79.8796508002 3518.31968406 68.5607981709 9.08280226032 1.85045622443 2.85737872891 4.97570506629 51.9740178757 ;
51.1270516717 6.64924012158 2.92218844985 0.597568389058 0.288145896657 8.86990881459 0.818237082067 519.074164134 25165.3720365 100.460182371 15.0383590141 1.79826515325 4.63451692195 8.15674515013 63.6589665653 ;
61.8011928429 7.09741550696 3.30218687873 1.04572564612 0.62027833002 9.42743538767 1.03180914513 763.644135189 46507.0298211 136.773359841 21.3474605101 1.82556064168 5.17751326266 9.27121492145 82.8508946322 ;
50.4639921079 5.80993094377 3.04801052285 0.685958566261 0.242354488655 11.0355146333 1.19072673463 238.063465965 11293.8704374 89.7977638935 13.4913646154 1.79858936155 3.6687450116 6.38845100267 60.1759289707 ;
46.1792901573 5.74002927186 2.81833150384 0.585803146725 0.267471642883 9.46597145993 0.949688986462 89.6950237834 4014.51811196 70.4006586169 9.49420611503 1.83717496915 2.92106381535 5.05804590256 52.7436882547 ;
62.56 6.90105263158 3.32631578947 1.07578947368 0.637894736842 9.63157894737 1.07789473684 763.576842105 47114.6926316 138.884210526 21.7514110524 1.82332528896 5.18241537174 9.2777263742 84.1431578947 ;
51.2331961591 6.76406035665 2.90329218107 0.595336076818 0.291495198903 8.75034293553 0.797668038409 543.015775034 26351.0720165 101.267489712 15.1739215157 1.79385013643 4.68634416825 8.23179384702 63.9437585734 ;
50.5909265667 5.85274894271 3.09880815071 0.698961937716 0.248750480584 10.9177239523 1.17339484814 269.724336794 12809.946559 91.7135717032 13.7830243137 1.81658859344 3.79496356755 6.68608577102 60.7227989235 ;
62.5515021459 6.84120171674 3.34978540773 1.08798283262 0.643776824034 9.70386266094 1.09012875536 766.360515021 47315.9828326 138.896995708 21.713926381 1.8238464757 5.1993193164 9.31264823754 84.1738197425 ;
50.4393265565 5.81003811944 3.04860228717 0.682655654384 0.244917407878 11.000635324 1.18297331639 238.979669632 11336.4841169 89.7528589581 13.4802011001 1.79839295985 3.67649172668 6.40239280725 60.1562897078 ;
51.2119164619 6.75491400491 2.89803439803 0.595208845209 0.285012285012 8.78746928747 0.806511056511 528.403562654 25655.6357494 100.964373464 15.1259755912 1.79977084347 4.64500926503 8.17831496486 63.8206388206 ;
45.6309373686 5.7299285414 2.81672971837 0.583018074821 0.273644388398 9.25031525851 0.919083648592 79.1443883985 3479.92728037 68.376839008 9.04182926972 1.85102519874 2.85267303747 4.96804120467 51.8995376208 ;
50.5527972028 5.84685314685 3.02622377622 0.684965034965 0.245454545455 10.9947552448 1.18636363636 237.089160839 11264.3951049 90.0066433566 13.5370257407 1.79961659255 3.66098144777 6.37859343673 60.2632867133 ;
59.4732704403 7.22641509434 3.16037735849 0.940251572327 0.540880503145 9.17610062893 0.968553459119 754.141509434 44040.8632075 129.842767296 20.0661895556 1.81834246371 5.1311042726 9.14693516704 78.6949685535 ;
51.0345477387 6.49246231156 2.9635678392 0.60364321608 0.285175879397 9.03140703518 0.844221105528 495.578517588 23989.5879397 99.7374371859 14.9313191592 1.79784424587 4.58958868728 8.07854219121 63.4817839196 ;
45.7581433225 5.7174267101 2.82878664495 0.586522801303 0.272190553746 9.32654723127 0.929356677524 81.3460912052 3591.9759772 68.8505700326 9.15143005034 1.84912887277 2.86872103107 4.99295527012 52.1109527687 ;
50.5985299265 5.87574378719 3.06895344767 0.694084704235 0.244662233112 11.0437521876 1.19425971299 260.441722086 12375.3423171 91.192859643 13.7048040859 1.80881164569 3.76179084217 6.5962952154 60.606580329 ;
63.0545454545 6.88636363636 3.33636363636 1.11136363636 0.656818181818 9.93409090909 1.12954545455 768.954545455 47924.3909091 139.925 21.9419190945 1.82612086415 5.22130023945 9.36212414415 84.9795454545 ;
51.3596256684 6.76604278075 2.91443850267 0.597593582888 0.295454545455 8.67981283422 0.788770053476 546.206550802 26584.5855615 101.84959893 15.2748419027 1.79460625358 4.68471876726 8.23132355664 64.179144385 ;
45.953332053 5.7228730555 2.81966583445 0.58248511619 0.270213174573 9.3264835798 0.927405415786 85.7874015748 3811.74265412 69.61839831 9.32211283332 1.84222379811 2.89579879691 5.02547596619 52.4061839831 ;
46.7506578947 5.73355263158 2.86282894737 0.609046052632 0.262828947368 9.76348684211 1.00164473684 99.6616776316 4536.78470395 72.4338815789 9.93713309262 1.83715515541 2.96729079242 5.15224955204 53.6304276316 ;
52.8110918544 7.26429809359 2.86481802426 0.616117850953 0.310225303293 8.54679376083 0.782495667244 617.509532062 31004.6377816 107.47660312 16.2929547051 1.8031751547 4.87037620612 8.59241748075 67.0095320624 ;
50.2055888224 5.96886227545 3.049500998 0.654291417166 0.262275449102 10.2395209581 1.04510978044 326.787225549 15465.5041916 93.0103792415 13.8679209014 1.80519046812 4.03426393721 7.08580708968 60.7261477046 ;
66.9118773946 5.91187739464 3.55172413793 1.32567049808 0.858237547893 9.94636015326 1.17624521073 801.114942529 53476.1609195 151.563218391 23.9137697071 1.8225621762 5.22681544166 9.40762314816 91.6245210728 ;
46.7354104847 5.73376195186 2.86350148368 0.608803165183 0.262611275964 9.75997362348 1.00115397296 99.432410155 4524.2159578 72.3727332674 9.9244880688 1.83685525105 2.96731388003 5.15102562906 53.6124299374 ;
52.358245329 7.12185215272 2.91551584078 0.6149471974 0.306255077173 8.62956945573 0.789601949634 602.722177092 29974.6718115 105.908204712 15.9973104943 1.80217994162 4.79085331064 8.45022553297 66.090170593 ;
66.3118644068 6.0813559322 3.51186440678 1.29830508475 0.813559322034 10.3288135593 1.23728813559 790.291525424 52184.559322 149.444067797 23.573639756 1.82410287619 5.2767921234 9.4887887439 90.5322033898 ;
50.209717608 5.97840531561 3.02450166113 0.650332225914 0.260382059801 10.2147009967 1.0415282392 318.936046512 15084.804402 92.8168604651 13.8503393325 1.80627097781 4.01895849447 7.05943591118 60.6968438538 ;
50.3047504026 5.93035426731 3.04468599034 0.658615136876 0.258051529791 10.3768115942 1.07165861514 309.047101449 14624.7347021 92.7242351047 13.8641397045 1.80908637847 3.97623750032 6.99447471394 60.7383252818 ;
46.6111954139 5.73562636992 2.85230146687 0.603945371775 0.262518968134 9.6840330467 0.988366211431 97.1207216321 4404.52925308 71.9081099309 9.82199341209 1.83625329529 2.96019617647 5.13177803125 53.4157814871 ;
65.3727272727 6.38484848485 3.44545454545 1.23636363636 0.763636363636 10.1636363636 1.19696969697 784.778787879 50998.7060606 146.73030303 23.1049189204 1.82659755095 5.27721407025 9.50451739474 88.9484848485 ;
52.1402390438 7.07729083665 2.9171314741 0.61593625498 0.308366533865 8.68924302789 0.796015936255 592.485258964 29307.3243028 104.972111554 15.8430960061 1.8016671504 4.74597134354 8.36599363943 65.6565737052 ;
46.349197861 5.7137254902 2.83440285205 0.595008912656 0.266844919786 9.56559714795 0.9688057041 91.7950089127 4131.31889483 70.9572192513 9.61767027126 1.83709669458 2.93388814307 5.08223302225 53.0151515152 ;
51.4179543782 6.66813833701 2.86828550405 0.597498160412 0.293598233996 8.72111846946 0.799116997792 542.259013981 26381.7880795 101.716703458 15.2736060155 1.79330862244 4.68593633963 8.2323467738 64.2700515085 ;
50.414217633 5.9447974583 3.09293089754 0.68149324861 0.249404289118 10.7617156473 1.13780778396 279.026211279 13216.9372518 91.7005559968 13.7453260723 1.81471336148 3.82964119427 6.74607608309 60.5166799047 ;
61.5555555556 7.12085769981 3.2962962963 1.03898635478 0.610136452242 9.46978557505 1.03703703704 763.653021442 46299.3606238 136.003898635 21.204255044 1.82415439644 5.18759387412 9.28061862157 82.4483430799 ;
46.6216307278 5.73399595687 2.85411051213 0.604447439353 0.262466307278 9.69019541779 0.989555256065 97.1868261456 4408.90751348 71.940532345 9.82978998106 1.8360525069 2.96055067471 5.1319635842 53.4299191375 ;
52.275635767 7.01640689089 2.91714520098 0.616078753076 0.309269893355 8.66858080394 0.794093519278 597.857260049 29649.8867925 105.55783429 15.936159087 1.80139634518 4.77339606885 8.41373889258 65.9040196883 ;
50.280110935 5.97226624406 3.03882725832 0.658082408875 0.258716323296 10.3609350238 1.06814580032 312.200475436 14770.8989699 92.706022187 13.8577026372 1.80932484013 3.97930839577 7.00195957235 60.7266244057 ;
65.5451713396 6.46105919003 3.45794392523 1.24299065421 0.775700934579 10.0685358255 1.18380062305 786.788161994 51293.2492212 147.261682243 23.2019376123 1.82869969411 5.28099423315 9.51412443621 89.2959501558 ;
51.3451704545 6.66974431818 2.89488636364 0.600142045455 0.293323863636 8.78551136364 0.808238636364 541.176136364 26298.8536932 101.477272727 15.2249650114 1.79398435665 4.68502435102 8.23032289531 64.1306818182 ;
46.4373684211 5.69210526316 2.84421052632 0.600701754386 0.265614035088 9.63315789474 0.982280701754 93.2154385965 4206.29649123 71.2377192982 9.67600444288 1.83628732371 2.94126171201 5.09520447309 53.1438596491 ;
61.874 7.094 3.306 1.05 0.622 9.434 1.036 763.764 46570.03 136.978 21.3828168783 1.82644066134 5.17518582075 9.27264022013 82.954 ;
50.3733277592 6.0012541806 3.06730769231 0.670986622074 0.250418060201 10.650083612 1.11329431438 280.54180602 13282.4740803 91.7855351171 13.7621614486 1.81541399417 3.83874297563 6.76395619033 60.5108695652 ;
46.4356540084 5.69462025316 2.8435302391 0.601617440225 0.26617440225 9.63871308017 0.983298171589 92.9750351617 4196.20481716 71.2252109705 9.67124647847 1.83658033582 2.94004008855 5.09368930841 53.141350211 ;
51.4717987805 6.71417682927 2.86585365854 0.596036585366 0.291158536585 8.70884146341 0.798018292683 548.414634146 26702.4184451 102.011432927 15.3313529272 1.79219352631 4.70505866652 8.25920295378 64.3993902439 ;
61.7386138614 7.13861386139 3.29702970297 1.04158415842 0.617821782178 9.40198019802 1.02772277228 763.744554455 46465.2930693 136.582178218 21.3164646858 1.82485527356 5.18244702163 9.27647139804 82.7623762376 ;
50.3334669339 5.98517034068 3.07775551102 0.668937875752 0.252104208417 10.6100200401 1.10581162325 285.446492986 13504.9338677 91.7967935872 13.7518537107 1.8152623464 3.85509074659 6.79481616551 60.4729458918 ;
45.9343220339 5.72650231125 2.82145608629 0.582627118644 0.270608628659 9.32627118644 0.927580893683 85.5905238829 3800.26675655 69.5516178737 9.30877658891 1.84226191696 2.89596256598 5.02560197687 52.3807781202 ;
59.4582677165 7.23307086614 3.16377952756 0.940157480315 0.540157480315 9.18897637795 0.970078740157 754.57007874 44057.4346457 129.785826772 20.0544593983 1.81844945171 5.13379989662 9.15191411152 78.674015748 ;
51.1162040026 6.52098127824 2.95610071014 0.602969657844 0.289864428664 8.97611362169 0.836668818593 498.831504196 24179.2763073 100.037443512 14.9972737317 1.79755745463 4.60251391995 8.10106367083 63.6378308586 ;
50.6825457317 5.83536585366 3.0644054878 0.702362804878 0.243902439024 11.1699695122 1.21570121951 247.71875 11775.996189 90.8883384146 13.6829069766 1.80804213116 3.69911490619 6.47626711116 60.572027439 ;
46.3227191413 5.71949910555 2.83273703041 0.59373881932 0.266905187835 9.54758497317 0.96511627907 91.5139534884 4114.89516995 70.8831842576 9.60071942463 1.83686235991 2.93153991047 5.07649949708 52.9713774597 ;
52.4091936699 7.0844009043 2.90881688018 0.621703089676 0.312735493595 8.69856819894 0.801055011304 594.564431047 29621.2524491 105.814619442 15.9905181149 1.80337986771 4.75429925349 8.3932755 66.1243406179 ;
50.414703783 5.94075660243 3.06566738044 0.674161313348 0.249464668094 10.5999286224 1.11384725196 293.360813704 13899.0296217 92.1213418986 13.7961150537 1.81101909485 3.90452114048 6.86711786805 60.6723768737 ;
66.4199288256 6.11743772242 3.53380782918 1.3024911032 0.82206405694 10.1637010676 1.20640569395 796.067615658 52692.6049822 150.170818505 23.687975736 1.82504321698 5.31971782299 9.57114023865 91.0106761566 ;
50.6204140937 5.88158372684 3.08172902288 0.698873955685 0.245913548856 11.0069015619 1.18815837268 264.061387577 12548.2717036 91.4693062114 13.7431632068 1.81152986598 3.77296157491 6.62645295723 60.6738103887 ;
62.552742616 6.90717299578 3.32700421941 1.07594936709 0.637130801688 9.63502109705 1.07805907173 764.02742616 47136.9662447 138.867088608 21.7485612373 1.82375799353 5.18523577569 9.28417105261 84.1371308017 ;
51.2484599589 6.75906913073 2.90212183436 0.595482546201 0.29158110883 8.75154004107 0.798083504449 542.752908966 26348.4353183 101.31211499 15.1838510972 1.7940436153 4.6847490106 8.2295638499 63.9691991786 ;
46.0344503012 5.72232680723 2.81946536145 0.582643072289 0.269578313253 9.37801204819 0.93561746988 87.3814006024 3892.69408886 69.9021084337 9.38876541732 1.84031581177 2.90707621892 5.04140598562 52.5338855422 ;
47.1730449251 5.72333988807 2.90092270458 0.628951747088 0.26667675087 9.98517622145 1.04220238996 109.607926184 5043.19255786 74.1117833913 10.2843768846 1.8356068789 3.01316407298 5.24000010608 54.3075177734 ;
50.0129749768 6.09777571826 2.96292863763 0.601946246525 0.252085264133 9.57321594069 0.911028730306 365.949490269 17372.8303985 94.0115848007 13.9737833298 1.8020245269 4.20287819446 7.38691000009 60.9240037071 ;
52.7710472279 7.46714579055 2.86344969199 0.616016427105 0.316221765914 8.47741273101 0.781314168378 642.470225873 32285.5944559 107.90862423 16.3174683292 1.80266761781 4.92478541271 8.66764688162 67.0657084189 ;
67.0389105058 5.71595330739 3.56809338521 1.33073929961 0.863813229572 9.89494163424 1.17120622568 802.097276265 53634.5758755 151.914396887 23.9759553404 1.82371229139 5.23343319324 9.42327979126 91.8754863813 ;
46.4013401516 5.70146358667 2.83953447364 0.598659848351 0.265561629342 9.61541174396 0.978663375066 92.7638864398 4181.96420384 71.1280197496 9.65353802438 1.83669360907 2.93927545409 5.09241524177 53.0946922941 ;
61.4307692308 7.08846153846 3.29615384615 1.03269230769 0.601923076923 9.50576923077 1.04038461538 763.396153846 46157.2115385 135.536538462 21.1300542041 1.8228755398 5.18314937323 9.26530049271 82.1711538462 ;
51.3901018923 6.66011644833 2.87481804949 0.595342066958 0.296215429403 8.67176128093 0.792576419214 539.312954876 26228.0967977 101.644832606 15.2608332781 1.79342493145 4.67905708628 8.22032266529 64.2059679767 ;
50.3987679671 5.98275154004 3.08459958932 0.677207392197 0.250924024641 10.7121149897 1.12443531828 280.162628337 13267.4722793 91.7737166324 13.757391145 1.81540358544 3.83518642383 6.75765791217 60.5285420945 ;
50.3461390703 5.98117556665 3.04033807146 0.661544371879 0.255090280446 10.4552439493 1.08413369189 302.328082981 14314.1513638 92.475220899 13.8385923847 1.8098557681 3.94376619522 6.93553519476 60.6988090665 ;
65.3465045593 6.39513677812 3.44680851064 1.23404255319 0.765957446809 10.1519756839 1.19452887538 785.519756839 51031.2887538 146.711246201 23.0938455605 1.82713653707 5.27924815131 9.51030667675 88.9300911854 ;
46.5092289115 5.71019492841 2.85250991892 0.602380541659 0.264274624806 9.64412627221 0.98274969812 94.8578575125 4288.8226669 71.5242366741 9.73857349617 1.83639708957 2.94955731051 5.11119579954 53.2590995342 ;
52.1266719119 7.05192761605 2.9063729347 0.612903225806 0.306058221873 8.66168371361 0.791502753737 590.837922895 29228.9803304 104.931549961 15.8349590563 1.80226743569 4.74468322251 8.36740550115 65.6451612903 ;
46.4657367044 5.70095902354 2.84829991282 0.601220575414 0.264516129032 9.63731473409 0.982388840453 93.7965126417 4235.90845684 71.3440278989 9.70020824478 1.83600730624 2.94548548253 5.10142977532 53.1877942459 ;
50.3289676425 5.99036979969 3.05392912173 0.66217257319 0.254622496148 10.4533898305 1.08204930663 295.978043143 13999.2083975 92.1848998459 13.8024343375 1.81239438218 3.91647555163 6.89465345723 60.6132511556 ;
51.8901869159 6.91822429907 2.89096573209 0.605140186916 0.303738317757 8.66822429907 0.793613707165 576.92834891 28371.626947 103.907320872 15.6525226941 1.79985922735 4.72457822296 8.32263712486 65.2118380062 ;
64.038961039 6.77662337662 3.38441558442 1.18181818182 0.698701298701 10.2181818182 1.18441558442 777.101298701 49343.6883117 143.085714286 22.4436927828 1.82587365902 5.20956867572 9.3640967423 86.5428571429 ;
50.4928246412 5.88309415471 3.07175358768 0.682184109205 0.249212460623 10.7266363318 1.13930696535 289.438921946 13723.819041 92.1214560728 13.8151935725 1.81155719829 3.88069315305 6.82352148035 60.7287364368 ;
52.2683658171 7.12818590705 2.90254872564 0.615442278861 0.307346326837 8.66791604198 0.794602698651 592.652923538 29442.5074963 105.469265367 15.9146773163 1.80318973855 4.76354512233 8.41038451353 65.9437781109 ;
46.2308389201 5.73709005255 2.82804855952 0.589055988404 0.267620945824 9.47490487407 0.951078093858 90.4993658271 4057.01268346 70.59322341 9.53616905039 1.83696130561 2.92748981619 5.06870451046 52.8352962493 ;
66.5 6.06206896552 3.52413793103 1.30344827586 0.820689655172 10.2413793103 1.22068965517 790.517241379 52363.6551724 149.944827586 23.6902417887 1.8248098333 5.28636664056 9.51113602365 90.9172413793 ;
46.1233079918 5.72557018357 2.81772668274 0.585017615427 0.268125347673 9.43222696088 0.945299462266 88.5451511218 3956.37697015 70.2180604487 9.45554380699 1.83877876363 2.9135621535 5.04916165023 52.657148155 ;
51.671641791 6.88873812754 2.87856173677 0.59565807327 0.297150610583 8.54409769335 0.774762550882 563.238127544 27602.8453189 103.107191316 15.5118816587 1.79599119301 4.73008545137 8.31304755139 64.8310719132 ;
64.5776566757 6.6348773842 3.40054495913 1.20435967302 0.716621253406 10.3651226158 1.21253405995 778.21253406 49856.3841962 144.542234332 22.7024177242 1.82479250447 5.23706208491 9.41372081746 87.5095367847 ;
50.5459146782 5.88250180766 3.10592913955 0.695589298626 0.249457700651 10.9201012292 1.16883586406 272.198481562 12921.4537238 91.5625451916 13.7420195458 1.81306384099 3.80498326771 6.69134744761 60.6572668113 ;
51.0203691916 6.43284532145 2.96626352642 0.604710375557 0.291534054742 9.08911521324 0.850413749204 487.210057288 23578.1775939 99.4188415022 14.8791937926 1.79926626851 4.56809257002 8.0407778336 63.340547422 ;
45.7600974224 5.72620255734 2.83235234423 0.586360868683 0.271564846763 9.32961234017 0.929571747514 81.5829104932 3602.90704283 68.8822813071 9.15731733008 1.8486418673 2.8702497638 4.99471776686 52.1136594276 ;
58.8644314869 7.30174927114 3.1195335277 0.909620991254 0.514577259475 9.01457725948 0.937317784257 748.714285714 43237.6793003 128.15451895 19.7680320975 1.81631425261 5.13268743263 9.1420904029 77.8148688047 ;
50.5763494318 5.82741477273 3.02663352273 0.6875 0.244318181818 11.0230823864 1.19282670455 236.2421875 11224.2475142 90.0181107955 13.5462673055 1.79955999955 3.65495545463 6.36866229411 60.2919034091 ;
45.9581422018 5.72916666667 2.81861620795 0.582377675841 0.270068807339 9.3373470948 0.929090214067 86.2152140673 3830.92392966 69.6504204893 9.33036889569 1.8414682153 2.90003245448 5.03118567582 52.4155198777 ;
51.2067819149 6.57513297872 2.94414893617 0.605718085106 0.292553191489 8.9335106383 0.83045212766 507.231382979 24621.6761968 100.503324468 15.0627379837 1.80196326661 4.60040995358 8.111368524 63.763962766 ;
50.6690539012 5.82171127026 3.07614021862 0.701093102149 0.244251790426 11.1368262345 1.21032793064 252.425179043 11994.298153 91.0569166981 13.7081060824 1.80763360043 3.72580919539 6.52503763727 60.6309837919 ;
59.7774140753 7.24877250409 3.17839607201 0.950900163666 0.549918166939 9.22422258592 0.977086743044 757.126022913 44461.7037643 130.659574468 20.2324406844 1.81357107482 5.16368901043 9.18670520927 79.2831423895 ;
46.5640197245 5.72946777759 2.85325624894 0.603128719606 0.263050501615 9.68015643598 0.987077027716 96.3208637987 4361.08025846 71.7360993028 9.7880609853 1.83633977848 2.95494783541 5.1219786956 53.3461996259 ;
52.6481327801 7.28713692946 2.90539419087 0.624066390041 0.308713692946 8.7153526971 0.809128630705 613.62406639 30746.9302905 106.917012448 16.1680675223 1.8005847203 4.84886497641 8.54681991276 66.6738589212 ;
50.396687994 5.94392171622 3.04102371095 0.661648475725 0.261949567181 10.3488897253 1.06774557772 313.971772676 14896.3940534 93.0440346255 13.9226744988 1.81051766654 3.97653342323 7.00173347401 60.8776815958 ;
67.0389105058 5.71595330739 3.56809338521 1.33073929961 0.863813229572 9.89494163424 1.17120622568 802.097276265 53634.5758755 151.914396887 23.9759553404 1.82371229139 5.23343319324 9.42327979126 91.8754863813 ;
52.2386731392 7.04207119741 2.91666666667 0.61569579288 0.307443365696 8.66585760518 0.7928802589 599.03802589 29699.7491909 105.491100324 15.9159707076 1.80101656062 4.77143089625 8.40999167251 65.8454692557 ;
46.5879465041 5.72913492467 2.85271711529 0.603690536651 0.262908413746 9.68359573388 0.988318943626 96.7469104452 4383.638903 71.8169967835 9.80350310354 1.83625796647 2.95856847666 5.12805355075 53.3820890469 ;
50.3342498036 5.97839748625 3.03849175177 0.658680282797 0.257659073056 10.3762765122 1.07148468185 310.174783975 14690.4092694 92.7918303221 13.881495065 1.80935424324 3.9716988428 6.98908905207 60.7816182247 ;
65.9292604502 6.33762057878 3.49196141479 1.27009646302 0.797427652733 10.0996784566 1.1961414791 786.63022508 51628.7524116 148.286173633 23.3979280444 1.82961461059 5.29220038468 9.5378800399 89.9421221865 ;
50.3398276508 5.99625327838 3.0412139378 0.660547021356 0.253653053578 10.4406144623 1.08017984264 300.815661296 14239.9044586 92.3937804421 13.8320251462 1.8101615765 3.9351036332 6.92090688492 60.687523417 ;
52.4496183206 7.11145038168 2.91450381679 0.625190839695 0.313740458015 8.72900763359 0.806106870229 596.72519084 29752.6877863 105.911450382 16.0115535978 1.80448375602 4.75669985047 8.40192222675 66.1564885496 ;
46.4683037269 5.70010449321 2.84813653779 0.601184256357 0.264541971439 9.63514454894 0.98223615465 93.9164054336 4241.866597 71.355276907 9.7014650305 1.83634761602 2.94559851058 5.10276006081 53.1887843957 ;
66.4157706093 6.05017921147 3.54480286738 1.3082437276 0.824372759857 10.1971326165 1.21505376344 797.086021505 52767.9032258 150.215053763 23.662552513 1.82421270534 5.31855592798 9.56342863257 90.9856630824 ;
46.6054008439 5.7382278481 2.85181434599 0.603713080169 0.262616033755 9.67949367089 0.987679324895 97.0248101266 4399.29805907 71.8881012658 9.81813853942 1.83629138376 2.96002105832 5.13146052478 53.4075949367 ;
52.1765175719 7.05670926518 2.91533546326 0.613418530351 0.305111821086 8.68530351438 0.794728434505 597.692492013 29605.5623003 105.275559105 15.8818722788 1.80099948129 4.76315645196 8.39610479968 65.7436102236 ;
50.3387738854 5.9446656051 3.04339171975 0.660429936306 0.259156050955 10.3921178344 1.07444267516 309.879378981 14678.6711783 92.800955414 13.8802325333 1.80914425989 3.97456257355 6.99225953009 60.7929936306 ;
65.9292604502 6.33762057878 3.49196141479 1.27009646302 0.797427652733 10.0996784566 1.1961414791 786.63022508 51628.7524116 148.286173633 23.3979280444 1.82961461059 5.29220038468 9.5378800399 89.9421221865 ;
47.0212069234 5.71635739903 2.89225011695 0.62154997661 0.265866209262 9.89069078434 1.02432558865 105.783408701 4847.50460003 73.4695150476 10.1523273248 1.83534210373 2.99563022142 5.2040770026 54.0523935755 ;
52.8157635468 7.41083743842 2.86206896552 0.619704433498 0.313300492611 8.56157635468 0.795073891626 636.733990148 31999.5339901 107.884729064 16.3185332945 1.80065534041 4.93248817677 8.684586583 67.160591133 ;
50.1222462203 6.08552915767 2.98401727862 0.622894168467 0.255723542117 9.85269978402 0.968034557235 352.237149028 16721.6885529 93.8531317495 13.9820594965 1.80650115917 4.1335324893 7.27269086166 60.9144708423 ;
67.0389105058 5.71595330739 3.56809338521 1.33073929961 0.863813229572 9.89494163424 1.17120622568 802.097276265 53634.5758755 151.914396887 23.9759553404 1.82371229139 5.23343319324 9.42327979126 91.8754863813 ;
46.8236621534 5.7192134107 2.87427466151 0.612830431979 0.263056092843 9.81560283688 1.01160541586 101.960509349 4649.56302386 72.7342037395 9.9994583838 1.83775052956 2.97865967973 5.17606935797 53.7414571244 ;
52.8224799286 7.30240856378 2.85191793042 0.607493309545 0.311329170384 8.41213202498 0.761819803747 620.867975022 31167.4888492 107.457627119 16.3055719344 1.80516829086 4.88976203162 8.63499473802 67.0695807315 ;
50.2115304853 6.02073828287 3.02986312733 0.648693488179 0.261302364164 10.151389465 1.02488593944 334.517212775 15840.2036499 93.4525093322 13.9295087674 1.80106715995 4.06296464868 7.12570632916 60.8428038158 ;
66.8522727273 5.88636363636 3.57575757576 1.33333333333 0.856060606061 10.1136363636 1.20075757576 799.867424242 53356.0378788 151.356060606 23.868345056 1.82230099239 5.2073352059 9.37281095737 91.4621212121 ;
50.6879727685 5.83207261725 3.06089258699 0.700453857791 0.246596066566 11.1376701967 1.21180030257 244.210665658 11610.8850227 90.7012102874 13.6715508937 1.80664512017 3.68773171138 6.45226289129 60.5381996974 ;
58.7550432277 7.26657060519 3.1023054755 0.903458213256 0.512968299712 8.95389048991 0.9265129683 748.170028818 43113.8386167 127.854466859 19.7094384839 1.81662773643 5.13009535573 9.14037063303 77.6152737752 ;
45.8929127726 5.72799844237 2.81892523364 0.582359813084 0.270054517134 9.32087227414 0.926401869159 84.7176791277 3757.76499221 69.4016744548 9.27012751304 1.84337264699 2.89152264192 5.01942619746 52.3218457944 ;
51.0589777195 6.45871559633 2.98427260813 0.60878112713 0.289646133683 9.13302752294 0.860419397117 488.99672346 23683.6854522 99.5956749672 14.9168865706 1.79776347466 4.56753803548 8.03649423098 63.4220183486 ;
46.5205291187 5.72101013572 2.85277443738 0.602130218176 0.264043978698 9.64387562275 0.982133654011 95.2867204948 4309.39666724 71.5708641127 9.75038099099 1.83642458648 2.95082025517 5.11408838872 53.2740079024 ;
51.76875 6.88125 2.90078125 0.60390625 0.303125 8.6359375 0.78984375 572.34765625 28059.2929688 103.54375 15.5815694494 1.79608552921 4.74328642416 8.33468931535 65.03984375 ;
50.3153877059 5.9537967055 3.04580152672 0.66291683407 0.255524306951 10.4961832061 1.08999598232 298.290076336 14104.2454801 92.2936922459 13.8064969056 1.81209059274 3.9154571855 6.89784457697 60.590598634 ;
63.712195122 6.8512195122 3.36097560976 1.1487804878 0.673170731707 10.1341463415 1.16341463415 772.02195122 48670.7536585 141.72195122 22.2798225429 1.82767766698 5.21431192635 9.36687186355 86.0146341463 ;
45.9042160482 5.72721973965 2.82300369147 0.583058092092 0.271225956868 9.31066640762 0.924810569264 84.8859529823 3766.07072081 69.4340392462 9.27794866456 1.84322918797 2.8919963634 5.0202985497 52.3349523995 ;
51.1624919717 6.56326268465 2.93770070649 0.600513808606 0.290944123314 8.86897880539 0.818240205523 505.192035967 24508.4919717 100.343609505 15.0367709134 1.80069901307 4.59936535041 8.10679361593 63.6987797046 ;
50.6361275964 5.82307121662 3.06120178042 0.699925816024 0.242581602374 11.1943620178 1.22143916914 247.744065282 11768.0352374 90.7607566766 13.6649866932 1.80612716808 3.70388509201 6.47978966586 60.5074183976 ;
59.955 7.23666666667 3.20166666667 0.96 0.556666666667 9.26666666667 0.985 758.053333333 44651.7633333 131.12 20.3230274518 1.81391747518 5.16596801949 9.19232702679 79.6 ;
50.9929351317 6.45150931278 2.96403339756 0.605009633911 0.287090558767 9.09248554913 0.853564547206 490.98265896 23743.5780347 99.4341682723 14.8802979675 1.79658811454 4.57649239899 8.04858151442 63.3230571612 ;
46.020385051 5.72499056248 2.8174782937 0.582672706682 0.269346923367 9.37995469989 0.936202340506 87.1772366931 3881.80332201 69.8640996602 9.37793054164 1.84081465028 2.90502162949 5.03885637822 52.5094375236 ;
59.0474074074 7.27407407407 3.14518518519 0.918518518519 0.52 9.06222222222 0.945185185185 749.222222222 43410.4607407 128.685925926 19.8628228628 1.81892152835 5.12726035294 9.14500359161 78.1125925926 ;
50.7481781377 5.85101214575 3.08218623482 0.708502024291 0.247773279352 11.1344129555 1.21093117409 248.660728745 11831.8878543 91.1550607287 13.7409592337 1.8100253364 3.70618143979 6.49647105929 60.6963562753 ;
50.5139072848 5.85430463576 3.03708609272 0.682450331126 0.246026490066 10.9357615894 1.17350993377 250.122847682 11866.9771523 90.4698675497 13.5890354316 1.80314338976 3.72112271676 6.50175159787 60.359602649 ;
51.5453983941 6.73872760964 2.91661519456 0.601605929586 0.29709697344 8.68993205683 0.793082149475 545.772081532 26691.7399629 102.277949351 15.3580096637 1.79800176106 4.67714046285 8.22716236687 64.4867201977 ;
45.7782687287 5.73528821048 2.82968467564 0.584856396867 0.269933721631 9.33641293432 0.931914038964 82.3856196023 3640.90198835 68.9785097409 9.18072770861 1.8467219824 2.87751262997 5.00264851318 52.1480216911 ;
64.0916230366 6.78534031414 3.39005235602 1.1832460733 0.704188481675 10.1832460733 1.1780104712 777.664921466 49427.0157068 143.256544503 22.476771661 1.82505676818 5.2208265817 9.38065655984 86.6492146597 ;
50.5866906475 5.87985611511 3.07553956835 0.695323741007 0.243525179856 11.0949640288 1.20323741007 256.405395683 12172.0723022 91.0086330935 13.6859220808 1.80794378333 3.74685983308 6.56298850913 60.5496402878 ;
51.2775941837 6.61335095836 2.90350297422 0.601454064772 0.291473892928 8.83344348976 0.812954395241 529.966953073 25743.0733642 101.080634501 15.1451979569 1.7963226424 4.64878260279 8.17903002875 63.9339061467 ;
61.7386138614 7.13861386139 3.29702970297 1.04158415842 0.617821782178 9.40198019802 1.02772277228 763.744554455 46465.2930693 136.582178218 21.3164646858 1.82485527356 5.18244702163 9.27647139804 82.7623762376 ;
45.9486735871 5.72491349481 2.82006920415 0.58246828143 0.27047289504 9.3260284506 0.927335640138 85.7178008458 3807.91330258 69.6005382545 9.31836065452 1.84217349775 2.89591656918 5.02538733288 52.399077278 ;
52.7128116939 7.29062768702 2.89595872743 0.62252794497 0.312123817713 8.58469475494 0.785898538263 614.717970765 30798.1564918 107.18916595 16.2215784683 1.80315058568 4.84464852068 8.5528238968 66.7987962167 ;
46.7571381687 5.73088283558 2.86429274696 0.609123728257 0.263373810305 9.76124056449 1.00131276666 99.9245159173 4549.38086643 72.4542172629 9.94075824832 1.83715876438 2.96934388258 5.15596320442 53.6409583197 ;
50.2110796603 5.94945410433 3.02871006874 0.649818034776 0.259603720178 10.219975738 1.04245855237 326.228871816 15437.9264052 93.0230489284 13.8810603862 1.80530663427 4.03355265054 7.08498639146 60.738374444 ;
66.6740740741 6.00740740741 3.57407407407 1.31851851852 0.840740740741 10.1037037037 1.2 798.596296296 53115.5333333 150.859259259 23.8071697242 1.81935324537 5.28551332604 9.47451164718 91.3111111111 ;
46.8026251823 5.71868416788 2.87327823691 0.612056392805 0.263328471885 9.80278723059 1.00826446281 101.339167072 4619.28309836 72.6574299141 9.98134125133 1.83744250642 2.97446743302 5.16689003323 53.7071787393 ;
52.2534843206 7.17857142857 2.90940766551 0.609756097561 0.304006968641 8.59233449477 0.783101045296 606.274390244 30063.3841463 105.68989547 15.9431688526 1.79809765378 4.80806234533 8.46267136058 65.9695121951 ;
50.2361169987 5.98940228911 3.00720644341 0.645188639254 0.260279779568 10.1153030945 1.02331496397 327.123357355 15488.4264519 93.1979652395 13.9179173808 1.80442329368 4.05124870552 7.11529851118 60.8418821535 ;
65.5403726708 6.45341614907 3.45652173913 1.24223602484 0.773291925466 10.099378882 1.18944099379 786.307453416 51260.2795031 147.267080745 23.2002884429 1.8284160268 5.27820607098 9.50822716039 89.2826086957 ;
51.3454810496 6.74635568513 2.86516034985 0.596209912536 0.290816326531 8.71137026239 0.794460641399 547.905247813 26625.0087464 101.626822157 15.2445200847 1.79312876491 4.69426651267 8.24309334953 64.1727405248 ;
46.4031746032 5.70088183422 2.83880070547 0.598765432099 0.265608465608 9.61657848325 0.978835978836 92.7373897707 4181.12892416 71.1305114638 9.6541225675 1.83674055643 2.93885030761 5.09183154782 53.0973544974 ;
62.2032854209 7.00205338809 3.33264887064 1.06160164271 0.630390143737 9.50513347023 1.05338809035 763.618069815 46849.0759754 137.960985626 21.5659964416 1.82350556306 5.20079553593 9.30731822117 83.5482546201 ;
50.4135977337 5.96843383246 3.08700930797 0.67543504654 0.252934034804 10.6693646297 1.11898016997 281.99635775 13358.703359 91.8842573857 13.7772067599 1.81542674806 3.842561646 6.77207224813 60.5584783488 ;
51.3364285714 6.65571428571 2.88928571429 0.598571428571 0.292142857143 8.765 0.805714285714 540.854285714 26278.705 101.483571429 15.2205097353 1.79484677175 4.6799727525 8.22531155406 64.0985714286 ;
46.2196626156 5.73934337022 2.82858697624 0.589152911301 0.267549428623 9.47977507709 0.951750408126 90.4271721386 4052.17050608 70.5643025576 9.52981950173 1.83687269328 2.92694333781 5.06738059512 52.8135316525 ;
61.7386138614 7.13861386139 3.29702970297 1.04158415842 0.617821782178 9.40198019802 1.02772277228 763.744554455 46465.2930693 136.582178218 21.3164646858 1.82485527356 5.18244702163 9.27647139804 82.7623762376 ;
50.5650658404 5.87683965918 3.08830364059 0.692099147947 0.248257164988 10.9178931061 1.17118512781 272.978311387 12961.5 91.751742835 13.7835210983 1.81543058575 3.80566844773 6.70415956542 60.7052672347 ;
46.7211889738 5.74626369977 2.86250415144 0.608435735636 0.263367651943 9.74393889073 0.999335768848 98.578379276 4484.89986715 72.2771504484 9.90792097036 1.83690809585 2.96628182993 5.14855811006 53.6019594819 ;
52.3168957154 7.10266774454 2.92239288601 0.616006467259 0.310428455942 8.65723524656 0.793047696039 600.261115602 29815.4163298 105.763136621 15.9644208607 1.80171866001 4.78557995204 8.43783209685 66.0064672595 ;
66.1650165017 6.07590759076 3.46864686469 1.28052805281 0.798679867987 10.198019802 1.21122112211 788.198019802 51903.2178218 148.900990099 23.5181890955 1.82900582229 5.26140777589 9.48113316923 90.2673267327 ;
50.1632485644 5.95036915505 3.02461033634 0.650123051682 0.256357670221 10.2518457752 1.04675963905 316.347826087 14948.7108285 92.6070549631 13.8067984826 1.80626867279 4.00108860385 7.02693390387 60.5590648072 ;
45.8675405987 5.72510271962 2.81980043044 0.582273527685 0.269810213266 9.32537663862 0.927215809039 84.3744864019 3738.92408531 69.3308550186 9.2548640532 1.84357552082 2.89063747658 5.01787529689 52.2840931325 ;
58.2870619946 7.29784366577 3.04851752022 0.869272237197 0.5 8.7641509434 0.885444743935 742.490566038 42391.9568733 126.235849057 19.4290361745 1.81907835185 5.13005734467 9.14010813786 76.8504043127 ;
50.762253956 5.8332690081 3.07371671169 0.706291007333 0.245465071401 11.1871864145 1.22269394056 239.432265535 11405.0173678 90.6846777306 13.6827743725 1.80623116584 3.66465203001 6.40815207063 60.612118873 ;
50.9087403599 6.39331619537 2.98200514139 0.609254498715 0.289845758355 9.2030848329 0.870179948586 477.960796915 23101.8611825 98.9678663239 14.8010612263 1.7970711757 4.53464527664 7.9786764491 63.0732647815 ;
46.5121866897 5.71097666379 2.84649956785 0.601555747623 0.264131374244 9.6404494382 0.982368193604 94.6062229905 4278.54088159 71.5154710458 9.73802275342 1.83637269681 2.9488214597 5.10969593307 53.2637856525 ;
52.2118644068 7.11171032357 2.91448382126 0.615562403698 0.308166409861 8.68258859784 0.795839753467 593.906779661 29456.4938367 105.282742681 15.8853822488 1.80223654369 4.75891038057 8.39572553041 65.8220338983 ;
66.1650165017 6.07590759076 3.46864686469 1.28052805281 0.798679867987 10.198019802 1.21122112211 788.198019802 51903.2178218 148.900990099 23.5181890955 1.82900582229 5.26140777589 9.48113316923 90.2673267327 ;
50.3156082632 5.97857689365 3.05164498852 0.662586074981 0.255164498852 10.4594491201 1.08454475899 301.924254017 14287.9900536 92.3810252487 13.8182003065 1.81008051843 3.94084459768 6.930618741 60.6411629686 ;
50.8465199286 6.45211183819 2.94348602023 0.596073765616 0.289708506841 8.98929208804 0.834027364664 482.41820345 23280.6276026 98.9434860202 14.7836688427 1.79658108599 4.55159427584 8.00640900437 63.0398572278 ;
45.6079557541 5.7292065518 2.8130185067 0.580940225484 0.275047862157 9.19081046586 0.911295469049 78.2844075729 3438.80940225 68.2780259519 9.01618018784 1.85251881518 2.84654940801 4.96160616484 51.8634333121 ;
59.129657228 7.24143070045 3.1520119225 0.923994038748 0.523099850969 9.09538002981 0.950819672131 749.238450075 43473.7347243 128.862891207 19.9011648593 1.81899563021 5.13049170899 9.15076272549 78.2384500745 ;
50.5140821174 5.80251102816 3.05089921955 0.694265354598 0.239565659993 11.2151340346 1.21954530031 225.498133695 10719.3467933 89.3142178487 13.4409170941 1.79815693942 3.61593263362 6.28544877654 60.1143535799 ;
52.6170752325 7.25359256128 2.89687235841 0.619611158073 0.310228233305 8.61622992392 0.791208791209 613.119188504 30671.6128487 106.824175824 16.1490918293 1.80168220508 4.83471455429 8.53047244896 66.6010143702 ;
46.7951963648 5.72184355729 2.87325543655 0.612138915936 0.263388510224 9.80185004869 1.00778967868 101.170886076 4611.0647517 72.623661149 9.97369914593 1.83742357885 2.9742773462 5.1664552248 53.6986368062 ;
50.2377358491 5.98616352201 3.01090146751 0.644863731656 0.259958071279 10.1262054507 1.02641509434 327.834800839 15522.9668763 93.2339622642 13.9246243554 1.80446071544 4.04927431016 7.11165589244 60.8389937107 ;
66.6740740741 6.00740740741 3.57407407407 1.31851851852 0.840740740741 10.1037037037 1.2 798.596296296 53115.5333333 150.859259259 23.8071697242 1.81935324537 5.28551332604 9.47451164718 91.3111111111 ;
46.6285137182 5.73337821916 2.85692644336 0.60478034001 0.262750378724 9.68826796836 0.989227402794 97.2625820569 4413.28783033 71.9621275879 9.83508890858 1.8364896558 2.96152856535 5.13595788102 53.4435280256 ;
52.2460063898 7.10942492013 2.91853035144 0.615015974441 0.30910543131 8.6445686901 0.789137380192 599.590255591 29757.0391374 105.582268371 15.9288166581 1.80259777779 4.77836737778 8.43028760606 65.8897763578 ;
50.2960893855 5.96408619314 3.03391859537 0.6580207502 0.258579409417 10.3774940144 1.07182761373 311.438547486 14741.5766161 92.7282521947 13.8605980709 1.80797226395 3.97841920018 6.9932568119 60.7414205906 ;
66.2558139535 6.07641196013 3.48172757475 1.28571428571 0.800664451827 10.2458471761 1.21926910299 788.215946844 51972.8305648 149.109634551 23.5637018507 1.8280477332 5.26477233687 9.48211304305 90.415282392 ;
46.7425465327 5.73200461209 2.86311974963 0.608960632515 0.262559710097 9.76214791632 1.00148245759 99.5027178389 4528.69790809 72.3961456103 9.92973913426 1.83712280536 2.96671524702 5.15075222948 53.6201614232 ;
52.1937602627 7.03694581281 2.92036124795 0.615763546798 0.308702791461 8.63054187192 0.787356321839 596.565681445 29537.0591133 105.28407225 15.8875371322 1.80126329403 4.76723338721 8.40077134892 65.76272578 ;
50.1981528128 5.98824517212 3.0247691016 0.649034424853 0.258186397985 10.2237615449 1.04366078925 317.845507976 15030.3157011 92.7598656591 13.8405260219 1.80529771617 4.02068890878 7.05936870937 60.6842989085 ;
65.3465045593 6.39513677812 3.44680851064 1.23404255319 0.765957446809 10.1519756839 1.19452887538 785.519756839 51031.2887538 146.711246201 23.0938455605 1.82713653707 5.27924815131 9.51030667675 88.9300911854 ;
46.0555659495 5.7251637044 2.82039289055 0.584097287184 0.269223573433 9.41141253508 0.940879326473 87.8987839102 3918.55827877 69.9910196445 9.40710752941 1.83945373481 2.9100769595 5.04361930671 52.557717493 ;
61.4099616858 7.07471264368 3.29501915709 1.03256704981 0.599616858238 9.54406130268 1.04789272031 762.87164751 46116.710728 135.463601533 21.1027166707 1.8228638925 5.18067896264 9.26121912476 82.1245210728 ;
51.1944444444 6.69113756614 2.90013227513 0.597222222222 0.291666666667 8.77314814815 0.800925925926 526.62962963 25555.5489418 100.845238095 15.1085002267 1.79626686025 4.6478578245 8.17507767383 63.8201058201 ;
50.6631056849 5.84776802747 3.08966043495 0.70011446013 0.245707745135 11.0339565052 1.19458222053 260.183136208 12363.1293399 91.4471575734 13.7580368161 1.81193730138 3.75632787299 6.59803297605 60.7207172835 ;
46.020385051 5.72499056248 2.8174782937 0.582672706682 0.269346923367 9.37995469989 0.936202340506 87.1772366931 3881.80332201 69.8640996602 9.37793054164 1.84081465028 2.90502162949 5.03885637822 52.5094375236 ;
51.2888283379 6.65326975477 2.90735694823 0.600817438692 0.291553133515 8.84809264305 0.816076294278 534.207765668 25953.7527248 101.222070845 15.1714714547 1.79448715084 4.65174689052 8.1737982081 63.9475476839 ;
61.7386138614 7.13861386139 3.29702970297 1.04158415842 0.617821782178 9.40198019802 1.02772277228 763.744554455 46465.2930693 136.582178218 21.3164646858 1.82485527356 5.18244702163 9.27647139804 82.7623762376 ;
50.6159765482 5.87577867351 3.08464639062 0.697691462074 0.245511176255 11.0073286918 1.18761451081 261.806156101 12433.3063393 91.3400513008 13.7338453328 1.81017341748 3.77239552164 6.62039154754 60.6705753023 ;
47.2092119037 5.7167638702 2.90593689248 0.631822940033 0.266935845671 10.0170480036 1.04740541349 111.187677583 5120.51263646 74.2780020936 10.3134817325 1.83548007947 3.02189256605 5.25587273444 54.3734110962 ;
53.6429353779 7.44359255203 2.88170865279 0.66265060241 0.340635268346 8.65169769989 0.821467688938 662.934282585 33985.5640745 111.030668127 16.8199865818 1.80227766545 4.99235776733 8.79241760116 68.7721796276 ;
50.0829931973 6.1768707483 2.94149659864 0.588662131519 0.252607709751 9.39954648526 0.8820861678 379.336507937 18044.8090703 94.5909297052 14.083117414 1.80189506767 4.24728652635 7.46897472701 61.1201814059 ;
68.3076923077 5.61025641026 3.73846153846 1.38974358974 0.94358974359 9.54871794872 1.12307692308 825.815384615 56425.0102564 155.558974359 24.74000355 1.82535846079 5.13275452026 9.25167144822 93.7487179487 ;
46.3948808473 5.70167696381 2.83901147396 0.59841129744 0.265842894969 9.61218005296 0.978111209179 92.6691968226 4176.95251545 71.1096204766 9.64958447369 1.8370233668 2.93858507671 5.09202722779 53.0870255958 ;
51.3268219384 6.59128474831 2.93313298272 0.604057099925 0.296018031555 8.87678437265 0.818933132983 517.94365139 25168.3178062 100.994740796 15.1714119771 1.79547387159 4.63076790251 8.14202521465 64.0480841473 ;
59.503164557 7.20094936709 3.17246835443 0.943037974684 0.541139240506 9.21202531646 0.974683544304 754.602848101 44107.2658228 129.898734177 20.073538572 1.81828658168 5.13658173915 9.15565218296 78.7563291139 ;
50.4502529511 5.9502529511 3.07166947723 0.678330522766 0.25084317032 10.7002529511 1.1260539629 276.129426644 13079.3043845 91.7449409781 13.7672651442 1.81399161402 3.82572342152 6.73563299526 60.5712478921 ;
50.4939978174 5.91415060022 3.0691160422 0.680974899964 0.251364132412 10.7202619134 1.13532193525 284.666787923 13497.6416879 91.9970898509 13.7987102795 1.81445336286 3.85437768741 6.79189215982 60.679883594 ;
52.024911032 6.9537366548 2.90604982206 0.614234875445 0.299644128114 8.74661921708 0.809252669039 581.134519573 28711.7516014 104.488256228 15.7422598628 1.79729197351 4.75122418656 8.35445541803 65.487544484 ;
65.9807692308 6.32692307692 3.48076923077 1.26602564103 0.794871794872 10.0705128205 1.19230769231 785.705128205 51594.9519231 148.384615385 23.4268219023 1.83070076269 5.28595661088 9.53055271335 90.0096153846 ;
46.2464763282 5.73473075533 2.83194795808 0.590711962414 0.266895554752 9.49945789664 0.955547524395 90.7226237803 4069.15720997 70.6492591254 9.54838752899 1.83667368428 2.92938190195 5.07123411534 52.8610408385 ;
46.5891105851 5.73824822455 2.8539059858 0.603821440649 0.262766317213 9.68227933717 0.988163679405 96.8719986473 4389.72776463 71.8351369631 9.80679430201 1.83625550643 2.95947834643 5.13001639774 53.384511329 ;
52.1551724138 7.04231974922 2.90752351097 0.613636363636 0.307210031348 8.65438871473 0.789968652038 590.964733542 29243.757837 105.047805643 15.8578408311 1.80192027128 4.74351925411 8.3643154121 65.697492163 ;
50.3192431562 5.92713365539 3.04468599034 0.660225442834 0.257648953301 10.4025764895 1.07608695652 307.30394525 14540.0334138 92.6594202899 13.8571214697 1.80896287791 3.96734222457 6.97726332138 60.7181964573 ;
65.4785276074 6.42024539877 3.45705521472 1.24233128834 0.769938650307 10.2055214724 1.20552147239 785.052147239 51128.9601227 147.039877301 23.1515292983 1.82861719072 5.28100784628 9.51950281638 89.1564417178 ;
45.9581422018 5.72916666667 2.81861620795 0.582377675841 0.270068807339 9.3373470948 0.929090214067 86.2152140673 3830.92392966 69.6504204893 9.33036889569 1.8414682153 2.90003245448 5.03118567582 52.4155198777 ;
51.219269103 6.62059800664 2.9049833887 0.598671096346 0.292358803987 8.77873754153 0.803986710963 519.953488372 25243.1747508 100.805315615 15.1056072822 1.79792955295 4.63230870952 8.15320309644 63.8372093023 ;
60.7287522604 7.29837251356 3.22784810127 0.998191681736 0.575045207957 9.43580470163 1.02350813743 761.64556962 45508.4231465 133.423146474 20.7392366126 1.8193873429 5.18033244468 9.24267284472 80.9674502712 ;
50.6627306273 5.81660516605 3.09003690037 0.70073800738 0.245756457565 11.1394833948 1.21070110701 255.145387454 12125.7708487 91.1693726937 13.7200176442 1.80881603093 3.73514904103 6.5467642994 60.6446494465 ;
50.2415594855 5.96985530547 3.02290996785 0.654742765273 0.257636655949 10.3299839228 1.06270096463 314.782154341 14891.1358521 92.7431672026 13.8505692898 1.80840765775 3.99078344172 7.01704128224 60.6925241158 ;
65.2878338279 6.45697329377 3.43026706231 1.23442136499 0.753709198813 10.2611275964 1.20771513353 782.709198813 50773.504451 146.439169139 23.0760879427 1.82544270861 5.26626865505 9.47512117201 88.8278931751 ;
46.6719612105 5.73516134426 2.86089282729 0.605918742685 0.263333890654 9.7005517472 0.991138605584 97.9279384718 4448.47517138 72.1036615951 9.86807212255 1.83638362573 2.96419153802 5.14179924636 53.5127905033 ;
52.1515912898 7.04103852596 2.9229480737 0.611390284757 0.307370184255 8.62060301508 0.786432160804 597.641541039 29560.4874372 105.216080402 15.8648888525 1.80113518703 4.77298226474 8.4104251364 65.6926298157 ;
50.3098265896 5.98651252408 3.04855491329 0.661657032755 0.253564547206 10.4697495183 1.08554913295 298.072061657 14095.0362235 92.1961464355 13.7928985775 1.81036142233 3.92175517808 6.8970425544 60.5811175337 ;
51.9448329448 6.99611499611 2.91142191142 0.609168609169 0.305361305361 8.63403263403 0.787101787102 582.163947164 28669.989899 104.216783217 15.7077638247 1.80208443853 4.73745917482 8.35406804464 65.3294483294 ;
46.4840166782 5.69805420431 2.84798471161 0.60128561501 0.264593467686 9.63394718555 0.981584433634 94.1459346769 4253.78943711 71.4174774149 9.71714313577 1.83652651583 2.94686459791 5.10622723627 53.222724114 ;
64.773480663 6.63259668508 3.38950276243 1.20718232044 0.726519337017 10.3232044199 1.20994475138 777.889502762 50004.5883978 145.082872928 22.8180523319 1.82387054035 5.23578696709 9.40803446533 87.8397790055 ;
46.2196626156 5.73934337022 2.82858697624 0.589152911301 0.267549428623 9.47977507709 0.951750408126 90.4271721386 4052.17050608 70.5643025576 9.52981950173 1.83687269328 2.92694333781 5.06738059512 52.8135316525 ;
60.1076923077 7.22222222222 3.20854700855 0.965811965812 0.560683760684 9.31965811966 0.988034188034 760.437606838 44916.8598291 131.516239316 20.4010508167 1.81577437258 5.17872023051 9.22347880152 79.9076923077 ;
50.5543521861 5.86321700762 3.08543922984 0.693943040513 0.246289610911 10.9570798235 1.17970316887 268.693943041 12739.1427998 91.5864420377 13.7645516571 1.8151869997 3.79542491725 6.68296514284 60.6542318492 ;
51.3931866572 6.56848828957 2.92051100071 0.607523066004 0.298083747339 8.82966643009 0.817601135557 520.232079489 25327.6841732 101.271823989 15.1972588805 1.79864440581 4.61588919653 8.12904686276 64.1000709723 ;
50.6200794511 5.81762369086 3.06247742867 0.696280245576 0.245214879018 11.1115926327 1.20729505237 246.012639942 11683.8291802 90.6218851571 13.637952961 1.80566269444 3.6948441258 6.46033260637 60.478150957 ;
60.1076923077 7.22222222222 3.20854700855 0.965811965812 0.560683760684 9.31965811966 0.988034188034 760.437606838 44916.8598291 131.516239316 20.4010508167 1.81577437258 5.17872023051 9.22347880152 79.9076923077 ;
45.8466837237 5.72958079118 2.81972052746 0.582956111002 0.270025585515 9.32159023814 0.926982877386 83.9173391065 3716.39834678 69.2281047038 9.2351714857 1.84384460517 2.88636081288 5.01158028101 52.2401102145 ;
51.2076677316 6.57635782748 2.93546325879 0.603194888179 0.292651757188 8.87412140575 0.822364217252 507.215974441 24632.2447284 100.548242812 15.0661098331 1.80049576762 4.60408827053 8.11401147399 63.7654952077 ;
50.0410431808 6.06755023514 2.98118854211 0.625908507909 0.255237280889 9.90466011116 0.97648567764 345.778110304 16372.3911928 93.4044463446 13.8912906729 1.80396679212 4.10846673439 7.21585213822 60.7050021377 ;
46.9835962145 5.71309148265 2.89069400631 0.620504731861 0.265299684543 9.88501577287 1.02460567823 104.318611987 4777.47917981 73.2917981073 10.1172127495 1.83649775715 2.99025515812 5.1963574386 53.9944794953 ;
66.8522727273 5.88636363636 3.57575757576 1.33333333333 0.856060606061 10.1136363636 1.20075757576 799.867424242 53356.0378788 151.356060606 23.868345056 1.82230099239 5.2073352059 9.37281095737 91.4621212121 ;
52.8344370861 7.35193945128 2.87038789026 0.614001892148 0.314096499527 8.47965941343 0.776726584674 629.065279092 31590.4768212 107.73320719 16.3333716879 1.80179447018 4.90909580342 8.65606153807 67.1475875118 ;
46.4604228551 5.70207932902 2.84850602831 0.600908614363 0.264896033549 9.62659444347 0.980954045081 93.5843089289 4225.73003669 71.3227328324 9.69536594545 1.83591870159 2.94362992022 5.09766339603 53.1798008038 ;
51.6651785714 6.83482142857 2.890625 0.60119047619 0.299851190476 8.64136904762 0.790922619048 567.66889881 27795.1376488 103.060267857 15.5038170767 1.79316974507 4.7247525487 8.29065966161 64.849702381 ;
50.3792012653 6.00434954527 3.05614867537 0.666666666667 0.2558323448 10.535389482 1.09410834322 290.410043495 13758.1376038 92.1743772242 13.807132867 1.81568736855 3.88593702593 6.85541754429 60.615658363 ;
63.5569306931 6.76732673267 3.37128712871 1.15346534653 0.670792079208 10.198019802 1.17326732673 775.408415842 48828.0222772 141.517326733 22.1745698195 1.83069827334 5.21677216664 9.38796604042 85.7227722772 ;
46.6479865772 5.73624161074 2.85687919463 0.605201342282 0.262751677852 9.69630872483 0.990939597315 97.5840604027 4429.97265101 72.030704698 9.85174346314 1.83621236199 2.96309535683 5.13932617173 53.4768456376 ;
51.9718969555 7.01639344262 2.90554254489 0.607338017174 0.306010928962 8.60421545667 0.782982045277 584.919594067 28829.2716628 104.483216237 15.7373601943 1.80373377606 4.737563873 8.36216740984 65.3942232631 ;
64.9858356941 6.58923512748 3.4164305949 1.2209631728 0.733711048159 10.3654390935 1.21529745042 779.201133144 50275.776204 145.526912181 22.9394921663 1.82336839187 5.25713904961 9.44872412504 88.3002832861 ;
50.2406483791 5.91687448047 3.04364089776 0.657938487116 0.257689110557 10.3906899418 1.072319202 307.689526185 14539.1047382 92.459684123 13.8100101831 1.80814656572 3.96796941822 6.96963566038 60.5872817955 ;
46.1749452155 5.73977355734 2.81683710738 0.584915997078 0.267165814463 9.45471146822 0.947954711468 89.8889700511 4022.5 70.4024835646 9.49488905628 1.83696394136 2.92256484853 5.05917780597 52.7379474069 ;
65.0373563218 6.62068965517 3.40229885057 1.22126436782 0.73275862069 10.3362068966 1.21264367816 780.715517241 50428.5258621 145.752873563 22.9820084874 1.82360067139 5.27249368716 9.47491386299 88.4195402299 ;
51.7743243243 6.87094594595 2.89256756757 0.601351351351 0.298648648649 8.58513513514 0.782432432432 566.407432432 27819.277027 103.47972973 15.5636649888 1.79598617634 4.73219737894 8.31770245103 64.9959459459 ;
50.5578635015 5.87314540059 3.11127596439 0.697700296736 0.251112759644 10.9028189911 1.16728486647 275.978486647 13098.1090504 91.8319732938 13.7887607846 1.81623561074 3.81644180944 6.72668254198 60.7114243323 ;
50.3435776202 5.96296296296 3.04176516942 0.659574468085 0.258471237195 10.3794326241 1.07289204098 309.858550039 14676.3317573 92.7884160757 13.8806481664 1.80903840693 3.97185486291 6.98743108329 60.7892040977 ;
52.273089172 7.10191082803 2.9148089172 0.615445859873 0.308917197452 8.63535031847 0.787420382166 599.931528662 29794.4697452 105.643312102 15.9423867909 1.80366132381 4.77604588733 8.4303206358 65.925955414 ;
46.5882552039 5.73261127094 2.85259773227 0.603824674226 0.262819427991 9.6837028262 0.988322897275 96.7813504823 4385.37891352 71.8238280589 9.80467709004 1.83618616716 2.95884110346 5.12840197197 53.3834828228 ;
66.32996633 6.09427609428 3.50505050505 1.29292929293 0.808080808081 10.3063973064 1.23232323232 789.313131313 52113.7407407 149.437710438 23.6091410899 1.82389280399 5.28114072689 9.49613936089 90.5925925926 ;
46.9864545598 5.71948338321 2.890061427 0.620255158293 0.265396125374 9.88155615057 1.02378327296 104.506851473 4786.04851158 73.3104425894 10.1220698752 1.83624454246 2.9917821938 5.19840540794 54.0017325563 ;
53.0599429115 7.39295908658 2.8715509039 0.630827783064 0.319695528069 8.61845861085 0.803996194101 638.664129401 32286.8905804 108.719314938 16.4583064378 1.80252563706 4.95387258873 8.73250118634 67.5946717412 ;
50.0902192243 6.05311973019 2.98777403035 0.626475548061 0.255902192243 9.89165261383 0.973440134907 348.846543002 16541.3756324 93.5881112985 13.9261536033 1.80475668455 4.11476505878 7.2342719364 60.7984822934 ;
68.0701754386 5.68859649123 3.61403508772 1.36842105263 0.916666666667 9.70175438596 1.15789473684 807.140350877 54846.8508772 154.701754386 24.5830554111 1.8193176477 5.13159734286 9.22998129629 93.5175438596 ;
46.5612453215 5.73052058523 2.85369173188 0.603266417149 0.26318475672 9.67999319496 0.987240558013 96.264375638 4358.48196666 71.7269479415 9.78495517706 1.83646092031 2.9545927328 5.12167561198 53.3419530453 ;
52.0008012821 7.01121794872 2.90625 0.604967948718 0.307692307692 8.55849358974 0.77483974359 588.358974359 29003.3758013 104.533653846 15.7583382874 1.80266056634 4.74010531721 8.36134636228 65.4302884615 ;
50.330952381 5.94246031746 3.04246031746 0.660714285714 0.256746031746 10.3976190476 1.07698412698 305.715079365 14467.9111111 92.6142857143 13.8502002786 1.80887363657 3.96434005684 6.97032929338 60.7126984127 ;
64.9689265537 6.5790960452 3.41807909605 1.22316384181 0.731638418079 10.4209039548 1.22598870056 778.88700565 50245.3757062 145.531073446 22.9254160142 1.82389571617 5.25053019843 9.43859921992 88.2429378531 ;
46.0120960121 5.72311472311 2.81685881686 0.581742581743 0.269703269703 9.35966735967 0.932715932716 87.0871290871 3876.38291438 69.8351918352 9.37134434733 1.84071332562 2.90441383938 5.03703181373 52.4968814969 ;
61.9919354839 7.12096774194 3.31451612903 1.05241935484 0.627016129032 9.40120967742 1.03427419355 763.570564516 46654.7580645 137.362903226 21.4611674984 1.82545096167 5.18356288608 9.28273058552 83.1915322581 ;
50.6299329859 5.86932241251 3.08749069248 0.700670141474 0.244601638124 11.0852568876 1.20215934475 259.014892033 12302.1809382 91.2725241996 13.7314982112 1.80970402274 3.75750191983 6.5895859099 60.6485480268 ;
51.2292075966 6.65356908972 2.90569744597 0.600523903078 0.289456450557 8.8480681074 0.81270464964 531.11918795 25780.62148 100.973804846 15.1205949367 1.79630349455 4.65004661457 8.1806588079 63.8565815324 ;
50.515037594 5.8954887218 3.09511278195 0.689097744361 0.251879699248 10.8285714286 1.1545112782 279.115413534 13240.9018797 91.8357142857 13.7800316686 1.81544755803 3.83096801151 6.74911433421 60.6657894737 ;
46.2403254973 5.73616636528 2.82911392405 0.590054249548 0.267088607595 9.49764918626 0.955153707052 90.6641952984 4065.91428571 70.6309222423 9.54369441927 1.83683577411 2.92863088729 5.0703590092 52.8497287523 ;
63.2649769585 6.83410138249 3.35023041475 1.12211981567 0.661290322581 9.9930875576 1.14055299539 768.633640553 48069.1382488 140.398617512 22.0501808897 1.82589490444 5.21333503757 9.35269004342 85.33640553 ;
51.5123546512 6.80886627907 2.86773255814 0.593023255814 0.292877906977 8.58139534884 0.77761627907 558.746366279 27248.5886628 102.594476744 15.4063821231 1.79449680256 4.71168679445 8.28187973968 64.5123546512 ;
50.6447963801 5.85256410256 3.08823529412 0.701357466063 0.244720965309 11.0837104072 1.20211161388 258.765082956 12293.199095 91.3201357466 13.7363629946 1.80992713629 3.74864035092 6.57647580954 60.6459276018 ;
51.2195767196 6.62566137566 2.90211640212 0.598544973545 0.292989417989 8.77314814815 0.800925925926 525.242724868 25499.7837302 100.871031746 15.1139854064 1.79712004503 4.64879798208 8.1776393692 63.8657407407 ;
46.0307025805 5.72254661895 2.82030514221 0.58278395178 0.269730646073 9.38067432662 0.936146166886 87.3418722923 3890.35599925 69.8945187418 9.38624699804 1.840423428 2.90685146558 5.04118675343 52.5294782445 ;
61.2637571157 7.24478178368 3.2770398482 1.02466793169 0.593927893738 9.50664136622 1.04174573055 763.058823529 46015.6204934 135.117647059 21.0392955898 1.82253903471 5.17783863846 9.2554049401 81.8937381404 ;
46.351293488 5.7136485281 2.83282783229 0.594826048171 0.267082961641 9.5632471008 0.968777876896 91.698661909 4127.21213202 70.9566458519 9.61718358558 1.83705513666 2.93344505421 5.08145378371 53.0171275647 ;
51.6746987952 6.8313253012 2.87455705174 0.594613749114 0.295535081502 8.57902197023 0.780297661233 565.299078668 27691.6144578 103.14528703 15.5172789212 1.793839372 4.72846691429 8.29800460712 64.8313253012 ;
64.038961039 6.77662337662 3.38441558442 1.18181818182 0.698701298701 10.2181818182 1.18441558442 777.101298701 49343.6883117 143.085714286 22.4436927828 1.82587365902 5.20956867572 9.3640967423 86.5428571429 ;
50.4232397076 5.9503655252 3.09388226241 0.681415929204 0.251635244325 10.7079646018 1.12774143902 282.974220854 13412.1419777 91.8187764525 13.7593145088 1.81519644882 3.85227467015 6.79163264578 60.5917660639 ;
47.0308814401 5.72749844817 2.89106145251 0.622129112353 0.26582867784 9.90114835506 1.02715704531 106.425201738 4877.64261328 73.5403476102 10.1674131803 1.83482504318 2.99733061236 5.20686883622 54.0715394165 ;
52.4311490978 7.23171889839 2.85849952517 0.597340930674 0.30579297246 8.35517568851 0.747388414055 617.277302944 30686.4700855 106.320987654 16.1001871367 1.8015582538 4.85253741848 8.55477822472 66.3732193732 ;
49.9963353184 6.02519468621 2.99129638113 0.623912047641 0.253321117728 9.91387998168 0.976637654604 347.61887311 16441.8460834 93.4209803023 13.8770025529 1.8060110206 4.13121227251 7.25734014619 60.6953733394 ;
65.61875 6.44375 3.4625 1.246875 0.778125 10.0875 1.1875 786.228125 51326.365625 147.459375 23.2333453831 1.82900889569 5.27692310671 9.50826768807 89.403125 ;
62.3064182195 6.983436853 3.33954451346 1.06625258799 0.633540372671 9.53830227743 1.06004140787 763.824016563 46936.9296066 138.3126294 21.6379202492 1.82335453943 5.18636059479 9.28465608011 83.7246376812 ;
50.5560119492 5.86893203883 3.09111277072 0.690440627334 0.250933532487 10.8715459298 1.16318147872 277.684092606 13178.1534727 91.8820014937 13.7941792733 1.81656963144 3.81967155562 6.73490337018 60.7221807319 ;
46.1978201635 5.74150772025 2.82924613987 0.588919164396 0.267211625795 9.47920072661 0.951316984559 90.3529518619 4045.72715713 70.4999091735 9.51500688171 1.83665304839 2.92685177301 5.06628517599 52.7763851045 ;
51.4355322339 6.77736131934 2.85757121439 0.594452773613 0.290854572714 8.67091454273 0.790104947526 551.937031484 26857.577961 101.955022489 15.3136688355 1.79327554507 4.71151465451 8.27301607547 64.3538230885 ;
46.5388299692 5.72305850154 2.85443037975 0.603489565515 0.263427984947 9.67105713308 0.986315429353 95.6991105029 4330.87204926 71.6370167636 9.76291648738 1.8364973323 2.95125219312 5.11558201842 53.295586726 ;
52.0038491147 6.99769053118 2.91454965358 0.612009237875 0.307929176289 8.65204003079 0.792147806005 583.257890685 28769.34796 104.454195535 15.7354253019 1.80246124393 4.73259009071 8.34659476642 65.3979984604 ;
64.9942857143 6.61428571429 3.39428571429 1.21714285714 0.731428571429 10.3142857143 1.20571428571 780.54 50367.3 145.602857143 22.9591700552 1.82321900609 5.27094374929 9.4719069952 88.3571428571 ;
50.3193612774 5.93852295409 3.04071856287 0.658682634731 0.255888223553 10.4131736527 1.07824351297 301.774051896 14268.7237525 92.4303393214 13.8325101448 1.80948946564 3.94654171325 6.93955166506 60.6754491018 ;
50.3347232752 5.96967399545 3.04852160728 0.66186504928 0.256254738438 10.4374526156 1.08074298711 303.133813495 14358.0242608 92.4704321456 13.8314013106 1.81003655782 3.9446742511 6.93800745544 60.6887793783 ;
46.5121866897 5.71097666379 2.84649956785 0.601555747623 0.264131374244 9.6404494382 0.982368193604 94.6062229905 4278.54088159 71.5154710458 9.73802275342 1.83637269681 2.9488214597 5.10969593307 53.2637856525 ;
66.254180602 6.09364548495 3.48829431438 1.28762541806 0.802675585284 10.2775919732 1.22408026756 789.361204013 52043.2307692 149.204013378 23.5742287343 1.82603764658 5.27401380666 9.48895248957 90.4515050167 ;
52.230829421 7.14397496088 2.91549295775 0.616588419405 0.307511737089 8.68075117371 0.796557120501 597.229264476 29634.28482 105.406103286 15.9077324 1.80295819811 4.76499155383 8.409555568 65.8544600939 ;
46.3766832034 5.70818568391 2.8375265769 0.597802976612 0.266477675408 9.60506732814 0.976435152374 92.3350460666 4159.4392275 71.0483699504 9.63661409224 1.83697424434 2.93704502074 5.089090318 53.0554571226 ;
60.1206896552 7.24827586207 3.21034482759 0.96724137931 0.556896551724 9.36034482759 0.994827586207 761.298275862 45006.7068966 131.656896552 20.4196877727 1.81559233872 5.18211604067 9.22855929139 79.9620689655 ;
51.5575289575 6.58223938224 2.89652509653 0.609266409266 0.304247104247 8.71737451737 0.803861003861 531.38996139 25915.0664093 101.922007722 15.3258702019 1.79584369588 4.66113505012 8.20066805317 64.4733590734 ;
50.3950020153 5.96251511487 3.08343409915 0.675130995566 0.248286981056 10.6981056026 1.12414349053 280.290205562 13269.4852882 91.7484885127 13.7529237922 1.81455644756 3.8343784209 6.75187754044 60.5074566707 ;
47.0590143674 5.71960451105 2.89386683145 0.624748957207 0.26587362892 9.93511509347 1.03290591689 106.938822802 4905.96647613 73.6647613162 10.188514531 1.83509967931 2.99860696311 5.20961674486 54.1069056079 ;
52.9083820663 7.42884990253 2.85185185185 0.616959064327 0.317738791423 8.49025341131 0.782651072125 634.245614035 31906.2621832 108.156920078 16.3877618552 1.80161803836 4.92007031135 8.66837810333 67.2816764133 ;
50.0334373607 6.07222469906 2.98573339278 0.614355773518 0.253232278199 9.74944271066 0.94605439144 355.104770397 16826.4850646 93.6205974142 13.932658832 1.80607140425 4.1567659222 7.31202951859 60.8439589835 ;
67.0348837209 5.70930232558 3.57751937984 1.33333333333 0.860465116279 10.007751938 1.18992248062 801.515503876 53594.6395349 151.872093023 23.9745065973 1.82317764659 5.23244642499 9.41928727448 91.8488372093 ;
50.5275590551 5.88869005011 3.09770937724 0.692913385827 0.249105225483 10.896206156 1.1646385111 272.59269864 12934.1739442 91.5354330709 13.7344946819 1.8129982694 3.80348079835 6.68883284115 60.6195418754 ;
51.7221081451 6.87542778919 2.88569472964 0.597535934292 0.297056810404 8.55099247091 0.776865160849 564.472279261 27681.8268309 103.24366872 15.5405418332 1.79551548136 4.73532274197 8.32106577187 64.9288158795 ;
46.109499907 5.72894590073 2.81836772634 0.585238891987 0.268451385016 9.43186465886 0.945157092396 88.3351924149 3945.31976204 70.1652723555 9.44457895137 1.83895911403 2.91328973631 5.04874318185 52.6391522588 ;
64.6284153005 6.62295081967 3.40710382514 1.20765027322 0.718579234973 10.3825136612 1.21584699454 778.057377049 49885.9644809 144.718579235 22.7299856439 1.82495072874 5.23430269008 9.40928367341 87.587431694 ;
46.0572390572 5.72502805836 2.82023943135 0.584175084175 0.26936026936 9.4100261878 0.940703329592 87.9098391321 3919.34493079 69.9962588851 9.40807136125 1.83939886564 2.91038700113 5.04399685817 52.5617283951 ;
51.3693502825 6.55861581921 2.91596045198 0.606638418079 0.298728813559 8.81214689266 0.812853107345 524.407485876 25517.3036723 101.331214689 15.2015377803 1.79754164709 4.6202711191 8.13269686578 64.0444915254 ;
50.6258885148 5.88140665918 3.08829031051 0.697343808455 0.245417134306 10.9887766554 1.18518518519 263.086045642 12492.1679761 91.4429479985 13.748411494 1.81206438011 3.77710929037 6.63685280196 60.7096894875 ;
60.4123893805 7.29911504425 3.21592920354 0.978761061947 0.562831858407 9.40530973451 1.00884955752 761.922123894 45282.2725664 132.500884956 20.5841482599 1.81604412047 5.19314372904 9.24822999145 80.4884955752 ;
46.1382743363 5.73008849558 2.81674041298 0.584255162242 0.268067846608 9.43012536873 0.944505899705 89.0691371681 3981.0210177 70.271939528 9.46591321497 1.83783355257 2.91802825941 5.05350917715 52.6828908555 ;
61.513618677 7.11673151751 3.29182879377 1.03696498054 0.608949416342 9.45719844358 1.03501945525 763.89688716 46278.8657588 135.877431907 21.1829697676 1.82375406693 5.18970355459 9.28231092339 82.3754863813 ;
51.3196092114 6.66434054431 2.90020935101 0.597348220516 0.293789253315 8.78018143754 0.804605722261 535.210048849 26016.478716 101.332170272 15.2041981002 1.79590059656 4.6608551658 8.19524179799 64.052337753 ;
50.5910992773 5.87675922404 3.10079878281 0.700266260936 0.246861924686 10.9847850894 1.18295930011 267.604412324 12704.2069228 91.5823507037 13.7625329283 1.81404107632 3.78762791711 6.66471676017 60.690376569 ;
50.3289256198 5.83239669421 3.07173553719 0.698842975207 0.234049586777 11.3438016529 1.23966942149 214.070082645 10166.633719 88.3573553719 13.2616298708 1.79052524534 3.55907152437 6.15840758878 59.6733884298 ;
58.327027027 7.31081081081 3.05 0.871621621622 0.501351351351 8.78243243243 0.887837837838 742.552702703 42421.3459459 126.383783784 19.4532558356 1.8190886338 5.12134554284 9.12383769096 76.9148648649 ;
50.6757834758 6.36011396011 2.95726495726 0.591452991453 0.282051282051 9.0433048433 0.835897435897 463.827350427 22344.7287749 98.1014245014 14.6530890582 1.79525711879 4.5297223458 7.96290715873 62.7367521368 ;
45.5522321429 5.69709821429 2.79888392857 0.580803571429 0.281919642857 9.10401785714 0.902678571429 74.815625 3281.36316964 67.8575892857 8.92242493525 1.86056196973 2.81828624397 4.93101306687 51.7640625 ;
45.5645519077 5.70119787045 2.79858030169 0.58007985803 0.281277728483 9.10869565217 0.902173913043 75.2400177462 3301.17790594 67.9079414374 8.93213890589 1.85989283453 2.82137567006 4.93497590385 51.7826086957 ;
51.0509803922 6.6862745098 2.93053221289 0.598319327731 0.283473389356 8.9081232493 0.823529411765 517.436414566 25078.7434174 100.29859944 15.0071085955 1.79821945389 4.6233648833 8.13433690525 63.5411764706 ;
62.7142857143 6.81098901099 3.36923076923 1.0967032967 0.650549450549 9.81758241758 1.10769230769 767.830769231 47568.6351648 139.41978022 21.7792271431 1.82731846212 5.20407898464 9.33727944586 84.3912087912 ;
50.2309348093 5.84348093481 3.04366543665 0.681734317343 0.235854858549 11.0827183272 1.19218942189 225.729704797 10691.9966175 88.6768142681 13.2955582115 1.79053191899 3.62615263759 6.28276093241 59.7109471095 ;
50.637755102 5.86443148688 3.08491253644 0.698250728863 0.244533527697 11.1024052478 1.20481049563 257.255102041 12221.1701895 91.1916909621 13.7177042857 1.80914681979 3.7477590752 6.56840221053 60.6322886297 ;
61.4099616858 7.07471264368 3.29501915709 1.03256704981 0.599616858238 9.54406130268 1.04789272031 762.87164751 46116.710728 135.463601533 21.1027166707 1.8228638925 5.18067896264 9.26121912476 82.1245210728 ;
51.2550066756 6.63484646195 2.89719626168 0.598798397864 0.293724966622 8.77436582109 0.802403204272 527.573431242 25619.9859813 101.011348465 15.1386465525 1.79664015089 4.64293820912 8.17116256305 63.9138851802 ;
45.9570282659 5.73223834989 2.81760886173 0.581932773109 0.269862490451 9.33537051184 0.928762414057 86.2891520244 3833.99847212 69.6558441558 9.33265536417 1.8413402507 2.90074205399 5.03212564596 52.4155844156 ;
45.9320856647 5.72294038202 2.82249662358 0.583060003859 0.270885587498 9.32760949257 0.927262203357 85.436040903 3793.40054023 69.5388770982 9.30555268926 1.8425469216 2.89478339011 5.0241934184 52.3770017364 ;
51.2217795485 6.61088977424 2.91699867198 0.601593625498 0.286852589641 8.86055776892 0.821381142098 511.409694555 24826.2583001 100.690571049 15.0940318325 1.80102734682 4.60989837388 8.12417947176 63.8061088977 ;
50.6165441176 5.83308823529 3.07389705882 0.698161764706 0.245955882353 11.1257352941 1.20845588235 251.815441176 11959.19375 90.8724264706 13.6692348073 1.80608163621 3.72457341147 6.51808671119 60.5352941176 ;
60.1252115059 7.19796954315 3.20642978003 0.967851099831 0.561759729272 9.34010152284 0.994923857868 758.55499154 44810.1895093 131.543147208 20.4024779703 1.81666395029 5.16846567099 9.20822136049 79.8934010152 ;
50.5584630672 5.84067572044 3.04504802915 0.684663795959 0.24743292481 10.9470023186 1.17555481948 251.343159987 11933.714475 90.6243789334 13.6174298225 1.8044026736 3.72743521165 6.51734785646 60.4478304074 ;
51.4751415985 6.7791063562 2.91000629327 0.599118942731 0.297671491504 8.65387035872 0.787916928886 546.278791693 26678.0975456 102.171176841 15.3385637995 1.79538863419 4.67652741612 8.21584169597 64.3656387665 ;
45.7802681609 5.73964378627 2.82669601761 0.583950370222 0.26936161697 9.3299979988 0.930158094857 82.6810086052 3654.12127276 68.9967980788 9.18577653059 1.84590920081 2.87988876425 5.00477269467 52.1536922153 ;
63.8556962025 6.71392405063 3.38227848101 1.16962025316 0.686075949367 10.2506329114 1.18734177215 775.298734177 49069.2253165 142.412658228 22.316837594 1.83312869943 5.20668108768 9.38473078917 86.2126582278 ;
46.6037799528 5.73810327371 2.85217684779 0.60361120486 0.262571717854 9.67853526831 0.987512656092 97.0514681066 4400.16756666 71.8850826865 9.8176539691 1.83622643971 2.96042816195 5.13191047214 53.405838677 ;
52.1133440514 7.09405144695 2.91479099678 0.614147909968 0.305466237942 8.67604501608 0.79501607717 593.81511254 29356.4477492 104.975884244 15.8400490852 1.8026178094 4.75149764211 8.38019595332 65.6229903537 ;
50.3257302921 5.92116846739 3.0456182473 0.659863945578 0.259303721489 10.3909563826 1.07322929172 309.289315726 14644.5518207 92.7587034814 13.8700682368 1.80881234663 3.97365516283 6.98880350355 60.7599039616 ;
65.4078549849 6.38066465257 3.44108761329 1.23564954683 0.764350453172 10.1389728097 1.19335347432 783.972809668 50966.223565 146.797583082 23.1260896611 1.82568529672 5.2780892639 9.50144492841 89.0574018127 ;
50.615008726 5.81465968586 3.07085514834 0.692844677138 0.247120418848 11.0579406632 1.19790575916 251.37486911 11942.5511344 90.8118673647 13.6622537342 1.80644678288 3.71963273618 6.51161884978 60.5298429319 ;
51.1455938697 6.77075351213 2.89463601533 0.595146871009 0.287356321839 8.75989782886 0.797573435504 532.442528736 25815.8333333 100.794380587 15.0846844864 1.79679299912 4.66432659169 8.2016337039 63.754789272 ;
45.8542812255 5.7309505106 2.81912804399 0.582875098193 0.269638648861 9.32659073056 0.92792615868 84.0761979576 3724.63491752 69.2678711705 9.24324479207 1.84386781266 2.8869132545 5.01220756192 52.2525530244 ;
62.5178197065 6.90566037736 3.33752620545 1.07756813417 0.641509433962 9.60377358491 1.07337526205 763.379454927 47070.2809224 138.874213836 21.7377344842 1.82439319163 5.17888182201 9.27663765257 84.0817610063 ;
