cluster 0
size:325
#377eb8
[ 1.74938288  4.7165605   0.07032137  1.78641785  2.88856591  0.71994254
  2.80966247]

cluster 1
size:490
#ff7f00
[ 2.17127583  4.67900847  3.06178926  4.3165033   2.57436741  3.56374484
  2.76397319]

cluster 2
size:691
#4daf4a
[ 2.51354156  4.72008964  2.76834963  2.64720014  3.30144673  0.48731549
  3.08608846]

cluster 3
size:681
#f781bf
[ 2.87861836  4.51817221  3.26379997  3.45346572  4.51834809  2.25928182
  3.41227514]

cluster 4
size:431
#a65628
[ 1.52784037  4.75469966  2.10818284  1.7425234   0.54335609  0.60965341
  2.60065598]

cluster 5
size:391
#984ea3
[ 0.78597123  4.72605317  2.55508466  1.28477606  3.62124706  1.27281576
  3.06685441]

