cluster 0
size:650
#377eb8
[ 2.89912711  4.50893383  3.30170707  3.52113615  4.56063199  2.28738753
  3.42574319]

cluster 1
size:374
#ff7f00
[ 1.56765551  4.75448727  2.08940257  1.84955093  0.33349637  0.6309657
  2.67319757]

cluster 2
size:359
#4daf4a
[ 0.61003495  4.73904194  2.52426318  1.07989078  3.37727042  1.01391641
  2.99749862]

cluster 3
size:805
#f781bf
[ 2.45366856  4.71745738  2.75179924  2.56510677  3.35624902  0.69363177
  3.07128884]

cluster 4
size:489
#a65628
[ 2.13972758  4.67557654  3.04090934  4.30947375  2.56503874  3.54588364
  2.73790423]

cluster 5
size:332
#984ea3
[ 1.75968842  4.71989296  0.09160773  1.77613838  2.86430673  0.71344599
  2.80097231]

