cluster 0
size:467
#377eb8
[ 1.01420686  4.7277262   2.6067363   1.39855336  3.77308426  1.03865947
  3.1526759 ]

cluster 1
size:838
#ff7f00
[ 2.86889031  4.53280331  3.21754115  3.4039258   4.45666641  1.90256721
  3.3963488 ]

cluster 2
size:326
#4daf4a
[ 1.72933294  4.71599245  0.05997022  1.76715499  2.90698608  0.73286362
  2.81245794]

cluster 3
size:346
#f781bf
[ 1.33123523  4.75062893  1.98708744  1.5764563   0.33164701  0.63626056
  2.65107215]

cluster 4
size:468
#a65628
[ 2.14677353  4.67592517  3.07555934  4.3413466   2.64042805  3.6836652
  2.76202619]

cluster 5
size:564
#984ea3
[ 2.46216355  4.76137311  2.67071597  2.60844333  2.50664594  0.62683244
  2.83431918]

