32.7124986481 3.26597930711 1.94152637081 0.0320847903674 0.0105266952666 3.41594866434 0.0123292115794 ;
56.0102820212 3.571386604 4.88983548766 2.05816686251 0.0261457109283 31.6897767333 4.58960047004 ;
42.4960159363 48.9833997344 1.08100929615 0.0205843293493 0.166002656042 3.29349269588 0.0172642762284 ;
69.2855473315 4.08804051422 2.81398519673 0.952473704714 0.89248149591 4.85800545384 0.416244643553 ;
39.4037715763 7.96342483461 2.25039920919 0.0439510303399 0.0158923275797 4.023040073 0.0174891643221 ;
58.2322357019 3.85788561525 8.12824956672 4.00693240901 0.00173310225303 65.301559792 11.4263431542 ;
38.9902455432 26.0036999664 1.25664312143 0.0221997981837 0.0158089471914 3.57450386815 0.0716448032291 ;
35.335243935 7.31404958678 2.48520394561 0.123567048787 0.00226606238336 13.4017595308 0.811383631032 ;
50.9044860735 4.10105989648 2.16921370471 0.447498151343 0.402144441706 5.05151589845 0.331649001725 ;
32.5732108524 3.09019440291 1.83755607776 0.0253791924802 0.0122196111942 2.76124759667 0.00525528733177 ;
58.7699452646 3.82667108973 2.44385470227 0.721512688671 0.69281804611 4.81638746061 0.379664952728 ;
41.9649975693 45.105493437 1.09090909091 0.0189596499757 0.128342245989 3.23189110355 0.0209042294604 ;
58.4486363636 3.69363636364 6.37363636364 2.88454545455 0.00818181818182 45.6418181818 7.31772727273 ;
34.581888387 6.54189130118 2.35625819612 0.0546408276264 0.000947107678858 8.54815678275 0.272694157074 ;
38.490945674 20.0585736642 1.54728370221 0.0219092331768 0.010060362173 4.58909009613 0.120500782473 ;
43.1709387483 5.33938082557 2.25091544607 0.112183754993 0.109021304927 3.6534620506 0.0482689747004 ;
75.0914885639 4.38957630296 3.03787026622 1.08173978253 0.938507686539 5.5856767904 0.530933633296 ;
47.1114261412 5.16898213779 3.52197334845 1.11170966827 0.037992628296 22.0833569606 2.58293166997 ;
42.1635318704 46.0292580982 1.07941483804 0.0177638453501 0.137408568443 3.22152560084 0.0167189132706 ;
39.463874086 6.53631181063 2.41969265089 0.0666129631925 0.0220597347875 4.89738505391 0.0663651010038 ;
71.0155294118 4.18564705882 2.90282352941 0.993647058824 0.935294117647 4.84352941176 0.414352941176 ;
56.1904309252 3.25126742712 4.4325095057 1.80386565272 0.0392902408112 27.0399239544 3.80291508238 ;
32.4434816999 3.40353778673 1.88182210398 0.0291939311138 0.0103185446178 3.65093118573 0.0259941036888 ;
35.6354022989 8.4291954023 2.6275862069 0.19908045977 0.00666666666667 16.5818390805 1.24988505747 ;
52.6128607195 4.11358545263 2.09408354197 0.463960996179 0.483462906839 4.1946237976 0.246277506918 ;
38.4020424617 21.8132222521 1.41843590433 0.0214995968826 0.0118247782854 3.73743617307 0.0610051061543 ;
57.6464041096 3.90924657534 7.24315068493 3.4477739726 0.00256849315068 55.4178082192 9.26369863014 ;
38.3028131159 8.40154094248 2.15403452189 0.0389416472556 0.010452129248 3.89034223257 0.014334348683 ;
55.8094453597 3.84678747941 5.30477759473 2.28390993959 0.00713893465129 36.4678747941 5.38714991763 ;
70.3145893292 4.12552579145 2.74673455834 0.938676112464 0.933141465574 4.28270976312 0.33517821563 ;
50.6186972256 4.51158021713 2.07213510253 0.360554885404 0.420024125452 3.75512665862 0.141495778046 ;
41.1991844417 38.9030740276 1.13111668758 0.0225846925972 0.0897114178168 3.20420326223 0.0276035131744 ;
32.3761162949 2.97100636739 1.93164070322 0.0322373953786 0.0112530535421 3.47078611189 0.0140162588603 ;
55.1860637509 3.31282431431 3.76538176427 1.40919199407 0.103409933284 19.9255003706 2.58895478132 ;
35.2546296296 7.88383838384 2.4817620651 0.109147025814 0.00238496071829 13.5641133558 0.824915824916 ;
58.4086021505 3.84811827957 7.85215053763 3.80913978495 0.00268817204301 61.7231182796 10.6209677419 ;
34.892168072 7.07617550379 1.94440474489 0.0226525653852 0.00157210232957 6.06166928684 0.115549521223 ;
36.4779520568 8.75229357798 2.84581237052 0.293577981651 0.00503107428233 18.5753181415 1.51938443326 ;
57.2065347722 3.26378896882 4.32763788969 1.73141486811 0.0611510791367 25.2661870504 3.52248201439 ;
41.6962998558 44.9586737146 1.0860163383 0.0259490629505 0.127823161941 3.16001922153 0.0172993753003 ;
57.5246031746 3.74285714286 7.11904761905 3.38492063492 0.0031746031746 54.2706349206 9.04285714286 ;
44.4787234043 4.8344224924 2.35691489362 0.188601823708 0.161778115502 4.13920972644 0.115425531915 ;
66.1284528302 4.01479245283 2.58113207547 0.836377358491 0.873660377358 3.97267924528 0.280603773585 ;
32.3076678043 2.57119453925 1.98502844141 0.0374516496018 0.0126962457338 3.18825938567 0.0154721274175 ;
39.2981351981 19.9149184149 1.54102564103 0.0188811188811 0.00955710955711 4.09743589744 0.0680652680653 ;
33.3597304128 3.94965575342 1.99047148709 0.0330883420969 0.0089184556837 3.79034366557 0.0230369229875 ;
56.4886291851 3.36228679722 4.8041692988 2.02779532533 0.0262160454833 30.7561591914 4.45451674037 ;
38.3652708239 20.5102412381 1.53641329085 0.0243513882567 0.0104688211197 4.03641329085 0.0682749203459 ;
44.4853391685 5.44673960613 2.25549234136 0.170415754923 0.14056892779 4.29820568928 0.11579868709 ;
76.0479657388 4.45310492505 2.96959314775 1.0608137045 0.948608137045 5.20385438972 0.473661670236 ;
59.6560708702 3.75803369811 2.50842452666 0.75386486017 0.728851832552 4.81518151815 0.38839673441 ;
57.6005471956 3.98495212038 7.78248974008 3.78932968536 0.00136798905609 62.049247606 10.6730506156 ;
42.2230848861 45.902173913 1.08488612836 0.0186335403727 0.136128364389 3.26552795031 0.0217391304348 ;
36.2006063669 7.97254505643 2.59962944248 0.184436584133 0.0055583628095 14.997136601 1.050530571 ;
31.8287817414 3.04747593536 1.80539222092 0.0275273313298 0.0114116468487 3.63665664881 0.0291824556819 ;
39.0175373134 17.1496268657 1.70167910448 0.0220149253731 0.00764925373134 4.39570895522 0.0680970149254 ;
56.747471555 3.22250316056 4.30910240202 1.72787610619 0.0556257901391 25.409608091 3.54108723135 ;
41.6563275434 42.9069478908 1.09636062862 0.0244003308519 0.112489660877 3.20430107527 0.0215053763441 ;
36.3539445629 8.36223643686 2.68846244966 0.237147595357 0.00900260601753 16.9725183606 1.32361999526 ;
57.2623071271 3.9066862601 7.01542983101 3.30492285084 0.00367376928729 53.2211609111 8.7927994122 ;
70.7911627907 4.16302325581 2.82302325581 0.962790697674 0.941860465116 4.44372093023 0.357674418605 ;
51.5567200986 4.12046855734 2.10110974106 0.423057953144 0.455117139334 3.99321824908 0.199506781751 ;
37.8726314055 5.61053440984 2.41176470588 0.0541000714011 0.0118086450266 4.64118196298 0.0516834184654 ;
37.4071637427 18.5692007797 1.49683235867 0.0155945419103 0.00974658869396 3.58723196881 0.0338693957115 ;
56.4857231533 3.24456859094 4.10862818125 1.60707635009 0.0900062073246 22.6464928616 3.06765983861 ;
31.9788227716 3.29177067397 1.84523713665 0.0290281021016 0.0106691360013 3.86971575811 0.0338191480796 ;
41.968503937 42.8997099047 1.11023622047 0.0248653128885 0.11230832988 3.25486945711 0.0240364691256 ;
56.6724427054 3.8965902739 6.57462269424 3.02459474567 0.00335382895472 49.2107322527 7.97205142538 ;
50.404859335 4.60268542199 2.04232736573 0.351023017903 0.407416879795 3.74641943734 0.142327365729 ;
36.5503822099 8.67842251564 2.59850590688 0.165566365532 0.0045170257123 14.8686587908 1.02032661571 ;
69.6052467208 4.09848011659 2.70518425984 0.916926920675 0.932333957943 4.11263793462 0.307932542161 ;
38.5734939759 5.56007815044 2.42702702703 0.0517746662325 0.0122435688701 3.96860957343 0.0191468577011 ;
33.7300362976 4.70290381125 3.21787658802 0.133030852995 0.00635208711434 9.15263157895 0.330762250454 ;
50.4019909931 4.76191040531 2.28454610097 0.45081772932 0.355890021332 5.77340602038 0.400213320692 ;
55.6841186736 3.68673647469 4.97382198953 2.1079115765 0.021524141943 32.8568935428 4.7722513089 ;
41.7565982405 43.073313783 1.0896522832 0.0247172182656 0.113950565563 3.15039798911 0.0192710515291 ;
68.6786759327 4.02706656913 2.74981711778 0.931602048281 0.876005852231 4.87417702999 0.419166057059 ;
58.2394067797 3.82415254237 8.41525423729 4.18855932203 0.0021186440678 67.9936440678 12.0444915254 ;
31.7567713683 3.23165918798 1.40574147159 0.00464940260583 0.0110828783046 2.70135697681 0.00394658593285 ;
37.4214209646 16.4154876008 1.88209341244 0.0342309447741 0.0062376388255 7.62604594553 0.34094020995 ;
39.046208445 5.13645252408 2.10197725791 0.0270152821033 0.0212935467516 3.35851379735 0.0127471572391 ;
34.8832784486 7.13648005854 2.42553969996 0.104159043786 0.00341505061593 12.6991096475 0.712525917795 ;
69.3501892915 4.03190914008 2.88372093023 0.975932936723 0.908869659275 4.9253650622 0.434288804759 ;
58.1008249313 3.89184234647 7.28689275894 3.50045829514 0.00274977085243 56.3437213566 9.47296058662 ;
39.6666883794 9.00905419489 2.14603960396 0.0501563314226 0.0246873371548 4.11588066701 0.0326341844711 ;
52.9603100361 4.12615261259 2.09301082454 0.473606842176 0.504075905386 4.09929172792 0.232927970065 ;
54.6705882353 3.6218487395 4.3837535014 1.7487394958 0.0425770308123 27.0952380952 3.73837535014 ;
32.7946635304 3.2045646661 1.95854312911 0.0327832702415 0.0108420008086 3.25267374766 0.00904112609798 ;
87.0504385965 5.32456140351 3.05263157895 1.16666666667 1.04385964912 5.61403508772 0.508771929825 ;
41.1985535832 39.6170282709 1.11801446417 0.0223537146614 0.0933596318212 3.22485207101 0.0299145299145 ;
32.2197506019 3.62058432458 1.81011248068 0.0248319977001 0.00941531605994 4.2286628095 0.0614511086355 ;
59.8474114441 3.32198001817 5.73115349682 2.54541326067 0.0108991825613 38.8755676658 6.01589464124 ;
53.3090559905 4.13694785049 2.11656079185 0.485743832176 0.503323976954 4.29088491653 0.260008863939 ;
48.3851351351 6.68018018018 7.63288288288 3.56981981982 0.00225225225225 62.7567567568 10.4009009009 ;
39.7146771822 4.94185269349 2.58621842 0.0815399010827 0.0363587755648 4.17557813127 0.0529340997193 ;
41.5122121424 40.4549895324 1.10153524075 0.0219818562456 0.0983949755757 3.11688764829 0.0205861828332 ;
70.3543324016 4.10664373253 2.96473876586 1.02257579015 0.879595785853 5.76413674479 0.55106428725 ;
43.300534158 5.60725330335 3.30165870115 0.82906944054 0.0303626651673 20.7121169525 2.1945459657 ;
37.8928466725 14.9448841982 1.86909997068 0.0255057167986 0.00454412195837 6.33172090296 0.203312811492 ;
79.9389090909 4.68872727273 3.18109090909 1.16363636364 0.987636363636 5.80290909091 0.557090909091 ;
34.5695994463 6.09092482049 2.22847997232 0.0518210917899 0.000692101392854 10.1462064192 0.402456959945 ;
62.5034048349 3.81886278515 2.59805924413 0.821246169561 0.784473953013 4.81920326864 0.402451481103 ;
58.9973776224 3.69842657343 7.23426573427 3.47377622378 0.00262237762238 55.4178321678 9.31905594406 ;
41.9957026214 43.4082509669 1.10528577568 0.0253545337344 0.116029222174 3.2539750752 0.0232058444349 ;
37.6479350034 17.0463777928 1.68263371699 0.0223425863236 0.00761679079215 4.65047393365 0.108666215301 ;
33.0371567658 3.34715144139 1.98836236404 0.0348368449076 0.0113714155321 2.84532592987 0.00429755837834 ;
45.041016608 5.13487669854 2.24056366381 0.184700553598 0.171112229492 4.08136218755 0.111474584801 ;
52.3865296186 4.17987557479 4.23721936705 1.62969975656 0.032188260752 26.9905328645 3.61401136056 ;
35.400114893 8.25132845038 2.48140169467 0.113600459572 0.00229786011777 13.5934223754 0.830101967543 ;
55.7372342077 3.9425733354 2.13534067981 0.549743908117 0.637280769828 3.59397796058 0.184386155518 ;
32.3980714733 3.45979168967 1.90353685915 0.031136137794 0.010378712598 3.57933090427 0.0170770306577 ;
42.4892405063 48.3974683544 1.08544303797 0.020253164557 0.160759493671 3.25316455696 0.0132911392405 ;
73.4570808801 4.32692903626 2.97582894329 1.03563681438 0.950418345212 4.98326619151 0.438177874187 ;
57.2832125604 3.93780193237 6.72644927536 3.10929951691 0.0042270531401 50.3435990338 8.211352657 ;
54.9654453381 3.30503425678 4.06642835865 1.59100387251 0.069109323801 23.4459338695 3.17217753947 ;
40.6615988535 6.1154589071 2.31086048975 0.0755810330862 0.0457972459343 3.99009284068 0.0389432363387 ;
38.7498631637 23.771483306 1.33825944171 0.0205254515599 0.0139573070608 3.52298850575 0.0555555555556 ;
52.5548451265 4.16084114805 2.11466325661 0.468883205456 0.488633134413 4.27820403524 0.245524296675 ;
40.0287823887 6.2604771997 2.37471798728 0.062350447802 0.0276201545088 3.92301907431 0.0255691529364 ;
57.265914585 4.02981466559 7.12973408541 3.38033843674 0.00322320709106 54.5842062853 9.06124093473 ;
70.5198838248 4.14298480786 2.86505808758 0.97654155496 0.927837354781 4.74754244861 0.402815013405 ;
38.856098932 24.2790893761 1.32124789207 0.0216413715571 0.0148960089938 3.53822372119 0.0598650927487 ;
42.5474642393 48.7197659298 1.08712613784 0.020156046814 0.163198959688 3.26853055917 0.0136540962289 ;
32.3923310386 3.47068620919 1.87908061292 0.0295358649789 0.0104004737582 3.53656821378 0.0159153157154 ;
55.572583059 3.34750074828 4.34570487878 1.74378928465 0.0439988027537 26.3959892248 3.66626758456 ;
35.3841387856 8.15709761806 2.46330717334 0.113038689247 0.00247831474597 13.4148423516 0.809445132865 ;
36.8952550032 7.05772541425 2.4508284915 0.0566494512589 0.00349687970734 6.56778566817 0.208252636109 ;
53.2773944245 3.99613579906 4.32238476401 1.68037537952 0.0300855644494 27.351366271 3.69169196798 ;
60.2084927314 3.76052027544 2.47838561591 0.747895944912 0.766067329763 4.34889058914 0.328232593726 ;
42.4465445954 47.5528647372 1.07442409923 0.0189013585351 0.153573538098 3.22209096279 0.0129946839929 ;
38.4952503209 22.9543003851 1.46700898588 0.0256739409499 0.011296534018 4.83953786906 0.163543003851 ;
32.0900493089 3.04765176623 1.81735510468 0.0265540376687 0.0108722011155 3.70657182119 0.0386387519198 ;
58.2065602837 3.8359929078 7.25088652482 3.47783687943 0.00265957446809 55.8404255319 9.37411347518 ;
46.2932670583 5.02530501582 2.13793492996 0.230343425215 0.199954812472 4.49536827836 0.183687302305 ;
76.0535942152 4.44917056572 3.0059549128 1.07571246278 0.946405784772 5.34368353892 0.495533815398 ;
39.5722508331 27.4595577098 1.22932444714 0.0224174492578 0.0218115722508 3.42532565889 0.0593759466828 ;
34.6262267502 8.14702308627 2.37452098327 0.0731844097579 0.00177586690345 10.8702682494 0.512290868305 ;
54.4315847905 3.61365528726 4.21953927283 1.66222592284 0.0469053566472 25.8068276436 3.51706910908 ;
40.9361572348 6.15066079295 2.27909183328 0.078075228736 0.0462216197899 3.9227380549 0.0502880379532 ;
42.9382071366 52.0487380331 1.12532637076 0.0217580504787 0.196692776327 3.37510879025 0.0113141862489 ;
57.6713505074 3.93911007026 7.09445745511 3.36143637783 0.00312256049961 54.0882123341 8.97111631538 ;
72.0503028707 4.20937582302 2.93758230182 1.0105346326 0.935212009481 4.95786146958 0.436660521464 ;
54.5700646751 4.05404989221 2.14274715122 0.526793963659 0.576686171851 3.9852171235 0.226208808131 ;
32.4220854482 3.24427480916 1.88233883538 0.029735022581 0.0112705327525 3.15451021142 0.00875264777587 ;
35.1651080632 7.20760598504 2.39640482128 0.0878013300083 0.00166251039069 11.6878636741 0.588736492103 ;
74.4581005587 4.36976256983 2.99895251397 1.05202513966 0.948673184358 5.19238826816 0.472416201117 ;
42.2561629153 46.3499464094 1.07877813505 0.018756698821 0.140943193998 3.2706323687 0.021436227224 ;
57.5292479109 3.96657381616 7.34633240483 3.51346332405 0.00278551532033 56.6016713092 9.50789229341 ;
55.0625181739 3.57080546671 4.40593195696 1.78016865368 0.0331491712707 27.5777842396 3.82843849956 ;
42.9444840987 5.61249900864 2.32167499405 0.129589975414 0.0978666032199 4.03814735506 0.080418748513 ;
38.3994708995 21.411976912 1.49735449735 0.0233285233285 0.0108225108225 4.24410774411 0.102693602694 ;
57.7745081554 3.86531024046 2.31478056163 0.659492180932 0.683201614259 4.28669917606 0.300487640827 ;
32.8601486885 3.58426848085 1.92337635012 0.0308248001122 0.0103450694347 3.22464581288 0.00873193996353 ;
43.8661543068 6.9303323685 2.26100409222 0.124263898593 0.0983132049107 4.52180856373 0.0939215490568 ;
58.3219911783 3.8393194707 6.81852551985 3.16572148708 0.00441083805923 50.775047259 8.32388153749 ;
72.992121389 4.27370878319 2.89786985702 1.01167201634 0.933177706449 4.99182958856 0.443244820543 ;
36.0459668658 6.45186040196 2.24911732754 0.0422324823466 0.00699348180337 2.99063009234 0.0033948940793 ;
40.5987009319 37.3227901723 1.13131883649 0.0208980513979 0.0830273933917 3.24399887038 0.0350183563965 ;
53.0518163897 3.84201633343 4.01126443255 1.53731343284 0.0520980005632 24.3156857223 3.22021965643 ;
34.5948447452 7.18809713376 2.35857882166 0.0681727707006 0.000597133757962 11.3115047771 0.522093949045 ;
56.5011572014 3.91347694499 2.22093644294 0.602456827488 0.667438134235 3.78903329179 0.224497062489 ;
31.4764531908 2.54288476851 1.69992037311 0.0211011261517 0.0126834262314 3.15430553976 0.00887271072688 ;
34.860585969 6.32685243258 2.35740525043 0.0672878774303 0.00116477018188 10.5935848042 0.455783531942 ;
60.3862973761 3.85969387755 2.45991253644 0.745080174927 0.759110787172 4.33691690962 0.31887755102 ;
41.654465004 42.52614642 1.10820595334 0.0249396621078 0.110619469027 3.27232502011 0.0293644408689 ;
58.4189189189 3.87281399046 7.1200317965 3.38791732909 0.00238473767886 54.2193958665 9.03497615262 ;
53.3053228857 3.83382869495 4.17805998379 1.6246960281 0.0421507700621 25.9313699 3.49500135099 ;
32.8119064165 3.22816770906 1.94232105629 0.0315805729287 0.0113890819242 2.96367075901 0.00579105860551 ;
44.7281581485 4.60540019286 2.28293153327 0.174541947927 0.164705882353 3.76981677917 0.0891996142719 ;
76.6918093475 4.52429430819 3.07496529385 1.09578898658 0.967607589079 5.44146228598 0.507172605275 ;
38.2095602799 14.8143404199 1.74659976231 0.0208635943483 0.00567806681632 4.39733262908 0.0739469166777 ;
33.5963418992 3.40970078945 2.03492414152 0.0364510574705 0.0115006010201 3.18875280205 0.00737467918521 ;
57.7311083123 3.94080604534 6.80478589421 3.15743073048 0.0044080604534 50.9061712846 8.32871536524 ;
51.1689614936 4.0186697783 2.08693115519 0.393932322054 0.443523920653 3.72042007001 0.159859976663 ;
43.0092402464 53.8264887064 1.09137577002 0.0215605749487 0.213552361396 3.41170431211 0.0102669404517 ;
39.2991556092 11.436232043 2.03213071609 0.0326790218226 0.00636034652922 4.68428555763 0.0605329531747 ;
34.7346493745 6.58475840698 2.35108458625 0.0841271663032 0.00263973373121 12.0853896477 0.620452197865 ;
40.091796875 31.108984375 1.1515625 0.0203125 0.033203125 3.2609375 0.048828125 ;
53.9380733945 3.60435779817 4.03383027523 1.5625 0.0581995412844 24.0510321101 3.22190366972 ;
70.9600650104 4.17158114697 2.88298119341 0.990248432784 0.931274669143 4.83306245647 0.415138147202 ;
68.6707971149 4.06972443129 2.76308488996 0.925836878121 0.898464952839 4.56112446828 0.371185500277 ;
38.0052524254 6.72903664339 2.33047024656 0.0444293394303 0.00760056849781 4.14453438794 0.0186615584255 ;
57.3096568236 4.02314445331 7.11891460495 3.37430167598 0.00319233838787 54.4429369513 9.03112529928 ;
38.7644328402 24.0536698578 1.34290687554 0.0223382651581 0.0133449376269 3.6318537859 0.0649840440963 ;
32.0973276839 3.01187229937 1.85820363301 0.0295758694467 0.0112849771364 3.47866761757 0.0165708772077 ;
49.3804186206 4.59075832094 2.11083152236 0.343360402608 0.347249227954 4.331922681 0.204163330665 ;
55.6382015691 3.33433916717 4.34218467109 1.74321062161 0.0422450211225 26.3409776705 3.66324683162 ;
35.2182829889 7.94213036566 2.50079491256 0.124642289348 0.00254372019078 14.206200318 0.913354531002 ;
42.5006150062 48.0473554736 1.08856088561 0.020295202952 0.158671586716 3.29274292743 0.0172201722017 ;
51.2818304835 4.4435969984 2.25341370402 0.472259810555 0.395251568459 5.46045023988 0.38491819412 ;
36.6618620385 12.0691278129 1.81762023827 0.018532137079 0.00308868951316 4.95249301368 0.0576555375791 ;
40.017247844 28.08023997 1.20809898763 0.0221222347207 0.0206224221972 3.30821147357 0.0487439070116 ;
57.1105590062 3.57204968944 5.71428571429 2.56118012422 0.0127329192547 39.8795031056 6.20248447205 ;
38.838240461 4.52610498208 2.56847726794 0.06563136814 0.0236806970698 3.73649075961 0.0207293935774 ;
69.1509540903 4.04609862082 2.82958624599 0.970716040053 0.860192707349 5.40903079539 0.500661250708 ;
31.8420527503 3.12289606108 1.77455318411 0.0250737463127 0.0107149054312 3.77208051362 0.0274596564289 ;
42.5186880244 50.6178489703 1.09610983982 0.0198321891686 0.184591914569 3.30053394355 0.0122044241037 ;
36.7504631345 7.62671359763 2.7178584661 0.256391256021 0.00759540570582 16.0965172286 1.24583178955 ;
37.0356435644 7.27647058824 2.39097262667 0.0502038439138 0.00320326150262 6.72160745486 0.18386721025 ;
69.4548963836 4.10910199106 2.73344169037 0.925639983746 0.914872003251 4.33969930922 0.340308817554 ;
42.3459770115 47.2270114943 1.06954022989 0.0183908045977 0.149425287356 3.22471264368 0.0137931034483 ;
39.2788893426 7.64230298081 3.2482645978 0.670477746019 0.0155165373622 22.3123723969 2.18211514904 ;
32.6806266948 3.07716932811 1.8806869539 0.0294139801145 0.0111855980717 3.24551822838 0.0156673696897 ;
57.5695422535 3.70422535211 7.23591549296 3.46919014085 0.00264084507042 55.7579225352 9.36707746479 ;
49.4071249478 4.53134141245 2.12118679482 0.342666109486 0.354157960719 4.11512745508 0.188257417468 ;
58.6581105169 3.25953654189 4.55401069519 1.83743315508 0.0563279857398 26.6445632799 3.76720142602 ;
38.7298881193 22.758124667 1.40783164624 0.0221097496004 0.0122535961641 3.889451252 0.0841768779968 ;
48.8477983721 4.57556143964 2.15779150731 0.320192213396 0.332352652741 4.06982445817 0.166323428459 ;
33.7326013571 3.64854911856 2.01462815835 0.0342005660313 0.0110819381457 2.81621031814 0.00371671156272 ;
41.7836010144 43.202874049 1.09721048183 0.0253592561285 0.114539306847 3.21513102282 0.0224006762468 ;
68.7785388128 3.76369863014 4.92123287671 1.98173515982 0.123287671233 24.9634703196 3.52168949772 ;
69.2878120411 4.1002727082 2.67463813719 0.900566393958 0.935598909167 3.93140339836 0.281099223831 ;
34.7300588089 5.82340760374 2.26389464093 0.0625362378862 0.00124244181231 10.1143046467 0.397747038847 ;
56.71875 4.02972560976 7.05335365854 3.32240853659 0.00381097560976 53.7134146341 8.87881097561 ;
51.9879518072 3.67369477912 4.03915662651 1.55890227577 0.0451807228916 25.2744310576 3.3875502008 ;
38.390377785 16.891830804 1.84759444624 0.03261220536 0.00678075556991 5.62802712302 0.17533096545 ;
31.9467229757 3.32774303582 1.83537724356 0.0286282790547 0.0106391618614 3.82867700804 0.0304962235036 ;
56.1039227166 3.28278688525 4.31030444965 1.71692037471 0.057962529274 25.5544496487 3.54859484778 ;
42.9692712906 52.1404741001 1.13169446883 0.0219490781387 0.196663740123 3.38454784899 0.0114135206321 ;
70.7474584104 4.15919593346 2.82463031423 0.964879852126 0.93438077634 4.5157116451 0.367606284658 ;
36.77902576 9.12269564156 2.53046026126 0.128921987547 0.00598217555854 12.660603101 0.731656696374 ;
56.6626231994 4.08718726308 7.01061410159 3.30705079606 0.00303260045489 53.7172100076 8.85898407885 ;
52.3756555341 4.31507038366 2.09425890146 0.4421749931 0.482611095777 3.9824730886 0.199834391388 ;
39.3808368708 27.4836264403 1.1846573681 0.0197089144936 0.0224378411158 3.20315342632 0.0451788963008 ;
38.9869988511 5.88631553486 2.31904214791 0.0527907117373 0.0240672431517 3.40533349459 0.0114893874342 ;
35.3637327678 8.64108743854 2.37086667309 0.0714354574376 0.00212089077413 10.8816157332 0.531475947171 ;
56.9277515192 3.84199864956 2.28021607022 0.637238352465 0.672180958812 4.17690749494 0.280047265361 ;
57.7714987715 3.94758394758 7.17280917281 3.4095004095 0.002457002457 54.7714987715 9.12530712531 ;
42.5891238671 50.496978852 1.09441087613 0.0196374622356 0.182779456193 3.31344410876 0.012084592145 ;
32.8533720287 3.46928551686 1.93466694306 0.0317164179104 0.0101920950802 3.36715726921 0.0127833056938 ;
73.6281929991 4.32576474298 2.93976663513 1.02869757174 0.934090192368 5.09965310628 0.459476505834 ;
42.8073491239 5.85253082414 2.28106748864 0.116482803374 0.0846852693056 3.97509733939 0.0746268656716 ;
39.2070418297 26.1637074932 1.24225097803 0.0213662353295 0.017454107734 3.34878122179 0.0538669876618 ;
54.476231386 3.61426116838 4.28579610538 1.70074455899 0.0406643757159 26.5246277205 3.63287514318 ;
40.2197898424 31.2294220665 1.12740805604 0.0205779334501 0.0297723292469 3.15499124343 0.0411558669002 ;
40.4457618381 4.96288386479 2.41269607482 0.0739376979159 0.0473525296414 3.70829958023 0.0245968038884 ;
71.2887458274 4.17238912732 2.91463996185 1.01049117787 0.898903195041 5.37672865999 0.498807820696 ;
56.8315499847 3.63650259859 5.68052583308 2.54478752675 0.0122286762458 39.7603179456 6.16569856313 ;
32.2950944257 3.38294638447 1.87684766501 0.0299806208914 0.0104875175742 3.64414636927 0.0191131207964 ;
42.9543761639 52.7811918063 1.11731843575 0.0232774674115 0.204841713222 3.3938547486 0.012104283054 ;
36.3352323838 7.29610194903 2.5832083958 0.202848575712 0.00689655172414 14.6532233883 1.0263868066 ;
54.1021212945 4.04514549905 2.33260810443 0.601985314115 0.49768833288 5.77658417188 0.479874898015 ;
37.5958558895 14.4997199925 1.81500840022 0.0231472839276 0.00504013440358 4.72951278701 0.0677618069815 ;
38.7574045634 6.07585563844 2.41328433523 0.0581943835015 0.0165642825801 4.47729267222 0.0452501096972 ;
70.6571300849 4.14282521234 2.8652212785 0.984801072865 0.910594546267 4.96669646848 0.437639696021 ;
57.984518626 3.73488147073 6.43783260764 2.9259796807 0.00677310111272 46.8326076439 7.5442670537 ;
38.8807197943 21.7802056555 1.42699228792 0.0210796915167 0.0115681233933 3.71208226221 0.0532133676093 ;
42.100867679 46.5184381779 1.06670281996 0.0173535791757 0.14262472885 3.22505422993 0.0173535791757 ;
52.0593920717 4.27342765093 2.03403838073 0.397114441799 0.494607087827 3.42835130971 0.123826866508 ;
32.0129299927 3.27406750987 1.82445822928 0.0281962458713 0.0107951341336 3.70873278015 0.0282768065738 ;
34.9329044118 9.14590992647 2.56617647059 0.119255514706 0.000229779411765 15.8272058824 1.09834558824 ;
53.0253357753 3.29334554335 3.72893772894 1.4188034188 0.0769230769231 21.0012210012 2.73504273504 ;
35.7527311894 7.81658716726 2.53823665179 0.125096168641 0.00246191721803 13.8975226958 0.864594553008 ;
68.1169198163 4.05563405157 2.72377251854 0.907099964677 0.899858707171 4.36170964324 0.341045566937 ;
57.284416492 4.01677148847 6.93780573026 3.25436757512 0.00349406009783 52.5080363382 8.63731656184 ;
38.0351778656 17.7932806324 1.65494071146 0.0207509881423 0.00849802371542 4.30059288538 0.0679841897233 ;
47.8570407434 4.85581537833 2.13387113244 0.269886653732 0.283876238129 4.08730726029 0.137751455121 ;
55.4902303879 3.298629338 4.17089530475 1.65325167687 0.0618256051327 24.6961213182 3.39282589676 ;
41.885106383 43.2885106383 1.10382978723 0.0255319148936 0.114893617021 3.23872340426 0.0234042553191 ;
31.2576939749 3.06019722583 1.64510186389 0.0189640225401 0.00975292587776 4.03072171651 0.0286085825748 ;
36.5610792193 4.78191733639 2.43783008037 0.0515499425947 0.0085533869116 3.25149253731 0.00700344431688 ;
32.4752508222 3.26913950293 1.84934016069 0.0266433537322 0.0117397277382 2.88618292328 0.0051621497856 ;
58.6913348946 3.71756440281 6.4299765808 2.91288056206 0.00889929742389 46.0637002342 7.4018735363 ;
70.5125054849 4.12878455463 2.91180342255 0.999780605529 0.899517332163 5.26064063186 0.477182974989 ;
42.3936842105 46.0873684211 1.07894736842 0.0184210526316 0.138421052632 3.21473684211 0.0163157894737 ;
37.9934043633 21.7879249112 1.51040081177 0.0261288685946 0.0109081684424 4.8564180619 0.153982749873 ;
53.1258773982 4.13071283731 2.06332865388 0.457962876306 0.527062860708 3.71845265949 0.178131336765 ;
34.0941199491 6.25271499853 2.31366793856 0.0588005087565 0.00039135113981 10.5466197045 0.441639761276 ;
40.5642950867 6.38883219128 2.38985274821 0.0708558098848 0.0362297711037 3.99438693687 0.0353550080187 ;
50.4032561052 4.11584220413 3.680338134 1.33625547902 0.051033187226 22.5212899186 2.8368816531 ;
35.0119409239 6.79302398659 2.41101916833 0.0917565727454 0.00115219440662 11.8337697706 0.594846548654 ;
48.0789674224 4.61668889312 2.23652124214 0.331967993904 0.275195275291 5.02495713469 0.276147837683 ;
41.7622984704 42.9032658123 1.1058288549 0.0252170318313 0.11244315833 3.24348904506 0.0256304257958 ;
33.7279730531 3.67704207342 2.00988678539 0.0332470448804 0.0102298599632 3.18419985653 0.00698624582853 ;
55.5101860053 3.72719220549 5.01417183348 2.13699439032 0.0183052849129 33.4434602893 4.88426335991 ;
81.9208924949 4.85598377282 3.29411764706 1.23732251521 0.913793103448 7.37728194726 0.790060851927 ;
65.1158186498 3.8584438725 2.7172837062 0.885171253217 0.840427638091 4.84121956048 0.411601663037 ;
38.3989528796 16.8307155323 1.69179755672 0.0212914485166 0.00715532286213 4.44502617801 0.0839441535777 ;
58.4128878282 3.76372315036 8.5369928401 4.276849642 0.00238663484487 69.5202863962 12.4009546539 ;
35.4176524113 7.96711295983 2.45053945145 0.110490055895 0.00181983621474 13.1901728844 0.780579747823 ;
69.2258376913 4.09258183227 2.81231841952 0.950610110401 0.895797017238 4.85899670734 0.416230873523 ;
55.7016177352 3.53984421809 4.67615338526 1.94068304374 0.0287597363691 29.8828639904 4.25793888556 ;
39.0363846376 25.2466069882 1.29136586774 0.0219462893445 0.0164597170084 3.56194051401 0.0629511983829 ;
31.8697958101 3.08189693273 1.8120304075 0.028374436489 0.0114028109255 3.48475205516 0.0150269601344 ;
58.1225247525 3.85024752475 7.73143564356 3.7400990099 0.00247524752475 60.6051980198 10.3774752475 ;
38.2427639383 6.23606168446 2.35533807829 0.04709371293 0.0119810201661 3.68546856465 0.0102609727165 ;
50.3285992441 4.55869888902 2.16206620089 0.404535562937 0.372351391593 4.8086129882 0.279005841255 ;
42.5853314528 49.6946403385 1.09661495063 0.0204513399154 0.172778561354 3.30747531735 0.0162200282087 ;
57.3417431193 3.95718654434 7.05198776758 3.33333333333 0.00305810397554 53.8142201835 8.90978593272 ;
33.2503813398 3.51267954748 2.00060378798 0.0344159145799 0.0100737256896 3.46014999364 0.0129337739926 ;
70.0756176155 4.11879699248 2.78238453276 0.949301825994 0.920945220193 4.4895810956 0.363480128894 ;
38.1512430939 24.6837016575 1.26277624309 0.0207182320442 0.0141574585635 3.47582872928 0.0662983425414 ;
40.313387224 8.80471214511 2.24832413249 0.0467271293375 0.0130126182965 4.87963328076 0.0528391167192 ;
55.5638356164 3.33260273973 4.21260273973 1.66575342466 0.0652054794521 24.8616438356 3.42493150685 ;
34.8802677621 7.56321314468 2.49581621786 0.123383538719 0.0025863380496 13.8910695269 0.869161722197 ;
50.9576050091 3.94286459692 2.03222019306 0.392512392382 0.450560918341 3.62079311244 0.158361596661 ;
42.5017241379 47.2005747126 1.08448275862 0.0201149425287 0.149425287356 3.28965517241 0.0189655172414 ;
32.510207532 2.80654296462 1.93676824887 0.0332220296716 0.011919354157 3.11002155628 0.0108204066106 ;
55.243122102 3.99165378671 2.27511591963 0.609119010819 0.578825347759 4.88207109737 0.363060278207 ;
56.7542819499 3.26350461133 4.75296442688 1.98978919631 0.0309617918314 29.8527667984 4.30731225296 ;
41.0387057756 38.3235560931 1.11732688237 0.0208648321742 0.0873903840339 3.09888116117 0.02026005443 ;
37.3345156889 9.25620736698 2.83219645293 0.292223738063 0.00982264665757 17.9058663029 1.44965893588 ;
42.2091311916 6.25249248299 2.31254945403 0.09067890489 0.0642506725748 3.90765943978 0.0506409241969 ;
57.5826589595 3.9225433526 7.60809248555 3.6774566474 0.00346820809249 59.6924855491 10.1687861272 ;
72.2116827438 4.23258306538 2.89576634512 1.00053590568 0.927920685959 4.93810289389 0.432475884244 ;
34.5260056568 8.55711816468 1.97839409177 0.0284412319296 0.00204274041483 6.61125078567 0.143777498429 ;
69.7144561543 4.07198250149 2.89262278783 0.999801153311 0.857426923842 5.72956850268 0.548220322132 ;
39.3398430021 6.41795902738 2.31603803689 0.0500351011551 0.0225285595762 3.78064969047 0.0190822643436 ;
32.0232232962 2.74004498754 1.67803513891 0.0186637485561 0.0149553164326 2.17380995805 0.00164143716943 ;
42.5 48.320754717 1.0893081761 0.0201257861635 0.159748427673 3.25911949686 0.0138364779874 ;
57.2188227469 3.57133355504 5.81809112072 2.6188892584 0.00964416361822 40.9364815431 6.40505487197 ;
32.8370943831 4.81815186954 2.24501729534 0.0512271454456 0.00247076264207 7.14231592818 0.124197002141 ;
38.7802292264 24.1080229226 1.34326647564 0.0212034383954 0.0143266475645 3.5435530086 0.0550143266476 ;
52.0517807527 4.23276079818 2.24286435969 0.49785299318 0.432306137914 5.28416266734 0.379515029048 ;
38.2925509779 8.33999167707 2.80274656679 0.346858094049 0.0110278818144 17.114440283 1.42987931752 ;
35.4234058677 7.25538594782 2.41680199199 0.101439861427 0.00378910901808 12.0133160117 0.636245534264 ;
58.2503160556 3.85714285714 7.7610619469 3.7597977244 0.00252844500632 60.8874841972 10.4424778761 ;
72.2522763792 4.23754686663 2.91965720407 1.00803427959 0.930637386181 4.98446705945 0.440814140332 ;
55.1239393939 3.69151515152 4.69121212121 1.94757575758 0.0248484848485 30.3996969697 4.32 ;
38.4055045872 20.2814220183 1.5252293578 0.0217889908257 0.0107798165138 4.20894495413 0.0892201834862 ;
42.0326248146 45.3222936233 1.09342560554 0.0192782995551 0.130004943154 3.27137913989 0.023727137914 ;
32.6483405118 3.52372507148 1.91617503348 0.0313438778095 0.0103876361794 3.31380071664 0.0102428607622 ;
55.4299719888 3.91970121382 2.34251478369 0.639122315593 0.570650482415 5.3255524432 0.420479302832 ;
41.899047619 5.49079365079 2.31261904762 0.0890476190476 0.0707936507937 3.68738095238 0.0381746031746 ;
34.9045226131 3.21827889447 8.98272613065 0.507851758794 0.0929648241206 3.44064070352 0.0172738693467 ;
67.5149747793 3.9709962169 2.8184110971 0.957440100883 0.834646910467 5.6156998739 0.531998738966 ;
40.0281690141 26.4090766823 1.29139280125 0.0237871674491 0.0165884194053 3.54334898279 0.0566510172144 ;
57.4905368868 3.66357667053 6.0718424102 2.741599073 0.00733874082657 43.3499420626 6.86713016609 ;
49.7539044557 4.26481396417 2.27893890675 0.459003215434 0.301102434543 6.51791456132 0.515158474966 ;
32.3126067219 3.16879763442 1.32664195577 0.000666361251093 0.00329015867727 3.70113697888 0.0224896922244 ;
42.0627802691 50.3931240658 1.09417040359 0.0194319880419 0.183109118087 3.2331838565 0.0119581464873 ;
36.2209649536 7.7468175389 2.50447901933 0.210906804966 0.002671695741 15.4398868458 1.14442872859 ;
38.3887806236 7.7027422049 1.76893095768 0.00591592427617 0.00863028953229 3.96283407572 0.015868596882 ;
43.5985657105 6.17636757839 2.18754169446 0.118328885924 0.109906604403 3.81220813876 0.0610406937959 ;
55.2941935484 3.88064516129 5.15709677419 2.21612903226 0.0125806451613 35.054516129 5.13774193548 ;
42.954674221 52.9329556185 1.11992445703 0.0236071765817 0.206798866856 3.3597733711 0.00944287063267 ;
33.0972967729 3.74752635323 1.94460971351 0.0315592058462 0.00982991657505 3.36173446291 0.0115436849253 ;
73.1695626123 4.27171959257 2.86638705812 1.00059916117 0.957459556621 4.62642300779 0.394547633313 ;
57.180113177 3.69814066289 2.61891673403 0.796928051738 0.577041228779 7.13694421989 0.70670978173 ;
58.0025445293 3.78880407125 8.63613231552 4.33078880407 0.00254452926209 70.358778626 12.5877862595 ;
39.4389265885 28.2140653917 1.17982726712 0.0188155459593 0.0243676742751 3.23133867983 0.0465761875386 ;
35.6579827674 8.28960973137 2.46447034972 0.102280790674 0.00253421186011 11.7231626964 0.621388748099 ;
35.8585987261 8.23586477217 2.43537481627 0.0859382655561 0.0015678588927 11.4193042626 0.574522292994 ;
47.2566702241 4.98548559232 2.16072572038 0.281216648879 0.230309498399 4.80309498399 0.237246531483 ;
33.7989604929 3.87447075656 2.00703711274 0.034397173475 0.00963588051508 3.34992846089 0.0105994685666 ;
58.6758747698 3.7955801105 8.21178637201 4.06261510129 0.00184162062615 66.0828729282 11.6114180479 ;
39.1787592008 23.9403259727 1.30888538381 0.0186645636172 0.0149842271293 3.39248159832 0.0504731861199 ;
61.6628757108 3.70796100731 2.60641754671 0.8074735987 0.802193338749 4.51076360682 0.360276198213 ;
55.2039930556 3.72627314815 4.87818287037 2.04658564815 0.0219907407407 32.0520833333 4.62413194444 ;
76.9421128799 4.55764592378 3.02411963338 1.10178485287 0.922334780511 5.97443318862 0.58658948384 ;
42.3322056834 49.2239512855 1.08795669824 0.0209742895805 0.169147496617 3.28078484438 0.0169147496617 ;
35.9146298264 7.54330499469 2.32766560397 0.0488841657811 0.00132837407014 8.61397449522 0.295961742827 ;
71.8067270375 4.18861578266 2.79689521345 0.965329883571 0.950582147477 4.39379042691 0.357826649418 ;
58.4297146834 3.42553931802 5.90779401531 2.66701461378 0.0132219902575 41.0793319415 6.47599164927 ;
43.886256852 5.32341425215 2.20497259201 0.119126859828 0.124706342991 3.49559514487 0.0480618637431 ;
32.8127924555 3.28662443309 1.93323014902 0.0316751853718 0.0106543805342 3.24641854438 0.0122021452739 ;
42.4559716599 45.5475708502 1.11437246964 0.0258097165992 0.133097165992 3.26720647773 0.0177125506073 ;
37.8310828025 21.1039490446 1.40356687898 0.0165605095541 0.0114649681529 3.7098089172 0.0695541401274 ;
56.1727118644 3.81525423729 2.61220338983 0.778813559322 0.528983050847 7.45576271186 0.736271186441 ;
39.149339207 7.78237885463 3.26475770925 0.693832599119 0.0105726872247 22.9281938326 2.25682819383 ;
41.4079214624 40.0148950575 1.10358835477 0.0216655382532 0.0958023019634 3.15030467163 0.023019634394 ;
41.1220380982 5.12923958495 2.44246554127 0.0820040266378 0.0518816787982 3.8411801146 0.0327551494502 ;
71.719284802 4.21583652618 2.9159642401 1.00204342273 0.934610472542 4.92081736909 0.426309067688 ;
56.630866426 4.11371841155 7.25902527076 3.45758122744 0.00270758122744 56.2003610108 9.38537906137 ;
32.4736955507 3.34948109312 1.90174884189 0.0302366502675 0.00994721154882 3.86124178547 0.0318526232628 ;
36.6097595675 13.9800825153 1.76824583867 0.0199174847062 0.00497937117655 5.18267178831 0.0909090909091 ;
56.9449983918 3.24927629463 4.53586362174 1.85783210035 0.0408491476359 27.6104856867 3.91476358958 ;
54.5826771654 4.12188976378 2.14472440945 0.535905511811 0.574015748031 4.08535433071 0.248503937008 ;
37.2299958966 7.50841198195 2.76425933525 0.265285186705 0.0104636848584 16.2263028314 1.25318013952 ;
33.532841881 3.76542747718 1.97915166873 0.0321363780344 0.0105393497855 3.65323811444 0.0252253289947 ;
71.762703252 4.20452235772 2.96239837398 1.01803861789 0.928099593496 5.15675813008 0.462398373984 ;
40.8597126248 6.84929253044 2.64769112647 0.149829987935 0.0223757815071 7.87221673796 0.315125589558 ;
56.3415151515 3.32818181818 4.82878787879 2.03696969697 0.0287878787879 30.8627272727 4.47848484848 ;
42.0135379061 44.0825812274 1.10333935018 0.0261732851986 0.121389891697 3.23104693141 0.01940433213 ;
38.2440618871 18.6759642624 1.47395946829 0.0137284811506 0.00915232076705 3.5284375681 0.0366092830682 ;
52.7208887833 3.99738593156 2.10598859316 0.463521863118 0.489543726236 4.02281368821 0.237404942966 ;
58.6246200608 3.80699088146 7.97416413374 3.90121580547 0.00151975683891 63.4209726444 11.0182370821 ;
34.1760585801 9.4364851958 2.6099968163 0.169054441261 0.0 17.6851321235 1.3164597262 ;
56.2352224254 3.81505179768 5.67123705058 2.52864107252 0.0112736136502 39.9542961609 6.16422912858 ;
37.6240323315 5.24077868852 2.28620218579 0.0467326958106 0.0211179417122 3.1231215847 0.00694444444444 ;
72.6781127862 4.23003908431 3.01005025126 1.04634282524 0.915689558906 5.5667225014 0.528196538247 ;
42.2626637301 6.87423206213 2.67856728874 0.261040918048 0.0456705691434 10.6835516402 0.685522197751 ;
37.2545989698 19.0309050773 1.65342163355 0.0247731174883 0.00858474368408 5.71081677704 0.212165808192 ;
42.7698309493 56.2431729519 1.03771131339 0.0208062418726 0.252275682705 3.37061118336 0.00910273081925 ;
41.6870359794 36.1193603655 1.12507138778 0.0262707024557 0.0451170759566 3.10965162764 0.0262707024557 ;
31.6609279504 3.41137987432 1.82306103125 0.0281484032022 0.00959800292675 4.75393819403 0.0876301971249 ;
55.4460471567 3.81761442441 2.26199722607 0.609431345354 0.573786407767 4.90873786408 0.392371705964 ;
33.0061957869 3.31580810763 1.90182333156 0.0282881926005 0.0107629668968 3.11729509648 0.010302708444 ;
56.312248062 3.33147286822 3.96248062016 1.53333333333 0.0886821705426 21.9640310078 2.93302325581 ;
42.6231778426 50.0758017493 1.08673469388 0.0189504373178 0.177113702624 3.27551020408 0.0109329446064 ;
36.2546857773 7.80433231727 2.45333679227 0.0756858421428 0.00214021661586 8.95375835009 0.362474868669 ;
68.4547490203 4.059339429 2.67046090689 0.894383280463 0.926478820675 3.98320582198 0.287553648069 ;
55.2570731707 4.23512195122 6.33512195122 2.86731707317 0.00487804878049 47.183902439 7.50097560976 ;
42.4050094518 26.7263705104 1.39933837429 0.0302457466919 0.0198487712665 3.80718336484 0.0689981096408 ;
47.3196208356 5.10887170992 2.12157187558 0.242591570035 0.262193999632 3.82238174121 0.11899503037 ;
33.3121546961 23.4647790055 1.18439226519 0.0158839779006 0.0124309392265 4.26243093923 0.15953038674 ;
71.4109690113 4.19503197245 2.89547466798 0.99040826365 0.939990162322 4.77668470241 0.409001475652 ;
39.7634704874 6.11590742101 2.38880724957 0.06551555229 0.0321454812638 3.76708302719 0.02118540289 ;
55.9923195084 3.36866359447 4.50537634409 1.83932411674 0.0353302611367 27.935483871 3.93302611367 ;
39.2897168405 26.0244411326 1.23815201192 0.0208643815201 0.0166915052161 3.2694485842 0.0423248882265 ;
35.952688474 8.70742664608 2.51972483504 0.131545697038 0.00505405025972 13.6182788151 0.848378492208 ;
32.1974015088 3.45812695268 1.83243160863 0.0270517412177 0.0104015850034 3.68593309457 0.0225177169854 ;
53.3887903996 4.19146324833 2.17087140325 0.512886949407 0.501295513432 4.61311877813 0.297968089459 ;
57.200750469 4.03095684803 7.34615384615 3.51125703565 0.00281425891182 56.7682926829 9.52626641651 ;
42.414652568 50.5135951662 1.09063444109 0.0196374622356 0.184290030211 3.27567975831 0.011329305136 ;
32.9399085156 3.91221254465 1.93827934081 0.0314556049878 0.00952440629112 3.68293752741 0.021868538129 ;
53.0043420174 3.24048096192 3.67368069472 1.40414161657 0.0821643286573 20.7234468938 2.70708082832 ;
42.1138760598 7.1025022403 2.25787550838 0.0949196939409 0.0718963259116 4.1014682567 0.0530778244985 ;
57.355628909 3.89593467686 2.16382904795 0.59277275886 0.708999305073 3.35545517721 0.166782487839 ;
40.885 37.915 1.11441176471 0.0202941176471 0.0855882352941 3.07058823529 0.0191176470588 ;
74.2747670003 4.35243355195 2.97342078012 1.04383845357 0.948567483604 5.09009319986 0.457714877459 ;
54.9324894515 4.35583684951 7.71729957806 3.73980309423 0.0014064697609 61.9803094233 10.5611814346 ;
35.2197245528 9.45860376761 2.50087066646 0.105271489631 0.00126642393541 13.9575747982 0.869241728669 ;
60.465 3.448125 5.674375 2.448125 0.0175 37.145625 5.63625 ;
32.0171832607 3.2926087314 1.81698594097 0.0275014387898 0.0110170188276 3.56145687742 0.0173888021047 ;
70.6886064458 4.14956876986 2.86541080345 0.976395823877 0.926236949614 4.75034044485 0.403540626419 ;
38.6091606603 20.2348291095 1.50313880493 0.0160427807487 0.0106951871658 4.03487561032 0.0690537084399 ;
57.5055762082 3.96747211896 7.30111524164 3.50278810409 0.00278810408922 56.6217472119 9.51301115242 ;
41.9916420846 45.255653884 1.10766961652 0.0275319567355 0.12930186824 3.26941986234 0.0240904621436 ;
39.1249768447 5.63544303797 2.42235257796 0.0597715344242 0.0237110219203 3.8571781414 0.0182154986107 ;
52.3221343874 4.2534914361 2.14505928854 0.465085638999 0.467193675889 4.43214756258 0.260737812912 ;
55.7645478962 3.39152491793 4.47030737093 1.81319009251 0.0373022978215 27.5299910474 3.85914652343 ;
35.5304207594 7.81029174608 2.48526609002 0.130772613986 0.0049846063627 13.8416654449 0.872745931682 ;
47.0646868568 5.45457218465 3.57747721258 1.13025580712 0.0364598647457 22.5830638048 2.66157012643 ;
32.4799362657 3.14340223909 1.89169357206 0.0298964317162 0.0119501865906 2.9360979496 0.00566061470083 ;
70.0512085211 4.11122490782 2.98586644818 1.03318312167 0.861327324867 6.03052027857 0.591151167554 ;
42.4129916567 47.668057211 1.07806912992 0.0190703218117 0.15494636472 3.24433849821 0.0143027413588 ;
58.6039791568 3.66082425391 6.42870677404 2.91852202748 0.00757934628138 46.2112742776 7.43865466604 ;
39.7575777631 6.85049636003 2.36671078756 0.0601588352085 0.0235605559232 4.25850430179 0.0381204500331 ;
52.4321039396 4.12643196424 2.07180776753 0.446353730092 0.483095836826 3.99930148086 0.212629226041 ;
33.462932062 6.24505363528 2.16400476758 0.0419547079857 0.000238379022646 10.6454112038 0.445292014303 ;
38.4180630503 23.6208463505 1.37915364953 0.0230048281738 0.0124964498722 3.89548423743 0.0874751491054 ;
41.3053021876 4.7460882462 2.41334816463 0.0872080088988 0.0720800889878 3.54527252503 0.0269187986652 ;
59.0016 3.318 4.8204 2.0004 0.0436 29.1344 4.1904 ;
36.9327777169 13.4235113499 1.8825529115 0.0228095185876 0.00383814014695 7.07182805132 0.252001315934 ;
32.4228328335 3.47858985982 1.92443685055 0.0322198200711 0.00969384196945 4.21410140177 0.0590348001953 ;
41.3950530035 40.6530035336 1.09717314488 0.0229681978799 0.0992932862191 3.14028268551 0.0233215547703 ;
74.42232492 4.40419480981 2.96800568788 1.02950586562 0.989335229293 4.63419836474 0.38713117668 ;
56.2831541219 4.18010752688 7.22580645161 3.43727598566 0.00268817204301 56.0752688172 9.34229390681 ;
44.4185441941 5.41305603697 3.15540150202 0.742345465049 0.0563258232236 17.9058347776 1.78885037551 ;
57.3098245039 4.03657536493 2.20583893718 0.599475151714 0.671477775955 3.73823191734 0.219452189601 ;
43.9981073641 5.36699931177 2.24741913283 0.131280110117 0.131796283551 3.79912250516 0.0591878871301 ;
36.5419565217 13.3706521739 2.03141304348 0.0389130434783 0.00369565217391 8.55597826087 0.393586956522 ;
59.9399924041 3.87694644892 2.37599696164 0.699392328143 0.781428028864 3.69559437904 0.233004177744 ;
56.9781021898 3.86815693431 5.35355839416 2.30565693431 0.0123175182482 35.996350365 5.31204379562 ;
33.1197844542 3.62923716058 2.00054187489 0.0351315551809 0.00903124811849 4.09886206274 0.0522608224457 ;
41.6202672606 41.358203415 1.09873793615 0.0237564959169 0.10282108389 3.16443949517 0.0233853006682 ;
76.0595289079 4.45653104925 3.01370449679 1.07837259101 0.949464668094 5.38886509636 0.499357601713 ;
57.8151125402 3.92765273312 8.00964630225 3.9308681672 0.0016077170418 64.2958199357 11.1816720257 ;
50.7307561885 3.66293658867 3.50932519498 1.19226856562 0.0837572058325 19.2512716175 2.32010851136 ;
56.423826087 3.90869565217 2.24104347826 0.60747826087 0.653913043478 4.00782608696 0.252347826087 ;
32.8811829019 3.55120858855 1.95468616216 0.0328327734967 0.00974774418758 3.63113350458 0.0226898504907 ;
39.7660066007 28.9369636964 1.14554455446 0.0191419141914 0.0273927392739 3.08184818482 0.0369636963696 ;
57.5876132931 4.0 7.04456193353 3.32703927492 0.00302114803625 53.6200906344 8.87009063444 ;
42.488751926 5.98066255778 2.27665639445 0.110400616333 0.0765023112481 4.09152542373 0.075500770416 ;
54.642652124 3.3975315729 4.2187141217 1.67192881745 0.0470723306544 25.6222732491 3.50832376579 ;
73.0170437849 4.27916544226 2.94181604467 1.02057008522 0.945048486629 4.97208345577 0.438142815163 ;
43.0268199234 53.0795019157 1.11590038314 0.0239463601533 0.204980842912 3.4214559387 0.0124521072797 ;
35.4057804794 9.9997706159 2.33707994036 0.071338456245 0.00229384103682 11.3272164239 0.600871659594 ;
38.5992412485 17.0546645973 1.89291257113 0.0367304707708 0.00620796689084 6.97827211588 0.296430419038 ;
31.8829795885 3.21671952509 1.84593803367 0.0304952427421 0.0108563064162 4.02024884118 0.0571684150606 ;
74.2284898251 4.34880399857 2.78471974295 0.973223848625 1.00428418422 3.85540878258 0.27311674402 ;
52.8118052894 4.06592564201 4.97508623994 2.08202376389 0.0107320812572 34.0977385972 4.87926408586 ;
41.4974113899 42.3847072879 1.08920748706 0.0242931103146 0.109518120271 3.19832735962 0.0246913580247 ;
59.7432108626 3.50758785942 3.77356230032 1.37220447284 0.202875399361 17.3182907348 2.22523961661 ;
38.4688150672 5.75951164111 2.39636570131 0.0750047321598 0.0215313268976 5.58546280522 0.162171114897 ;
59.0564885496 3.72671755725 7.9893129771 3.91450381679 0.00152671755725 63.3908396947 11.0290076336 ;
53.9765176785 3.96984656438 2.08525683789 0.475517011341 0.582655103402 3.36477651768 0.138358905937 ;
38.8033677349 22.9665942423 1.3886474742 0.0222705051602 0.0122216186855 3.73438348724 0.0730581205866 ;
35.7687836383 7.97857911733 2.39343379978 0.08654467169 0.00279870828848 11.9361679225 0.622820236814 ;
57.1118012422 3.89522719843 2.2087283426 0.600032690422 0.685681595293 3.5823798627 0.192056227525 ;
58.0921192758 3.85090521832 6.60010649627 3.0101171459 0.00692225772098 48.2971246006 7.81416400426 ;
32.4127419714 3.5320403471 1.83568196989 0.027145294074 0.0102351108804 3.44107394497 0.0145368241489 ;
42.3520231214 47.301734104 1.06878612717 0.0196531791908 0.150289017341 3.2710982659 0.0190751445087 ;
41.4780480984 5.55641778523 2.44728747204 0.099692393736 0.0690016778523 3.56208053691 0.0322287472036 ;
74.4918957012 4.39076814658 2.9940098661 1.04756871036 0.960535588443 5.00845665962 0.443974630021 ;
54.0160898604 3.38585306618 3.86551305404 1.50455373406 0.0673952641166 22.5853066181 3.00273224044 ;
32.2235864297 3.34866720517 1.83776252019 0.0276655896607 0.0110258481422 3.30856219709 0.010056542811 ;
52.9043858412 4.13989564236 2.19108729375 0.508390918065 0.492455224933 4.71061909463 0.307149908335 ;
55.0950683304 3.59893048128 4.4797979798 1.81461675579 0.0329768270945 28.0811051693 3.91176470588 ;
42.0229885057 45.4682658671 1.09295352324 0.0194902548726 0.131434282859 3.25487256372 0.0234882558721 ;
70.7078142695 4.15402038505 2.85118912797 0.974858437146 0.915968289921 4.8342015855 0.416081540204 ;
34.9787033769 7.27167902106 2.38039769385 0.094128721026 0.00211789622309 12.3323920461 0.666431344864 ;
38.6903841782 20.3534894294 1.53716753808 0.022050466015 0.0104569220277 4.33462150489 0.0952489202091 ;
39.9925630079 5.5612863242 2.42817793692 0.0686544553092 0.0344305192122 3.72173254373 0.0227930037185 ;
57.9312320917 3.92932187202 7.3476599809 3.53008595989 0.00286532951289 56.9637058262 9.59885386819 ;
32.2966522378 3.33279059608 1.85163416862 0.0280370120329 0.0109606449307 3.29510345101 0.010166395298 ;
55.2241021075 3.6821015138 4.66043336302 1.92341941229 0.0270109824874 29.928762244 4.2410210745 ;
53.4441136671 4.09715832206 2.19364005413 0.53301759134 0.502165087957 4.89539918809 0.340189445196 ;
40.1980956186 6.01751231855 2.39359435344 0.0701158609668 0.0348248768145 3.82540950859 0.0286323078972 ;
38.6949013158 23.7524671053 1.34594298246 0.0216557017544 0.0139802631579 3.66858552632 0.0718201754386 ;
42.655625 48.218125 1.089375 0.02 0.158125 3.26875 0.013125 ;
35.0137985192 7.69598384564 2.38086156608 0.0919901278887 0.00213147857303 12.1798294817 0.652568992596 ;
57.957002457 3.84152334152 7.71744471744 3.73341523342 0.0036855036855 60.5184275184 10.3574938575 ;
71.2832453193 4.1797887662 2.92822851656 1.0040806529 0.917666826692 5.13490158425 0.461593855017 ;
40.5109907121 13.8648606811 1.79164086687 0.0247678018576 0.00603715170279 3.62600619195 0.0230650154799 ;
54.1064120055 4.71077762619 7.61800818554 3.66302864939 0.00136425648022 61.2210095498 10.3628922237 ;
68.487432675 4.06140035907 2.79676840215 0.938240574506 0.882046678636 4.88779174147 0.417594254937 ;
41.3593990755 41.9148690293 1.10208012327 0.0234976887519 0.107087827427 3.20724191063 0.0254237288136 ;
33.3111233659 3.33133292244 2.02718396211 0.0366561780258 0.00995880234859 3.45891588543 0.0171278424758 ;
60.5234204793 3.35294117647 5.52668845316 2.39596949891 0.0179738562092 35.8131808279 5.40577342048 ;
48.170602516 3.98157139704 2.13506952108 0.279077466343 0.32829397484 3.53718825866 0.0990951224895 ;
48.2079831933 4.48379351741 3.50570228091 1.13115246098 0.0582232893157 20.8802521008 2.46008403361 ;
34.9301941347 8.83849648905 2.22810821974 0.0384138785626 0.00103263114416 10.0589632383 0.439591078067 ;
37.3535265085 8.28856869925 2.09791434485 0.031523642732 0.00366183728706 4.20259512816 0.0163190574749 ;
68.1561841181 4.04515108925 2.73945888967 0.916900913563 0.892304989459 4.57659873507 0.372101194659 ;
57.8243243243 3.93327702703 7.21621621622 3.4375 0.00253378378378 55.2103040541 9.21790540541 ;
42.5620437956 48.9661579297 1.08360982084 0.0205706702057 0.166556071666 3.29727936297 0.0172528201725 ;
48.0949811666 4.59391224677 2.1821235875 0.291967830602 0.291662424921 4.13142624453 0.163493840985 ;
32.6419833321 2.93214313021 1.97335423197 0.0339475495068 0.0110100160563 3.48474654026 0.0158651273033 ;
55.482932621 3.39655684179 4.35767289997 1.75452656575 0.0412585336895 26.6889284654 3.71386168002 ;
39.1996221662 25.4530856423 1.29943324937 0.0229848866499 0.0151133501259 3.60925692695 0.0670654911839 ;
35.6210589833 7.575049027 2.54276663147 0.131995776135 0.00467642178307 14.0251923367 0.895006788354 ;
32.7429848439 3.69371912491 1.92119501294 0.0308834895991 0.00977921161407 3.59330577679 0.0168363746345 ;
57.2879776328 3.84172103138 2.32494563529 0.65486175831 0.666666666667 4.39189189189 0.3137620379 ;
57.3855534709 3.97279549719 7.3095684803 3.50750469043 0.00281425891182 56.7626641651 9.53564727955 ;
42.2914772727 47.09375 1.07556818182 0.0193181818182 0.148295454545 3.26988636364 0.0193181818182 ;
42.0261451877 5.83550616229 2.33511434067 0.103797107644 0.0730925411413 4.04367029992 0.0584882809717 ;
55.795004569 3.3804447152 4.48218093207 1.82698751142 0.033810539141 27.7846481876 3.9028327749 ;
74.5741660752 4.3750887154 2.96593328602 1.04258339248 0.953867991483 5.06600425834 0.452448545067 ;
38.5578231293 22.4379905808 1.40842490842 0.0209314495029 0.0120355834642 3.7145473574 0.0633176347462 ;
35.7142857143 8.0140469167 2.49838460458 0.133445708667 0.00449501334457 13.6750948167 0.852788312965 ;
58.5009152937 3.8129472458 2.49825262107 0.748211016808 0.663837576968 5.41953736063 0.467132634382 ;
32.5362416107 3.14161073826 1.80130033557 0.022567114094 0.0120805369128 2.81224832215 0.00583053691275 ;
58.6587443946 3.6130044843 6.35112107623 2.87623318386 0.0085201793722 45.2807174888 7.26367713004 ;
41.9458259325 43.8641207815 1.09547069272 0.0257548845471 0.11944937833 3.21358792185 0.0199822380107 ;
35.0918345246 6.2282867663 2.49086708541 0.0620893798282 0.00101075734604 8.24431448993 0.250884412678 ;
43.8357242018 5.15233688107 2.20046274873 0.130124942156 0.125404905137 3.68042572883 0.0661730680241 ;
38.0495089196 18.496893165 1.60853878533 0.019442774103 0.00841852074564 4.71597514532 0.11986370014 ;
45.3460708783 5.71155624037 3.50600924499 1.04899845917 0.0305084745763 22.8114021572 2.60647149461 ;
74.497047586 4.34734282737 2.97950677319 1.0621743661 0.929142063216 5.53525529698 0.523445640848 ;
51.9439946019 4.32483130904 2.18421052632 0.468151147099 0.455060728745 4.68623481781 0.287854251012 ;
32.1913373987 3.28665107343 1.86074680478 0.0291955559268 0.0114443237825 3.21100994069 0.00814468298388 ;
55.6145170619 3.55899363794 4.50549450549 1.82533256217 0.0347021399653 28.0526315789 3.92886061307 ;
41.7721030043 43.4180257511 1.09442060086 0.0261802575107 0.115879828326 3.23261802575 0.0248927038627 ;
70.0694060038 4.11752182244 2.79795614222 0.954013199915 0.910368320204 4.66489248456 0.390887800724 ;
57.1804586241 4.01994017946 7.38683948156 3.55533399801 0.00299102691924 57.630109671 9.70189431705 ;
37.8557692308 17.9925 1.71346153846 0.0257692307692 0.00807692307692 4.99480769231 0.129615384615 ;
34.8520106617 6.49426352996 2.32101054583 0.0901610847143 0.00162243597172 12.1671109051 0.639239772859 ;
39.7805822351 5.41568014295 2.41888169161 0.0618717891445 0.0282183009456 3.60740078922 0.0158588340407 ;
36.014632268 9.72477859068 2.26001155179 0.0620908740855 0.00259915286869 10.1217751251 0.489507123604 ;
70.0252684776 4.10907559486 2.82143609181 0.961255001053 0.902505790693 4.82080437987 0.413350178985 ;
58.1152368758 3.8681177977 7.76440460948 3.76696542894 0.00256081946223 61.085787452 10.4788732394 ;
42.1039342337 47.5214327657 1.07927187317 0.0193775689959 0.152671755725 3.29947152085 0.0229007633588 ;
38.6541048874 4.75322624931 2.51057111477 0.0619851729819 0.0195634266886 3.43012081274 0.0161998901702 ;
55.0858725762 3.67617728532 4.61551246537 1.89252077562 0.0301939058172 29.5362880886 4.16620498615 ;
51.1212728344 4.43688862699 2.17796110784 0.442663523866 0.41249263406 4.82486741308 0.295580436064 ;
39.6030433344 24.5064505458 1.30003307972 0.0224942110486 0.0132318888521 3.42970559047 0.0549123387364 ;
31.7819067257 3.12315184486 1.77326372132 0.0257535208178 0.0105734216645 3.77308822884 0.0316325187558 ;
58.7583442103 3.8597799739 2.28454223382 0.659146000373 0.748834607496 3.63639753869 0.212940518367 ;
33.1629071911 3.79668100799 1.97452366318 0.0337430854333 0.00937307928703 3.62267977873 0.020528580209 ;
57.5611080934 3.90059750136 6.61596958175 3.020640956 0.00706137968495 48.7137425312 7.88375882672 ;
39.8685132124 30.006049029 1.14231136581 0.0194205666985 0.0308818847501 3.03406558421 0.0318369945877 ;
53.9010924122 3.35901978152 3.90345438441 1.50752878654 0.0699734278122 22.4995571302 2.98582816652 ;
75.1221633888 4.38502269289 3.0363086233 1.07034795764 0.954614220877 5.23827534039 0.477685325265 ;
35.7158127106 9.83699314511 2.38445451377 0.0738933426281 0.00197513651679 11.6722435227 0.624026954804 ;
43.1858304297 55.0871080139 1.07200929152 0.0220673635308 0.232288037166 3.46922183508 0.0116144018583 ;
43.7358313418 5.90431888016 2.20860361898 0.12674974394 0.114458859679 3.85515534312 0.064953909184 ;
35.1144770656 7.20527996262 2.38634062768 0.0653375905303 0.00155751109727 9.74690444669 0.39615294759 ;
73.7064045656 4.31896005073 2.93722257451 1.03170577045 0.934369055168 5.10906785035 0.461001902346 ;
53.5249207721 3.88360702967 4.31403053875 1.69115528666 0.0348602708153 27.0717372515 3.67127628925 ;
42.3686319405 47.1757298226 1.07269605037 0.0194619347453 0.148826559817 3.26502575844 0.0188895248998 ;
57.2631578947 3.83185235817 2.3463773069 0.667634996582 0.664217361586 4.59330143541 0.341079972659 ;
32.6947494125 3.28213721638 1.88601255826 0.0280442235833 0.0112099849763 3.00204168111 0.00758889017297 ;
43.1281730127 5.64921509686 2.26578156313 0.124081496326 0.0981128924516 3.91190714763 0.0792418169673 ;
38.4790864768 22.5586348473 1.44393122915 0.0243777264562 0.0118039517578 4.26738516808 0.115473441109 ;
58.3225270158 3.89443059019 7.1778886118 3.42310889443 0.00249376558603 54.8927680798 9.17123857024 ;
33.2467401286 3.85430058157 1.96697275788 0.0321089684726 0.00939700030609 3.52632384451 0.0150290786654 ;
59.5979609176 3.74851316907 2.483942226 0.753780798641 0.703823279524 5.07272727273 0.424468988955 ;
38.5751929731 22.6031408038 1.39180196966 0.0210274154911 0.0125099813681 3.61378759649 0.0606867181262 ;
55.7788161994 3.5261682243 4.76760124611 1.99875389408 0.0249221183801 30.7479750779 4.41682242991 ;
57.5831134565 3.9907651715 7.77176781003 3.77044854881 0.00263852242744 61.5422163588 10.5567282322 ;
36.0798691068 7.98703187492 2.48430493274 0.126651314992 0.0025451460429 12.914434614 0.760029087383 ;
76.0768240343 4.45493562232 3.01330472103 1.07038626609 0.966094420601 5.11545064378 0.460515021459 ;
44.3962921055 5.5583601706 2.27556793455 0.167116372182 0.142745234572 4.09826790843 0.101575419967 ;
42.3257142857 47.1611428571 1.072 0.0194285714286 0.148571428571 3.27028571429 0.0194285714286 ;
35.4060321525 8.01379997155 2.47190211979 0.121496656708 0.00455256793285 13.6355100299 0.840375586854 ;
71.1974568138 4.18833973129 2.90786948177 0.993761996161 0.940019193858 4.84237044146 0.415547024952 ;
57.4286846276 4.02139461173 7.10776545166 3.36846275753 0.00316957210777 54.3320126783 9.0118858954 ;
32.4825001819 3.43189259987 1.8902714109 0.0295059302918 0.0102961507677 3.5406388707 0.0160445317616 ;
42.6072772898 48.2735257215 1.08908406524 0.0200752823087 0.158720200753 3.2590966123 0.0131744040151 ;
55.482581036 3.34413813996 4.33111178431 1.73886701 0.0411996364738 26.3456528325 3.65767949106 ;
53.2312597421 4.08927306221 2.09649992915 0.487459260309 0.506589202211 4.22502479807 0.250814793822 ;
40.182455424 6.49094868654 2.37518715122 0.0669661086158 0.0338913842385 3.99891112019 0.0270858853954 ;
38.6309489883 24.0820746651 1.33713308635 0.0219435736677 0.0145340552864 3.59618124822 0.0644058136221 ;
47.7239452055 4.70060273973 2.25567123288 0.321424657534 0.265534246575 4.84624657534 0.253917808219 ;
38.6603420631 22.9518973811 1.39417423838 0.0237840726884 0.0122928915019 4.04676643506 0.102886157135 ;
62.4883078231 3.74723639456 2.4068877551 0.761692176871 0.80824829932 3.99893707483 0.291879251701 ;
36.904719128 7.58492034974 2.31279195113 0.0469517307462 0.00179662234998 7.78674092706 0.279434662834 ;
59.2675202156 3.71630727763 6.90498652291 3.2358490566 0.00539083557951 51.4218328841 8.48921832884 ;
32.7642473021 3.19439130906 1.94698090735 0.0332046053344 0.0110441404699 3.30328075937 0.0177211534991 ;
77.2990170719 4.578375582 3.3254009312 1.19658561821 0.927573719607 6.85876875323 0.710294878427 ;
42.2780996524 47.3389339513 1.0718424102 0.0191193511008 0.150637311703 3.25376593279 0.0168018539977 ;
52.046964106 4.11908755451 4.23716873532 1.63502180476 0.0275075478028 26.9580677625 3.59275410936 ;
56.5427086716 3.29262747645 4.70704774277 1.96719714193 0.029230269568 29.6849626502 4.26794413771 ;
38.6221536086 8.6476907243 2.1869291136 0.0395600154381 0.0105493374501 4.13791328959 0.0208413739869 ;
63.8663562282 3.8055878929 2.67380675204 0.856344586729 0.831897555297 4.62398137369 0.379976717113 ;
41.0593846154 38.6089230769 1.11661538462 0.0215384615385 0.0883076923077 3.12338461538 0.0221538461538 ;
32.5874535582 3.21059588454 1.93762503572 0.0318662474993 0.0103601028865 3.75271506145 0.0271506144613 ;
57.3480725624 4.04648526077 7.57823129252 3.65306122449 0.00340136054422 59.4319727891 10.0975056689 ;
36.3050043898 8.4860403863 2.66180860404 0.198068481124 0.0071992976295 15.3931518876 1.11115013169 ;
78.8902900378 4.62799495586 3.04161412358 1.10907944515 0.989911727617 5.38713745271 0.489911727617 ;
49.7380064309 4.42572347267 2.1007073955 0.374276527331 0.351382636656 4.61183279743 0.257491961415 ;
53.9441011236 3.6404494382 4.13117977528 1.61095505618 0.047191011236 25.204494382 3.39691011236 ;
32.7946197809 3.39394270321 1.94579738633 0.0330894397729 0.0107749990899 3.1781151032 0.00910050598813 ;
73.9423706614 4.35396201703 2.97445972495 1.04813359528 0.954813359528 5.10281597904 0.456450556647 ;
42.1118918919 46.4772972973 1.06702702703 0.0178378378378 0.142162162162 3.24486486486 0.0194594594595 ;
42.5142228509 5.7875216093 2.30339462518 0.110875373252 0.0799151343706 4.05665566557 0.0714285714286 ;
57.0609348915 3.82487479132 2.2652754591 0.624040066778 0.672621035058 3.98430717863 0.253756260434 ;
57.6267806268 4.00427350427 6.97507122507 3.27849002849 0.00356125356125 52.7542735043 8.69943019943 ;
34.7933860393 7.72358272272 2.28480524489 0.0590050134979 0.00125337446973 10.868010027 0.502024681836 ;
38.7525183773 22.3653689082 1.42962156276 0.024230873945 0.0117070514566 3.91151647155 0.0868499863871 ;
43.6516129032 54.2043010753 1.1311827957 0.0236559139785 0.216129032258 3.49139784946 0.010752688172 ;
40.4927564226 7.88796600348 2.18459854485 0.0623269589853 0.0403708711609 4.24016483163 0.0389543493658 ;
55.8118379237 3.89274364407 2.21755826271 0.584216101695 0.614804025424 4.1342690678 0.265889830508 ;
57.8875855327 3.87487781036 7.42521994135 3.56598240469 0.00293255131965 57.2913000978 9.66471163245 ;
39.2259470332 30.0533020449 1.16392893061 0.0221253771371 0.031847133758 3.27824337915 0.0506201810258 ;
35.5280777538 7.71428571429 2.55214439988 0.151187904968 0.0067880283863 14.1800370256 0.930268435668 ;
55.3656477438 3.45793304221 4.44104803493 1.80291120815 0.0346433770015 27.6838427948 3.87598253275 ;
32.8114619643 3.39638438931 1.96637277015 0.0332513156995 0.0100813341535 3.55191032739 0.0165402228146 ;
74.3659545141 4.38352860096 3.00068917988 1.05754651964 0.938318401103 5.38008270159 0.500689179876 ;
33.7159919028 3.71307113939 2.02275882013 0.0338635049161 0.00945633314054 3.61119144014 0.0161364950839 ;
54.2230662983 3.23998618785 3.86222375691 1.50725138122 0.0711325966851 22.2534530387 2.95856353591 ;
41.7100756671 42.3719633612 1.10035842294 0.0238948626045 0.109518120271 3.21505376344 0.0234966148945 ;
69.4812662793 4.08074534161 2.79943899018 0.946704067321 0.916048887998 4.53716690042 0.37106792226 ;
57.7468719923 3.83638113571 6.42252165544 2.91482194418 0.00673724735322 46.8517805582 7.52406159769 ;
37.6721341688 16.130851456 1.63619609289 0.0197198673056 0.00737191301143 3.78529303354 0.0329893107261 ;
35.1540693236 8.06184150252 2.4878607421 0.100167964575 0.00106886547565 13.6906397923 0.82653840281 ;
49.3803596127 3.69935873255 1.93926820068 0.315855651955 0.398591726393 3.15377844838 0.106626430278 ;
45.5154043646 8.87580231065 2.89955070603 0.217586649551 0.0446084724005 7.25 0.266367137356 ;
35.7301772388 6.54944029851 2.44939365672 0.157882462687 0.00536380597015 12.9423973881 0.781133395522 ;
56.5579490291 3.72906553398 5.66231796117 2.53094660194 0.0115291262136 39.7566747573 6.14836165049 ;
39.3899668717 31.1538097492 1.07477520114 0.019403691434 0.0331282536678 2.957406531 0.0364410790345 ;
55.9381643765 3.84119782214 2.41962665284 0.680710396681 0.55729841846 6.02164894996 0.536038371792 ;
40.5247355851 5.08317980212 2.41890139884 0.0818150801774 0.05472534971 3.51286250426 0.0223814397816 ;
73.6134295576 4.29181048008 2.96768120489 1.04079071227 0.93504863508 5.21964229683 0.478506432382 ;
38.557063541 15.5103845363 1.87990952087 0.0289944478717 0.00534649393379 5.41661525807 0.129960929467 ;
43.6996587031 51.6339590444 1.13907849829 0.0221843003413 0.185153583618 3.49061433447 0.0153583617747 ;
32.1657559941 3.33897406622 1.82894307617 0.0269124123308 0.0110911759909 3.34321480998 0.01072418855 ;
53.6080949058 3.95673412421 2.10621074669 0.498813677599 0.53258897418 4.06782972784 0.230006978367 ;
42.3729767769 49.6889514426 1.09992962702 0.0225193525686 0.173821252639 3.40253342716 0.0253342716397 ;
32.5831871397 3.45146969317 1.90884680105 0.0305037413626 0.0102753213276 3.50034012388 0.0142135977946 ;
57.4173522812 3.94540014959 7.02468212416 3.31637995512 0.00299177262528 53.4891548242 8.84517576664 ;
72.0108322325 4.25046235139 2.89933949802 0.996565389696 0.957463672391 4.67741083223 0.392338177015 ;
40.3538472359 6.80566887045 2.30679420453 0.0616120410747 0.0340413560276 3.9438036292 0.0258123505416 ;
55.7933860111 3.31050629207 4.27392449517 1.69768803044 0.0620427275388 25.3017266608 3.49634182031 ;
39.3157104236 25.5376990087 1.26314208471 0.0201261640132 0.0156203063983 3.37308501051 0.0477620907179 ;
35.2969187675 8.01694010938 2.52087501667 0.123115913032 0.0032012805122 13.4110977724 0.810590903028 ;
35.0957264957 7.99386626445 2.3860231272 0.0746103569633 0.00150829562594 11.3727501257 0.557667169432 ;
57.6584043377 3.96591789311 7.08288148722 3.35476374903 0.00309837335399 53.9767621998 8.94500387297 ;
74.4449078902 4.38512339242 3.00417101147 1.05526590198 0.946472019465 5.24574209246 0.480361487661 ;
39.0085665334 25.4971444889 1.27155910908 0.0214163335237 0.017133066819 3.49400342661 0.0636778983438 ;
43.1565084719 5.98169115876 2.27937043283 0.12631494419 0.0978077571669 4.05982494178 0.0796595197944 ;
32.9863297854 3.60652225661 1.93821199034 0.0314550957255 0.0102696636855 3.25908797225 0.0094535314721 ;
54.3537628278 3.60062713797 4.23232611174 1.66961231471 0.0458950969213 25.9501140251 3.54019384265 ;
42.6304188097 50.1711976488 1.0933137399 0.0191036002939 0.178545187362 3.29684055841 0.0117560617193 ;
57.8914176511 3.80993745657 2.28561501042 0.654273801251 0.699096594858 4.03717859625 0.267199444058 ;
43.1416570581 5.62625597101 1.95923241641 0.0961950255312 0.0909240652281 4.1286443749 0.0924888815681 ;
36.1872354645 12.5317442638 2.02617509468 0.0360882156382 0.00334150144798 9.72220984629 0.490309645801 ;
32.8926052179 3.6484187789 1.43234668737 0.00114752438489 0.0036450774579 3.97600324007 0.0422221472206 ;
74.3914849429 4.36552440291 3.00449982693 1.05503634476 0.949463482174 5.20976116303 0.475943232953 ;
41.3865944482 40.0152335816 1.09410968179 0.0220040622884 0.0958023019634 3.1076506432 0.0220040622884 ;
57.4841269841 4.01443001443 6.98629148629 3.2886002886 0.0036075036075 52.961038961 8.73665223665 ;
57.7927769986 3.95599579243 2.25403225806 0.634817671809 0.701788218794 3.83204768583 0.232468443198 ;
54.2919220056 3.43426183844 4.14178272981 1.62061281337 0.0473537604457 25.0710306407 3.39665738162 ;
34.9819660537 3.43670438472 9.58345120226 0.599363507779 0.107496463932 3.73055162659 0.0342998585573 ;
38.3370027521 22.1200900676 1.48161120841 0.0240180135101 0.0112584438329 4.53239929947 0.130597948461 ;
46.0972815098 5.09874185576 2.11166030106 0.196023365536 0.204897775781 3.83666591777 0.102561222197 ;
36.4077114159 6.79933038125 2.44346041689 0.0545955286748 0.00226806350578 6.83243330813 0.197861540123 ;
42.367835281 46.8113522538 1.07623817474 0.0183639398998 0.145798553144 3.21814134669 0.0139120756817 ;
74.9677177177 4.40690690691 3.23611111111 1.16366366366 0.868993993994 7.18956456456 0.763138138138 ;
32.213938959 2.97602262654 1.79353286335 0.024568365064 0.0117354046182 3.19460509097 0.0162100552999 ;
48.2475247525 4.93524217287 3.69788600482 1.23976451699 0.033984479529 23.6031576131 2.87208991169 ;
60.2587719298 3.74202551834 2.40988835726 0.731658692185 0.766148325359 4.1192185008 0.296052631579 ;
58.6011235955 3.72584269663 6.69943820225 3.06797752809 0.00786516853933 48.8741573034 7.96797752809 ;
57.0192644483 4.05779334501 7.23380035026 3.44220665499 0.00262697022767 55.7915936953 9.30560420315 ;
38.5249944946 6.05907289143 2.3946267342 0.0542831975336 0.0182779123541 3.73337370623 0.0129927328782 ;
38.88942444 24.5548624894 1.31159625744 0.0204139495322 0.0153104621491 3.46867025801 0.053586617522 ;
70.7041581459 4.15178368553 2.86184957964 0.977732333561 0.920927062031 4.80799818223 0.411042944785 ;
52.0443854325 4.3181588265 2.11583206879 0.446636317653 0.460672736469 4.28705108751 0.238239757208 ;
36.0656386463 8.26651200873 2.48608078603 0.133051310044 0.00518558951965 13.581058952 0.841430131004 ;
42.5726666667 49.02 1.084 0.02 0.166666666667 3.276 0.014 ;
55.9301403295 3.3572300183 4.43837705918 1.80231848688 0.0384380719951 27.2583892617 3.82123245882 ;
31.8288552424 3.11084368983 1.78273236478 0.0259933485034 0.0109837213373 3.61705758796 0.0211797654472 ;
33.3409977914 3.87949656612 1.97794451336 0.0328260672254 0.00928811303059 3.51329682631 0.0140380600853 ;
57.2932221819 3.35230155854 3.84450888003 1.43494019572 0.128669807901 19.4034070315 2.5255527365 ;
42.2686155543 46.7159404302 1.07887479316 0.0187534473249 0.144511858798 3.26365140651 0.019305019305 ;
67.6757757405 4.04143159379 2.58286318759 0.854548660085 0.921191819464 3.70063469676 0.247531734838 ;
35.8794756645 7.95618400291 2.4950843549 0.108993809928 0.00206335720354 12.6724117004 0.716834567302 ;
45.828682943 5.25485799701 2.19564856336 0.19772463046 0.209516691579 3.82967945524 0.0883574157117 ;
58.4633027523 3.80428134557 7.96636085627 3.90214067278 0.00152905198777 63.5336391437 11.0397553517 ;
38.5624519107 21.9638368813 1.43087971275 0.0212875096179 0.0115414208771 3.66375993845 0.0607848166196 ;
54.3275774505 3.99441340782 5.31538852209 2.281361097 0.00761808024378 36.7404773997 5.40578974099 ;
39.8457745177 6.00493127042 2.35461998397 0.0670652776922 0.0326080256426 3.75016951242 0.0276151143438 ;
72.2098238121 4.23304858516 2.93112653497 1.00880939669 0.933262146289 4.96903363588 0.438067271757 ;
32.1956897545 3.36448849449 1.85594099343 0.0287733855787 0.0105259114133 3.69428758019 0.0243171603089 ;
35.8029091862 9.34386056873 2.44017822042 0.0961866072599 0.00301402175337 12.5876031975 0.722316865417 ;
54.9621087315 3.59912136189 4.56040637013 1.87012630423 0.0293794618342 29.0873146623 4.09637561779 ;
53.9891476972 4.13777130757 2.21095817893 0.536394917946 0.532159872949 4.552541027 0.298570672313 ;
42.5539334955 51.3065693431 1.1103000811 0.0202757502028 0.19302514193 3.30575831306 0.0113544201135 ;
58.1604938272 3.84814814815 7.72222222222 3.73827160494 0.00246913580247 60.5666666667 10.3679012346 ;
39.5650557621 26.9538413879 1.17441140025 0.0198265179678 0.0185873605948 3.13630731103 0.0374845105328 ;
33.0443943811 3.25921017758 2.00974025974 0.0348529021998 0.00997217068646 3.68582692817 0.0226278823218 ;
77.015077821 4.5233463035 3.03501945525 1.08998054475 0.971789883268 5.37062256809 0.49173151751 ;
38.0428336079 10.7415243215 1.97840978063 0.0278331743692 0.0039885545825 4.47472470303 0.0345963756178 ;
56.0542467452 3.30161190329 4.50681959082 1.83880967142 0.0368877867328 27.7083075015 3.90669559826 ;
41.2250803859 39.2765273312 1.11897106109 0.0228295819936 0.0916398713826 3.17717041801 0.0247588424437 ;
57.4244402985 3.97574626866 7.30223880597 3.50373134328 0.00279850746269 56.6800373134 9.52145522388 ;
61.7429615302 3.79325166559 2.55147216849 0.791962174941 0.815817751988 4.24994627122 0.321727917473 ;
35.7144938092 8.13820101966 2.62308812819 0.165695557174 0.00327749453751 15.2729424618 1.06955571741 ;
47.3086391612 4.43936630955 2.1652609984 0.269318440848 0.248917255528 4.29496238888 0.181331205835 ;
70.3489873136 4.13977298019 2.7611840641 0.939683952815 0.943245047852 4.21611395504 0.32561762742 ;
35.4388456938 8.09898325359 2.51330741627 0.12365430622 0.00269138755981 13.9508074163 0.877541866029 ;
55.4394160584 3.32321167883 3.89839416058 1.49751824818 0.100145985401 21.1532846715 2.79649635036 ;
57.1410386965 3.83961303462 6.49236252546 2.95977596741 0.00661914460285 47.7851323829 7.70621181263 ;
38.4446552041 6.58086030717 2.32949886802 0.0466866548369 0.0113810193967 3.97503518326 0.0167043994371 ;
42.5437665782 48.9582228117 1.08156498674 0.0198938992042 0.166445623342 3.27122015915 0.013925729443 ;
32.0899983509 3.10265501319 1.86333278364 0.0297658311346 0.0111724934037 3.55136873351 0.0180573878628 ;
50.6467993952 4.50226814516 2.02583165323 0.346396169355 0.425655241935 3.57459677419 0.120841733871 ;
38.9045024376 24.6228850014 1.30427301405 0.0217952394609 0.0149125322627 3.53197591052 0.0590765701176 ;
34.629597763 7.20950742095 2.29877392988 0.0923854592385 0.00139815013982 12.1918692192 0.647666164767 ;
70.6650761191 4.15996364463 2.84912519882 0.970915700977 0.924789820495 4.7234719382 0.398318563963 ;
52.5277156024 4.09532587228 2.17853851218 0.504674127716 0.46978275181 4.95102040816 0.339170506912 ;
42.734904271 50.1804123711 1.09499263623 0.019145802651 0.178203240059 3.31590574374 0.0125184094256 ;
56.2660524043 3.49553699971 4.76158940397 1.98070832134 0.0322487762741 30.1672905269 4.3296861503 ;
39.0797120768 24.9693415089 1.34630765129 0.0237270061317 0.0165289256198 3.73153825646 0.0773127166089 ;
57.1554621849 4.0406162465 7.79971988796 3.79971988796 0.00140056022409 62.380952381 10.7296918768 ;
32.3018673482 3.25310194155 1.84385176635 0.0278247248444 0.0113359990107 3.12943649779 0.00766725751268 ;
39.8162743427 6.40771096977 2.42672611632 0.0645203593207 0.0266867746377 3.92039866238 0.0262277883417 ;
34.0395726621 3.87411093224 2.02643055759 0.0348895068052 0.010741987414 3.23418703351 0.00758085760281 ;
70.2324126025 4.12516184722 2.80966767372 0.961588260682 0.916486836426 4.71795425119 0.397928355632 ;
57.1660978385 4.06598407281 7.57224118316 3.65073947668 0.00341296928328 59.4812286689 10.1023890785 ;
50.8999632218 3.79404192718 3.41007723428 1.1316660537 0.104082383229 17.8069143067 2.12688488415 ;
38.7038249131 19.8512988341 1.57516874616 0.024340355901 0.00961341787687 4.16854162405 0.0801799959092 ;
42.1892033543 46.071278826 1.0822851153 0.0188679245283 0.13784067086 3.26467505241 0.0214884696017 ;
35.1770403957 7.21630255565 2.38046166529 0.0702802967848 0.000927452596867 11.5073165705 0.543693322341 ;
49.8402136419 4.61989540447 2.06309113163 0.304328474463 0.388227439635 3.40525203071 0.0884611104929 ;
57.5918735892 3.63386004515 5.08081264108 2.17832957111 0.0189616252822 33.1060948081 4.81805869074 ;
35.7302378256 9.94450736127 2.62718006795 0.1275198188 0.00113250283126 15.7703284258 1.08833522084 ;
48.3185212845 5.23739731143 2.12854742345 0.268950709485 0.310586258402 3.86351755041 0.108009708738 ;
34.0215264188 4.37530734106 2.04335390637 0.0356515630488 0.00845501530433 4.05007777611 0.0370565507552 ;
38.8564058469 25.0802522213 1.2479220407 0.0189165950129 0.0171969045572 3.13327601032 0.0280882774434 ;
65.46 3.64 5.20076923077 1.90692307692 0.229230769231 21.9023076923 2.99076923077 ;
51.2476860422 3.15734912995 3.5701592003 1.40244353943 0.0514624213254 22.1103295076 2.93631988153 ;
42.79 49.81 1.10642857143 0.0207142857143 0.173571428571 3.35714285714 0.0142857142857 ;
57.311616472 3.78856791641 6.75414874001 3.12907191149 0.00368776889982 50.5095267363 8.26551936079 ;
69.5989560679 4.10069595476 2.54501957373 0.8727707699 0.942801217921 3.65919965202 0.243149195302 ;
37.9123812937 7.30370901272 2.71725497223 0.259272531804 0.0114674789464 15.3782476259 1.14746461208 ;
49.9040303062 4.6169630643 2.12711775229 0.345890771335 0.369462275071 4.02030937599 0.172682310849 ;
34.0379179054 4.03285870756 2.04772336098 0.0357794815626 0.00957075053461 3.88752412246 0.0289208783185 ;
57.330672748 4.0228050171 7.57810718358 3.65678449259 0.00342075256556 59.5131128848 10.1163055872 ;
37.5835660152 16.6350219386 1.72636617471 0.0215396888712 0.00717989629039 4.94415636219 0.104706820901 ;
69.7069492562 4.0845730589 2.84369268392 0.967597309965 0.895455471775 4.9877725698 0.435704096189 ;
56.7177835052 3.34246134021 4.71585051546 1.96456185567 0.0315721649485 29.5992268041 4.24742268041 ;
42.9800796813 56.4395750332 1.04648074369 0.0212483399734 0.254980079681 3.39442231076 0.00929614873838 ;
41.3831265509 35.1280397022 1.12109181141 0.0238213399504 0.0421836228288 3.11513647643 0.0307692307692 ;
33.0985924692 3.58492537801 1.95450834395 0.0323634107312 0.00989516998139 3.38519316809 0.0129323013618 ;
57.8621722846 3.94157303371 7.03595505618 3.32584269663 0.00299625468165 53.4599250936 8.8531835206 ;
44.2642518327 5.56739974127 2.23725743855 0.155411815438 0.133850797758 3.96826218197 0.0902112979733 ;
39.0432650707 25.1098932795 1.25728295356 0.0201903663109 0.0161522930487 3.3963080473 0.0556677242573 ;
75.5718298555 4.46027287319 3.03130016051 1.07945425361 0.947431781701 5.39446227929 0.497993579454 ;
42.536687631 49.5918937806 1.09154437456 0.0202655485674 0.171907756813 3.28301886792 0.0139762403913 ;
54.1449687322 3.59039226833 4.20636725412 1.65122228539 0.0486071631609 25.6469584991 3.4840818647 ;
59.504590594 3.7648491662 2.38860783212 0.706201986135 0.756417462994 4.03803635001 0.279932546374 ;
35.6177212733 8.58559782609 2.39111024845 0.0709433229814 0.00194099378882 10.9216809006 0.531444099379 ;
35.7270556633 7.87255633488 2.53738248023 0.155946873601 0.00268616624384 14.3398000298 0.952693627817 ;
49.8302614659 4.07865409344 2.21485212173 0.405593656237 0.363587655379 4.85962280326 0.295435062152 ;
69.0826524796 4.07201216036 2.82861485845 0.958958768763 0.870986129584 5.16929507885 0.460953828615 ;
36.5277159512 5.24923158453 2.16115527292 0.033386327504 0.00683624801272 3.79130895601 0.0133545310016 ;
40.2985212569 34.6441774492 1.1247689464 0.0235674676525 0.0429759704251 3.09565619224 0.0332717190388 ;
56.7673160173 3.5533008658 5.48430735931 2.42343073593 0.0202922077922 37.6458333333 5.79788961039 ;
31.3470765454 2.5716915867 1.90442981477 0.0367105556795 0.0132782860969 3.51656996206 0.0193595179647 ;
43.3377837116 56.4539385848 1.07610146862 0.0213618157543 0.255006675567 3.42857142857 0.00934579439252 ;
39.8068876134 15.2073690057 1.82503240141 0.0262914275134 0.00536937604147 4.37752268099 0.0496204406591 ;
32.2964302233 3.17071017113 1.81570869949 0.0249337762267 0.01168902157 3.02758272716 0.00765252491275 ;
42.3894289186 47.9131227217 1.08201701094 0.0200486026731 0.157351154313 3.24908869988 0.0164034021871 ;
54.9955654102 3.76468957871 4.56873614191 1.85615299335 0.0315964523282 28.9911308204 4.06042128603 ;
54.2550126244 3.99851477796 2.21728798455 0.563047675628 0.53943264518 4.77528590524 0.337145403238 ;
38.738595592 23.0763710917 1.4126089185 0.0235776524859 0.011788826243 4.15069195284 0.107637109175 ;
58.422403734 3.82497082847 7.6487747958 3.69661610268 0.00350058343057 59.7257876313 10.1960326721 ;
71.6820603908 4.20426287744 2.8551129155 0.981984267952 0.940877949759 4.66734331388 0.393808678001 ;
35.0320692696 7.16627916299 2.45738795799 0.0856249498918 0.00280606109196 10.2362703439 0.45049306502 ;
41.1447138405 5.76590408148 2.31777760888 0.0774492665501 0.0513034886372 3.62635859238 0.0367865014821 ;
57.512718601 3.94594594595 7.1200317965 3.37678855326 0.00317965023847 54.3656597774 9.02543720191 ;
33.3133606363 3.8640491453 1.98364791073 0.0323480531814 0.0090811965812 3.70477207977 0.0204772079772 ;
44.5256160255 5.55247296579 2.22566920759 0.157330260592 0.14359156178 4.04458429356 0.0888140400638 ;
42.1375687844 45.4647323662 1.11505752876 0.0275137568784 0.131565782891 3.28564282141 0.0235117558779 ;
76.7411214953 4.5191588785 2.96448598131 1.0691588785 0.946261682243 5.35186915888 0.494859813084 ;
55.4766577461 3.29408266429 4.2952720785 1.72316384181 0.04757656854 25.9658043414 3.60838537021 ;
38.0323696565 20.6303434643 1.44156165061 0.0168025698048 0.0111193476649 3.63973313566 0.0499135161848 ;
60.1764493408 3.78219252303 2.45277225935 0.736680512913 0.775690807296 4.02907711757 0.280296189272 ;
36.0380643258 8.26807317793 2.58203009737 0.13765122455 0.00472115668339 13.8723812334 0.870610799646 ;
32.7422452622 3.01499957508 1.85034418288 0.0253675533271 0.0122801053795 2.73650888077 0.00492903883743 ;
75.3309748428 4.41745283019 2.96580188679 1.04363207547 0.974842767296 4.79716981132 0.411949685535 ;
55.2065157372 3.44340143567 4.0789618995 1.57730535616 0.0706791827719 23.5102153506 3.1631695196 ;
42.2262180974 47.3567285383 1.07250580046 0.0191415313225 0.151392111369 3.24651972158 0.0162412993039 ;
38.7958725886 21.697846568 1.52826379542 0.0266935845671 0.0103185284881 4.86114849708 0.154777927322 ;
56.1482164822 4.20602706027 6.68450184502 3.08856088561 0.00307503075031 50.655596556 8.21955719557 ;
58.8051801802 3.81418918919 2.27308558559 0.658033033033 0.751689189189 3.57601351351 0.204954954955 ;
43.4738329834 5.50121143596 2.30334356324 0.141818769181 0.112421256663 4.13350024229 0.0957842028751 ;
34.458607714 6.82724096224 2.33940330601 0.0624916005913 0.00107512431125 8.98011020024 0.333288536487 ;
38.5798729849 21.3192476795 1.44699560332 0.0202735710796 0.0109916951637 3.67708842208 0.052027357108 ;
46.7918908532 4.90007686395 2.15478478094 0.230591852421 0.242409684858 3.88960415065 0.110107609531 ;
55.9854401059 4.27134348114 6.7849106552 3.15751158173 0.00330906684315 51.7035076109 8.42753143614 ;
67.4680602007 4.04498327759 2.66856187291 0.881939799331 0.893311036789 4.18862876254 0.315719063545 ;
31.405356056 2.37979306147 1.65575167377 0.0205112598904 0.0136944613512 2.93298843579 0.0116250760803 ;
42.4212788823 46.3519613111 1.08113917249 0.0177324019344 0.141321869962 3.24556689952 0.0171950564213 ;
55.7968794326 3.28141843972 4.13645390071 1.63262411348 0.0672340425532 24.1205673759 3.2990070922 ;
35.6886655667 5.5996700165 2.33703314834 0.0474976251187 0.00469976501175 4.44527773611 0.0254987250637 ;
35.8004769475 8.27758346582 2.50254372019 0.11573926868 0.00254372019078 14.053418124 0.890143084261 ;
32.0788140774 3.1042703694 1.76709457689 0.0238407126015 0.0119203563008 3.06767967863 0.0125753209327 ;
69.6218167235 4.09825546421 2.89973932224 0.983356727491 0.89292159615 5.16643272509 0.461399639062 ;
45.8180118417 5.28669367404 3.37363664693 0.942038018074 0.0498597693986 20.4823932689 2.25989404799 ;
41.6461668071 43.1743892165 1.09730412805 0.0256950294861 0.114574557709 3.24304970514 0.0261162594777 ;
38.4688925081 16.917752443 1.74413680782 0.0236156351792 0.00667752442997 5.31188925081 0.151302931596 ;
36.9551488126 5.63968681945 2.47863735352 0.0571917453075 0.00653323654464 6.43394171938 0.168827128487 ;
58.2893789379 3.54905490549 5.300180018 2.29252925293 0.0148514851485 34.8235823582 5.16246624662 ;
57.5392749245 3.94108761329 7.91087613293 3.8746223565 0.00151057401813 63.4395770393 10.9879154079 ;
50.4118778553 4.30235633566 2.03823034383 0.34743928829 0.407670113008 3.57610002404 0.133325318586 ;
31.6842105263 3.11229897661 1.71705957602 0.0221582602339 0.0112390350877 3.54993603801 0.0219755116959 ;
69.6178149205 4.11822258459 2.78230737872 0.948430493274 0.914186710151 4.60782715043 0.378312270689 ;
41.7741386644 43.2892386219 1.09570395576 0.0246703530413 0.115270097831 3.20331773713 0.0199914929817 ;
55.8934893489 3.26912691269 4.34203420342 1.74887488749 0.044404440444 26.2712271227 3.66936693669 ;
38.5576479631 17.5230591852 1.64411990776 0.0201767870869 0.00787855495772 4.16295157571 0.0528439661799 ;
35.5133023256 8.30306976744 2.54474418605 0.149209302326 0.0033488372093 15.2014883721 1.05153488372 ;
37.9033592024 5.29082875432 2.51707924999 0.0594799750751 0.0118393474197 4.28091542514 0.030929587039 ;
57.4808163265 3.94285714286 7.16571428571 3.40163265306 0.00326530612245 54.7493877551 9.10857142857 ;
50.5829761176 4.27115737906 2.09614206981 0.38971218616 0.407593386405 4.14672382119 0.207838334354 ;
38.7784431138 21.7025149701 1.47760479042 0.0225149700599 0.0112574850299 3.86491017964 0.0694610778443 ;
35.4073762446 7.74183144019 2.52503155238 0.122423222549 0.00140232786425 13.526574113 0.820081335016 ;
55.7489659561 3.62233534839 4.91854915686 2.09322303532 0.0194082087178 32.3910276806 4.7018771874 ;
33.8406631617 4.07485604607 2.00681521044 0.033158085065 0.00923530557178 3.55331163593 0.0131575287212 ;
79.0333547146 4.62604233483 3.20333547146 1.16035920462 0.983964079538 5.82039769083 0.56318152662 ;
47.023359605 5.11309467287 2.24556072548 0.284398442693 0.225714557022 5.06685025164 0.248029626816 ;
42.1807365439 47.0679886686 1.06968838527 0.0186968838527 0.147875354108 3.27025495751 0.0192634560907 ;
58.1059602649 3.84602649007 8.07450331126 3.96357615894 0.00165562913907 64.6837748344 11.2781456954 ;
62.8485599847 3.77150486363 2.60499713904 0.831966431432 0.787144764448 4.93190921228 0.422849513637 ;
55.2093758988 3.94104112741 2.33376473972 0.633448375036 0.537819959735 5.67860224331 0.47756686799 ;
41.0771131623 5.49538483901 2.40438985391 0.079874990915 0.0567628461371 3.62729849553 0.023112144778 ;
38.2650765077 20.3163816382 1.49909990999 0.0213771377138 0.010801080108 3.8404590459 0.0562556255626 ;
57.0087919245 3.62780853142 5.78248127646 2.60175838489 0.00944317811788 40.7160534028 6.34939759036 ;
42.1244834711 45.8842975207 1.07644628099 0.0175619834711 0.135847107438 3.21074380165 0.0165289256198 ;
33.2943466172 5.19972196478 2.07516218721 0.0367006487488 0.000370713623726 8.00889712697 0.17265987025 ;
39.1811861829 8.28220725614 2.85183575929 0.371279600261 0.0134694764284 17.0002172496 1.42624375407 ;
71.9948572898 4.2172795063 3.00385703266 1.0395988686 0.911802519928 5.52969915145 0.52198508614 ;
32.3547496853 3.19608792486 1.83146121817 0.027113392079 0.0134114457248 2.48750847294 0.00309867338046 ;
32.9172567074 3.80501666931 1.93948245753 0.0307985394507 0.0094618193364 3.71030322273 0.0215272265439 ;
57.452685422 3.95822676897 7.22506393862 3.43734015345 0.00255754475703 55.3810741688 9.24296675192 ;
42.5876377783 5.96772566818 2.3178445357 0.119011598588 0.0881780851524 4.17340249262 0.0724011238383 ;
75.3073341094 4.40512223516 2.94800155219 1.04850601475 0.945673263485 5.10283275126 0.458672875437 ;
42.6292495189 48.5413726748 1.09493264913 0.0205259781911 0.162283515074 3.27389352149 0.0134701731879 ;
38.6822687225 23.9151982379 1.32709251101 0.0203744493392 0.0143171806167 3.43226872247 0.0492841409692 ;
55.4520508377 3.29924898902 4.32264586944 1.74147891392 0.0476603119584 26.33073368 3.66406701329 ;
35.5886468437 8.6124980124 2.53665129591 0.126411194149 0.00222610907934 14.1596438225 0.905549371919 ;
58.2776856764 3.83338859416 2.33206233422 0.670590185676 0.713527851459 4.07708885942 0.274370026525 ;
34.1475059115 5.04695417183 2.37630897421 0.0789325526405 0.00123859925684 10.8854858687 0.478211913073 ;
64.5469932043 4.07282984998 2.57840748814 0.814463392743 0.81907936915 4.3386331581 0.324657007309 ;
33.2630430037 8.40755293604 1.80593756822 0.023793931456 0.00480244488103 3.47937131631 0.00698537437241 ;
37.9590829486 15.9672026747 1.92819614711 0.0326381149498 0.005572361089 6.76962267155 0.234835217322 ;
57.8625592417 3.87610020311 6.90792146242 3.2356127285 0.00406228842248 51.9600541638 8.54637779282 ;
32.287458599 2.66637006278 1.85446636018 0.0273864254288 0.0129022690197 2.8253991794 0.00499283207277 ;
53.7647860452 3.76097029163 4.06514036522 1.57154538021 0.0528754429 24.5312074135 3.28236576724 ;
41.7272375048 41.9763657497 1.09879891515 0.0240216970167 0.106935296397 3.21851995351 0.025958930647 ;
42.6373784413 4.9803451582 2.31317627722 0.123476236132 0.106629228873 3.70408163265 0.056293658403 ;
32.5871879451 3.43226628683 1.89466976535 0.0303246120399 0.0107579278807 3.20166429268 0.0090336606942 ;
54.8280621047 3.49856239218 4.21506612996 1.67078780909 0.0480161012076 25.6184588844 3.50575043128 ;
41.6457369465 5.94624366601 2.32488800764 0.0917970184328 0.0605125945509 3.89167951825 0.0527282073878 ;
42.5630252101 48.6464124111 1.09372979961 0.0206851971558 0.162895927602 3.26502908856 0.0135746606335 ;
72.6144781145 4.26964085297 2.9778338945 1.02665544332 0.947530864198 4.99298540965 0.439955106622 ;
57.076119403 4.09552238806 7.00223880597 3.3 0.00298507462687 53.4895522388 8.81865671642 ;
34.9934517313 7.59321361246 2.37890663756 0.0794721698581 0.00158745907332 11.3807917452 0.556602837583 ;
55.5609157809 3.95568274734 2.17825020442 0.565821749796 0.616680294358 3.97383483238 0.236140637776 ;
38.8107007061 24.0442694188 1.35605649104 0.023628462792 0.0141227593699 3.86529060293 0.0896252036936 ;
38.7946099291 23.889929078 1.34468085106 0.0212765957447 0.0141843971631 3.50638297872 0.0527659574468 ;
49.2245725559 4.69629548444 2.12932924156 0.340311266988 0.338338448049 4.40212626041 0.207913195967 ;
31.7277275439 2.94694083628 1.78321935099 0.0265754807913 0.0113370358471 3.6122917336 0.023408454583 ;
57.4071222329 3.99037536092 7.354186718 3.53031761309 0.00288739172281 57.1231953802 9.61212704524 ;
37.4701047987 6.2054605626 2.35968008825 0.0456150027579 0.00711527854385 4.01059018202 0.0169332597904 ;
68.6612456108 4.07373868047 2.75401958972 0.923304379967 0.892810940676 4.58491960821 0.373868046572 ;
42.5642458101 48.1508379888 1.0887647424 0.0198634388579 0.157666045934 3.28119180633 0.0148975791434 ;
35.9188311688 8.34383116883 2.56055194805 0.152597402597 0.00292207792208 14.6 0.978409090909 ;
56.1904618171 3.31663145186 4.5191669182 1.84394808331 0.0395412013281 27.7539993963 3.91820102626 ;
32.0755099508 3.01290909843 1.74868633373 0.0212669121602 0.011047209235 3.57015184741 0.0316107410319 ;
62.7124949454 3.76486049333 2.64900930044 0.832187626365 0.823493732309 4.48160129397 0.356854023453 ;
58.3463481856 3.71704180064 6.38677078548 2.89205328434 0.00872760679835 45.8865411116 7.35875057418 ;
38.2078681552 22.2844231792 1.47448165869 0.0271132376396 0.0108984582669 4.89978734716 0.165869218501 ;
47.4814191221 4.95514131088 1.98171978352 0.224173180998 0.263138905592 3.73229104029 0.100541190619 ;
42.4184434968 46.250533049 1.07942430704 0.0186567164179 0.140191897655 3.21428571429 0.0159914712154 ;
49.0761878755 4.63571818678 3.59120699072 1.20070999454 0.0521572910978 21.9087930093 2.63735663572 ;
78.5293062201 4.6226076555 2.98145933014 1.09090909091 0.973086124402 5.36901913876 0.494019138756 ;
36.988525178 6.85815275857 2.52989088674 0.0606014036166 0.00414937759336 6.26079606578 0.175144715947 ;
34.8150190114 7.1286121673 2.35057034221 0.0728136882129 0.00133079847909 11.0979087452 0.511311787072 ;
59.8428036747 3.73239197006 2.460190541 0.74004763525 0.746342293297 4.36543041851 0.328342973801 ;
38.6365764828 24.8870967742 1.3389698231 0.0236732570239 0.0166493236212 3.80723204995 0.0866285119667 ;
33.0376501816 3.61738614138 1.94328024588 0.0313635093602 0.0105476390053 3.07711651299 0.00670578373847 ;
58.4681069959 3.75102880658 7.45061728395 3.60802469136 0.00308641975309 57.9269547325 9.82098765432 ;
43.6881530424 6.04094960049 2.24446834665 0.139520590043 0.116702519975 4.17163491088 0.0928088506454 ;
76.6554428044 4.53782287823 3.03920664207 1.08579335793 0.97094095941 5.32749077491 0.490774907749 ;
54.1521564425 3.84168229306 4.37905170104 1.74738815966 0.030806321993 27.7289043665 3.82373426199 ;
42.8908002992 50.3305908751 1.10246821242 0.0194465220643 0.180254300673 3.33208676141 0.0119670905011 ;
