cluster 0
size:401
#377eb8
[ 3.01547516  4.40666152  3.44942336  3.55308696  4.76280702  2.3871701
  3.43528847]

cluster 1
size:414
#ff7f00
[ 1.19941293  4.70328471  2.37625079  2.02985674  2.02107039  0.95022716
  1.97038356]

cluster 2
size:375
#4daf4a
[ 2.1319821   4.68995906  3.1143288   4.3988295   2.79626003  3.82635242
  2.82424151]

cluster 3
size:608
#f781bf
[ 1.78522353  4.75488246  2.70724331  2.0654031   4.07879733  1.29409238
  3.32512017]

cluster 4
size:376
#a65628
[ 1.65910293  4.71694718  0.          1.74387034  2.39602556  0.77489825
  2.79396739]

cluster 5
size:835
#984ea3
[ 2.49220417  4.69905318  2.85689776  2.75916519  2.43424204  0.90090117
  3.25649297]

