64.5866666667 3.49244444444 5.15911111111 2.18222222222 0.0417777777778 30.2542222222 4.41066666667 ;
50.8580904999 3.06562425965 1.79981047145 0.522151149017 0.67140488036 3.1855010661 0.188817815683 ;
79.2997275204 4.62329700272 2.97070844687 1.08446866485 1.00476839237 4.96525885559 0.428474114441 ;
64.4415750447 3.68678087446 2.69930963948 0.883150089491 0.901815392483 4.16082843263 0.317054461774 ;
51.7486868687 2.91515151515 3.53696969697 1.38545454545 0.0888888888889 20.0852525253 2.65090909091 ;
54.4073732719 3.15668202765 5.95576036866 2.67557603687 0.00552995391705 42.8387096774 6.71244239631 ;
59.9929577465 3.31220657277 8.53990610329 4.27230046948 0.00234741784038 68.6009389671 12.3591549296 ;
60.0737943056 3.30737943056 4.84079023823 2.02847181871 0.0337013364323 29.1661824521 4.18768158048 ;
52.6286585366 3.15182926829 1.85691056911 0.536585365854 0.730894308943 2.81890243902 0.143292682927 ;
59.3556851312 3.30903790087 8.8833819242 4.45481049563 0.00291545189504 71.4693877551 12.9970845481 ;
82.1754385965 4.85552115583 2.99277605779 1.12693498452 1.00619195046 5.26728586171 0.467492260062 ;
50.5977924945 2.86622516556 3.29933774834 1.26975717439 0.116997792494 17.8962472406 2.2940397351 ;
56.9249011858 3.23616600791 6.2628458498 2.8942687747 0.00296442687747 45.9071146245 7.33003952569 ;
67.1999425452 3.82648664177 2.85779948291 0.948290721057 0.922723355358 4.53432921574 0.373455903476 ;
56.8879015721 3.23308270677 5.95557074504 2.66575529733 0.00615174299385 42.0936431989 6.58441558442 ;
51.0682938856 3.08727810651 1.76725838264 0.497041420118 0.696252465483 2.81040433925 0.145710059172 ;
49.3153380424 2.81231079717 3.31584258325 1.29717457114 0.110998990918 18.3642785066 2.36377396569 ;
64.0146809712 3.64398644833 2.57227555054 0.847826086957 0.90542066629 3.74872953134 0.256916996047 ;
78.3701923077 4.59194711538 3.07151442308 1.09134615385 1.03185096154 4.77283653846 0.401442307692 ;
61.9552147239 3.38220858896 4.43374233129 1.78588957055 0.080981595092 24.2619631902 3.36503067485 ;
59.3689839572 3.3128342246 8.74598930481 4.38502673797 0.00267379679144 70.3529411765 12.7406417112 ;
64.8256929638 3.72014925373 2.77718550107 0.902452025586 0.922174840085 4.18736673774 0.32249466951 ;
49.1542857143 2.89523809524 4.53619047619 1.97428571429 0.0133333333333 31.3866666667 4.55619047619 ;
51.2440131081 3.08621124275 1.69044618099 0.464582808167 0.707839677338 2.45878497605 0.100579783211 ;
58.850931677 3.29296066253 7.45031055901 3.60973084886 0.00310559006211 57.3291925466 9.81677018634 ;
51.3017329256 2.90927624873 3.16921508665 1.17380224261 0.170744138634 15.244138634 1.87614678899 ;
62.6021437579 3.40605296343 4.88461538462 2.0447667087 0.0390920554855 28.9363177806 4.16330390921 ;
79.5014005602 4.61764705882 2.88655462185 1.06582633053 1.0 4.80112044818 0.40406162465 ;
79.6821818182 4.68145454545 2.96581818182 1.08290909091 1.04 4.57018181818 0.367272727273 ;
49.5319258496 2.82286302781 3.27651905252 1.26210092688 0.119979402678 17.6828012358 2.25489186406 ;
55.575074184 3.17507418398 5.43026706231 2.39881305638 0.00593471810089 37.540652819 5.70860534125 ;
64.667032967 3.68214285714 2.62005494505 0.852747252747 0.932967032967 3.55192307692 0.228296703297 ;
60.0892255892 3.32828282828 8.1228956229 3.99326599327 0.0016835016835 64.0656565657 11.2895622896 ;
51.2143031486 3.097876495 1.77373688064 0.502074688797 0.703441542592 2.78325604101 0.141567000244 ;
63.9608127721 3.47242380261 4.32002902758 1.69956458636 0.11465892598 21.9100145138 2.98766328012 ;
50.3218113612 3.04474812433 1.68033226152 0.470257234727 0.66988210075 2.79957127546 0.143890675241 ;
60.5306623058 3.38103025348 6.02534750613 2.63777596075 0.0139002452984 40.485690924 6.2690106296 ;
53.2627412172 2.99307273627 3.31271647699 1.20534388916 0.170212765957 15.7382483919 1.95843641762 ;
77.3632148377 4.50231839258 2.95878413189 1.076249356 0.96239052035 5.31375579598 0.485316846986 ;
58.5757009346 3.27476635514 8.21869158879 4.07289719626 0.0018691588785 65.6242990654 11.6635514019 ;
63.2357906584 3.61986494091 2.62886888014 0.84243106359 0.939786156443 3.43725379854 0.215813168261 ;
54.3859237537 3.0633431085 4.3137829912 1.86392961877 0.0234604105572 27.5958944282 3.8862170088 ;
51.6327960757 3.11048820369 1.77879000234 0.497780892315 0.726932959589 2.59448726933 0.115627189909 ;
65.4663829787 3.5429787234 5.02893617021 2.10893617021 0.0578723404255 28.6357446809 4.12510638298 ;
58.9607609988 3.28775267539 7.65517241379 3.71224732461 0.00356718192628 59.25921522 10.2247324614 ;
82.1663201663 4.83783783784 2.90540540541 1.08835758836 1.01871101871 4.86486486486 0.408523908524 ;
66.3037941788 3.78326403326 2.7130977131 0.897349272349 0.929054054054 3.98674636175 0.297557172557 ;
51.6401098901 2.99587912088 4.80769230769 2.09271978022 0.0123626373626 32.7822802198 4.82074175824 ;
51.9199255121 2.93668528864 3.24767225326 1.20065176909 0.164804469274 15.8826815642 1.97346368715 ;
79.7386281588 4.67292418773 3.08736462094 1.14079422383 0.971841155235 5.75090252708 0.548014440433 ;
56.0759023355 3.13481953291 3.50212314225 1.26167728238 0.228237791932 14.911358811 1.84978768577 ;
58.2395833333 3.28515625 7.75260416667 3.77473958333 0.00390625 60.5963541667 10.5169270833 ;
65.151926809 3.69975048517 2.56723038536 0.838369836429 0.943166065983 3.36900471306 0.20654283338 ;
48.5715339233 2.82374631268 3.75884955752 1.57300884956 0.0346607669617 24.6224188791 3.37758112094 ;
60.5517241379 3.35269207502 5.38898971567 2.32849364791 0.0187537810042 34.5995160315 5.17483363581 ;
50.9292755052 3.08255298176 1.74470182356 0.491621488418 0.702562838837 2.74273040907 0.132331197634 ;
49.4663934426 3.00464480874 1.86857923497 0.554371584699 0.628415300546 3.82267759563 0.269945355191 ;
76.6530516432 4.44835680751 2.99624413146 1.07464788732 0.958215962441 5.26525821596 0.479812206573 ;
50.9131455399 3.04225352113 5.43075117371 2.42488262911 0.00821596244131 39.0903755869 5.99061032864 ;
53.6744462025 2.98931962025 3.68908227848 1.46202531646 0.0747626582278 21.2120253165 2.84295886076 ;
59.1872586873 3.29150579151 8.29536679537 4.10810810811 0.0019305019305 66.0501930502 11.750965251 ;
61.999266683 3.54852114397 2.50329992667 0.805670985089 0.868247372281 3.83084820337 0.273038376925 ;
65.1920600858 3.52253218884 5.85944206009 2.52467811159 0.0214592274678 36.9506437768 5.61373390558 ;
49.0591608814 2.9894355569 1.82674313311 0.537579233323 0.621491095684 3.73437971627 0.256263205554 ;
50.3054309915 2.85799701046 3.55107125062 1.43597409068 0.0612855007474 21.6716492277 2.91031390135 ;
76.5038535645 4.42341040462 2.80105973025 0.997591522158 1.02456647399 3.87764932563 0.278420038536 ;
58.6496815287 3.27547770701 7.99522292994 3.9347133758 0.0015923566879 63.4267515924 11.1560509554 ;
64.7230769231 3.62153846154 4.32846153846 1.56923076923 0.273846153846 17.0946153846 2.21307692308 ;
58.7463538364 3.29866835764 5.58211794547 2.42993024731 0.00951173113507 37.5764109068 5.7184527584 ;
61.025984252 3.50026246719 2.29081364829 0.729658792651 0.9 2.94724409449 0.149081364829 ;
46.8615888616 2.87018837019 1.85217035217 0.591728091728 0.48361998362 5.71457821458 0.536445536446 ;
56.4779975777 3.11546225273 3.99071457408 1.57610012111 0.0738796931772 22.3399273314 3.02462656439 ;
67.3797745773 3.81778334377 2.70006261741 0.908265497808 0.924859110833 4.12961803381 0.319035691922 ;
59.6357927786 3.31554160126 8.08320251177 3.94819466248 0.00313971742543 63.1601255887 11.0926216641 ;
56.0605095541 3.29559930515 2.21540243196 0.672843080486 0.792704111175 3.44151708164 0.217429067748 ;
81.7536092397 4.81616939365 3.09817131858 1.14436958614 1.00192492782 5.45235803657 0.503368623677 ;
56.0871934605 3.20640326975 5.53201634877 2.43801089918 0.0074931880109 38.2786103542 5.84196185286 ;
50.8761261261 2.87567567568 3.5009009009 1.38738738739 0.0792792792793 20.6202702703 2.7490990991 ;
74.1063075833 4.30403968816 2.88093550673 1.00956768249 1.01133947555 4.20800850461 0.324592487597 ;
65.863760218 3.56312443233 4.71026339691 1.89645776567 0.0999091734787 24.3333333333 3.37602179837 ;
59.4729204457 3.41202384037 2.34827675564 0.738274164291 0.831303446489 3.53822233739 0.229074889868 ;
59.5632458234 3.30548926014 8.57517899761 4.28400954654 0.00238663484487 68.8782816229 12.4200477327 ;
48.370604782 2.9711673699 1.72925457103 0.497538677918 0.616033755274 3.45218002813 0.219760900141 ;
56.5864453665 3.23029045643 5.88658367911 2.61479944675 0.00622406639004 41.275242047 6.42323651452 ;
46.8880849011 2.89242643512 1.63917028461 0.484322238302 0.547515677762 3.89532079112 0.275928605885 ;
57.8537735849 3.26257861635 7.03537735849 3.35220125786 0.00314465408805 53.3435534591 8.96305031447 ;
65.7144690407 3.73756817453 2.68784087263 0.889958293231 0.904074430542 4.13570741097 0.319858838627 ;
50.51359786 2.86714222024 3.62639322336 1.44984395898 0.0699955416852 21.9170753455 2.97503343736 ;
63.4251812788 3.47330257086 4.90705339486 1.99670402109 0.0646011865524 27.6282135794 3.93473961767 ;
79.5439093484 4.62110481586 2.87747875354 1.05736543909 1.01558073654 4.61260623229 0.376062322946 ;
55.5693857654 3.28404289893 2.21221969451 0.66330841729 0.8007799805 3.26779330517 0.193045173871 ;
49.9623383924 2.84092186622 3.20966835301 1.19730185497 0.141652613828 16.3929173693 2.04215851602 ;
61.6772993089 3.54678362573 2.43141945774 0.782828282828 0.884104199894 3.55103668262 0.229930887826 ;
59.7316538883 3.31763417306 7.54107338445 3.65279299014 0.00328587075575 57.9879518072 9.95399780942 ;
52.9760362694 3.0621761658 4.93847150259 2.15544041451 0.00906735751295 33.6515544041 4.98121761658 ;
76.3057354302 4.41258094357 2.8829787234 1.0235892692 1.01202590194 4.19888991674 0.322849213691 ;
64.8128742515 3.51497005988 4.60703592814 1.81511976048 0.111526946108 23.4670658683 3.25074850299 ;
49.6534992224 3.02830482115 1.68522550544 0.46065318818 0.677449455677 2.6768273717 0.13032659409 ;
56.0942084942 3.21081081081 5.93976833977 2.65405405405 0.00617760617761 41.9806949807 6.55135135135 ;
62.8246092781 3.59737037956 2.55048375093 0.827586206897 0.879930538328 3.87248821632 0.279087075167 ;
50.0188318777 3.0327510917 1.76746724891 0.505731441048 0.662663755459 3.13100436681 0.182041484716 ;
50.1102551757 2.84400577756 3.43235435725 1.34087626384 0.0938854116514 19.5402022147 2.56379393356 ;
77.7937915743 4.5310421286 2.9800443459 1.06374722838 1.01829268293 4.62915742794 0.381929046563 ;
59.7954022989 3.30804597701 8.49425287356 4.24827586207 0.00229885057471 68.3770114943 12.2942528736 ;
63.2419928826 3.44128113879 4.64341637011 1.90676156584 0.0669039145907 25.8590747331 3.62918149466 ;
52.4473431805 3.13888356033 1.77690389411 0.539612507194 0.69154037982 3.23172837138 0.191060809515 ;
59.5153846154 3.56153846154 22.4384615385 5.48461538462 2.91538461538 10.6769230769 1.12307692308 ;
64.0056617127 3.55343241331 3.56263269639 1.39419674452 0.192498230715 16.9950460014 2.20311394197 ;
58.8941176471 3.27843137255 8.29215686275 4.11960784314 0.00196078431373 66.2941176471 11.8117647059 ;
50.1526315789 2.85311004785 3.44593301435 1.42153110048 0.0411483253589 21.9105263158 2.95406698565 ;
71.2400741133 4.08258337745 2.54737956591 0.888565378507 0.99550026469 3.40709370037 0.213340391742 ;
58.8820545339 3.310082435 5.64616360178 2.49334178821 0.00380469245403 39.1471147749 6.01014584654 ;
52.2317911131 2.9404489235 3.32249198351 1.22354557948 0.143838754008 16.7375171782 2.10856619331 ;
57.0120230005 3.18923157344 4.73863042342 2.0256142185 0.0250914793518 29.819132253 4.28750653424 ;
63.0444839858 3.59583121505 2.48068124047 0.806558210473 0.887900355872 3.58871377733 0.241484494154 ;
59.3763837638 3.28044280443 9.19557195572 4.63468634686 0.00369003690037 74.5424354244 13.6605166052 ;
49.9826704545 3.040625 1.74431818182 0.484090909091 0.684090909091 2.82073863636 0.145738636364 ;
77.6456776948 4.53895410886 3.12166488794 1.11953041622 0.982924226254 5.54162219851 0.517075773746 ;
58.8592519685 3.30905511811 6.50984251969 3.03149606299 0.00393700787402 47.4842519685 7.67519685039 ;
59.5779527559 3.31338582677 8.02834645669 3.93070866142 0.00157480314961 63.1826771654 11.1070866142 ;
61.3814274751 3.53773343566 2.46405730366 0.79176259913 0.885392683551 3.59836275262 0.236633410079 ;
75.9978060553 4.40193067135 2.95261079421 1.04387889425 0.990785432207 4.63975427819 0.388328214129 ;
53.1042584435 3.09324522761 5.29588839941 2.34728340675 0.00587371512482 37.1306901615 5.62187958884 ;
66.0488505747 3.55842911877 5.05172413793 2.12931034483 0.0584291187739 28.6369731801 4.12356321839 ;
52.0174652933 2.91267353336 3.44111061352 1.30407523511 0.112404836543 18.4446932378 2.38602776534 ;
49.2560787935 2.9944598338 1.70606340412 0.478608802709 0.637119113573 3.09079716836 0.179747614651 ;
57.9788602941 3.19898897059 3.77481617647 1.39154411765 0.174632352941 17.5073529412 2.25091911765 ;
50.5784635588 2.93762311228 4.37885751806 1.89231779383 0.0118187787262 29.8732764281 4.29546946815 ;
58.5553191489 3.27659574468 8.4085106383 4.18510638298 0.00212765957447 67.3553191489 12.0468085106 ;
77.2243654822 4.51218274112 3.03553299492 1.08578680203 1.00203045685 4.99644670051 0.435532994924 ;
61.7951596806 3.53468063872 2.29915169661 0.73378243513 0.909930139721 2.82110778443 0.13622754491 ;
62.3190348525 3.43074173369 6.07685433423 2.68096514745 0.0107238605898 40.9177837355 6.3672922252 ;
48.8203193033 2.9770682148 1.8412191582 0.55152394775 0.603193033382 4.14281567489 0.321044992743 ;
62.1286687631 3.55398322851 2.40120545073 0.767819706499 0.911687631027 3.06367924528 0.166928721174 ;
58.2735095267 3.28272894899 5.70129071911 2.49170251998 0.00860479409957 38.7756607253 5.94406883835 ;
59.0876190476 3.28 8.25714285714 4.09904761905 0.00190476190476 65.9028571429 11.7257142857 ;
77.209421403 4.5069124424 2.94982078853 1.05837173579 1.01638504864 4.58013312852 0.372247823861 ;
61.8528111181 3.37839545167 4.12823752369 1.54453569172 0.164876816172 19.0328490208 2.51421351864 ;
49.6083639446 3.01356315343 1.81435433738 0.528680418197 0.641706696807 3.47075445041 0.222944334558 ;
48.7170263789 2.80935251799 3.40647482014 1.40167865707 0.0593525179856 21.4172661871 2.8639088729 ;
50.6545968156 3.08012326656 1.77529532614 0.501284026708 0.691063174114 2.89034411916 0.154340010272 ;
58.5874861573 3.24916943522 4.74252491694 2.00830564784 0.0282392026578 29.203765227 4.18715393134 ;
59.4778481013 3.29746835443 8.98101265823 4.51898734177 0.00316455696203 72.5284810127 13.2436708861 ;
78.1704087507 4.56649395509 3.04893494531 1.09959700633 0.989061600461 5.3091537133 0.483016695452 ;
63.7326551904 3.62258737611 2.60615545123 0.851851851852 0.883933229004 4.0117370892 0.298904538341 ;
57.9625 3.27692307692 6.35961538462 2.94038461538 0.00384615384615 46.3509615385 7.42115384615 ;
50.947696737 2.87571976967 3.33733205374 1.25527831094 0.122840690979 17.627159309 2.24856046065 ;
75.7433403805 4.39957716702 2.95137420719 1.04820295983 0.99577167019 4.57209302326 0.374630021142 ;
59.5744680851 3.30496453901 8.56028368794 4.27659574468 0.00236406619385 68.756501182 12.390070922 ;
49.015890411 2.78904109589 3.25095890411 1.28712328767 0.100821917808 18.5534246575 2.39232876712 ;
57.0488621151 3.24564926372 5.89558232932 2.61780455154 0.00803212851406 41.1572958501 6.39558232932 ;
60.975 3.50331632653 2.40918367347 0.768112244898 0.873469387755 3.5375 0.227551020408 ;
61.4880587875 3.35701163503 4.39742804654 1.7538273117 0.0857317819963 23.6080832823 3.2547458665 ;
49.1615863651 3.00524418224 1.70632579482 0.470009832842 0.653556211078 2.88233366109 0.157980989839 ;
60.4386199519 3.49104038513 2.35036105911 0.743246857449 0.885798341803 3.18347151645 0.178389943835 ;
55.7192575406 3.17807424594 5.2494199536 2.30684454756 0.00754060324826 35.7732018561 5.37122969838 ;
75.2692622951 4.37008196721 2.88852459016 1.0143442623 1.02786885246 4.05860655738 0.302459016393 ;
65.4794168096 3.54716981132 4.39536878216 1.70068610635 0.152658662093 20.7650085763 2.80874785592 ;
48.8500851789 2.97955706985 1.65689948893 0.45996592845 0.636456558773 2.94139693356 0.163543441227 ;
50.3729156139 2.84638706417 3.31227892875 1.26275896918 0.11571500758 17.9479535119 2.299646286 ;
59.5233516484 3.32005494505 7.89010989011 3.83791208791 0.00274725274725 61.2857142857 10.6675824176 ;
59.8486631016 3.43502673797 2.24171122995 0.703475935829 0.866844919786 2.97032085561 0.152139037433 ;
55.897211591 3.12957900492 4.55658829962 1.9475123018 0.0267905959541 28.4893384363 4.0399125205 ;
74.466313933 4.31287477954 2.99118165785 1.05502645503 0.961904761905 5.09347442681 0.458553791887 ;
58.9925187032 3.28927680798 8.67331670823 4.3216957606 0.00249376558603 69.4613466334 12.5162094763 ;
59.3318465656 3.33006244425 6.17573595004 2.79928635147 0.00535236396075 43.8626226583 6.93933987511 ;
48.3194650817 2.97659732541 1.70468053492 0.468053491828 0.647473997028 2.99034175334 0.166419019316 ;
53.0420449116 2.99235547062 3.33731485905 1.21452460583 0.163401815576 16.1151457238 2.02245580506 ;
65.1516626115 3.72668288727 2.67802108678 0.879697215464 0.941065152744 3.76777507434 0.257907542579 ;
59.926056338 3.31338028169 8.17781690141 4.03169014085 0.00176056338028 64.7323943662 11.4436619718 ;
51.4218464351 3.09072212066 1.82929616088 0.524680073126 0.689899451554 3.04730347349 0.174588665448 ;
55.8827539196 3.20313565099 5.63053851397 2.48261758691 0.0068166325835 39.0163599182 5.98977505112 ;
49.8457736036 2.82254078102 3.3376173999 1.30548690064 0.094908551656 18.9060800791 2.45872466634 ;
63.8747117602 3.47425057648 4.4950038432 1.80322828593 0.0983858570331 23.6256725596 3.25211375865 ;
80.2404072044 4.7024275646 2.94205168363 1.08692247455 1.00156617071 4.85356303837 0.412685982772 ;
64.5019339482 3.63731032431 2.27432311812 0.747694138649 0.949717346028 2.59833382922 0.105325795894 ;
59.9108734403 3.3137254902 8.19073083779 4.04278074866 0.0017825311943 64.9090909091 11.4848484848 ;
51.7068568799 2.91670501611 3.74413253566 1.54302807179 0.046479521399 23.2687528762 3.16520938794 ;
50.5808219178 3.05456621005 1.86735159817 0.562557077626 0.644292237443 3.79885844749 0.270319634703 ;
63.4856943475 3.60432658758 4.47801814375 1.5282623866 0.400558269365 14.9741800419 1.88415910677 ;
58.426563598 3.30288123682 5.77512297962 2.52705551651 0.00913562895292 39.4300773015 6.06535488405 ;
79.7260869565 4.68115942029 2.88695652174 1.06739130435 1.01956521739 4.74130434783 0.396376811594 ;
59.1246376812 3.30724637681 8.87246376812 4.45507246377 0.00289855072464 71.4028985507 12.9710144928 ;
49.5551591658 3.01042810099 1.87239297475 0.553787047201 0.63199780461 3.768935236 0.261800219539 ;
58.2859375 3.28984375 6.16875 2.7765625 0.00625 43.82578125 6.9265625 ;
76.7968441815 4.48717948718 2.89743589744 1.03303747535 1.02120315582 4.33136094675 0.339250493097 ;
50.1770833333 2.85700757576 3.68371212121 1.5 0.0544507575758 22.9739583333 3.13589015152 ;
64.329394387 3.50812407681 4.50886262925 1.75775480059 0.11964549483 22.6344165436 3.11595273264 ;
61.8133232016 3.52583586626 2.43971631206 0.786474164134 0.873860182371 3.55673758865 0.231003039514 ;
59.9530956848 3.32082551595 8.2607879925 4.08818011257 0.00187617260788 65.6135084428 11.6472795497 ;
60.8772115131 3.51808819646 2.43596514391 0.780301029839 0.876155268022 3.616318986 0.235278584632 ;
61.7155669443 3.36515054452 4.37027546445 1.73286354901 0.0922485586163 23.1249199231 3.17488789238 ;
75.4598450876 4.35344476152 2.9115368936 1.02894415002 0.990216061965 4.44883815736 0.360375050958 ;
49.2421698418 3.00387471747 1.69809493058 0.466580561834 0.654181465935 2.8614788505 0.15628027123 ;
49.0033444816 2.78428093645 3.24414715719 1.28372352285 0.100334448161 18.4526198439 2.3751393534 ;
56.5874831763 3.23216689098 5.72139973082 2.52086137281 0.00807537012113 39.5794078062 6.09219380888 ;
49.635942029 3.01594202899 1.74637681159 0.495362318841 0.652463768116 3.08637681159 0.178550724638 ;
60.0384615385 3.33173076923 9.49038461538 4.85096153846 0.0 78.0528846154 14.5528846154 ;
58.4804134929 3.27149075082 5.06420021763 2.17464635473 0.0217627856366 32.2959738847 4.73449401523 ;
76.6686972821 4.44470477976 3.00140581068 1.07731958763 0.956888472352 5.31443298969 0.487347703843 ;
52.0209059233 2.9181184669 3.42770034843 1.30792682927 0.104094076655 18.6175958188 2.41681184669 ;
62.1521084337 3.56626506024 2.5358935743 0.814759036145 0.887299196787 3.78739959839 0.264809236948 ;
58.1248439451 3.2734082397 6.85143570537 3.23845193508 0.00374531835206 51.2359550562 8.42446941323 ;
50.619544592 2.85626185958 3.27561669829 1.24240986717 0.120967741935 17.4838709677 2.22770398482 ;
53.0395962733 3.09549689441 5.36956521739 2.36801242236 0.00854037267081 37.1894409938 5.63354037267 ;
50.755819969 3.08717020176 1.79229177444 0.501293326436 0.701241593378 2.82669425763 0.146921883083 ;
63.6877031419 3.6161971831 2.51977248104 0.827193932828 0.892199349946 3.6858071506 0.25406283857 ;
60.0170697013 3.32574679943 7.90327169275 3.85490753912 0.00142247510669 61.6685633001 10.7553342817 ;
78.1631578947 4.57660818713 3.0730994152 1.09239766082 1.02397660819 4.84970760234 0.411695906433 ;
64.146577381 3.47321428571 4.69419642857 1.94791666667 0.0647321428571 26.4293154762 3.7306547619 ;
63.9659259259 3.48592592593 4.58888888889 1.84074074074 0.0962962962963 24.1177777778 3.34444444444 ;
49.8404821979 3.01682085786 1.75497617045 0.499299130922 0.652929632745 3.12699747687 0.182786655453 ;
77.0998980632 4.48267074414 2.89908256881 1.03516819572 1.01580020387 4.4006116208 0.349133537207 ;
56.6311239193 3.22622478386 5.90057636888 2.61599423631 0.00648414985591 41.2413544669 6.41570605187 ;
62.25671871 3.5766572818 2.52418735603 0.816995136934 0.88917327873 3.73227540312 0.255438955721 ;
59.6911111111 3.31777777778 8.45555555556 4.22666666667 0.00222222222222 67.9444444444 12.1866666667 ;
49.9928126497 2.83612841399 3.43699089602 1.35840919981 0.083373263057 19.9865836128 2.63440344993 ;
48.4916550765 2.95966620306 1.72670375522 0.489568845619 0.622044506259 3.30111265647 0.203407510431 ;
59.2367413887 3.30617823948 5.24767632586 2.2558775287 0.0207763805358 33.6506287589 4.99343903773 ;
82.969837587 4.89211136891 2.90951276102 1.11136890951 0.988399071926 5.2656612529 0.470997679814 ;
58.262295082 3.2868852459 7.60655737705 3.69789227166 0.00351288056206 59.1100702576 10.1896955504 ;
59.0456273764 3.40596665692 2.22813688213 0.706346885054 0.828312372039 3.39514477918 0.207955542556 ;
51.8695838696 2.9172029172 3.51051051051 1.36250536251 0.0918060918061 19.6113256113 2.58172458172 ;
69.5177165354 3.97559055118 3.07244094488 1.02992125984 0.937795275591 5.14842519685 0.465354330709 ;
59.5273311897 3.33226152197 6.52625937835 3.03965702036 0.0021436227224 47.4555198285 7.66773847803 ;
54.4269643475 3.22966424368 1.96053997923 0.578227760471 0.771893388716 2.83904465213 0.140013845621 ;
73.2263665595 4.21768488746 2.8115755627 0.973633440514 1.01446945338 3.83183279743 0.272668810289 ;
65.014559387 3.54942528736 4.3754789272 1.67432950192 0.15632183908 20.6528735632 2.78850574713 ;
49.600847009 2.83536262573 3.13605082054 1.18263631551 0.142932768661 16.1598729487 2.01694017999 ;
59.1174496644 3.30201342282 9.04362416107 4.55369127517 0.00335570469799 73.3087248322 13.3825503356 ;
53.3140200286 3.05221745351 4.78040057225 2.05722460658 0.0128755364807 31.8583690987 4.64163090129 ;
61.6689850592 3.53013910355 2.47089129315 0.786707882535 0.893869139619 3.42916022669 0.212261720762 ;
57.0507739938 3.23219814241 5.72074303406 2.52755417957 0.0061919504644 39.7436532508 6.13436532508 ;
50.1369863014 2.84695323571 3.43835616438 1.35569201701 0.0902220122815 19.7066603684 2.58573453 ;
76.6361867704 4.47227626459 2.87159533074 1.02480544747 1.02918287938 4.18336575875 0.316634241245 ;
49.4776611694 3.01139430285 1.71604197901 0.490554722639 0.646476761619 3.09085457271 0.178710644678 ;
59.2142857143 3.30303030303 8.45021645022 4.21212121212 0.0021645021645 67.6277056277 12.1082251082 ;
64.981511254 3.54581993569 4.44694533762 1.73794212219 0.133440514469 21.7757234727 2.96704180064 ;
51.830307106 3.12754987671 1.84667114997 0.526115220803 0.72338040798 2.84824030486 0.147500560412 ;
55.7368125701 3.16778900112 5.15600448934 2.25757575758 0.00897867564534 34.797979798 5.18967452301 ;
66.0561180214 3.76077523865 2.60485970495 0.859415678334 0.962395140295 3.30199595025 0.197280879375 ;
59.2506329114 3.31392405063 7.77088607595 3.76835443038 0.00379746835443 60.1734177215 10.4215189873 ;
81.4962049336 4.81309297913 2.90322580645 1.07400379507 1.04174573055 4.49810246679 0.355787476281 ;
64.9664586583 3.53354134165 4.251950078 1.62090483619 0.166146645866 19.7145085803 2.63962558502 ;
49.6318302387 2.81538461538 3.23183023873 1.23554376658 0.119893899204 17.3877984085 2.20530503979 ;
51.1261941791 3.07509442346 1.85558764719 0.554321261942 0.659853365919 3.54321261942 0.233281493002 ;
61.6425948592 3.38188494492 4.93451652387 2.06976744186 0.0354957160343 29.8329253366 4.32190942472 ;
57.6900406504 3.26321138211 6.7825203252 3.19207317073 0.00406504065041 50.7032520325 8.32723577236 ;
64.5466145833 3.68229166667 2.71588541667 0.885677083333 0.887760416667 4.34244791667 0.345052083333 ;
50.0894386299 2.84538534729 3.61607992388 1.42863939106 0.0770694576594 21.3434823977 2.86869647954 ;
79.2009377093 4.62357669123 3.01540522438 1.0957803081 1.0093770931 5.03215003349 0.437374413932 ;
60.1146496815 3.33757961783 9.88535031847 5.08917197452 0.0 81.6560509554 15.4331210191 ;
65.6103127642 3.56297548605 4.28148774303 1.63398140321 0.172442941674 19.5629754861 2.61622992392 ;
59.1453900709 3.30969267139 7.6548463357 3.71749408983 0.00354609929078 59.2139479905 10.2163120567 ;
50.0300673924 2.84344219803 3.22654224987 1.21772939347 0.135303265941 16.8532918611 2.11819595645 ;
55.5957677699 3.15355398806 5.07053716766 2.20618556701 0.0103092783505 33.9077590884 5.02495930548 ;
50.7003162889 3.08460727464 1.74617817607 0.484976278334 0.702688455456 2.70189773326 0.13205060622 ;
78.9508632138 4.63346613546 2.80810092961 1.02390438247 1.0411686587 4.18193891102 0.312749003984 ;
63.8670360111 3.6379501385 2.55096952909 0.826038781163 0.938781163435 3.23268698061 0.18836565097 ;
58.8409976617 3.30787217459 6.28838659392 2.86827747467 0.00311769290725 45.2938425565 7.2385035074 ;
61.1054852321 3.5110449243 2.41226110697 0.767932489451 0.883097542815 3.37527922561 0.201538843385 ;
76.254893036 4.41420118343 2.86754665453 1.02275830678 0.997269003186 4.37869822485 0.350022758307 ;
62.4351415094 3.41037735849 4.42275943396 1.69752358491 0.125589622642 22.0955188679 3.01533018868 ;
49.2976457399 2.84697309417 3.7466367713 1.55381165919 0.0437219730942 24.3161434978 3.35706278027 ;
49.083357453 2.98060781476 1.86367583213 0.562952243126 0.597684515195 4.14500723589 0.31982633864 ;
59.1872659176 3.28464419476 9.22097378277 4.64419475655 0.00374531835206 74.7303370787 13.7116104869 ;
49.7749742533 2.82492276004 3.31307929969 1.27291452111 0.114315139032 18.0303810505 2.31101956746 ;
59.2893890675 3.29260450161 8.03054662379 3.94694533762 0.0016077170418 63.5466237942 11.1816720257 ;
64.838247012 3.51314741036 4.30756972112 1.66055776892 0.145019920319 20.5434262948 2.77131474104 ;
56.2576516416 3.20756816917 5.37451307735 2.367278798 0.00723427935448 36.6755703951 5.53811908737 ;
77.0771208226 4.49768637532 2.87403598972 1.02313624679 1.02982005141 4.18200514139 0.318251928021 ;
62.1081367612 3.56851311953 2.46885767294 0.79644844951 0.912271402067 3.33633713226 0.197455605619 ;
49.8030796565 3.02250518211 1.71009771987 0.472904945218 0.665383476458 2.81551673083 0.148060408647 ;
49.5529895603 3.02783929136 1.66561214805 0.455552040494 0.674153748814 2.66434672572 0.127807655805 ;
57.2997811816 3.25237053246 5.97592997812 2.67833698031 0.00510576221736 42.4150255288 6.64186725018 ;
61.5607087024 3.5359562272 2.4783741532 0.79181865555 0.882490880667 3.63678999479 0.244658676394 ;
76.0585408475 4.39624290083 2.96417649629 1.05460899956 0.974661424203 4.81957186544 0.414591524683 ;
49.3485991379 2.81842672414 3.19719827586 1.23221982759 0.130387931034 17.1540948276 2.17025862069 ;
59.421319797 3.30456852792 8.65482233503 4.33502538071 0.00253807106599 69.6852791878 12.578680203 ;
59.8645948946 3.29023307436 4.48057713651 1.82963374029 0.0615982241953 25.3063263041 3.52663706992 ;
49.6144042679 3.02074688797 1.74155305276 0.487848251334 0.662122110255 2.95791345584 0.164196799052 ;
59.7148997135 3.31375358166 7.94985673352 3.86103151862 0.00286532951289 61.8094555874 10.7893982808 ;
76.9174901186 4.47035573123 2.90760869565 1.0395256917 0.99209486166 4.66304347826 0.388339920949 ;
65.5535087719 3.54122807018 4.93684210526 2.06315789474 0.0605263157895 27.8464912281 3.98333333333 ;
62.1361243419 3.56229631487 2.52268739032 0.810729506142 0.889195287039 3.6986713462 0.253446979193 ;
51.4557919622 2.88983451537 3.34373522459 1.26572104019 0.113947990544 17.8676122931 2.28794326241 ;
52.7060539752 3.07366885485 5.17870167761 2.29686360321 0.00656455142232 36.1845368344 5.45222465354 ;
75.9205944798 4.39193205945 3.0033970276 1.07048832272 0.966454352442 5.07176220807 0.455201698514 ;
52.2073643411 3.0019379845 4.51744186047 1.94444444444 0.014857881137 29.8475452196 4.28488372093 ;
48.818443804 2.99327569645 1.7307076529 0.494716618636 0.634005763689 3.3278898495 0.210054434838 ;
61.0961538462 3.5090956341 2.3659043659 0.747401247401 0.903326403326 3.03612266112 0.160602910603 ;
55.4488711819 3.08189464365 3.48782647189 1.29437804338 0.151394422311 17.0588756087 2.17397078353 ;
62.0516772439 3.4170444243 6.1060743427 2.72076155938 0.0108794197643 41.53762466 6.49048050771 ;
58.0463157895 3.27157894737 8.38736842105 4.16842105263 0.00210526315789 67.1221052632 11.9747368421 ;
57.9128617363 3.34469453376 2.02540192926 0.629581993569 0.822508038585 2.73440514469 0.127009646302 ;
81.2471111111 4.74844444444 2.95822222222 1.104 0.986666666667 5.25333333333 0.474666666667 ;
57.8579465541 3.24660103141 5.21518987342 2.27426160338 0.0164088138772 34.0886075949 5.06797937178 ;
58.6818181818 3.29476584022 7.84435261708 3.82369146006 0.00275482093664 61.3980716253 10.6928374656 ;
47.9511145874 2.96832225264 1.75596402034 0.493547125538 0.627688697693 3.34649980446 0.208056315995 ;
67.9697190806 3.88580809923 3.01167457132 1.00291864283 0.921196643561 5.07624954396 0.452024808464 ;
52.6088831393 2.94264769297 3.44200086244 1.30185424752 0.11858559724 18.2354463131 2.35618801207 ;
61.1579084967 3.51921568627 2.30535947712 0.734379084967 0.895163398693 3.01986928105 0.157647058824 ;
51.9962059621 2.98482384824 4.43739837398 1.87913279133 0.0135501355014 29.6520325203 4.25853658537 ;
59.632231405 3.29338842975 9.22727272727 4.70247933884 0.0 76.0661157025 14.0495867769 ;
76.2094288305 4.41568449683 2.91749773345 1.03354487761 1.01042611061 4.33544877607 0.343155031732 ;
61.6952544311 3.36306460835 4.14979988565 1.54145225843 0.15380217267 19.5254431103 2.59805603202 ;
48.9779048609 2.96308812061 1.98102417468 0.621003379257 0.56095658955 5.25136469977 0.47127631921 ;
59.887662989 3.34904714142 6.63991975928 3.08726178536 0.00501504513541 48.0200601805 7.78635907723 ;
76.3776744186 4.42976744186 2.87302325581 1.02418604651 1.01302325581 4.25302325581 0.327906976744 ;
61.3864759428 3.54044213264 2.44239271782 0.7755526658 0.909752925878 3.2944083225 0.192717815345 ;
58.2312543798 3.28731604765 5.98458304135 2.6622284513 0.00770847932726 41.8177995795 6.53188507358 ;
49.5831556503 2.83528784648 3.61940298507 1.48081023454 0.0522388059701 22.6599147122 3.08315565032 ;
59.2263681592 3.29850746269 8.62686567164 4.31094527363 0.00248756218905 69.4378109453 12.5149253731 ;
63.3916834339 3.45271629779 4.26827632461 1.63849765258 0.133467471496 20.8531187123 2.81891348089 ;
49.3633522727 2.984375 1.83039772727 0.545454545455 0.603693181818 3.82329545455 0.270454545455 ;
63.5529671408 3.62162824914 2.51569396763 0.813388916135 0.90681706719 3.51103482099 0.232466895537 ;
58.002726653 3.28289025222 5.66257668712 2.4778459441 0.00886162235855 38.5985003408 5.9018404908 ;
49.9578727218 3.03435912758 1.65850014939 0.447266208545 0.69106662683 2.51299671347 0.10427248282 ;
59.2385620915 3.29248366013 8.06045751634 3.96078431373 0.0016339869281 63.7794117647 11.2320261438 ;
78.6773202213 4.61032575292 3.04118008605 1.11309157959 0.985863552551 5.46650276583 0.503995082975 ;
51.5978384528 2.96416382253 3.21444823663 1.17747440273 0.22582480091 14.0472127418 1.68828213879 ;
55.9840834248 3.10537870472 4.12952799122 1.70307354555 0.046103183315 24.4149286498 3.35894621295 ;
65.4577352472 3.59888357257 4.71531100478 1.70893141946 0.258373205742 18.9505582137 2.51913875598 ;
59.4 3.30112359551 8.51011235955 4.24269662921 0.00224719101124 68.1101123596 12.2314606742 ;
62.6402405686 3.57189721159 2.37698195735 0.773920174959 0.911700382723 3.11044286495 0.17140513942 ;
50.0287458662 3.02340371407 1.84736708217 0.549224116001 0.631900279827 3.76163825998 0.260493513101 ;
50.8132837901 2.87784486763 3.60798885276 1.47189967487 0.052949372968 22.3260566651 3.02136553646 ;
77.7010135135 4.55405405405 2.81475225225 1.01238738739 1.0365990991 4.12218468468 0.307995495495 ;
58.0495314592 3.28580990629 5.85609103079 2.58969210174 0.00736278447122 40.7175368139 6.31325301205 ;
63.8340101523 3.64086294416 2.67360406091 0.868781725888 0.893401015228 4.09923857868 0.311675126904 ;
58.7697478992 3.28851540616 5.12773109244 2.20224089636 0.0179271708683 32.8845938375 4.84481792717 ;
50.5415407855 3.06017119839 1.77316213494 0.510070493454 0.673464249748 3.08131923464 0.175478348439 ;
60.4411764706 3.32941176471 9.78235294118 5.01176470588 0.0 80.5941176471 15.1882352941 ;
52.0833333333 2.92297979798 3.47011784512 1.33333333333 0.103535353535 18.9465488215 2.46843434343 ;
57.8630653266 3.27135678392 6.95477386935 3.30653266332 0.00376884422111 52.4183417085 8.67085427136 ;
78.4671052632 4.56997607656 2.98983253589 1.09150717703 0.977272727273 5.33911483254 0.487440191388 ;
61.5688298918 3.52605703048 2.3947885939 0.766715830875 0.880776794494 3.3901179941 0.212881022616 ;
55.229626656 3.06864712967 3.81372942593 1.471296668 0.103171417102 20.4106784424 2.71256523485 ;
59.6033182504 3.31070889894 7.12368024133 3.38612368024 0.00452488687783 53.6817496229 8.94117647059 ;
49.0486364914 2.97919595164 1.85015462468 0.559460219286 0.596007871802 4.18920438572 0.321900477931 ;
76.5201465201 4.4445970696 3.03708791209 1.08195970696 0.977564102564 5.19551282051 0.470238095238 ;
56.4764631043 3.21437659033 5.2665394402 2.28880407125 0.00763358778626 35.5407124682 5.31870229008 ;
59.7670454545 3.32954545455 9.74431818182 4.98295454545 0.0 80.2045454545 15.0738636364 ;
66.0618401207 3.75656108597 2.71915535445 0.894720965309 0.941478129713 3.85912518854 0.275716440422 ;
59.8157453936 3.30820770519 8.10217755444 3.98827470687 0.00167504187605 64.0569514238 11.2931323283 ;
56.6269610691 3.22370714701 5.49854735619 2.41196978501 0.00813480534573 37.5496804184 5.7083091226 ;
56.6246193997 3.1296215746 3.92040017399 1.52457590257 0.0917790343628 21.2148760331 2.84471509352 ;
46.6157635468 2.88615216201 2.36945812808 0.818281335523 0.407772304324 8.6288998358 0.907498631637 ;
53.8489740082 3.16771545828 1.77674418605 0.511080711354 0.752120383037 2.42845417237 0.0984952120383 ;
80.2752505783 4.70624518119 3.10177332305 1.14957594449 0.978411719352 5.69545104086 0.538936006168 ;
61.3233926129 3.50287277702 2.19343365253 0.697674418605 0.902599179207 2.68727770178 0.111354309166 ;
59.2857142857 3.31329288472 5.28019856591 2.28185328185 0.0176503033646 34.1047986762 5.08218422504 ;
76.0332182916 4.40465918896 3.03321829163 1.08110440035 0.973252804142 5.12381363244 0.462036238136 ;
48.7672266027 2.98560164553 1.61158724717 0.444634898869 0.645183407611 2.8594446349 0.146383270483 ;
59.095357591 3.30363864492 7.75282308657 3.76035131744 0.00376411543287 60.0677540778 10.3977415307 ;
57.3702570379 3.25336597307 3.79804161567 1.3023255814 0.345777233782 13.435128519 1.63341493268 ;
49.1306277743 2.82054533925 3.46607482562 1.42168674699 0.0462904248573 22.041851617 2.95624603678 ;
78.5390334572 4.60408921933 2.8990086741 1.04770755886 1.02540272615 4.51920693928 0.364312267658 ;
57.5959866221 3.25819397993 5.81672240803 2.57056856187 0.00735785953177 40.5010033445 6.2762541806 ;
50.6576987749 3.06629834254 1.84434302186 0.541196252702 0.661061734326 3.43430218592 0.217151092962 ;
59.3297180043 3.31019522777 8.46420824295 4.21908893709 0.00216919739696 67.6529284165 12.1106290672 ;
49.4997383569 2.82836211408 3.5180533752 1.4191522763 0.0685504971219 21.1705913134 2.83307169021 ;
63.6103714085 3.47792571829 4.35318850736 1.67274001402 0.140854940434 21.216538192 2.87946741416 ;
63.7277472527 3.61675824176 2.55027472527 0.831318681319 0.922802197802 3.40604395604 0.207692307692 ;
53.3956861287 2.99107474898 3.68203793232 1.45518780216 0.0870211974712 20.7605057642 2.7653402752 ;
60.7878063359 3.46622833234 2.34518828452 0.744471010161 0.868499701136 3.33293484758 0.200537955768 ;
59.1218181818 3.29090909091 8.21272727273 4.05818181818 0.00181818181818 65.2690909091 11.5672727273 ;
84.9449685535 5.00628930818 2.8034591195 1.08176100629 1.02672955975 4.76572327044 0.389937106918 ;
49.4145856981 3.00539160045 1.78178206583 0.524971623156 0.625993189557 3.56640181612 0.235527809308 ;
58.4735002912 3.2894583576 5.65870704718 2.46884100175 0.0110658124636 37.9732090856 5.7961560862 ;
71.3148065807 4.11382836816 3.17029791018 1.08670520231 0.929746554024 5.68474877723 0.550466874166 ;
53.7843450479 3.08040468584 3.42864749734 1.21831735889 0.299254526092 13.1427050053 1.56975505857 ;
58.3006644518 3.25747508306 8.03322259136 3.96511627907 0.00166112956811 63.9850498339 11.280730897 ;
78.0857142857 4.57257142857 3.12971428571 1.12857142857 0.980571428571 5.62342857143 0.530285714286 ;
52.8116169545 2.9748822606 3.94243851387 1.64939822083 0.0272108843537 25.0266875981 3.46310832025 ;
60.4305459572 3.37525915688 5.79751209399 2.51693158258 0.0172771250864 38.1478921907 5.82653766413 ;
50.350311262 3.04527447651 1.60158460668 0.432654216186 0.690152801358 2.40407470289 0.0874363327674 ;
63.9130677069 3.63527444971 2.46252438005 0.803566453051 0.923655614377 3.31429367512 0.198383950961 ;
57.3748317631 3.25572005384 6.15410497981 2.77388963661 0.00605652759085 43.8714670256 6.95289367429 ;
49.8637510513 3.01401738155 1.68208578638 0.48023549201 0.642556770395 3.03504345388 0.172694140735 ;
75.600252738 4.35973041281 2.77422072452 0.993681550126 0.993260320135 4.15585509688 0.318449873631 ;
63.652639087 3.46718972896 4.49786019971 1.79885877318 0.086305278174 23.9001426534 3.2967189729 ;
60.2067669173 3.3045112782 9.07894736842 4.63157894737 0.0 74.7518796992 13.7518796992 ;
61.3270457698 3.54507628294 2.70624133148 0.860471567268 0.885714285714 4.18030513176 0.313176144244 ;
49.4798607658 2.81800099453 3.46345101939 1.39582297364 0.0681253107907 20.94082546 2.79661859771 ;
58.9153846154 3.30164835165 5.53461538462 2.42527472527 0.0104395604396 37.3082417582 5.67692307692 ;
50.5139442231 3.05976095618 1.6640936255 0.493774900398 0.648157370518 3.22435258964 0.191235059761 ;
52.582535427 2.95021064726 3.42857142857 1.38299502106 0.0639601685178 20.4377633091 2.71198774416 ;
62.7275985663 3.68817204301 16.6308243728 3.95698924731 2.91397849462 6.72043010753 0.573476702509 ;
78.3828775268 4.58085612366 2.75386444709 1.03567181926 0.953626634958 5.30439952438 0.488109393579 ;
58.9818181818 3.28727272727 8.19818181818 4.05454545455 0.00181818181818 65.2709090909 11.5690909091 ;
63.7564614975 3.61950439648 2.04742872369 0.738875566214 0.773514521716 4.14335198508 0.322941646683 ;
59.9170918367 3.32397959184 7.77678571429 3.77423469388 0.00255102040816 60.137755102 10.4183673469 ;
59.772987013 3.44311688312 2.26077922078 0.716883116883 0.853766233766 3.20103896104 0.182597402597 ;
52.1666666667 2.92502387775 3.53724928367 1.35434574976 0.0955109837631 19.4670487106 2.5582617001 ;
74.8285132383 4.31242362525 2.81018329939 0.980448065173 1.04725050916 3.52097759674 0.226883910387 ;
55.4198286414 3.17380660955 5.2270501836 2.28947368421 0.00734394124847 35.6652386781 5.34577723378 ;
68.6820083682 3.82635983264 4.50209205021 1.7039748954 0.246861924686 19.3043933054 2.5910041841 ;
48.3948264125 2.96392103472 1.77705922396 0.519060585432 0.613342409803 3.69196732471 0.251872021784 ;
63.6836703894 3.59311801992 2.37881074555 0.775731964986 0.944763054633 2.79806821612 0.133413824328 ;
57.6354497354 3.24761904762 5.33492063492 2.32751322751 0.00952380952381 35.6333333333 5.35291005291 ;
58.9337260677 3.29455081001 7.89396170839 3.87039764359 0.00147275405007 62.3372606775 10.8983799705 ;
49.3722549545 2.79378682378 3.24370648099 1.28762720943 0.0824852704874 18.9753615426 2.45956079272 ;
78.3589435774 4.59843937575 3.02040816327 1.07683073229 1.04081632653 4.58703481393 0.373949579832 ;
50.6728757336 3.08037764736 1.78514927277 0.50599642766 0.688440928808 2.94462873182 0.160755294718 ;
63.3260711692 3.55700798838 4.18663761801 1.50980392157 0.272331154684 16.6347131445 2.12999273784 ;
57.0005529954 3.30138248848 2.04 0.616405529954 0.809769585253 2.76866359447 0.136589861751 ;
64.5411931818 3.5078125 4.51420454545 1.76065340909 0.120028409091 22.7350852273 3.13778409091 ;
59.8278145695 3.32450331126 9.96026490066 5.11258278146 0.0 82.178807947 15.5695364238 ;
74.7394285714 4.33714285714 2.87657142857 1.00914285714 1.0140952381 4.13485714286 0.315428571429 ;
52.1202961135 2.99876619371 4.61320172733 1.96483652067 0.0129549660703 30.9235040099 4.47995064775 ;
48.3128469469 2.91475019826 2.63639968279 0.918318794607 0.34179222839 10.7545598731 1.22521808089 ;
59.2106360792 3.31386861314 6.8488008342 3.24504692388 0.00312825860271 51.0062565172 8.39103232534 ;
61.9948742983 3.5538198682 2.50427141811 0.805955577252 0.876739077374 3.73810104955 0.259702221137 ;
64.1520467836 3.47880116959 4.60014619883 1.88230994152 0.0745614035088 25.1323099415 3.51388888889 ;
49.5114388922 3.02558699579 1.75436484046 0.492173389524 0.667670078266 2.99428055388 0.166767007827 ;
60.2653927813 3.34182590234 8.4118895966 4.1889596603 0.00212314225053 67.2377919321 12.0233545648 ;
55.3214793741 3.18349928876 5.76742532006 2.56258890469 0.00640113798009 40.533428165 6.27240398293 ;
50.1881616939 2.83397497594 3.39316650626 1.31905678537 0.0967276227141 19.0052935515 2.47401347449 ;
77.0716099543 4.47790756729 2.87963433215 1.02996444896 1.00914169629 4.40020314881 0.349923819198 ;
47.8645874457 2.96288985393 1.75759968417 0.491906829846 0.625345440189 3.36675878405 0.207264113699 ;
59.1411643483 3.29829984544 5.24987120041 2.27047913447 0.0185471406491 33.8876867594 5.0360638846 ;
79.4309278351 4.60274914089 2.98556701031 1.09690721649 0.996563573883 5.06391752577 0.445360824742 ;
58.0768261965 3.28463476071 7.71158690176 3.74811083123 0.00377833753149 60.1171284635 10.4105793451 ;
51.9829351536 2.91083617747 3.48336177474 1.34556313993 0.0998293515358 19.2320819113 2.51962457338 ;
66.5643815742 3.82335872325 2.93289807762 0.970257526297 0.907508161045 4.94160319188 0.430177729416 ;
57.2764114998 3.30793210946 2.0135088327 0.624523727052 0.7970211292 2.89227571874 0.149289920333 ;
50.1064066852 3.05264623955 1.77548746518 0.498885793872 0.681058495822 2.95013927577 0.162395543175 ;
56.6103286385 3.23708920188 5.59272300469 2.46009389671 0.00762910798122 38.426056338 5.8720657277 ;
77.3141499472 4.53009503696 2.91499472017 1.04329461457 1.03379091869 4.35110876452 0.336853220697 ;
59.677480916 3.30534351145 8.27671755725 4.10114503817 0.00190839694656 65.8950381679 11.715648855 ;
62.5624659029 3.56492089471 2.45526459356 0.792144026187 0.904255319149 3.28314238953 0.193398799782 ;
49.6525679758 2.80664652568 3.35448136959 1.3136958711 0.101208459215 18.7764350453 2.43001007049 ;
64.1633259094 3.4862657758 4.26726057906 1.65998515219 0.13140311804 21.0051967335 2.84780994803 ;
57.2844243792 3.15349887133 3.66027088036 1.35440180587 0.14841986456 17.579006772 2.26636568849 ;
65.9931450507 3.76967370441 2.71209213052 0.890595009597 0.955031532767 3.74307650123 0.259117082534 ;
51.3645078824 3.08095440988 1.83553472518 0.546442266723 0.674265019173 3.37388155092 0.211972731146 ;
57.8325526932 3.28220140515 7.59836065574 3.68735362998 0.00351288056206 59.0456674473 10.1768149883 ;
48.2048997773 2.81959910913 3.91833704529 1.66592427617 0.0304380103935 26.426874536 3.713437268 ;
81.109540636 4.75971731449 2.98674911661 1.10777385159 0.992932862191 5.16077738516 0.456713780919 ;
62.4624505929 3.43003952569 5.55889328063 2.36916996047 0.0245059288538 34.7486166008 5.19446640316 ;
50.8348235294 2.85882352941 3.35529411765 1.272 0.117647058824 17.9129411765 2.29882352941 ;
59.899339934 3.31848184818 8.09075907591 3.96864686469 0.0016501650165 63.8151815182 11.2326732673 ;
64.1251263903 3.65495449949 2.61501516684 0.853134479272 0.905207280081 3.79044489383 0.267947421638 ;
50.6654703922 3.07972314791 1.78646500897 0.504229684696 0.692642912074 2.89823122276 0.155344783389 ;
79.3466850829 4.6408839779 2.89364640884 1.05870165746 1.02071823204 4.66505524862 0.383287292818 ;
64.7749803304 3.51219512195 4.72541306058 1.95751376869 0.0700236034618 26.2132179386 3.69630212431 ;
53.8254985755 3.12179487179 5.43447293447 2.41168091168 0.00641025641026 37.9978632479 5.78774928775 ;
50.0828541558 3.03188708834 1.85703084161 0.542864610559 0.65368531103 3.46001045478 0.220334553058 ;
57.1157337368 3.24432677761 6.08850226929 2.74810892587 0.0052950075643 43.6633888048 6.89561270802 ;
64.1983532934 3.49550898204 4.68038922156 1.88323353293 0.0875748502994 24.9700598802 3.48053892216 ;
62.9022311356 3.59363248935 2.50238154926 0.813988468288 0.877162196039 3.74053647531 0.260716971672 ;
50.2633783155 2.855746859 3.54071661238 1.40949278734 0.0767798976268 21.0814332248 2.82922289437 ;
77.9372504278 4.55276668568 2.95322304621 1.05647461495 1.03822019395 4.45636052481 0.354249857387 ;
59.5 3.31547619048 8.92261904762 4.47321428571 0.00297619047619 71.7291666667 13.056547619 ;
49.3941241685 3.00415742794 1.78880266075 0.532427937916 0.619179600887 3.75471175166 0.263303769401 ;
59.0782361309 3.33143669986 6.20910384068 2.78378378378 0.00853485064011 43.7112375533 6.92389758179 ;
76.5509345794 4.44112149533 2.84112149533 1.03037383178 0.978971962617 4.58971962617 0.378504672897 ;
49.7945205479 2.87899543379 3.85673515982 1.62100456621 0.0313926940639 25.3242009132 3.50970319635 ;
60.6961053209 3.30170049369 4.0 1.50466264399 0.157432803072 18.7504114098 2.4690071311 ;
61.7566467716 3.5415084102 2.48643516007 0.780792186652 0.929462832339 3.08844275638 0.169560499186 ;
60.2060810811 3.31756756757 9.10472972973 4.58108108108 0.00337837837838 73.3040540541 13.402027027 ;
48.2375160051 2.77080665813 3.28361075544 1.34122919334 0.0608194622279 20.4186939821 2.6933418694 ;
63.9008905487 3.62711864407 2.46136167768 0.798908359667 0.949439816145 2.95575983913 0.151967825338 ;
59.7887596899 3.31201550388 8.30620155039 4.11240310078 0.00193798449612 66.0930232558 11.7558139535 ;
57.9367088608 3.27373417722 5.54008438819 2.42827004219 0.00896624472574 37.5210970464 5.71308016878 ;
50.5530129672 3.06509026189 1.77345537757 0.507500635647 0.678108314264 3.01728960081 0.168065090262 ;
60.8160851567 3.3542282673 4.02306327617 1.46540508575 0.220579538734 17.1111768185 2.19929036073 ;
78.6102941176 4.61335784314 3.00735294118 1.09129901961 1.01225490196 5.04289215686 0.443014705882 ;
51.5162975865 3.09853197313 1.7148544414 0.467778054242 0.72281662105 2.37820353322 0.0883304304553 ;
64.0291193182 3.46732954545 5.12286931818 2.16264204545 0.0419034090909 30.4467329545 4.44815340909 ;
79.9245705751 4.69678864824 3.02539208364 1.10604929052 1.02016430172 4.95145631068 0.421209858103 ;
65.2272972973 3.72108108108 2.70567567568 0.887837837838 0.913513513514 4.13351351351 0.314054054054 ;
58.3654524089 3.27967097532 7.60869565217 3.69800235018 0.00352526439483 59.1280846063 10.196239718 ;
51.4571428571 2.9313283208 3.15839598997 1.16591478697 0.189473684211 14.7483709273 1.80551378446 ;
50.4353109364 2.92709077913 4.45318084346 1.92494639028 0.0135811293781 30.2837741244 4.37026447462 ;
57.5380694489 3.32844855049 2.12265052565 0.661675692896 0.786874800892 3.28448550494 0.195922268238 ;
58.5511551155 3.30165016502 5.88514851485 2.59471947195 0.00858085808581 40.6277227723 6.29570957096 ;
80.8869198312 4.73670886076 3.0582278481 1.13924050633 0.968776371308 5.7164556962 0.547679324895 ;
54.2630624093 3.02431059507 3.8679245283 1.55370101597 0.0693033381713 22.4499274311 3.043904209 ;
59.3963963964 3.29954954955 8.51126126126 4.24324324324 0.00225225225225 68.1396396396 12.2387387387 ;
67.5951960438 3.85941363476 2.92511480042 0.971741434122 0.940657011657 4.64252914165 0.389968209113 ;
47.8673002464 2.93453009504 1.84794086589 0.556846180922 0.571629707849 4.41921858501 0.354804646251 ;
47.8934535738 2.92752171009 1.96893787575 0.623246492986 0.530394121576 5.52204408818 0.505678022712 ;
59.5969551282 3.33974358974 6.13301282051 2.74358974359 0.00721153846154 42.9030448718 6.75 ;
74.4628190899 4.3222345542 2.88309285979 1.01072881983 1.03144654088 3.99630040696 0.293007769145 ;
59.0810126582 3.29620253165 8.65569620253 4.32405063291 0.00253164556962 69.6632911392 12.5670886076 ;
51.4301646309 2.93733404142 4.06797663303 1.7004779607 0.0217737652682 26.3961763144 3.68242166755 ;
58.8208269525 3.37570188872 2.11179173047 0.65033180194 0.854517611026 2.67534456355 0.1202143951 ;
62.9038216561 3.47197452229 4.12611464968 1.51401273885 0.213375796178 17.7566878981 2.31719745223 ;
77.004002001 4.49424712356 3.008004002 1.06703351676 1.01700850425 4.60380190095 0.377188594297 ;
55.3663967611 3.18151147099 5.69230769231 2.52496626181 0.00607287449393 39.7631578947 6.14170040486 ;
61.9670275591 3.54404527559 2.43331692913 0.787401574803 0.873523622047 3.60408464567 0.241387795276 ;
60.0826612903 3.33467741935 8.33064516129 4.14112903226 0.00201612903226 66.5846774194 11.8629032258 ;
49.4747720365 3.02158054711 1.73434650456 0.484802431611 0.663829787234 2.95835866261 0.162613981763 ;
50.2189817103 2.83835887296 3.34849233811 1.29164607019 0.10627780524 18.487394958 2.38704893722 ;
63.7126013265 3.45394252027 4.58585114223 1.8570375829 0.0869565217391 24.702284451 3.42815033161 ;
65.1217416213 3.72300200516 2.66055571469 0.881122887425 0.901174448582 4.10799197938 0.309653394443 ;
58.8946478873 3.3014084507 5.77464788732 2.53126760563 0.0112676056338 39.0349295775 6.00281690141 ;
58.9505617978 3.29887640449 8.50786516854 4.23820224719 0.00224719101124 68.1101123596 12.2157303371 ;
53.9133308851 3.01248622842 3.70657363202 1.46933529196 0.0866691149467 21.0686742563 2.81637899376 ;
79.2721179625 4.60790884718 3.03150134048 1.10857908847 0.989946380697 5.31032171582 0.482573726542 ;
46.2591792657 2.87203023758 1.68628509719 0.526457883369 0.495140388769 4.77105831533 0.397948164147 ;
54.4081145585 3.20627344016 2.08319127174 0.604159563587 0.788612342312 2.861575179 0.149676099557 ;
61.7061068702 3.67557251908 17.2519083969 4.11450381679 2.95038167939 7.17175572519 0.648854961832 ;
68.623357116 3.89598197522 2.3383402178 0.848291400676 0.837025910627 4.63612467142 0.399173864063 ;
58.8724832215 3.30126771066 7.01267710664 3.33035048471 0.00372856077554 52.5794183445 8.81208053691 ;
47.8853179973 2.92929634641 1.75744248985 0.552435723951 0.534844384303 4.88599458728 0.422868741543 ;
55.2208491762 3.07858048162 4.04594423321 1.6628643853 0.0320025348542 25.2981622307 3.52281368821 ;
57.9338103757 3.34913536076 1.84287418008 0.617471675611 0.734347048301 3.50626118068 0.23106738223 ;
82.1726251277 4.85495403473 2.93871297242 1.12563840654 0.978549540347 5.80286006129 0.555669050051 ;
48.9680189517 2.98134438851 1.81433224756 0.542789458099 0.606455433817 3.95706248149 0.291679005034 ;
61.0999315537 3.39698836413 5.71594798084 2.47501711157 0.0150581793292 37.2080766598 5.65366187543 ;
75.2495017935 4.35671582304 2.9170984456 1.0310880829 0.999601434835 4.4204862495 0.355520127541 ;
60.5932678822 3.48274894811 2.30939691445 0.726227208976 0.894249649369 2.94081346424 0.148667601683 ;
58.3338709677 3.26612903226 7.99193548387 3.94032258065 0.00161290322581 63.5838709677 11.185483871 ;
59.6779761905 3.27321428571 3.8630952381 1.41964285714 0.175 17.693452381 2.29047619048 ;
48.4109406271 2.81787858572 3.80120080053 1.60373582388 0.0326884589726 25.3589059373 3.52701801201 ;
48.2873021219 2.95688784102 1.78174469518 0.523745368811 0.605591108117 3.82923543281 0.275176827215 ;
58.8326612903 3.27822580645 8.33669354839 4.13911290323 0.00201612903226 66.6592741935 11.8830645161 ;
55.3888663145 3.08533116619 3.66151970744 1.38480292564 0.124746038196 18.8971962617 2.46972775295 ;
75.4299439552 4.37229783827 2.98759007206 1.06325060048 0.974379503603 4.93554843875 0.430744595677 ;
63.1148409894 3.46113074205 5.95759717314 2.60070671378 0.0141342756184 39.0627208481 6.00530035336 ;
60.293598234 3.46112337503 2.29605101791 0.724307088545 0.869511896002 3.13686534216 0.175619327937 ;
49.9972170686 2.94712430427 4.79499072356 2.12244897959 0.00834879406308 33.5658627087 4.97031539889 ;
61.3318273092 3.51757028112 2.35291164659 0.744728915663 0.902359437751 2.99472891566 0.157379518072 ;
56.8083102493 3.20443213296 5.0243767313 2.16398891967 0.0127423822715 32.6027700831 4.78504155125 ;
76.4612932605 4.44307832423 3.03460837887 1.0810564663 0.984517304189 5.09517304189 0.453551912568 ;
57.3474240423 3.25495376486 6.75825627477 3.1677675033 0.00396301188904 50.1268163804 8.2034346103 ;
55.564806867 3.08540772532 3.61459227468 1.34506437768 0.13347639485 18.3008583691 2.369527897 ;
48.7455463183 2.9723871734 1.80344418052 0.541567695962 0.598574821853 4.09055819477 0.312648456057 ;
61.2361623616 3.34686346863 9.05535055351 4.62730627306 0.0 74.2693726937 13.6273062731 ;
59.4954545455 3.32922077922 5.68311688312 2.47922077922 0.00974025974026 38.2246753247 5.83116883117 ;
63.015795207 3.59286492375 2.39215686275 0.774509803922 0.923202614379 2.95969498911 0.154139433551 ;
77.8763858093 4.55654101996 3.07705099778 1.10088691796 1.01441241685 5.0421286031 0.442350332594 ;
59.75 3.28296703297 3.88736263736 1.43076923077 0.191208791209 17.3774725275 2.24340659341 ;
49.8917851501 3.02317008952 1.80753027909 0.52738283307 0.650605581885 3.4505002633 0.220905739863 ;
58.7326388889 3.28125 8.13020833333 4.01215277778 0.00173611111111 64.6267361111 11.4288194444 ;
48.5489673551 2.82411725516 3.63957361759 1.52631578947 0.0366422385077 23.7654896736 3.25649566955 ;
61.3574879227 3.40177133655 5.76006441224 2.48148148148 0.0177133655395 37.5201288245 5.69645732689 ;
60.3304597701 3.4846743295 2.52466475096 0.80004789272 0.855124521073 3.98156130268 0.290948275862 ;
60.4083333333 3.36666666667 10.25 5.31666666667 0.0 84.9583333333 16.3833333333 ;
75.0310841547 4.33510235027 2.97915087187 1.05913570887 0.950720242608 5.18195602729 0.470432145565 ;
48.6283783784 2.9398034398 1.73802211302 0.523955773956 0.566953316953 4.10841523342 0.317567567568 ;
53.2251407129 2.98311444653 3.8469043152 1.55497185741 0.0604127579737 23.0198874296 3.13771106942 ;
56.8990228013 3.23615635179 7.28990228013 3.50488599349 0.00325732899023 56.4201954397 9.51791530945 ;
59.9349544073 3.33009118541 5.38419452888 2.31246200608 0.0182370820669 34.5896656535 5.16656534954 ;
49.5600340619 3.00567697985 1.78541016179 0.517172864036 0.641782571672 3.36701674709 0.209764405336 ;
61.9063829787 3.54443053817 2.52991239049 0.810012515645 0.86733416771 3.92690863579 0.286858573217 ;
57.6839160839 3.26993006993 7.21258741259 3.45454545455 0.0041958041958 55.3104895105 9.27272727273 ;
52.2067039106 2.93335993615 3.58699122107 1.41181165204 0.0845969672785 20.4305666401 2.71268954509 ;
76.3811030741 4.44032549729 2.97920433996 1.07233273056 0.966998191682 5.17043399638 0.463381555154 ;
60.0347826087 3.37391304348 10.2869565217 5.34782608696 0.0 85.4434782609 16.5217391304 ;
50.5046082949 2.87373271889 3.65115207373 1.45898617512 0.0663594470046 22.0866359447 2.98801843318 ;
59.7799779978 3.44719471947 2.57535753575 0.811056105611 0.834708470847 4.26540154015 0.3300330033 ;
57.9817629179 3.26747720365 7.40324214792 3.57548125633 0.00303951367781 57.0354609929 9.74873353597 ;
82.6295454545 4.94886363636 3.30795454545 1.20909090909 1.00340909091 6.06136363636 0.575 ;
48.9300246609 2.97379778052 1.70622688039 0.503082614057 0.600493218249 3.60080147965 0.241676942047 ;
61.8341614907 3.3900621118 5.12670807453 2.16086956522 0.0329192546584 31.3844720497 4.60186335404 ;
70.1753663004 3.97023809524 2.69184981685 0.93315018315 0.935897435897 4.20512820513 0.335164835165 ;
60.6660645161 3.49032258065 2.39974193548 0.764129032258 0.865032258065 3.51974193548 0.224516129032 ;
56.614655717 3.21794061908 5.68603916614 2.5072646873 0.00631711939356 39.4510423247 6.07896399242 ;
50.7236842105 2.86433756806 3.47323049002 1.36842105263 0.0884754990926 19.8833938294 2.61842105263 ;
66.0446096654 3.59572490706 4.58550185874 1.80204460967 0.131970260223 22.3856877323 3.06226765799 ;
75.46263644 4.36607892527 2.85894206549 1.00755667506 1.01973131822 4.03316540722 0.301007556675 ;
59.7281947262 3.32251521298 8.37931034483 4.16024340771 0.00202839756592 66.7200811359 11.8945233266 ;
48.9615881214 2.99774047773 1.72466107166 0.49096191091 0.639444803099 3.21465461588 0.192704970949 ;
57.9733441034 3.2689822294 6.20355411955 2.8239095315 0.0032310177706 44.7778675283 7.12197092084 ;
62.0845035105 3.56243731194 2.52908726179 0.812688064193 0.88590772317 3.78234704112 0.264794383149 ;
76.7224586288 4.45153664303 2.98865248227 1.07044917258 0.967375886525 5.13806146572 0.460992907801 ;
59.3006329114 3.29430379747 8.96518987342 4.51898734177 0.00316455696203 72.5411392405 13.2405063291 ;
49.5403050109 2.82407407407 3.1334422658 1.20642701525 0.12091503268 16.9667755991 2.13834422658 ;
58.7510245902 3.25358606557 4.5794057377 1.89344262295 0.0512295081967 26.762807377 3.76485655738 ;
49.7345376607 3.02510716473 1.70269442743 0.464482547459 0.674831598285 2.68156766687 0.131659522352 ;
49.5077220077 2.92760617761 4.80115830116 2.15154440154 0.00675675675676 34.1052123552 5.08011583012 ;
64.2574654956 3.67101631117 2.61706398996 0.854705144291 0.90539523212 3.85646173149 0.277540777917 ;
53.1289921195 2.97096640398 3.40439651597 1.27208627126 0.140190792202 17.31231854 2.20033181253 ;
59.0991304348 3.29217391304 8.14086956522 4.01217391304 0.00173913043478 64.6347826087 11.4260869565 ;
63.0964467005 3.45105148658 5.56707759246 2.4053662074 0.0232052211748 34.9434372734 5.2385786802 ;
50.5289968652 3.0671368861 1.73955067921 0.487983281087 0.689655172414 2.79989550679 0.14263322884 ;
79.2084168337 4.61456245825 3.03607214429 1.11088844355 0.991315965264 5.30928523714 0.482965931864 ;
60.9566395664 3.45377898223 1.89491117133 0.613971695273 0.869617585065 2.28304727492 0.0551038843722 ;
59.1328555678 3.30871003308 5.68467475193 2.49228224917 0.0104740904079 38.289415656 5.87045203969 ;
51.0318118949 2.88566159521 3.53434762563 1.4398340249 0.0539419087137 21.7487321346 2.92023974182 ;
76.8109037328 4.43860510806 2.71168958743 0.990176817289 1.00540275049 4.12917485265 0.310903732809 ;
49.1067466267 2.9904047976 1.80509745127 0.533133433283 0.622788605697 3.68725637181 0.249175412294 ;
59.2632696391 3.30785562633 8.43312101911 4.1974522293 0.00212314225053 67.3694267516 12.0488322718 ;
63.8843450479 3.72332268371 4.7214057508 1.53546325879 0.614057507987 12.6594249201 1.55399361022 ;
70.8009377664 4.03026427962 2.82139812447 0.977408354646 0.939045183291 4.57800511509 0.38789428815 ;
51.4023141967 2.89853137517 3.57988429016 1.41967067201 0.0698709390298 21.2091677793 2.83800623053 ;
60.2626754512 3.47464909768 2.59581781724 0.825264967058 0.826697221427 4.51417931825 0.363792609567 ;
58.6375838926 3.27852348993 8.06711409396 3.97986577181 0.00167785234899 64.1510067114 11.322147651 ;
49.2828047716 2.98487052662 1.76403840559 0.516147803317 0.619435554262 3.51876636602 0.231015420425 ;
59.8124014714 3.33420914346 5.5197057278 2.39621650026 0.0215449290594 35.8349973726 5.40882816605 ;
84.3835021708 5.02170767004 3.0 1.13892908828 1.00289435601 5.47178002894 0.499276410999 ;
48.9185918592 2.79702970297 3.41364136414 1.35863586359 0.0819581958196 20.0291529153 2.64136413641 ;
61.5115911486 3.52871443625 2.47708113804 0.793466807165 0.870389884089 3.74183350896 0.258693361433 ;
59.0026809651 3.28418230563 8.7345844504 4.38337801609 0.00268096514745 70.3967828418 12.745308311 ;
57.6001583531 3.26524148852 6.10292953286 2.74505146477 0.0055423594616 43.4908946952 6.85352335709 ;
75.9338235294 4.40008650519 2.92820069204 1.04238754325 0.980968858131 4.69852941176 0.396626297578 ;
61.481678487 3.35520094563 4.48877068558 1.82092198582 0.0661938534279 25.1625295508 3.51536643026 ;
49.6577957767 3.02198437952 1.80300838878 0.515475846109 0.656349435927 3.24472085623 0.196123806769 ;
58.1820851689 3.25354870289 4.9554576603 2.12187958884 0.0239843367597 31.3210964268 4.56387665198 ;
49.1102598268 2.99500333111 1.65323117921 0.45236508994 0.650566289141 2.76548967355 0.143904063957 ;
59.7021276596 3.3085106383 9.62234042553 4.92553191489 0.0 79.3723404255 14.8829787234 ;
75.4372 4.3752 3.0192 1.0764 0.9496 5.3468 0.488 ;
61.0383741479 3.50568038374 2.47361777329 0.783892956324 0.878566018682 3.64453420853 0.24640242363 ;
51.2230380909 2.88572739789 3.29371271225 1.24644332263 0.115190454337 17.6117485085 2.24460761817 ;
58.4033412888 3.28639618138 6.86634844869 3.25298329356 0.0035799522673 51.392601432 8.46778042959 ;
49.2171824973 2.82870864461 3.17395944504 1.19797225187 0.157417289221 16.0875133404 2.00213447172 ;
59.4463276836 3.31920903955 7.92231638418 3.85875706215 0.00282485875706 61.6935028249 10.7528248588 ;
66.8802880288 3.799579958 2.71947194719 0.897089708971 0.974797479748 3.49924992499 0.224122412241 ;
63.7587188612 3.45409252669 4.21779359431 1.63060498221 0.129537366548 20.6604982206 2.78647686833 ;
52.4459252786 3.15687131309 1.80227223072 0.512344330347 0.738038016168 2.64496395019 0.118855145292 ;
55.2991869919 3.15447154472 5.19512195122 2.28292682927 0.00758807588076 35.3609756098 5.30406504065 ;
82.1011351909 4.83900928793 2.88132094943 1.07533539732 1.02167182663 4.74097007224 0.392156862745 ;
59.5879332478 3.31450577664 7.78562259307 3.78177150193 0.00385109114249 60.3016688062 10.4544287548 ;
50.921005386 3.07668632983 1.67863554758 0.467042831495 0.692228776609 2.62400615542 0.124647345473 ;
65.5634390651 3.5325542571 4.6694490818 1.90317195326 0.0792988313856 25.1026711185 3.52420701169 ;
63.6856071532 3.64349581771 2.67695413903 0.868474185175 0.920392269974 3.79059705798 0.263340063455 ;
50.7762830095 2.87842551071 3.28898854011 1.21574489287 0.153961136024 16.437468859 2.05281514699 ;
53.1983780412 3.07361197754 5.03368683718 2.21334996881 0.008109794136 34.5502183406 5.14660012477 ;
77.9032992036 4.53924914676 2.85437997725 1.03014789534 1.02389078498 4.35949943117 0.342434584755 ;
61.6479095451 3.53142256114 2.45858532737 0.785432553247 0.882724165133 3.53957402051 0.231396266106 ;
58.4553846154 3.29076923077 7.24923076923 3.45538461538 0.00461538461538 55.1969230769 9.25538461538 ;
53.2178640777 2.97048543689 3.5654368932 1.38213592233 0.101747572816 19.5075728155 2.56349514563 ;
58.2194285714 3.27428571429 5.33714285714 2.31142857143 0.0142857142857 35.0102857143 5.23428571429 ;
75.9718550107 4.39829424307 3.02388059701 1.07931769723 0.955650319829 5.29680170576 0.486567164179 ;
49.450377249 3.01479976785 1.7637840975 0.509576320371 0.644805571677 3.31253627394 0.202553685432 ;
59.9929577465 3.34507042254 10.0070422535 5.16197183099 0.0 82.985915493 15.7816901408 ;
63.0741249142 3.44131777625 4.49347975292 1.77419354839 0.098833218943 23.5140700069 3.24365133837 ;
61.543556701 3.53273195876 2.50257731959 0.797680412371 0.885309278351 3.67087628866 0.246649484536 ;
76.2794720073 4.41055985435 2.8620846609 1.02412380519 0.991351843423 4.43104233045 0.358215748748 ;
59.3880266075 3.30376940133 8.49889135255 4.23725055432 0.00221729490022 67.9356984479 12.1862527716 ;
49.5349900029 3.01399600114 1.78206226792 0.522136532419 0.630391316767 3.48071979434 0.223364752928 ;
49.40830268 2.82133473463 3.52811350499 1.41671045717 0.0719915922228 21.1397792958 2.83289542827 ;
57.4417549168 3.25567322239 5.93192133132 2.64145234493 0.00605143721634 41.7299546142 6.50378214826 ;
49.0658753709 2.83738872404 3.60059347181 1.49258160237 0.0415430267062 23.0872403561 3.1353115727 ;
61.1453647833 3.49780581459 2.2281952825 0.707624794295 0.90756993966 2.68815139879 0.116291826659 ;
60.3623649078 3.34710743802 5.51366815003 2.38461538462 0.013986013986 35.9141767324 5.41830896376 ;
76.164957646 4.42131074454 2.98573339278 1.05572893446 1.00980829247 4.52385198395 0.370931787784 ;
60.2711864407 3.355304457 3.8549905838 1.37413684871 0.254237288136 15.7897049592 1.99058380414 ;
48.9630541872 2.9849137931 1.789408867 0.520012315271 0.627155172414 3.55942118227 0.23645320197 ;
58.0885200553 3.27800829876 7.82710926694 3.82434301521 0.00276625172891 61.4135546335 10.6998616874 ;
53.3715248526 3.11457455771 5.47430497051 2.42038753159 0.00673967986521 38.4338668913 5.87363100253 ;
49.5234285714 3.00885714286 1.77714285714 0.512 0.646285714286 3.30742857143 0.204 ;
77.2132239877 4.51101998975 3.00922603793 1.07329574577 1.00153767299 4.92055356228 0.420297283444 ;
52.8379351741 2.95718287315 3.55982392957 1.36734693878 0.103641456583 19.3917567027 2.54021608643 ;
62.3200393895 3.56597735106 2.46799606105 0.796405711472 0.881831610044 3.57976366322 0.238798621369 ;
59.2861736334 3.30064308682 8.04823151125 3.94694533762 0.0016077170418 63.5160771704 11.1800643087 ;
66.3516853933 3.5606741573 5.23258426966 2.23707865169 0.0494382022472 30.5101123596 4.44831460674 ;
54.7224770642 3.1128440367 4.97660550459 2.16513761468 0.0123853211009 33.5550458716 4.96972477064 ;
54.837770678 3.22151224707 1.89385871494 0.553070642528 0.776357827476 2.62406815761 0.119985800497 ;
64.9429945055 3.68372252747 2.55288461538 0.839972527473 0.950206043956 3.18200549451 0.180631868132 ;
60.5877659574 3.3164893617 4.04095744681 1.49255319149 0.159042553191 18.8920212766 2.49255319149 ;
78.6020974707 4.61135101789 2.95373226403 1.06909315238 1.02035780382 4.73596545342 0.396051819864 ;
46.9586583463 2.87909516381 2.09399375975 0.691497659906 0.457878315133 7.18057722309 0.732059282371 ;
59.4762550882 3.31886024423 7.8710990502 3.8276797829 0.00271370420624 61.1207598372 10.6295793758 ;
54.3198451795 3.02709359606 3.85643912738 1.54292751583 0.0724841660802 22.2565095004 3.01442646024 ;
60.196287964 3.44938132733 2.27868391451 0.729190101237 0.839988751406 3.41732283465 0.211473565804 ;
58.3998686802 3.29743926461 5.91135915955 2.61129349967 0.00853578463559 40.8818122127 6.34274458306 ;
84.7048192771 5.02861445783 2.85090361446 1.09939759036 1.00753012048 5.24548192771 0.469879518072 ;
71.1383399209 4.08036890646 3.14273166447 1.06851119895 0.948177426438 5.2876592007 0.490557751427 ;
59.4976525822 3.29812206573 8.54460093897 4.2676056338 0.00234741784038 68.6713615023 12.3685446009 ;
48.9313467718 2.97984224365 1.87496348233 0.561203622553 0.606193397604 4.09406952965 0.309669880222 ;
63.5787789923 3.64782724607 2.54492135431 0.824046920821 0.949346840842 3.22980538523 0.187150093308 ;
58.8033794163 3.30952380952 6.11443932412 2.73271889401 0.00844854070661 42.8678955453 6.74039938556 ;
50.3308128544 3.02599243856 1.8629489603 0.56190926276 0.615548204159 3.97849716446 0.295368620038 ;
50.371909001 2.87289812067 3.77596439169 1.56033630069 0.0430267062315 24.1577645895 3.31998021761 ;
63.7347915243 3.47778537252 4.39302802461 1.64251537936 0.172932330827 19.8714969241 2.65892002734 ;
58.981865285 3.29533678756 8.68393782383 4.34974093264 0.00259067357513 69.9585492228 12.6398963731 ;
78.7993569132 4.6038585209 2.80900321543 1.02443729904 1.02379421222 4.3536977492 0.338906752412 ;
63.0948336872 3.59849020996 2.59518754423 0.842651568766 0.85963670677 4.21349374853 0.33003066761 ;
52.8058891902 2.96512979465 3.86671832623 1.56334753971 0.0592793490895 23.3510267338 3.19217357613 ;
55.681462141 3.20104438642 6.73759791123 3.17493472585 0.00522193211488 50.9895561358 8.3772845953 ;
78.0558722919 4.56955530217 3.02793614595 1.09122006842 1.00570125428 5.09464082098 0.448118586089 ;
49.9211870591 3.01313549015 1.8961323279 0.576258817806 0.612259790805 4.19751885186 0.327414254439 ;
60.5566037736 3.33018867925 9.44811320755 4.83490566038 0.0 77.7452830189 14.4764150943 ;
63.9933206107 3.49141221374 5.65076335878 2.39503816794 0.0267175572519 34.9208015267 5.22996183206 ;
63.3804143126 3.43942247332 4.57062146893 1.80790960452 0.0916509730069 24.5586942875 3.43126177024 ;
77.0275965881 4.49774209734 2.96186653287 1.0572002007 1.01053687908 4.61716006021 0.379327646764 ;
62.4227188082 3.56610800745 2.48629954775 0.803139132748 0.893056664006 3.53285448258 0.229582335728 ;
58.6944444444 3.29983660131 7.14950980392 3.40931372549 0.00408496732026 53.9093137255 9.08169934641 ;
50.106287903 3.04149377593 1.5914458985 0.413661027769 0.703479093521 2.17938078519 0.0536227258219 ;
50.3481228669 2.9180887372 4.27235494881 1.80136518771 0.0163822525597 28.4955631399 4.06552901024 ;
49.6949481865 2.87240932642 3.00971502591 1.12888601036 0.233160621762 13.1450777202 1.5621761658 ;
63.0936645963 3.61639751553 2.58633540373 0.839254658385 0.881739130435 4.00099378882 0.296149068323 ;
59.2218124341 3.27133825079 4.708113804 1.97154899895 0.0331928345627 28.4973656481 4.06954689146 ;
58.0 3.28242870285 6.41122355106 2.97884084637 0.00367985280589 46.9374425023 7.55841766329 ;
59.4111111111 3.28148148148 9.21481481481 4.64074074074 0.0037037037037 74.5888888889 13.6740740741 ;
50.1975750896 3.0388536787 1.74097547534 0.487737668779 0.671810416093 2.88095894186 0.155690272802 ;
77.8526315789 4.54958448753 3.03656509695 1.09030470914 1.01052631579 4.98171745152 0.431578947368 ;
50.2298447672 2.83775663495 3.29043565348 1.25588382574 0.115673510265 17.8567851778 2.28793189785 ;
49.0486421964 2.97105341689 1.7260519248 0.505222321695 0.607281408535 3.57952849896 0.243807818562 ;
58.4012096774 3.27217741935 8.33266129032 4.13306451613 0.00201612903226 66.6189516129 11.8669354839 ;
75.3710443038 4.33860759494 2.94936708861 1.04825949367 0.964398734177 4.89042721519 0.428401898734 ;
50.6103781882 2.96306068602 4.6473175022 2.03518029903 0.0114335971856 31.8918205805 4.65523306948 ;
55.2127192982 3.06710526316 3.62192982456 1.38640350877 0.102631578947 19.3890350877 2.54298245614 ;
60.8914121639 3.51866353433 2.515009136 0.801096319499 0.881232054294 3.70451579222 0.2484990864 ;
62.3814338235 3.43474264706 6.08731617647 2.68382352941 0.0119485294118 40.8069852941 6.34926470588 ;
