cluster 0
size:289
#377eb8
[ 2.6182369   4.73669962  2.79099192  3.21231009  2.19688557  1.4344617
  3.16840945]

cluster 1
size:666
#ff7f00
[ 2.9377064   4.48685817  3.31761802  3.59514958  4.61305546  1.9484247
  3.41990175]

cluster 2
size:268
#4daf4a
[ 1.96538119  4.71984082  0.05792945  1.95654222  3.07267754  0.77749228
  2.87653553]

cluster 3
size:302
#f781bf
[ 1.92304533  4.79374324  2.62354579  2.20560523  1.14703481  0.34909039
  3.11555939]

cluster 4
size:385
#a65628
[ 2.20833375  4.68909135  3.1083389   4.38776491  2.73820174  3.84445044
  3.08258117]

cluster 5
size:258
#984ea3
[ 0.52563128  4.7389672   2.38756582  0.78776262  3.18079899  0.73390977
  2.96653058]

cluster 6
size:138
#999999
[ 1.8871564   4.63880828  2.59140869  3.12908397  2.2886754   1.87996015
  0.03972672]

cluster 7
size:520
#e41a1c
[ 2.04273439  4.72659472  2.68254481  2.10253285  3.95810189  1.07792076
  3.27057551]

cluster 8
size:183
#dede00
[ 0.90901233  4.72948541  0.9681263   1.08872482  0.4515399   0.5493708
  2.62448589]

