cluster 0
size:460
#377eb8
[ 2.21503976  4.68319906  3.08797662  4.33644937  2.67191662  3.66316938
  2.86193045]

cluster 1
size:177
#ff7f00
[ 1.3293958   4.76984484  2.5175257   0.64314594  1.58632925  0.37954062
  2.98220777]

cluster 2
size:465
#4daf4a
[ 2.64344463  4.70151023  2.78328798  2.79853531  3.59462649  0.17689598
  3.25077333]

cluster 3
size:256
#f781bf
[ 1.67999355  4.73705022  0.03387042  1.61374093  1.87028185  0.54054506
  3.01578747]

cluster 4
size:266
#a65628
[ 1.99274884  4.77792789  2.62588285  2.59308702  0.65766123  0.86881643
  3.09907593]

cluster 5
size:146
#984ea3
[ 1.74545163  4.66157302  1.93483185  2.19195588  1.92336718  0.9528891
  0.02402336]

cluster 6
size:576
#999999
[ 2.93479224  4.48276466  3.34044468  3.62148721  4.60656085  2.29272468
  3.41392579]

cluster 7
size:400
#e41a1c
[ 2.09657816  4.72621995  2.40278429  1.90727362  3.78186583  1.85825217
  3.23620519]

cluster 8
size:263
#dede00
[ 0.25857299  4.71374808  2.01985662  1.70479073  3.52312733  0.794463
  3.14449259]

