cluster 0
size:425
#377eb8
[ 2.03552035  4.77814943  2.64902618  2.51987595  1.41321467  0.81214118
  3.13138321]

cluster 1
size:434
#ff7f00
[ 2.68852382  4.68816205  2.85105645  2.85867808  3.77405215  0.32100408
  3.24849825]

cluster 2
size:383
#4daf4a
[ 1.14602641  4.72670034  2.64880786  1.48272947  4.0146612   1.40516498
  3.25801656]

cluster 3
size:454
#f781bf
[ 2.21436307  4.68491165  3.08102423  4.33797476  2.65353887  3.65997289
  2.88403368]

cluster 4
size:146
#a65628
[ 0.24737098  4.7280791   0.94573816  1.2252129   2.55483758  0.54410681
  2.9559293 ]

cluster 5
size:208
#984ea3
[ 2.29711225  4.72000261  0.07763831  2.02536139  3.13112193  0.80842909
  3.08477438]

cluster 6
size:196
#999999
[ 1.17018434  4.7538547   1.52846986  0.86891503  0.45198173  0.48304035
  2.84060508]

cluster 7
size:619
#e41a1c
[ 2.93441085  4.49991543  3.30258673  3.51423598  4.5508092   2.31665283
  3.41036862]

cluster 8
size:144
#dede00
[ 1.80311436  4.64792119  2.0263375   2.32887309  2.06886836  1.07913398
  0.03418897]

