cluster 0
size:145
#377eb8
[ 1.7717591   4.66890115  1.92229073  2.15599005  1.91418145  0.91101939
  0.03439066]

cluster 1
size:569
#ff7f00
[ 1.62899726  4.77528189  2.58861976  1.99717521  1.27419477  0.66352119
  3.07237006]

cluster 2
size:660
#4daf4a
[ 2.95252265  4.50417946  3.30559133  3.58955712  4.53257158  2.14651491
  3.41869241]

cluster 3
size:369
#f781bf
[ 1.63063112  4.72583285  0.09475561  1.65097564  2.43805003  0.71773071
  3.04088721]

cluster 4
size:469
#a65628
[ 2.18980801  4.68151387  3.07506765  4.32822629  2.64691133  3.62857822
  2.83712985]

cluster 5
size:797
#984ea3
[ 1.92508478  4.71125349  2.70496215  2.09887805  3.85633689  0.90711013
  3.23908782]

