0.0 4.75397632692 2.298124589 2.37240215977 2.26322304813 1.32353012535 3.06624051747 ;
2.38845590843 4.79064131501 3.21238587183 4.56850192795 2.94981726122 3.8543290398 2.93566005886 ;
2.23982669639 4.78639748493 2.01719697852 2.09347438516 2.87397153988 0.862800164823 3.15733661492 ;
2.54448809433 4.65054042545 3.03328445303 4.00492089927 2.46576030912 2.04439530782 2.73630338487 ;
1.85432645394 4.74659957236 1.81540589444 1.94132738239 0.517937475537 0.751661506597 2.4056315733 ;
2.66987683812 4.61804456517 3.15341322869 3.3771284347 4.52479713741 1.74516036245 3.47849891174 ;
1.60119134676 4.74417059704 1.6712483245 2.01090939303 2.89764189689 1.32127702932 2.80867664746 ;
2.69690377578 4.61999513807 3.16484578325 3.38349486385 4.49680210004 2.206407946 3.4662461128 ;
2.20184834749 4.78770255863 3.20428364357 4.56441231139 2.92566616354 3.85182236082 2.94810080967 ;
1.58865799309 4.75853250387 2.1092740077 2.4153572634 0.0 1.07134195256 3.02434850373 ;
2.00593242856 4.7466229071 2.69175241409 2.53938707454 3.1767294257 0.0 3.17835864597 ;
2.57325962666 4.64443831907 3.06653314271 3.9932948631 2.90007476608 2.35524983023 2.65708695315 ;
2.818382553 4.57603047133 3.30149741869 3.84165310896 4.61872350308 1.91182577301 3.49269760009 ;
2.2437192683 4.78078615587 2.23361257928 2.2192665251 3.1984744892 0.981819499401 3.21286757198 ;
2.50337927919 4.63852134869 3.01830164963 3.99840196359 2.13915596001 2.14325196378 2.59169833558 ;
2.38359482617 4.78887841115 3.20760195005 4.56638964599 2.94789895322 3.85171227217 2.94365695351 ;
1.94827368289 4.73806225751 1.82021534952 1.92923451556 0.620364990701 0.771554441443 2.44673004563 ;
0.0 4.75397632692 2.298124589 2.37240215977 2.26322304813 1.32353012535 3.06624051747 ;
2.76069824247 4.65554211038 3.13471219251 4.03522291385 3.65912577051 1.77599363924 3.24027137957 ;
2.20209915921 4.79329641855 3.21563682927 4.57735045403 2.92517938963 3.85812800855 2.94182555884 ;
1.6768805779 4.78389157358 2.57731520359 2.22796175937 2.33078839929 0.792175791704 3.15992657922 ;
1.69983714904 4.71127056133 0.0 1.92874510398 2.02419095737 0.882567565046 2.82769530617 ;
2.71600513441 4.60027520637 3.2129072048 3.42443917674 4.63915804358 2.36217492813 3.5255886225 ;
2.00959675772 4.57353812698 2.85585607425 3.05442022802 1.79136042751 2.04180781895 1.48492652647 ;
2.73525193764 4.59453025763 3.223226686 3.56133601533 4.59696069183 1.88765361363 3.49665195534 ;
0.69198086379 4.75476875786 2.10699318002 1.7104710048 3.12187967156 0.965097119496 3.1859348786 ;
2.20489766915 4.788093724 3.20502047026 4.56488513547 2.93045788783 3.85329538352 2.94915472989 ;
1.49175362428 4.7481351125 1.86686706498 1.88995966864 0.463041782894 0.761939620523 2.54856512206 ;
2.42576159593 4.79480664802 2.11791535629 2.28082693652 2.9790981841 0.756364476369 3.1565971976 ;
2.53278923187 4.66176813161 3.00050208074 4.01836968248 2.45389741636 2.03535579894 2.74345796473 ;
2.19940192135 4.79161519206 3.21380944396 4.57541677587 2.92108119284 3.85686129874 2.93886415682 ;
1.01676436932 4.73540545906 1.29509849589 1.74558624892 0.628660315413 0.665992540617 2.55771321728 ;
2.71451198453 4.66656542971 3.10429160474 4.04644909456 3.60231052923 1.71850165483 3.26593420054 ;
2.72157852631 4.59810296028 3.21459578249 3.41073536362 4.63004005525 2.35255190503 3.51553827736 ;
2.26252246414 4.68885799599 2.86202054085 3.02387414187 1.19780743876 1.54122136216 2.39872908805 ;
1.68413933005 4.77392871826 2.11765447319 2.05093936022 3.15758072479 0.794955868579 3.19808064571 ;
2.20233970383 4.79318031459 3.21534712737 4.57734134899 2.92061808433 3.85838100555 2.9336989689 ;
1.74017983862 4.62236016194 1.40148851341 2.35406338141 1.55339287854 1.20458004188 1.89566949324 ;
2.0802657338 4.75620917625 1.8849769725 2.04134551393 3.73328799846 1.21839957362 3.32448651361 ;
1.58906249855 4.78908473124 2.72015077501 2.37054171171 1.89870858635 0.863821093234 3.11211701793 ;
2.7804809762 4.66456834168 3.09934165383 4.04803290988 3.54398635832 1.74212392792 3.22854600877 ;
2.79998389674 4.55186146849 3.31527537949 3.77975936075 4.72348198013 2.40838446328 3.52285890082 ;
2.8323846838 4.5767400364 3.31425812769 3.83996527673 4.62623806596 1.93309832022 3.49133304458 ;
1.63685556561 4.79325229524 2.65602090171 2.56041251165 0.0 1.08744885865 3.05308264055 ;
1.91954631048 4.7762345699 2.64304223045 2.46441034452 3.11910619917 1.03092667814 3.21244586187 ;
2.20531323693 4.7776246318 3.19539914905 4.54756701179 2.91570218883 3.84823517717 2.94531166357 ;
2.20407972472 4.54988815324 2.91208581038 3.14231921652 2.4575346259 2.01548277076 1.62021159684 ;
1.69983714904 4.71127056133 0.0 1.92874510398 2.02419095737 0.882567565046 2.82769530617 ;
2.20499934423 4.77815149202 3.19577766899 4.54930956767 2.91218461256 3.84897325311 2.93652091525 ;
2.35936625009 4.56583725799 2.94664926106 3.18991483967 2.84510214842 2.01659692457 1.73471384803 ;
2.83158119524 4.57704065492 3.3142510204 3.8409604449 4.62338240998 1.93288017942 3.49049666623 ;
1.59254316774 4.76049654643 2.65527441123 2.57390417757 0.0 1.16502122227 2.87497424595 ;
1.69983714904 4.71127056133 0.0 1.92874510398 2.02419095737 0.882567565046 2.82769530617 ;
1.91831955222 4.77662001545 2.64207357135 2.46235215251 3.11737538941 1.02936897803 3.21395307178 ;
2.20499934423 4.77815149202 3.19577766899 4.54930956767 2.91218461256 3.84897325311 2.93652091525 ;
1.59254316774 4.76049654643 2.65527441123 2.57390417757 0.0 1.16502122227 2.87497424595 ;
1.69983714904 4.71127056133 0.0 1.92874510398 2.02419095737 0.882567565046 2.82769530617 ;
2.35936625009 4.56583725799 2.94664926106 3.18991483967 2.84510214842 2.01659692457 1.73471384803 ;
1.91937986906 4.77645551239 2.64316807977 2.46513976463 3.1183010368 1.03072803503 3.21395531871 ;
2.8323846838 4.5767400364 3.31425812769 3.83996527673 4.62623806596 1.93309832022 3.49133304458 ;
2.23545935037 4.78000762419 3.1961627744 4.55269282875 2.92926411725 3.84993686584 3.16965041566 ;
1.84455192606 4.72901587401 2.79778530587 2.86946551773 1.65623874368 1.21909003173 3.0050443379 ;
1.69983714904 4.71127056133 0.0 1.92874510398 2.02419095737 0.882567565046 2.82769530617 ;
1.94864956542 4.78604923185 2.51014896668 2.18263489351 3.37416425136 1.00869820685 3.28407586421 ;
2.83260355622 4.58019502905 3.32135800378 3.84915828609 4.61183420016 1.97839917256 3.48378910861 ;
1.93232230529 4.66771237216 2.99850931882 3.45953242541 2.44764384774 2.54020247071 0.0 ;
2.8323846838 4.5767400364 3.31425812769 3.83996527673 4.62623806596 1.93309832022 3.49133304458 ;
2.19854152935 4.54190117016 2.91272556266 3.14468189011 2.44988183431 2.05506691478 1.58160130785 ;
2.20531323693 4.7776246318 3.19539914905 4.54756701179 2.91570218883 3.84823517717 2.94531166357 ;
1.63685556561 4.79325229524 2.65602090171 2.56041251165 0.0 1.08744885865 3.05308264055 ;
1.92245908018 4.77630760931 2.64466304698 2.46834952982 3.11629322658 1.02967499456 3.20957015252 ;
1.69983714904 4.71127056133 0.0 1.92874510398 2.02419095737 0.882567565046 2.82769530617 ;
2.31658627646 4.57680657488 2.44479458248 2.90041600989 2.70932121022 1.11781933858 1.76763261391 ;
1.78005475128 4.78226996065 2.19469955815 2.37365939895 2.88854720639 0.950587056476 3.17244410515 ;
2.48464716602 4.79644466707 3.2203847107 4.5763528023 2.97194726684 3.85446043134 3.22462894564 ;
1.54512917398 4.74946778063 2.10954628668 2.41246767127 0.0 1.08460128007 2.87334986816 ;
1.46178313237 4.65992259423 3.16759726543 4.29900273073 2.87183695953 3.96855466825 1.89641424041 ;
2.7201247385 4.62129574862 3.16014540748 3.42015418653 4.48416431736 1.71785862793 3.44858222181 ;
2.80840353555 4.55603683888 3.32299031617 3.8177763208 4.66151375764 2.34420085134 3.49347223839 ;
2.30643132098 4.57589305312 2.9883448506 3.62571463522 2.17873573978 2.69559596081 1.77134606529 ;
2.46934218202 4.76046365726 2.82537070268 2.82686557009 2.57182593294 0.869757407284 3.20795523606 ;
1.00731666434 4.75593127911 1.37339212619 2.02379048768 1.45951101798 0.64562708398 2.77024965895 ;
1.57483691275 4.73737801409 2.09072732919 2.02067453782 4.06441036927 1.31319053232 3.33660703134 ;
2.20886912409 4.77940222977 3.19581621957 4.54912665101 2.9306219437 3.8517174215 2.94879057135 ;
2.20499934423 4.77815149202 3.19577766899 4.54930956767 2.91218461256 3.84897325311 2.93652091525 ;
1.91937549172 4.77638876445 2.64323945086 2.46403829358 3.11950522808 1.02904658636 3.21245736909 ;
2.36755374985 4.56954405727 2.95766937394 3.21860731929 2.84811584287 2.06226434026 1.7471936758 ;
2.83248053181 4.57503536169 3.31254217458 3.83676783608 4.6275926049 1.92395508066 3.49086901848 ;
1.59254316774 4.76049654643 2.65527441123 2.57390417757 0.0 1.16502122227 2.87497424595 ;
1.69983714904 4.71127056133 0.0 1.92874510398 2.02419095737 0.882567565046 2.82769530617 ;
0.0 4.7457038581 2.39385701571 2.54016701055 2.84211568041 1.54185134335 2.75862454897 ;
2.44646996534 4.79220386643 3.2153512631 4.57106415947 2.95256641222 3.85630058298 2.99693289991 ;
2.25218281009 4.76543336442 2.05998916047 2.08258929628 2.92569853668 0.760818832706 3.01129123967 ;
1.57268786088 4.74946501345 2.11474212861 2.41982469635 0.0 1.07001202841 2.98229204326 ;
2.66092692109 4.63699405713 3.10000410142 3.97560495229 3.42371247582 1.66559368856 2.92590265277 ;
2.66444962811 4.61546493949 3.18874396724 3.39832399832 4.58779056993 2.30004676796 3.49938440978 ;
1.8053502752 4.71269917898 0.0 2.01307304357 2.86111606474 0.951352112508 2.78392386462 ;
2.20499934423 4.77815149202 3.19577766899 4.54930956767 2.91218461256 3.84897325311 2.93652091525 ;
2.36403544623 4.57614668431 2.95270541932 3.19304087575 2.83139073928 2.02476862499 1.73629662903 ;
1.91937986906 4.77645551239 2.64316807977 2.46513976463 3.1183010368 1.03072803503 3.21395531871 ;
2.83248053181 4.57503536169 3.31254217458 3.83676783608 4.6275926049 1.92395508066 3.49086901848 ;
1.55936999586 4.74835537078 2.1289891096 2.40905159904 0.0 1.08145403806 2.89983235543 ;
1.58763621581 4.74309633771 2.18991973407 2.150004617 4.12050316471 1.43923250207 3.34309380404 ;
2.2084356922 4.77723694924 3.19483056233 4.54486034362 2.91324838447 3.85006750943 2.92253928939 ;
1.54915766656 4.75119673648 2.11215009984 2.40984267203 0.0 1.07967127425 2.86028918694 ;
2.53576074568 4.7376061335 2.83965844695 2.92059297677 3.10753622486 0.935967603601 3.22433208681 ;
2.81181425727 4.5506149189 3.33454714252 3.80849320229 4.68631558283 2.36432146098 3.50264192553 ;
1.48677701848 4.71311430295 1.81945047138 2.44834633421 2.44697116724 1.03482990584 2.30374896215 ;
2.8258227019 4.57705744446 3.32268602758 3.84601783998 4.62078695659 1.98770518306 3.49162207527 ;
1.8619883751 4.66751305778 2.68471183197 3.3458596164 2.40319059085 2.35570625637 0.0 ;
1.8116940425 4.61717561506 0.978158907829 2.35472640238 1.66747360504 1.20003880359 2.89191928216 ;
1.92253205833 4.80111254849 2.73982190196 2.67888150706 1.96758565238 0.954415096815 3.08424420058 ;
2.24463087734 4.78157557956 3.19481436049 4.55268784613 2.9303818203 3.84990333164 3.17533691671 ;
1.79150249307 4.72664555803 2.18332029658 1.97385538798 4.08523681607 1.30279373636 3.36864030304 ;
2.83248053181 4.57503536169 3.31254217458 3.83676783608 4.6275926049 1.92395508066 3.49086901848 ;
1.55936999586 4.74835537078 2.1289891096 2.40905159904 0.0 1.08145403806 2.89983235543 ;
2.36403544623 4.57614668431 2.95270541932 3.19304087575 2.83139073928 2.02476862499 1.73629662903 ;
2.20499934423 4.77815149202 3.19577766899 4.54930956767 2.91218461256 3.84897325311 2.93652091525 ;
1.91937986906 4.77645551239 2.64316807977 2.46513976463 3.1183010368 1.03072803503 3.21395531871 ;
1.8053502752 4.71269917898 0.0 2.01307304357 2.86111606474 0.951352112508 2.78392386462 ;
1.90984075483 4.74314176075 1.83718468197 1.92290573013 0.575041199897 0.772008815235 2.42785362192 ;
2.38758722013 4.79069689212 3.21068983034 4.56863824135 2.95474052272 3.85411701715 2.94475074747 ;
2.61092819171 4.65730972297 3.05217877342 4.00177309111 2.49765260942 2.03649422044 2.72405314612 ;
2.67097438331 4.61691009427 3.15506079458 3.38036257348 4.53122682013 1.74568622061 3.48303141678 ;
2.21214987215 4.7899431865 2.02417192563 2.125130699 2.88550811475 0.857464643974 3.1577783606 ;
0.0 4.73907762039 2.28863809556 2.39616614055 2.22905723244 1.36378586396 3.05483134665 ;
1.91309936792 4.75529842138 2.67168420326 2.46553091072 2.65978133018 0.0 3.15575188292 ;
2.41563511598 4.66004658377 2.97453859947 3.50188634822 1.84529867977 2.18059117432 2.50468378499 ;
2.20948180389 4.78530110173 3.19876177113 4.55904527506 2.93402387861 3.85233128219 2.95233817333 ;
1.9438048987 4.76294574983 2.18791909938 2.37106034603 3.4581989588 1.65054846116 3.25645573152 ;
1.15499447231 4.73049968318 0.919879717421 1.74062145569 0.885563712915 0.921577950246 2.53405427748 ;
2.81577412438 4.56560892148 3.31248009877 3.82984806762 4.63990519842 2.28634152293 3.48920539585 ;
2.20181540986 4.7886439962 3.20590305968 4.56756913823 2.91729310861 3.85383968041 2.93095844055 ;
1.57268786088 4.74946501345 2.11474212861 2.41982469635 0.0 1.07001202841 2.98229204326 ;
2.70045232084 4.64077264543 3.12196831055 3.98201653714 3.49249905839 1.66202706078 3.07769935901 ;
0.552499538169 4.73367677595 2.21818280566 2.16714306335 2.79043346632 0.918823976399 2.32175880945 ;
2.30805712327 4.76821243671 2.19450194873 2.16056177687 3.13730551043 0.986293333195 3.21412202162 ;
2.80465133251 4.55721519364 3.31489344948 3.79255489485 4.70410489928 2.38018795142 3.51757703681 ;
1.69983714904 4.71127056133 0.0 1.92874510398 2.02419095737 0.882567565046 2.82769530617 ;
2.20531323693 4.7776246318 3.19539914905 4.54756701179 2.91570218883 3.84823517717 2.94531166357 ;
1.63685556561 4.79325229524 2.65602090171 2.56041251165 0.0 1.08744885865 3.05308264055 ;
2.8323846838 4.5767400364 3.31425812769 3.83996527673 4.62623806596 1.93309832022 3.49133304458 ;
1.92245908018 4.77630760931 2.64466304698 2.46834952982 3.11629322658 1.02967499456 3.20957015252 ;
2.19854152935 4.54190117016 2.91272556266 3.14468189011 2.44988183431 2.05506691478 1.58160130785 ;
1.8053502752 4.71269917898 0.0 2.01307304357 2.86111606474 0.951352112508 2.78392386462 ;
2.72449136822 4.60657669314 3.21777909047 3.46511440324 4.61800132679 2.32638102496 3.5146165057 ;
1.56337012221 4.75010529141 2.13152762369 2.40641818729 0.0 1.07649323972 2.88653037214 ;
2.71929334865 4.62836202296 3.09763626171 3.95228641153 3.42793585979 1.67616960924 2.94140028672 ;
2.20207815792 4.78760667501 3.20403754119 4.56443768538 2.92131963909 3.85207996757 2.94034264964 ;
1.6855934656 4.77639333676 2.56096523535 2.10373298333 3.00968786451 0.786734239991 3.05632391601 ;
2.76742354938 4.65759532935 3.13019798478 4.03562692183 3.65402582535 1.77084750122 3.2379500617 ;
1.73210446049 4.61418335134 1.41440824698 2.35853972248 1.565763267 1.22359429033 1.89287837348 ;
2.20233970383 4.79318031459 3.21534712737 4.57734134899 2.92061808433 3.85838100555 2.9336989689 ;
1.68210754163 4.79113564512 2.71950455068 2.37837117577 1.91964083809 0.845961803718 3.12201570013 ;
2.715285016 4.59837538978 3.20558510941 3.42616617047 4.63727791337 2.35638787883 3.52345404146 ;
1.81926313497 4.74958383476 1.5394543154 1.97434570931 3.5884919091 1.03716348264 3.27003616257 ;
2.55606300242 4.68463772301 3.02438457657 4.07803999325 2.30028011473 2.10236860562 2.65612315315 ;
1.75972554319 4.52333319313 1.92877851129 2.23054091054 2.02262338205 1.15765621379 1.54778255856 ;
2.20276193733 4.78754575461 3.20432315077 4.56480518943 2.92682565393 3.85276055006 2.9471608385 ;
2.82531806737 4.57342749736 3.3010289522 3.82686865042 4.62758715091 1.91134139031 3.49839789481 ;
1.35855592418 4.77527137754 1.84848052065 2.0164647983 1.98821976473 0.87369425789 3.13059063957 ;
2.35998851526 4.78607790042 2.72182569612 2.1841830849 3.46456353534 0.969090900053 3.24924329347 ;
1.89355215738 4.7714015459 2.30524269689 2.29793064531 3.34804594478 1.70074086825 3.23953544645 ;
2.20604960918 4.788094053 3.20478279249 4.56351507672 2.93329257389 3.85268361094 2.95227608342 ;
2.45486219102 4.62178608983 3.02854597967 4.02828939283 2.17401242009 2.57822709899 2.52965476152 ;
2.81836404643 4.56344396207 3.31540454055 3.82611896074 4.64454554332 2.2825741266 3.49396694211 ;
1.5016755584 4.72701474531 1.8393745146 2.08294701562 0.69762031197 1.30476456865 2.28541382083 ;
1.88476519463 4.75169170945 2.28961464069 2.34482813006 2.5309698668 0.0 3.13584797361 ;
0.0 4.73294546519 2.29274166083 2.43752954156 2.18905388478 1.42073450025 2.78296753155 ;
2.43254027426 4.78305219645 3.20379609898 4.55645204341 2.94006292491 3.85101172025 2.99692640346 ;
2.81298475905 4.5770894857 3.29609042869 3.84351347711 4.60708923879 1.90610109399 3.48199365441 ;
2.57605244272 4.62357509437 3.04075175818 3.604646987 2.02625234272 2.18678920604 2.21508137754 ;
2.01125543728 4.7782926271 1.65302638628 1.914319851 0.928963334408 0.628955395946 2.9079793004 ;
2.3283052434 4.77426975825 2.4262068138 2.53400745438 3.34282315174 1.11565196646 3.25348778191 ;
2.8323846838 4.5767400364 3.31425812769 3.83996527673 4.62623806596 1.93309832022 3.49133304458 ;
1.59254316774 4.76049654643 2.65527441123 2.57390417757 0.0 1.16502122227 2.87497424595 ;
2.20499934423 4.77815149202 3.19577766899 4.54930956767 2.91218461256 3.84897325311 2.93652091525 ;
1.69983714904 4.71127056133 0.0 1.92874510398 2.02419095737 0.882567565046 2.82769530617 ;
1.91937986906 4.77645551239 2.64316807977 2.46513976463 3.1183010368 1.03072803503 3.21395531871 ;
2.35936625009 4.56583725799 2.94664926106 3.18991483967 2.84510214842 2.01659692457 1.73471384803 ;
1.9926118711 4.5241965166 2.15474826501 2.52074398604 2.31191593315 1.32964004032 1.09598405027 ;
2.81178980483 4.56154973538 3.31753636724 3.81987961401 4.65993690321 1.91435624464 3.50487802302 ;
2.48499731985 4.79447410655 3.22161845927 4.57471272727 2.98497716898 3.85572481367 3.22236735706 ;
1.04151335801 4.75923516948 1.51022148967 2.05458896975 2.27676270151 0.823868032141 3.10743729943 ;
1.43230832658 4.66588847142 3.08852591482 4.34060529189 2.34114628241 3.88221762174 2.11078839367 ;
2.39571171341 4.78491198028 2.76580742049 2.63021053946 2.58886021417 1.06815156137 3.18195819776 ;
2.8323846838 4.5767400364 3.31425812769 3.83996527673 4.62623806596 1.93309832022 3.49133304458 ;
2.20740104046 4.54735474204 2.91455421198 3.14464422581 2.43428465009 2.03543288771 1.60786478494 ;
1.91981816028 4.77599692749 2.64343151592 2.46615748537 3.12152913239 1.03020334161 3.20969707441 ;
1.63685556561 4.79325229524 2.65602090171 2.56041251165 0.0 1.08744885865 3.05308264055 ;
2.20531323693 4.7776246318 3.19539914905 4.54756701179 2.91570218883 3.84823517717 2.94531166357 ;
1.69983714904 4.71127056133 0.0 1.92874510398 2.02419095737 0.882567565046 2.82769530617 ;
2.20283381056 4.7860387419 3.20376622005 4.56174681846 2.92568013848 3.85144271916 2.94757485873 ;
2.4097767409 4.60330624309 3.00054072271 3.99151230228 2.05776741744 2.40564475853 2.4422993418 ;
1.39255637287 4.7984664751 2.54238514894 1.97845163636 0.583814558673 0.687405357079 2.6214739276 ;
1.91598980613 4.77545756826 2.63100305634 2.33305425044 3.21507162509 0.99853753975 3.24213086086 ;
2.83134207596 4.57537668195 3.30634797326 3.84123299724 4.61691539417 1.91457913996 3.48923344344 ;
1.69983714904 4.71127056133 0.0 1.92874510398 2.02419095737 0.882567565046 2.82769530617 ;
1.8619883751 4.66751305778 2.68471183197 3.3458596164 2.40319059085 2.35570625637 0.0 ;
2.23423731712 4.78107691515 3.19418318223 4.55339801771 2.92956534708 3.84908473282 3.16987141539 ;
1.85749754491 4.74919069616 2.19498727987 1.90753275471 4.01144115901 1.15805995692 3.35546019408 ;
2.06358844941 4.74452456149 2.81191643757 3.07206049799 2.14386686533 1.27136759566 3.05464648722 ;
1.43818377639 4.76417088518 1.15479366236 1.62134145298 1.24116590139 0.583084034978 3.00503842878 ;
2.83422624743 4.57808989081 3.32459003593 3.84535696841 4.62142656014 1.97843392411 3.48835157915 ;
2.42862928958 4.77792436339 3.19966647861 4.54805716754 2.94145541437 3.84592770481 3.17688524424 ;
2.33960470583 4.75455475312 2.35229099783 2.5305562601 3.07748902815 1.11202305329 3.16093346956 ;
0.0 4.73898901323 2.40157437619 2.51836363841 2.93372693818 1.50759064122 3.07969941236 ;
2.8147802876 4.57896857902 3.3098031098 3.84957179532 4.6083858692 1.95462755113 3.48536710531 ;
1.58105675867 4.7553678432 2.10935362354 2.41502646275 0.0 1.06621591451 3.0108307231 ;
1.8619883751 4.66751305778 2.68471183197 3.3458596164 2.40319059085 2.35570625637 0.0 ;
1.93531081438 4.74162964961 2.33825377009 2.07107599027 3.97265108649 1.1664253941 3.30972206164 ;
2.20242171191 4.7851755092 3.19914963852 4.56033668518 2.91540074139 3.85084097008 2.93339597636 ;
1.54915766656 4.75119673648 2.11215009984 2.40984267203 0.0 1.07967127425 2.86028918694 ;
2.82299864385 4.57947725638 3.29912688579 3.85004898251 4.59451417949 1.92455865109 3.48067969951 ;
2.48844556841 4.70032314389 2.8901601765 3.33643557225 2.59458210794 1.60302758587 2.59272544915 ;
1.34057868356 4.78404872882 1.69967158266 2.04708433131 2.21632998915 0.607607537479 2.93275289899 ;
2.20283381056 4.7860387419 3.20376622005 4.56174681846 2.92568013848 3.85144271916 2.94757485873 ;
2.83196994621 4.57532720893 3.30736938242 3.83932116312 4.61978519043 1.92036336697 3.49070613469 ;
1.39255637287 4.7984664751 2.54238514894 1.97845163636 0.583814558673 0.687405357079 2.6214739276 ;
1.69983714904 4.71127056133 0.0 1.92874510398 2.02419095737 0.882567565046 2.82769530617 ;
1.91950000726 4.77536569024 2.632062849 2.34052907536 3.21421848605 0.997253175699 3.24117375144 ;
2.40563659019 4.60158176935 3.00123479275 3.98970905574 2.05643813273 2.41195127984 2.43940203984 ;
1.87589073028 4.60798496141 2.39957842249 2.82587262405 2.22925526159 1.64766359664 0.0590490717603 ;
2.71229663076 4.59465798437 3.21591982644 3.45550087411 4.61641644894 2.30852718412 3.50561285408 ;
1.58865799309 4.75853250387 2.1092740077 2.4153572634 0.0 1.07134195256 3.02434850373 ;
2.19515143384 4.77557028613 3.19054005601 4.54217940227 2.92333573298 3.84896733769 2.9443881093 ;
1.33947839704 4.74398525515 1.80548220271 2.05110278345 3.09295683645 1.02637013722 3.13506421358 ;
2.59704775038 4.73189442404 2.90994047072 3.1491746695 3.1661145567 0.955475333917 3.18951387263 ;
1.87354751113 4.61345294414 2.35759332652 2.75297799571 2.28490670238 1.47319114933 0.0645432924079 ;
2.47817162539 4.79739870562 3.21744117503 4.58249780348 2.971809387 3.85294320351 3.22296264713 ;
1.93504215487 4.76005435351 2.23610219923 2.14959974923 3.52758008641 1.11949044798 3.20233769463 ;
1.46621858649 4.77781918739 2.05555964582 2.12717332076 0.771502978573 0.650776359998 3.0534059583 ;
2.79337509274 4.61613586091 3.21285632517 3.89779435822 4.09014638486 1.86438915492 3.37791138403 ;
1.2827644718 4.64980408578 3.0552831875 4.32634325558 2.21693313794 3.79878933095 2.03070495168 ;
2.66973300113 4.61473925517 3.19246538642 3.40815051582 4.59145381422 2.30308674616 3.50139436664 ;
2.44646996534 4.79220386643 3.2153512631 4.57106415947 2.95256641222 3.85630058298 2.99693289991 ;
0.0 4.7457038581 2.39385701571 2.54016701055 2.84211568041 1.54185134335 2.75862454897 ;
2.65756844951 4.63515488072 3.08566895763 3.97418435378 3.40466559859 1.66625784369 2.91366800067 ;
2.24723425011 4.76839094168 2.05802808661 2.05962645521 2.93204791537 0.750018401088 3.01931104579 ;
1.57268786088 4.74946501345 2.11474212861 2.41982469635 0.0 1.07001202841 2.98229204326 ;
2.715285016 4.59837538978 3.20558510941 3.42616617047 4.63727791337 2.35638787883 3.52345404146 ;
1.73292145771 4.61428606921 1.41044224074 2.36282703999 1.55501210806 1.23028059793 1.89206212128 ;
1.68529235407 4.79064087929 2.71689751214 2.37878990842 1.921061465 0.847839762316 3.11853150496 ;
2.20233970383 4.79318031459 3.21534712737 4.57734134899 2.92061808433 3.85838100555 2.9336989689 ;
1.81061222253 4.74983341969 1.5431121021 1.96910816653 3.59322359536 1.02798319563 3.27334157731 ;
2.76742354938 4.65759532935 3.13019798478 4.03562692183 3.65402582535 1.77084750122 3.2379500617 ;
2.47742350471 4.79485661187 3.21857135993 4.5761891701 2.97203125045 3.85376849903 3.22152536439 ;
2.67745046776 4.59054445218 3.18440855142 3.45101401437 4.58352897943 1.8723873578 3.4926896028 ;
1.58865799309 4.75853250387 2.1092740077 2.4153572634 0.0 1.07134195256 3.02434850373 ;
2.47988847764 4.78588427156 2.77275084235 2.81013254964 2.85204067366 0.939773859668 3.1749239767 ;
1.25694477264 4.72026456147 1.67923348266 2.13230087656 2.94055017839 0.966886394981 2.60328987137 ;
1.50219967225 4.64670050379 3.14947298762 4.29124347073 2.84071784097 3.94343767116 1.91794883698 ;
1.8619883751 4.66751305778 2.68471183197 3.3458596164 2.40319059085 2.35570625637 0.0 ;
2.66767971545 4.61736775702 3.14871177137 3.32916165807 4.51253138597 1.73518448322 3.48139145975 ;
2.54610343926 4.75604004414 2.83447982206 3.11983083024 2.72096922366 1.26277883361 3.07875303004 ;
1.58105675867 4.7553678432 2.10935362354 2.41502646275 0.0 1.06621591451 3.0108307231 ;
2.2388635783 4.78354310684 3.19623489005 4.55518195172 2.93580508768 3.85080470255 3.17646767107 ;
1.16306604605 4.74034435233 1.63646239404 1.94305678063 3.05422430923 0.915762488357 3.10862338748 ;
1.8619883751 4.66751305778 2.68471183197 3.3458596164 2.40319059085 2.35570625637 0.0 ;
2.23540545085 4.77898083601 3.19357123016 4.55030341883 2.92748706519 3.84886529866 3.16712181213 ;
1.82820426322 4.74961502294 2.15868109286 1.92875949077 4.02186242171 1.19875869476 3.36004594107 ;
1.93737450727 4.75691104575 2.76266135757 2.74847026005 2.04994006909 1.15140522036 3.11878612006 ;
2.82925274602 4.57720118452 3.32605406817 3.84400719847 4.620977646 1.9755932796 3.48742878897 ;
1.70033463437 4.73039944426 0.684066999724 2.10461206986 1.4836604348 0.679192657934 2.78721136525 ;
2.8323846838 4.5767400364 3.31425812769 3.83996527673 4.62623806596 1.93309832022 3.49133304458 ;
2.20740104046 4.54735474204 2.91455421198 3.14464422581 2.43428465009 2.03543288771 1.60786478494 ;
1.69983714904 4.71127056133 0.0 1.92874510398 2.02419095737 0.882567565046 2.82769530617 ;
2.20531323693 4.7776246318 3.19539914905 4.54756701179 2.91570218883 3.84823517717 2.94531166357 ;
1.63685556561 4.79325229524 2.65602090171 2.56041251165 0.0 1.08744885865 3.05308264055 ;
1.91981816028 4.77599692749 2.64343151592 2.46615748537 3.12152913239 1.03020334161 3.20969707441 ;
2.21073308648 4.7795938154 3.19552563696 4.54952903369 2.92741549276 3.85056056317 2.95010579417 ;
1.62618927439 4.77174971456 2.65896359759 2.59532349717 0.0 1.16389281073 3.0480082466 ;
1.93701397376 4.78331945538 2.65071270332 2.5651454626 3.1041427339 0.884340865165 3.21122011328 ;
2.38267900602 4.52068757784 3.05816488638 3.29472723239 3.13753522796 1.68799537715 2.10158915695 ;
1.69983714904 4.71127056133 0.0 1.92874510398 2.02419095737 0.882567565046 2.82769530617 ;
2.77887639826 4.59522243508 3.25869821583 3.58469957942 4.62966683756 2.32659908252 3.50399039417 ;
2.83422624743 4.57808989081 3.32459003593 3.84535696841 4.62142656014 1.97843392411 3.48835157915 ;
2.06358844941 4.74452456149 2.81191643757 3.07206049799 2.14386686533 1.27136759566 3.05464648722 ;
1.43818377639 4.76417088518 1.15479366236 1.62134145298 1.24116590139 0.583084034978 3.00503842878 ;
1.85749754491 4.74919069616 2.19498727987 1.90753275471 4.01144115901 1.15805995692 3.35546019408 ;
2.23423731712 4.78107691515 3.19418318223 4.55339801771 2.92956534708 3.84908473282 3.16987141539 ;
1.8619883751 4.66751305778 2.68471183197 3.3458596164 2.40319059085 2.35570625637 0.0 ;
1.91337834256 4.75712665559 2.67250482285 2.46611212257 2.66330246089 0.0 3.15824382274 ;
2.20948180389 4.78530110173 3.19876177113 4.55904527506 2.93402387861 3.85233128219 2.95233817333 ;
1.26117275278 4.73167383172 1.30344014255 1.89545887503 0.490132777595 1.10410747479 2.47078506761 ;
1.92386222905 4.76504552701 2.10357885021 2.34689686636 3.28876279368 1.57064394346 3.23473943301 ;
2.8152760315 4.56637827797 3.30992790841 3.82883299303 4.63276479343 2.28267772342 3.48627274698 ;
2.45917691762 4.62331775936 3.02371009459 3.69422709516 1.94119896408 2.31957396291 2.36245845319 ;
1.81964959422 4.77755445298 2.67465837407 2.28363745506 3.18408136497 0.959199904381 3.2154024805 ;
2.20105051124 4.78820781089 3.20492214184 4.56585904376 2.91571946309 3.85255787915 2.93175975913 ;
1.72946440193 4.6960533003 0.635715176025 1.96729267309 2.06870272739 0.932706423861 2.44989901919 ;
2.6849476689 4.64569774455 3.0595898056 4.02394223233 2.94497134526 2.26394915259 2.65107692928 ;
2.82699544995 4.56347337655 3.30934337855 3.81921470515 4.65794266009 1.92245582621 3.5109478628 ;
1.62417761716 4.77204314982 2.68660992027 2.60642416591 0.0 1.17817370412 3.04810904331 ;
1.5016755584 4.72701474531 1.8393745146 2.08294701562 0.69762031197 1.30476456865 2.28541382083 ;
2.20604960918 4.788094053 3.20478279249 4.56351507672 2.93329257389 3.85268361094 2.95227608342 ;
1.88476519463 4.75169170945 2.28961464069 2.34482813006 2.5309698668 0.0 3.13584797361 ;
1.88943366886 4.7713640357 2.30290386339 2.29278608892 3.34777496363 1.70212312244 3.23896380825 ;
2.81836404643 4.56344396207 3.31540454055 3.82611896074 4.64454554332 2.2825741266 3.49396694211 ;
2.45982935151 4.62267683626 3.02915614512 4.02886998236 2.18095653918 2.5707355636 2.53464905399 ;
2.20604960918 4.788094053 3.20478279249 4.56351507672 2.93329257389 3.85268361094 2.95227608342 ;
1.88476519463 4.75169170945 2.28961464069 2.34482813006 2.5309698668 0.0 3.13584797361 ;
2.81836404643 4.56344396207 3.31540454055 3.82611896074 4.64454554332 2.2825741266 3.49396694211 ;
2.46302930317 4.62347832457 3.02839815799 4.02926956146 2.18299461982 2.56637606482 2.53885634485 ;
1.88617752619 4.77136744399 2.30125559752 2.28770292474 3.34999915348 1.70193642394 3.23876766566 ;
1.5016755584 4.72701474531 1.8393745146 2.08294701562 0.69762031197 1.30476456865 2.28541382083 ;
2.3870002774 4.59442036899 3.00486097666 3.98413228474 2.05003185872 2.45645265705 2.42487489221 ;
2.20283381056 4.7860387419 3.20376622005 4.56174681846 2.92568013848 3.85144271916 2.94757485873 ;
1.69983714904 4.71127056133 0.0 1.92874510398 2.02419095737 0.882567565046 2.82769530617 ;
2.8361631647 4.57400302555 3.31241959853 3.83701579164 4.62725495487 1.92441286238 3.49615572797 ;
1.9026171866 4.77636969395 2.63287862071 2.34701199491 3.18037710503 0.982211132511 3.20999104336 ;
1.42619715813 4.79925324331 2.53686729112 1.99603462156 0.318476176207 0.705361000959 2.63395585441 ;
1.91937986906 4.77645551239 2.64316807977 2.46513976463 3.1183010368 1.03072803503 3.21395531871 ;
2.20499934423 4.77815149202 3.19577766899 4.54930956767 2.91218461256 3.84897325311 2.93652091525 ;
1.69983714904 4.71127056133 0.0 1.92874510398 2.02419095737 0.882567565046 2.82769530617 ;
2.8323846838 4.5767400364 3.31425812769 3.83996527673 4.62623806596 1.93309832022 3.49133304458 ;
2.35936625009 4.56583725799 2.94664926106 3.18991483967 2.84510214842 2.01659692457 1.73471384803 ;
1.59254316774 4.76049654643 2.65527441123 2.57390417757 0.0 1.16502122227 2.87497424595 ;
2.20086168145 4.7876060551 3.20422719077 4.56450773306 2.91527726406 3.85208663899 2.93262521487 ;
1.69983714904 4.71127056133 0.0 1.92874510398 2.02419095737 0.882567565046 2.82769530617 ;
1.59254316774 4.76049654643 2.65527441123 2.57390417757 0.0 1.16502122227 2.87497424595 ;
1.77564400256 4.77370488202 2.59501497846 2.10866280496 3.16385660437 0.933495967939 3.10615292872 ;
2.82766945633 4.57427917599 3.30348669111 3.83079697333 4.63807365461 1.90543873492 3.50306877537 ;
2.61838058606 4.64756955843 3.00027960836 3.99423981187 2.86936401653 2.07498341254 2.68717097388 ;
2.57325962666 4.64443831907 3.06653314271 3.9932948631 2.90007476608 2.35524983023 2.65708695315 ;
2.00593242856 4.7466229071 2.69175241409 2.53938707454 3.1767294257 0.0 3.17835864597 ;
2.69367593301 4.62143997451 3.16230506726 3.37773034231 4.48976886547 2.20391215491 3.46346650256 ;
1.58865799309 4.75853250387 2.1092740077 2.4153572634 0.0 1.07134195256 3.02434850373 ;
2.20184834749 4.78770255863 3.20428364357 4.56441231139 2.92566616354 3.85182236082 2.94810080967 ;
1.59782773339 4.74328999325 1.66448911317 2.00870839072 2.89544844674 1.31842923508 2.80764323099 ;
2.20764845917 4.78115082259 3.19572654072 4.55186779165 2.92629135469 3.85039269022 2.94938254849 ;
2.48745017305 4.51824719739 3.0835581123 3.38632330485 3.34099402699 1.75136547044 2.25411706922 ;
2.77438379493 4.59787823216 3.25873311258 3.58113624472 4.62917018953 2.32851183622 3.50405687934 ;
1.69983714904 4.71127056133 0.0 1.92874510398 2.02419095737 0.882567565046 2.82769530617 ;
1.93232987281 4.78295738299 2.64981100028 2.55884376498 3.10125679775 0.877881341127 3.21330796375 ;
1.59254316774 4.76049654643 2.65527441123 2.57390417757 0.0 1.16502122227 2.87497424595 ;
2.2239148465 4.77143328784 3.18550098318 4.53688970537 2.91760853428 3.8438914645 3.15930129559 ;
1.58105675867 4.7553678432 2.10935362354 2.41502646275 0.0 1.06621591451 3.0108307231 ;
2.4372039897 4.76313968645 2.76929401893 2.66738202955 3.12568531029 1.14714681933 3.20362173891 ;
1.08411785763 4.73623374616 1.52220760214 2.10003517395 2.97341824432 0.913426452782 3.05319621737 ;
2.81735372434 4.57184616918 3.33130840721 3.84061554438 4.6474585589 2.00671639079 3.49891095433 ;
1.8619883751 4.66751305778 2.68471183197 3.3458596164 2.40319059085 2.35570625637 0.0 ;
1.85749754491 4.74919069616 2.19498727987 1.90753275471 4.01144115901 1.15805995692 3.35546019408 ;
2.23423731712 4.78107691515 3.19418318223 4.55339801771 2.92956534708 3.84908473282 3.16987141539 ;
1.43818377639 4.76417088518 1.15479366236 1.62134145298 1.24116590139 0.583084034978 3.00503842878 ;
1.8619883751 4.66751305778 2.68471183197 3.3458596164 2.40319059085 2.35570625637 0.0 ;
2.06358844941 4.74452456149 2.81191643757 3.07206049799 2.14386686533 1.27136759566 3.05464648722 ;
2.83422624743 4.57808989081 3.32459003593 3.84535696841 4.62142656014 1.97843392411 3.48835157915 ;
2.84076811155 4.57253727609 3.31659128323 3.83257245788 4.64604549014 1.93295133127 3.50809098397 ;
2.4547075643 4.61441783897 3.04853908412 4.04170981708 2.13520776296 2.44629498588 2.46440036384 ;
2.20181379945 4.7868387902 3.20217859932 4.56329308622 2.92659188464 3.85179889567 2.94916935918 ;
2.20576625607 4.78228787882 1.49115552255 2.12567270977 1.48217643298 0.855079146713 3.13819670239 ;
1.84122143148 4.77994656684 2.74859567429 2.43561354946 3.28092983249 1.01025056522 3.21742327984 ;
0.86600325403 4.67088411 1.51726190625 1.76100286536 1.52807631797 0.842881803133 2.21997683809 ;
1.93701397376 4.78331945538 2.65071270332 2.5651454626 3.1041427339 0.884340865165 3.21122011328 ;
2.21073308648 4.7795938154 3.19552563696 4.54952903369 2.92741549276 3.85056056317 2.95010579417 ;
2.77887639826 4.59522243508 3.25869821583 3.58469957942 4.62966683756 2.32659908252 3.50399039417 ;
1.62618927439 4.77174971456 2.65896359759 2.59532349717 0.0 1.16389281073 3.0480082466 ;
1.69983714904 4.71127056133 0.0 1.92874510398 2.02419095737 0.882567565046 2.82769530617 ;
2.38267900602 4.52068757784 3.05816488638 3.29472723239 3.13753522796 1.68799537715 2.10158915695 ;
1.69983714904 4.71127056133 0.0 1.92874510398 2.02419095737 0.882567565046 2.82769530617 ;
2.83196994621 4.57532720893 3.30736938242 3.83932116312 4.61978519043 1.92036336697 3.49070613469 ;
2.20283381056 4.7860387419 3.20376622005 4.56174681846 2.92568013848 3.85144271916 2.94757485873 ;
2.40563659019 4.60158176935 3.00123479275 3.98970905574 2.05643813273 2.41195127984 2.43940203984 ;
1.39255637287 4.7984664751 2.54238514894 1.97845163636 0.583814558673 0.687405357079 2.6214739276 ;
1.91950000726 4.77536569024 2.632062849 2.34052907536 3.21421848605 0.997253175699 3.24117375144 ;
2.20209915921 4.79329641855 3.21563682927 4.57735045403 2.92517938963 3.85812800855 2.94182555884 ;
1.67726399694 4.78394623813 2.57732002122 2.22591291277 2.33355148401 0.793762269351 3.16038518935 ;
2.71919900552 4.59941403013 3.21541771444 3.43415474296 4.64161885659 2.3645585047 3.52592771478 ;
1.69983714904 4.71127056133 0.0 1.92874510398 2.02419095737 0.882567565046 2.82769530617 ;
2.00959675772 4.57353812698 2.85585607425 3.05442022802 1.79136042751 2.04180781895 1.48492652647 ;
2.76069824247 4.65554211038 3.13471219251 4.03522291385 3.65912577051 1.77599363924 3.24027137957 ;
2.8323846838 4.5767400364 3.31425812769 3.83996527673 4.62623806596 1.93309832022 3.49133304458 ;
2.20531323693 4.7776246318 3.19539914905 4.54756701179 2.91570218883 3.84823517717 2.94531166357 ;
1.69983714904 4.71127056133 0.0 1.92874510398 2.02419095737 0.882567565046 2.82769530617 ;
1.92245908018 4.77630760931 2.64466304698 2.46834952982 3.11629322658 1.02967499456 3.20957015252 ;
1.63685556561 4.79325229524 2.65602090171 2.56041251165 0.0 1.08744885865 3.05308264055 ;
2.19854152935 4.54190117016 2.91272556266 3.14468189011 2.44988183431 2.05506691478 1.58160130785 ;
1.23263773797 4.74108340433 1.68472613287 2.02676123549 3.05413634631 0.980667706462 3.12054482371 ;
2.23642849996 4.7825608271 3.1957437859 4.55309821904 2.93617125899 3.85040573435 3.17404714294 ;
1.58105675867 4.7553678432 2.10935362354 2.41502646275 0.0 1.06621591451 3.0108307231 ;
2.72288120862 4.60316751524 3.22197158135 3.51013115578 4.58393857698 1.92696946808 3.49935019695 ;
2.50056549231 4.7563825162 2.80171746325 2.93803837634 2.83322245803 1.08356520459 3.09647292098 ;
1.8619883751 4.66751305778 2.68471183197 3.3458596164 2.40319059085 2.35570625637 0.0 ;
2.81921821396 4.57674644946 3.30053002051 3.84269039578 4.61576839878 1.91302577945 3.49098258832 ;
1.95142963054 4.73311351512 1.81318913302 1.930741867 0.71213468306 0.76663204389 2.45295817156 ;
2.26152148575 4.78347872909 2.25541159798 2.25079268523 3.20456244765 0.987048574274 3.22511998551 ;
2.38359482617 4.78887841115 3.20760195005 4.56638964599 2.94789895322 3.85171227217 2.94365695351 ;
0.0 4.75397632692 2.298124589 2.37240215977 2.26322304813 1.32353012535 3.06624051747 ;
2.47552686898 4.63137860751 3.01828951942 4.00021177543 2.09579709702 2.18838172805 2.55990231676 ;
1.58865799309 4.75853250387 2.1092740077 2.4153572634 0.0 1.07134195256 3.02434850373 ;
2.57325962666 4.64443831907 3.06653314271 3.9932948631 2.90007476608 2.35524983023 2.65708695315 ;
1.60119134676 4.74417059704 1.6712483245 2.01090939303 2.89764189689 1.32127702932 2.80867664746 ;
2.20184834749 4.78770255863 3.20428364357 4.56441231139 2.92566616354 3.85182236082 2.94810080967 ;
2.69690377578 4.61999513807 3.16484578325 3.38349486385 4.49680210004 2.206407946 3.4662461128 ;
2.00593242856 4.7466229071 2.69175241409 2.53938707454 3.1767294257 0.0 3.17835864597 ;
1.92245908018 4.77630760931 2.64466304698 2.46834952982 3.11629322658 1.02967499456 3.20957015252 ;
2.8323846838 4.5767400364 3.31425812769 3.83996527673 4.62623806596 1.93309832022 3.49133304458 ;
2.20531323693 4.7776246318 3.19539914905 4.54756701179 2.91570218883 3.84823517717 2.94531166357 ;
1.63685556561 4.79325229524 2.65602090171 2.56041251165 0.0 1.08744885865 3.05308264055 ;
1.69983714904 4.71127056133 0.0 1.92874510398 2.02419095737 0.882567565046 2.82769530617 ;
2.19854152935 4.54190117016 2.91272556266 3.14468189011 2.44988183431 2.05506691478 1.58160130785 ;
2.83574206874 4.56543004498 3.3102088277 3.81727768302 4.63684730587 1.89104704932 3.49306596683 ;
1.8453462859 4.76601854805 2.76439307694 2.63360735473 2.20891013445 0.998774892717 3.11732955089 ;
1.65214917449 4.68735191206 0.975292728133 2.14680572004 1.43041044028 0.739236842621 1.94024899836 ;
2.06644953173 4.77405427712 1.83870826123 1.97426658991 3.6861140425 1.06873081162 3.32709273445 ;
2.47451241118 4.79771659297 3.22097638198 4.57747408039 2.97950451162 3.85563603169 3.22141928626 ;
1.53869262493 4.63782812959 3.12345808307 4.28736649736 2.4057275347 3.90457888941 2.04636053009 ;
1.80121689622 4.72837930933 2.25587085379 1.91869939022 4.0790908297 1.30771696536 3.37067269859 ;
2.30015468062 4.55539397936 2.96701879278 3.42961556733 2.24997898304 2.36257206454 1.82648018174 ;
1.59252014428 4.71525875352 0.242089320063 1.99013500753 1.57927348559 0.757355830279 2.59726692795 ;
2.20369000966 4.77824106574 3.19463873232 4.54883898534 2.92066877329 3.84963379277 2.94405815376 ;
2.83006173104 4.5710732902 3.31723275443 3.83256090721 4.6321695558 1.93404891853 3.49997795994 ;
1.90056867118 4.79823804223 2.7082107325 2.6429084209 2.00548754703 0.903986052946 3.10924650047 ;
2.8323846838 4.5767400364 3.31425812769 3.83996527673 4.62623806596 1.93309832022 3.49133304458 ;
1.55936999586 4.74835537078 2.1289891096 2.40905159904 0.0 1.08145403806 2.89983235543 ;
2.20552608738 4.77755773371 3.19518434091 4.54763423873 2.91153539868 3.8484927349 2.93783625325 ;
2.35954089266 4.57125973346 2.94406017566 3.17089389402 2.82050590452 1.98271128494 1.70272529165 ;
1.8053502752 4.71269917898 0.0 2.01307304357 2.86111606474 0.951352112508 2.78392386462 ;
1.91937986906 4.77645551239 2.64316807977 2.46513976463 3.1183010368 1.03072803503 3.21395531871 ;
2.83196994621 4.57532720893 3.30736938242 3.83932116312 4.61978519043 1.92036336697 3.49070613469 ;
1.39255637287 4.7984664751 2.54238514894 1.97845163636 0.583814558673 0.687405357079 2.6214739276 ;
1.91950000726 4.77536569024 2.632062849 2.34052907536 3.21421848605 0.997253175699 3.24117375144 ;
2.40563659019 4.60158176935 3.00123479275 3.98970905574 2.05643813273 2.41195127984 2.43940203984 ;
2.20283381056 4.7860387419 3.20376622005 4.56174681846 2.92568013848 3.85144271916 2.94757485873 ;
1.69983714904 4.71127056133 0.0 1.92874510398 2.02419095737 0.882567565046 2.82769530617 ;
2.19854152935 4.54190117016 2.91272556266 3.14468189011 2.44988183431 2.05506691478 1.58160130785 ;
2.20531323693 4.7776246318 3.19539914905 4.54756701179 2.91570218883 3.84823517717 2.94531166357 ;
2.8323846838 4.5767400364 3.31425812769 3.83996527673 4.62623806596 1.93309832022 3.49133304458 ;
1.69983714904 4.71127056133 0.0 1.92874510398 2.02419095737 0.882567565046 2.82769530617 ;
1.92245908018 4.77630760931 2.64466304698 2.46834952982 3.11629322658 1.02967499456 3.20957015252 ;
1.63685556561 4.79325229524 2.65602090171 2.56041251165 0.0 1.08744885865 3.05308264055 ;
0.0 4.7457038581 2.39385701571 2.54016701055 2.84211568041 1.54185134335 2.75862454897 ;
2.66746573377 4.61495309804 3.19126747669 3.40623757966 4.59102338273 2.30311582023 3.49987659922 ;
1.57268786088 4.74946501345 2.11474212861 2.41982469635 0.0 1.07001202841 2.98229204326 ;
2.65925963469 4.63521845546 3.09313871161 3.97567387321 3.41394366541 1.66722661338 2.9274103097 ;
2.44646996534 4.79220386643 3.2153512631 4.57106415947 2.95256641222 3.85630058298 2.99693289991 ;
2.24947094007 4.76754991338 2.05854863083 2.06730229175 2.93072555089 0.754948506982 3.01160607388 ;
2.20948180389 4.78530110173 3.19876177113 4.55904527506 2.93402387861 3.85233128219 2.95233817333 ;
1.24268177431 4.73125649589 1.07064746452 1.74674694657 0.740193874661 0.977745681431 2.55210445341 ;
1.91337834256 4.75712665559 2.67250482285 2.46611212257 2.66330246089 0.0 3.15824382274 ;
2.43877166704 4.64103210414 2.99243720237 3.59175388255 1.88053441052 2.23039312186 2.4209193157 ;
1.93016317752 4.76542604813 2.17604140693 2.39180619193 3.39741694931 1.63428969252 3.25030388741 ;
2.81473831281 4.56565531613 3.31160378088 3.82807171891 4.63661832967 2.2849588211 3.48655487581 ;
1.69983714904 4.71127056133 0.0 1.92874510398 2.02419095737 0.882567565046 2.82769530617 ;
1.9026171866 4.77636969395 2.63287862071 2.34701199491 3.18037710503 0.982211132511 3.20999104336 ;
2.20283381056 4.7860387419 3.20376622005 4.56174681846 2.92568013848 3.85144271916 2.94757485873 ;
2.8361631647 4.57400302555 3.31241959853 3.83701579164 4.62725495487 1.92441286238 3.49615572797 ;
1.42619715813 4.79925324331 2.53686729112 1.99603462156 0.318476176207 0.705361000959 2.63395585441 ;
2.3870002774 4.59442036899 3.00486097666 3.98413228474 2.05003185872 2.45645265705 2.42487489221 ;
1.81139311091 4.531545908 2.06183773162 2.35050633908 2.27963685594 1.17841148394 1.40283690994 ;
2.81711856176 4.56673256831 3.30250838576 3.8260348594 4.64832486438 1.90155733459 3.5032566557 ;
2.69275047173 4.6922014703 3.05915682716 4.06112663878 2.89054265626 2.07957605782 2.63765583463 ;
2.20227069564 4.78821002018 3.20473382552 4.56579237673 2.92177894782 3.85255243351 2.939495273 ;
1.78315273408 4.77328109618 2.21748152809 2.12926564873 3.14690763648 0.96588279322 3.19733667694 ;
1.58865799309 4.75853250387 2.1092740077 2.4153572634 0.0 1.07134195256 3.02434850373 ;
2.69828732283 4.64873653939 3.05869560744 4.0300556014 2.95150684829 2.25049262005 2.65542064757 ;
1.62417761716 4.77204314982 2.68660992027 2.60642416591 0.0 1.17817370412 3.04810904331 ;
1.81236191615 4.77712641675 2.67348795691 2.27526484206 3.18299422742 0.958395521936 3.21619830211 ;
2.82699544995 4.56347337655 3.30934337855 3.81921470515 4.65794266009 1.92245582621 3.5109478628 ;
1.72946440193 4.6960533003 0.635715176025 1.96729267309 2.06870272739 0.932706423861 2.44989901919 ;
2.20105051124 4.78820781089 3.20492214184 4.56585904376 2.91571946309 3.85255787915 2.93175975913 ;
2.20948180389 4.78530110173 3.19876177113 4.55904527506 2.93402387861 3.85233128219 2.95233817333 ;
1.91309936792 4.75529842138 2.67168420326 2.46553091072 2.65978133018 0.0 3.15575188292 ;
1.17628110353 4.70824277467 1.01098490764 1.90509741703 0.586557818604 1.0296759636 2.40982866633 ;
2.732373324 4.6046669844 3.19914444514 3.50466262334 4.54384403692 2.23006612273 3.46875311177 ;
1.71537831096 4.77224369393 1.86055573988 2.20774568494 3.13200667818 1.45602947612 3.19650612324 ;
2.4304277595 4.66163790025 2.98026987518 3.54852852945 1.83434131377 2.15572983526 2.50481431803 ;
2.81178980483 4.56154973538 3.31753636724 3.81987961401 4.65993690321 1.91435624464 3.50487802302 ;
1.9926118711 4.5241965166 2.15474826501 2.52074398604 2.31191593315 1.32964004032 1.09598405027 ;
2.48499731985 4.79447410655 3.22161845927 4.57471272727 2.98497716898 3.85572481367 3.22236735706 ;
1.04151335801 4.75923516948 1.51022148967 2.05458896975 2.27676270151 0.823868032141 3.10743729943 ;
2.39571171341 4.78491198028 2.76580742049 2.63021053946 2.58886021417 1.06815156137 3.18195819776 ;
1.43230832658 4.66588847142 3.08852591482 4.34060529189 2.34114628241 3.88221762174 2.11078839367 ;
2.2362353303 4.78023699425 3.1943855948 4.55268198796 2.93041575603 3.84967130505 3.17052416558 ;
1.77193953696 4.73225862396 2.79389373678 2.83791836786 1.75812923806 1.20000384055 3.02511991372 ;
2.82866186598 4.58050764888 3.31892057548 3.85017600678 4.6119069175 1.97403232448 3.48553500328 ;
1.69983714904 4.71127056133 0.0 1.92874510398 2.02419095737 0.882567565046 2.82769530617 ;
1.93232230529 4.66771237216 2.99850931882 3.45953242541 2.44764384774 2.54020247071 0.0 ;
2.05623604463 4.78766762291 2.48556091017 2.14163128764 3.41193262977 1.00625092768 3.2832735586 ;
2.20948180389 4.78530110173 3.19876177113 4.55904527506 2.93402387861 3.85233128219 2.95233817333 ;
2.43389395694 4.63954775512 2.99513076815 3.61285608986 1.87792403535 2.2448795897 2.4012728084 ;
1.91337834256 4.75712665559 2.67250482285 2.46611212257 2.66330246089 0.0 3.15824382274 ;
1.9329110492 4.76474218849 2.16464717326 2.37249979068 3.37515019156 1.61888100645 3.24781156593 ;
1.24573094179 4.73008667573 1.10345470428 1.79808904376 0.693125233951 1.0060970594 2.54272527574 ;
2.81473831281 4.56565531613 3.31160378088 3.82807171891 4.63661832967 2.2849588211 3.48655487581 ;
2.66092692109 4.63699405713 3.10000410142 3.97560495229 3.42371247582 1.66559368856 2.92590265277 ;
1.57268786088 4.74946501345 2.11474212861 2.41982469635 0.0 1.07001202841 2.98229204326 ;
2.66444962811 4.61546493949 3.18874396724 3.39832399832 4.58779056993 2.30004676796 3.49938440978 ;
2.44646996534 4.79220386643 3.2153512631 4.57106415947 2.95256641222 3.85630058298 2.99693289991 ;
0.0 4.7457038581 2.39385701571 2.54016701055 2.84211568041 1.54185134335 2.75862454897 ;
2.25218281009 4.76543336442 2.05998916047 2.08258929628 2.92569853668 0.760818832706 3.01129123967 ;
2.39342400793 4.54559583991 2.98475872539 3.44744015417 2.3643563724 2.37826477875 1.81475404064 ;
1.91264077981 4.79908157786 2.7135924347 2.64934581413 1.97149181466 0.923806272806 3.10820048464 ;
2.20369000966 4.77824106574 3.19463873232 4.54883898534 2.92066877329 3.84963379277 2.94405815376 ;
2.8266545443 4.57152433702 3.31575350769 3.83391017384 4.63209344169 1.92811625313 3.49933647365 ;
1.76482540825 4.7235490051 2.19449706251 1.97122884303 4.10095063278 1.28428532463 3.36657566824 ;
1.55217595421 4.72307127221 0.335605013605 1.93707153365 1.41026458874 0.740951625066 2.53790914531 ;
2.20209915921 4.79329641855 3.21563682927 4.57735045403 2.92517938963 3.85812800855 2.94182555884 ;
2.76069824247 4.65554211038 3.13471219251 4.03522291385 3.65912577051 1.77599363924 3.24027137957 ;
2.71600513441 4.60027520637 3.2129072048 3.42443917674 4.63915804358 2.36217492813 3.5255886225 ;
1.6768805779 4.78389157358 2.57731520359 2.22796175937 2.33078839929 0.792175791704 3.15992657922 ;
2.00959675772 4.57353812698 2.85585607425 3.05442022802 1.79136042751 2.04180781895 1.48492652647 ;
1.69983714904 4.71127056133 0.0 1.92874510398 2.02419095737 0.882567565046 2.82769530617 ;
2.48091886313 4.63819135834 3.01833238648 4.00580249855 2.12901097261 2.15223905338 2.58501895353 ;
2.38359482617 4.78887841115 3.20760195005 4.56638964599 2.94789895322 3.85171227217 2.94365695351 ;
2.818382553 4.57603047133 3.30149741869 3.84165310896 4.61872350308 1.91182577301 3.49269760009 ;
1.95142963054 4.73311351512 1.81318913302 1.930741867 0.71213468306 0.76663204389 2.45295817156 ;
0.0 4.75397632692 2.298124589 2.37240215977 2.26322304813 1.32353012535 3.06624051747 ;
2.25790363456 4.78282829727 2.24602805443 2.2275239432 3.20715885242 0.98792874386 3.22334924904 ;
2.43170434579 4.64077267342 2.99390798063 3.58879761469 1.88188672769 2.23315355588 2.40646540651 ;
1.22535891019 4.7290933483 1.07375494605 1.77063179044 0.697782004844 0.992977928009 2.54369169857 ;
2.81473831281 4.56565531613 3.31160378088 3.82807171891 4.63661832967 2.2849588211 3.48655487581 ;
2.20948180389 4.78530110173 3.19876177113 4.55904527506 2.93402387861 3.85233128219 2.95233817333 ;
1.93761957715 4.76543351823 2.16964376013 2.38586364042 3.38316096588 1.6251273728 3.2513449212 ;
1.91337834256 4.75712665559 2.67250482285 2.46611212257 2.66330246089 0.0 3.15824382274 ;
2.818382553 4.57603047133 3.30149741869 3.84165310896 4.61872350308 1.91182577301 3.49269760009 ;
1.94827368289 4.73806225751 1.82021534952 1.92923451556 0.620364990701 0.771554441443 2.44673004563 ;
2.38359482617 4.78887841115 3.20760195005 4.56638964599 2.94789895322 3.85171227217 2.94365695351 ;
2.2437192683 4.78078615587 2.23361257928 2.2192665251 3.1984744892 0.981819499401 3.21286757198 ;
2.50337927919 4.63852134869 3.01830164963 3.99840196359 2.13915596001 2.14325196378 2.59169833558 ;
0.0 4.75397632692 2.298124589 2.37240215977 2.26322304813 1.32353012535 3.06624051747 ;
1.42119141392 4.66653095234 3.08532331723 4.34107940255 2.35972680846 3.88529460488 2.09899466462 ;
1.04168342844 4.75943040545 1.51272003464 2.04868497846 2.27735590158 0.826501669244 3.10712330024 ;
2.39876698934 4.78448474675 2.76776921603 2.63776057006 2.5844806792 1.07124528976 3.18301398731 ;
2.81178980483 4.56154973538 3.31753636724 3.81987961401 4.65993690321 1.91435624464 3.50487802302 ;
1.9926118711 4.5241965166 2.15474826501 2.52074398604 2.31191593315 1.32964004032 1.09598405027 ;
2.48499731985 4.79447410655 3.22161845927 4.57471272727 2.98497716898 3.85572481367 3.22236735706 ;
1.9043069696 4.77679875568 2.63443221753 2.35037885346 3.18003685683 0.982832473948 3.21126063094 ;
2.378359931 4.59005361488 3.00167325575 3.98109646215 2.05660662967 2.4678419278 2.41142117074 ;
2.8361631647 4.57400302555 3.31241959853 3.83701579164 4.62725495487 1.92441286238 3.49615572797 ;
1.69983714904 4.71127056133 0.0 1.92874510398 2.02419095737 0.882567565046 2.82769530617 ;
1.43857274398 4.79993178224 2.53992944014 2.01002049411 0.316434662257 0.711306747348 2.63750736446 ;
2.20283381056 4.7860387419 3.20376622005 4.56174681846 2.92568013848 3.85144271916 2.94757485873 ;
1.72047940407 4.72681131048 0.669329213465 2.14010577353 1.51639137654 0.684783001988 2.78859323579 ;
2.831078265 4.57841280684 3.32449229632 3.84496281953 4.61850195508 1.9758269749 3.48626529962 ;
1.9180597368 4.755713427 2.76074448619 2.73652841015 2.0648501954 1.14701562762 3.119262671 ;
1.857389953 4.75441095316 2.16476525768 1.90560453473 4.01470806324 1.20631757862 3.36712268487 ;
1.8619883751 4.66751305778 2.68471183197 3.3458596164 2.40319059085 2.35570625637 0.0 ;
2.23540545085 4.77898083601 3.19357123016 4.55030341883 2.92748706519 3.84886529866 3.16712181213 ;
1.36761889294 4.79759841283 2.53927565886 1.99651051512 0.645557183048 0.685442191098 2.63423698278 ;
2.20283381056 4.7860387419 3.20376622005 4.56174681846 2.92568013848 3.85144271916 2.94757485873 ;
2.83196994621 4.57532720893 3.30736938242 3.83932116312 4.61978519043 1.92036336697 3.49070613469 ;
1.69983714904 4.71127056133 0.0 1.92874510398 2.02419095737 0.882567565046 2.82769530617 ;
2.40563659019 4.60158176935 3.00123479275 3.98970905574 2.05643813273 2.41195127984 2.43940203984 ;
1.93575964421 4.77532109585 2.63444347012 2.33971089293 3.23193643432 1.00248700306 3.24595539671 ;
2.20128327711 4.78331374246 3.19901224944 4.5577368813 2.91323179282 3.85002689575 2.93276413556 ;
1.90502407485 4.74096964529 2.29702343192 2.0261631954 3.99487597059 1.16309526479 3.32272609312 ;
2.45382326132 4.72967815829 2.83519033404 3.06114775541 2.54237349925 1.35047017627 2.77143563845 ;
2.81977728414 4.58341661505 3.29708221319 3.85559710905 4.5799945138 1.92826099392 3.47875435215 ;
1.11563631641 4.74745969042 1.11683364026 2.02243953818 1.77615739914 0.712186552858 2.73291198221 ;
1.59025881895 4.76064292568 2.68128003102 2.58411556697 0.0 1.17848967571 2.87306882319 ;
2.74549874339 4.59993087638 3.22692346223 3.54227331555 4.57188691811 2.24680513557 3.48334324057 ;
2.46303084365 4.62236859175 3.02905689371 3.75640585824 1.95981197575 2.34903217911 2.40917236822 ;
1.91337834256 4.75712665559 2.67250482285 2.46611212257 2.66330246089 0.0 3.15824382274 ;
2.20948180389 4.78530110173 3.19876177113 4.55904527506 2.93402387861 3.85233128219 2.95233817333 ;
1.32923263517 4.72310364025 1.30557025972 1.94833430528 0.557551494603 1.08224610464 2.44568894423 ;
1.81094727376 4.77227112939 1.97284795115 2.30936731554 3.11579854479 1.47416230164 3.19188319895 ;
2.40563659019 4.60158176935 3.00123479275 3.98970905574 2.05643813273 2.41195127984 2.43940203984 ;
2.20283381056 4.7860387419 3.20376622005 4.56174681846 2.92568013848 3.85144271916 2.94757485873 ;
1.69983714904 4.71127056133 0.0 1.92874510398 2.02419095737 0.882567565046 2.82769530617 ;
1.91743318706 4.77550444394 2.62836454215 2.3370570636 3.20976291858 0.994027797257 3.23969770658 ;
2.83196994621 4.57532720893 3.30736938242 3.83932116312 4.61978519043 1.92036336697 3.49070613469 ;
1.39306531175 4.79829202241 2.55304691061 1.98528516564 0.56783239271 0.694056435029 2.61905594566 ;
1.69983714904 4.71127056133 0.0 1.92874510398 2.02419095737 0.882567565046 2.82769530617 ;
2.8361631647 4.57400302555 3.31241959853 3.83701579164 4.62725495487 1.92441286238 3.49615572797 ;
1.42619715813 4.79925324331 2.53686729112 1.99603462156 0.318476176207 0.705361000959 2.63395585441 ;
2.20283381056 4.7860387419 3.20376622005 4.56174681846 2.92568013848 3.85144271916 2.94757485873 ;
2.40022612521 4.59847062611 3.00505500411 3.98713355865 2.05504085386 2.44326721825 2.43203056957 ;
1.89696940819 4.77578101332 2.6315353988 2.34045506531 3.18277628523 0.98108122457 3.21055260544 ;
2.05623604463 4.78766762291 2.48556091017 2.14163128764 3.41193262977 1.00625092768 3.2832735586 ;
2.82866186598 4.58050764888 3.31892057548 3.85017600678 4.6119069175 1.97403232448 3.48553500328 ;
1.77193953696 4.73225862396 2.79389373678 2.83791836786 1.75812923806 1.20000384055 3.02511991372 ;
1.69983714904 4.71127056133 0.0 1.92874510398 2.02419095737 0.882567565046 2.82769530617 ;
1.93232230529 4.66771237216 2.99850931882 3.45953242541 2.44764384774 2.54020247071 0.0 ;
2.2362353303 4.78023699425 3.1943855948 4.55268198796 2.93041575603 3.84967130505 3.17052416558 ;
2.39278929893 4.51762429756 3.06018979265 3.28823500543 3.15329500984 1.68987386824 2.09374247736 ;
2.21073308648 4.7795938154 3.19552563696 4.54952903369 2.92741549276 3.85056056317 2.95010579417 ;
1.59505045334 4.75994133493 2.12975239613 2.42903939101 0.0 1.07477680909 3.03671810563 ;
1.93946923223 4.78246195654 2.65144684418 2.56774775554 3.10499786934 0.890523725754 3.21230587055 ;
1.78883865844 4.71082604174 0.0 1.9940735167 2.80713274276 0.946940784533 2.7644211409 ;
2.77817414308 4.59593322164 3.26378533266 3.5962808464 4.63479518642 2.33039653289 3.5054755801 ;
1.63685556561 4.79325229524 2.65602090171 2.56041251165 0.0 1.08744885865 3.05308264055 ;
2.20531323693 4.7776246318 3.19539914905 4.54756701179 2.91570218883 3.84823517717 2.94531166357 ;
1.91981816028 4.77599692749 2.64343151592 2.46615748537 3.12152913239 1.03020334161 3.20969707441 ;
2.8323846838 4.5767400364 3.31425812769 3.83996527673 4.62623806596 1.93309832022 3.49133304458 ;
2.20740104046 4.54735474204 2.91455421198 3.14464422581 2.43428465009 2.03543288771 1.60786478494 ;
1.69983714904 4.71127056133 0.0 1.92874510398 2.02419095737 0.882567565046 2.82769530617 ;
2.83231728793 4.57564169097 3.31036119507 3.83672299663 4.62569807198 1.92268755491 3.49024859758 ;
1.59254316774 4.76049654643 2.65527441123 2.57390417757 0.0 1.16502122227 2.87497424595 ;
2.20499934423 4.77815149202 3.19577766899 4.54930956767 2.91218461256 3.84897325311 2.93652091525 ;
1.91797333318 4.77645868394 2.64324691473 2.46291901849 3.11685097095 1.02994863883 3.21383617759 ;
2.36341744535 4.57106694684 2.9551854215 3.20550026143 2.85736680111 2.04334448393 1.7522259559 ;
1.69983714904 4.71127056133 0.0 1.92874510398 2.02419095737 0.882567565046 2.82769530617 ;
1.6855934656 4.77639333676 2.56096523535 2.10373298333 3.00968786451 0.786734239991 3.05632391601 ;
2.20207815792 4.78760667501 3.20403754119 4.56443768538 2.92131963909 3.85207996757 2.94034264964 ;
2.72449136822 4.60657669314 3.21777909047 3.46511440324 4.61800132679 2.32638102496 3.5146165057 ;
1.56337012221 4.75010529141 2.13152762369 2.40641818729 0.0 1.07649323972 2.88653037214 ;
1.8053502752 4.71269917898 0.0 2.01307304357 2.86111606474 0.951352112508 2.78392386462 ;
2.71929334865 4.62836202296 3.09763626171 3.95228641153 3.42793585979 1.67616960924 2.94140028672 ;
