cluster 0
size:748
#377eb8
[ 2.87207013  4.51923501  3.25430553  3.44412271  4.52210005  2.08117217
  3.4205785 ]

cluster 1
size:330
#ff7f00
[ 1.73167933  4.7184704   0.06553688  1.75762239  2.87703403  0.72703736
  2.81111975]

cluster 2
size:368
#4daf4a
[ 1.55495316  4.75048725  2.08515228  1.90111731  0.27774754  0.68124121
  2.66888708]

cluster 3
size:482
#f781bf
[ 2.16681037  4.67633405  3.06377149  4.32000314  2.63304195  3.60839419
  2.7494425 ]

cluster 4
size:382
#a65628
[ 0.75795546  4.73418122  2.56812704  1.08799468  3.50633062  1.12725029
  3.02249396]

cluster 5
size:699
#984ea3
[ 2.38849483  4.73977583  2.69732092  2.54132627  3.09857665  0.57047542
  2.99788242]

