54.7928802589 3.79166666667 2.27750809061 0.644012944984 0.608414239482 4.9854368932 0.390372168285 ;
37.7909400255 6.14844746916 2.67779668226 0.098681412165 0.0382815823054 6.26201616333 0.215440238197 ;
59.0515021459 3.67381974249 7.81545064378 3.81115879828 0.0 62.1459227468 10.7210300429 ;
43.4965753425 40.1746575342 1.72602739726 0.0513698630137 0.0445205479452 4.27739726027 0.0650684931507 ;
55.9839857651 3.50533807829 4.82206405694 2.01334519573 0.0266903914591 30.5613879004 4.40658362989 ;
72.9736618522 4.18691588785 2.81393372982 1.0 0.943075615973 4.77740016992 0.399320305862 ;
36.8151647287 6.13396317829 2.76598837209 0.0753391472868 0.0109011627907 6.39704457364 0.204699612403 ;
55.5427830596 3.42005185825 4.42437337943 1.77268798617 0.0484010371651 26.5643906655 3.69835782195 ;
70.2571247625 4.02343255225 2.76694110196 0.962634578847 0.933502216593 4.42938568714 0.343888537049 ;
58.810880829 3.59585492228 7.25906735751 3.45336787565 0.00518134715026 55.0725388601 9.23834196891 ;
43.2463343109 37.5454545455 1.78005865103 0.049853372434 0.0381231671554 4.71554252199 0.0967741935484 ;
51.3893731839 4.11623080116 2.0601909506 0.484433374844 0.517642175176 4.34578663346 0.270651722707 ;
52.0082440231 3.89612530915 3.83264633141 1.40230832646 0.0849134377576 21.5441055235 2.76339653751 ;
58.6782334385 3.48107255521 6.58675078864 3.00157728707 0.00788643533123 47.7176656151 7.76498422713 ;
73.7836095764 4.25690607735 2.96685082873 1.06445672192 0.937384898711 5.46040515654 0.499079189687 ;
37.8447645668 6.17716620082 2.63126209417 0.0782627391959 0.0402064072243 5.75854654913 0.153515373038 ;
56.0378151261 3.802054155 2.10690943044 0.588235294118 0.705415499533 3.37301587302 0.173202614379 ;
43.6167883212 41.2700729927 1.75182481752 0.0547445255474 0.0474452554745 4.18613138686 0.0583941605839 ;
58.8551912568 3.61475409836 7.34153005464 3.49726775956 0.00546448087432 55.8360655738 9.39890710383 ;
49.6445182724 4.61212624585 2.00747508306 0.404069767442 0.428571428571 4.47342192691 0.255398671096 ;
68.7346717309 3.958220293 2.76831253391 0.945198046663 0.930005425936 4.38361367336 0.334780249593 ;
43.4703832753 40.4843205575 1.73867595819 0.0522648083624 0.0452961672474 4.24738675958 0.0662020905923 ;
55.2439834025 3.49709543568 4.40912863071 1.76514522822 0.043153526971 26.6373443983 3.7020746888 ;
36.3939861218 6.21459778977 2.78668722693 0.0673348753534 0.00616808018504 6.39090208173 0.196864559239 ;
54.7346251053 3.49705139006 4.28138163437 1.70176916596 0.0547598989048 25.6748104465 3.5248525695 ;
37.5576923077 6.26442307692 2.69012237762 0.0887237762238 0.0305944055944 6.17832167832 0.199082167832 ;
72.815 4.18916666667 2.905 1.02 0.96 4.78083333333 0.3975 ;
54.3565957447 3.94893617021 2.09319148936 0.557446808511 0.622978723404 3.92765957447 0.233191489362 ;
43.6165413534 41.7819548872 1.73684210526 0.0563909774436 0.0488721804511 4.22932330827 0.0601503759398 ;
59.0617577197 3.56294536817 7.17102137767 3.38242280285 0.00712589073634 53.7553444181 8.98337292162 ;
56.0177777778 3.41244444444 4.62044444444 1.89688888889 0.0337777777778 28.6248888889 4.06666666667 ;
37.5689354276 6.18542757417 2.6952443281 0.0935863874346 0.0331588132635 6.28206806283 0.212696335079 ;
71.5256688359 4.10629067245 2.85177151121 0.993492407809 0.955892986262 4.60086767896 0.368040491685 ;
53.505841627 3.91951536132 2.13587191692 0.57334487235 0.566854175682 4.70012981393 0.339679792298 ;
43.4152249135 40.4048442907 1.76816608997 0.0553633217993 0.0449826989619 4.47058823529 0.0865051903114 ;
58.6428571429 3.67207792208 7.57792207792 3.63961038961 0.00649350649351 58.2922077922 9.89935064935 ;
36.5205860066 6.25663046224 2.77570093458 0.06516797171 0.00580954786562 6.34983581713 0.190704723415 ;
54.2915254237 3.48813559322 4.07966101695 1.56525423729 0.0932203389831 22.6754237288 3.01440677966 ;
50.3342025206 4.39156888309 1.95089091699 0.395914819644 0.48109517601 3.76140808344 0.169491525424 ;
69.6279761905 4.00119047619 2.7380952381 0.947619047619 0.941071428571 4.26607142857 0.322023809524 ;
58.5968858131 3.56228373702 6.67647058824 3.07093425606 0.00519031141869 49.1626297578 8.04671280277 ;
43.3940397351 39.6225165563 1.74503311258 0.0529801324503 0.0430463576159 4.42715231788 0.0794701986755 ;
36.5825436409 6.30498753117 2.7650872818 0.0655860349127 0.00673316708229 6.34763092269 0.193017456359 ;
58.4567901235 3.56995884774 6.94032921811 3.24074074074 0.00617283950617 51.7366255144 8.56172839506 ;
50.4514380992 4.31929970821 2.06877865777 0.446436015006 0.483951646519 4.33805752397 0.250104210088 ;
69.5567375887 3.99349881797 2.73286052009 0.947399527187 0.931442080378 4.32387706856 0.328605200946 ;
43.4657534247 40.2054794521 1.72602739726 0.0547945205479 0.0445205479452 4.3595890411 0.0787671232877 ;
55.2149866191 3.44424620874 4.21587867975 1.66904549509 0.0508474576271 24.8679750223 3.39339875112 ;
38.1346871115 5.95379196022 2.63779527559 0.100290095317 0.0476585163697 6.05760464153 0.198715292167 ;
74.3043478261 4.27766798419 2.87055335968 1.03458498024 0.938735177866 5.12055335968 0.45256916996 ;
59.2819672131 3.59672131148 7.59016393443 3.64918032787 0.00655737704918 58.3540983607 9.92459016393 ;
54.7726907631 3.52610441767 4.45301204819 1.8 0.0417670682731 27.6152610442 3.86586345382 ;
43.3441176471 37.5294117647 1.74705882353 0.0441176470588 0.0382352941176 4.45882352941 0.0705882352941 ;
56.4141725352 3.7099471831 2.28433098592 0.659771126761 0.699823943662 4.11971830986 0.28036971831 ;
70.8296593186 4.06613226453 2.85971943888 0.98997995992 0.943219772879 4.65263861055 0.376085504342 ;
52.3682076237 4.01459854015 2.10218978102 0.54298459043 0.521897810219 4.94890510949 0.362530413625 ;
59.1847133758 3.68152866242 7.55095541401 3.62738853503 0.00636942675159 57.9617834395 9.83121019108 ;
37.1525579261 6.33218628126 2.73067217252 0.0786877724249 0.0199587061253 6.28355127323 0.200275292498 ;
55.696803653 3.47397260274 4.63470319635 1.900456621 0.0328767123288 28.8401826484 4.09589041096 ;
43.5873605948 41.594795539 1.7249070632 0.0557620817844 0.0483271375465 4.20817843866 0.0594795539033 ;
55.7810945274 3.36898839138 4.48009950249 1.8175787728 0.0456053067993 27.1849087894 3.82918739635 ;
45.1820551005 5.59828741623 2.18987341772 0.239017125838 0.234549516009 4.49590469099 0.182799702159 ;
65.5208333333 3.85294117647 2.59191176471 0.862336601307 0.867238562092 4.24223856209 0.314133986928 ;
43.609929078 40.804964539 1.75531914894 0.0567375886525 0.0460992907801 4.33687943262 0.0744680851064 ;
58.7044776119 3.63880597015 7.45970149254 3.5671641791 0.00597014925373 57.1044776119 9.64776119403 ;
35.3029904699 6.07295432139 2.84390404206 0.0798554058495 0.00460072297075 7.18764377259 0.25862635557 ;
54.936189608 3.51686417502 4.37010027347 1.74931631723 0.0410209662716 26.5113947129 3.66362807657 ;
36.8877184582 6.23533636581 2.76226957146 0.0751735695475 0.0119703136222 6.35982762748 0.201580081398 ;
51.605447792 4.11803549319 2.01238134544 0.47915806851 0.514238547255 4.30581923236 0.269913330582 ;
70.3385975995 4.03979785218 2.87428932407 0.996209728364 0.934933670246 4.8010107391 0.394819962097 ;
58.8824940048 3.56115107914 7.18225419664 3.38848920863 0.00719424460432 53.9256594724 9.01199040767 ;
43.3399339934 39.5280528053 1.73267326733 0.049504950495 0.042904290429 4.300330033 0.0660066006601 ;
55.7278368794 3.39804964539 4.52482269504 1.83865248227 0.0398936170213 27.6019503546 3.87677304965 ;
54.0133000831 3.86824605154 2.14048212801 0.576475477972 0.593516209476 4.43100581879 0.307980049875 ;
37.524785195 6.08393919365 2.70808548138 0.0947345230227 0.0330469266358 6.27935668649 0.211059704781 ;
43.2760736196 38.3190184049 1.77914110429 0.0521472392638 0.0398773006135 4.73619631902 0.101226993865 ;
72.446842526 4.17745803357 2.85451638689 1.00559552358 0.958433253397 4.68185451639 0.381294964029 ;
58.6742857143 3.61428571429 7.37428571429 3.52285714286 0.00571428571429 56.4914285714 9.53142857143 ;
68.3789954338 3.93759512938 2.88736681887 0.99137493658 0.890918315576 5.1633688483 0.449518011162 ;
51.4335532516 3.94344957587 3.90574929312 1.44580584354 0.0688030160226 23.05466541 3.00471253534 ;
49.7881433824 4.35110294118 1.89705882353 0.372702205882 0.447610294118 3.85615808824 0.178308823529 ;
59.137254902 3.49346405229 6.65359477124 3.03594771242 0.00816993464052 48.1519607843 7.85620915033 ;
43.6775362319 41.1449275362 1.75362318841 0.054347826087 0.0471014492754 4.20289855072 0.0579710144928 ;
36.497182377 6.36039959016 2.75589139344 0.0581454918033 0.00409836065574 6.09964139344 0.161885245902 ;
51.4353771504 4.22849580944 1.98500220556 0.448610498456 0.535509483899 3.73400970446 0.179973533304 ;
70.2861675127 4.02347715736 2.7557106599 0.961294416244 0.933375634518 4.42258883249 0.343274111675 ;
58.9296296296 3.53148148148 6.78333333333 3.14259259259 0.00555555555556 50.1185185185 8.24074074074 ;
43.4364261168 40.2714776632 1.74226804124 0.0549828178694 0.0446735395189 4.37457044674 0.0790378006873 ;
54.321858864 3.48020654045 4.10585197935 1.59380378657 0.0774526678141 23.5361445783 3.1660929432 ;
36.853506244 6.27785782901 2.76032660903 0.0725264169068 0.0110470701249 6.32804995197 0.196205571566 ;
37.6174685739 6.23623753793 2.6881231036 0.0921109666233 0.0309926311227 6.2303857824 0.206978760295 ;
58.5126262626 3.57323232323 7.23737373737 3.42676767677 0.00757575757576 54.7196969697 9.17171717172 ;
73.0205303678 4.19161676647 2.86484174508 1.00940975192 0.963216424294 4.63986313088 0.378100940975 ;
54.4859656473 3.89400921659 2.12945119397 0.579388353582 0.623795559279 4.14578969418 0.266024298282 ;
55.4400345125 3.46246764452 4.40120793788 1.7584124245 0.0543572044866 26.3597929249 3.65314926661 ;
43.6545454545 41.24 1.73090909091 0.0581818181818 0.0472727272727 4.30545454545 0.0727272727273 ;
35.7896836706 6.16614420063 2.79709318894 0.0655457395269 0.00370475919065 6.59447135936 0.210031347962 ;
55.2927419355 3.38709677419 4.15483870968 1.62177419355 0.0935483870968 23.1991935484 3.1314516129 ;
58.746124031 3.52131782946 6.8488372093 3.18023255814 0.00581395348837 50.8275193798 8.37984496124 ;
47.57 5.3348 2.0684 0.3036 0.3412 4.2724 0.1796 ;
67.7176887988 3.91586416624 2.60770400405 0.882919412063 0.932083122149 3.8043588444 0.255955397871 ;
43.5992366412 42.0648854962 1.75954198473 0.0610687022901 0.0496183206107 4.3893129771 0.0763358778626 ;
36.3456016706 6.00495954059 2.77916992952 0.0613416862438 0.00626468285043 6.24092926129 0.181936831115 ;
68.1432225064 3.92890025575 2.75959079284 0.937595907928 0.913554987212 4.45166240409 0.345780051151 ;
56.5671077505 3.39319470699 4.79489603025 2.01606805293 0.0274102079395 30.2448015123 4.36011342155 ;
42.9844559585 35.4766839378 1.76943005181 0.0440414507772 0.0336787564767 5.01554404145 0.126943005181 ;
58.5970149254 3.70895522388 7.75 3.7276119403 0.00373134328358 60.25 10.3097014925 ;
49.4856115108 4.30615507594 2.15947242206 0.47242206235 0.393285371703 5.90607513989 0.447641886491 ;
43.33125 38.59375 1.7375 0.046875 0.040625 4.471875 0.075 ;
54.2467091295 3.8118895966 2.14777070064 0.590233545648 0.5991507431 4.5804670913 0.332059447983 ;
55.8687782805 3.4407239819 4.64524886878 1.90769230769 0.0334841628959 28.8117647059 4.09502262443 ;
72.2768627451 4.16078431373 2.89568627451 1.01254901961 0.950588235294 4.77490196078 0.395294117647 ;
37.7018981881 6.07635893011 2.6960742019 0.101596203624 0.03494391717 6.3265746333 0.221742881795 ;
58.6601941748 3.66990291262 7.57281553398 3.63754045307 0.00647249190939 58.2459546926 9.88673139159 ;
39.0962566845 5.24366426412 2.50058126017 0.0981167170425 0.0997442455243 4.22413392234 0.0451057893513 ;
56.5361904762 3.19142857143 4.31619047619 1.72952380952 0.072380952381 24.5685714286 3.3980952381 ;
64.4780450554 3.89003436426 2.50782741504 0.821687667048 0.861397479954 3.88239786178 0.258495609011 ;
43.5357142857 40.9071428571 1.73928571429 0.0535714285714 0.0464285714286 4.15 0.0571428571429 ;
58.408 3.516 6.896 3.21 0.006 51.322 8.482 ;
40.5112 8.3472 2.7904 0.3112 0.048 13.212 0.9776 ;
37.078208401 6.32234857275 2.74332791831 0.0772801113948 0.0157809236482 6.3028544906 0.200046414481 ;
55.4413309982 3.51838879159 4.46672504378 1.79947460595 0.0402802101576 27.2241681261 3.79597197898 ;
70.8880647336 4.07012811868 2.83277140931 0.98246797033 0.947403910991 4.54012137559 0.36008091706 ;
52.2396864686 4.02805280528 2.05858085809 0.519801980198 0.537541254125 4.49257425743 0.301567656766 ;
58.8032786885 3.60928961749 7.32513661202 3.49453551913 0.00546448087432 55.8442622951 9.39890710383 ;
43.6775362319 41.1449275362 1.75362318841 0.054347826087 0.0471014492754 4.20289855072 0.0579710144928 ;
37.4774336283 6.18761061947 2.70730088496 0.0891592920354 0.0300884955752 6.2157079646 0.201548672566 ;
55.1088435374 3.50340136054 4.42261904762 1.77636054422 0.047619047619 26.9090136054 3.74149659864 ;
72.3307086614 4.15905511811 2.86692913386 1.00472440945 0.954330708661 4.68582677165 0.382677165354 ;
53.9145622896 3.91919191919 2.1069023569 0.56228956229 0.596801346801 4.25294612795 0.279461279461 ;
43.4520547945 40.1780821918 1.72602739726 0.0513698630137 0.0445205479452 4.25342465753 0.0650684931507 ;
58.912568306 3.6174863388 7.34699453552 3.49726775956 0.00546448087432 55.8278688525 9.39344262295 ;
77.7223088924 4.44461778471 2.94695787832 1.07020280811 0.992199687988 5.02652106084 0.432137285491 ;
38.7364565259 6.09620204357 2.60304607673 0.118372855215 0.06998264893 6.0368228263 0.210911895122 ;
58.8862973761 3.62682215743 7.39650145773 3.53935860058 0.00583090379009 56.7551020408 9.5889212828 ;
55.2303325223 3.47607461476 4.43227899432 1.77939983779 0.0454176804542 26.8215733982 3.7404703974 ;
43.6666666667 42.0996168582 1.75095785441 0.0574712643678 0.0498084291188 4.27203065134 0.0613026819923 ;
59.0907922912 3.74732334047 2.32462526767 0.717773019272 0.756745182013 3.9755888651 0.269807280514 ;
54.0317062995 3.67000417188 2.19816437213 0.602836879433 0.59991656237 4.64080100125 0.3370880267 ;
55.7925200356 3.3535173642 4.59038290294 1.88334817453 0.0329474621549 28.4541406946 4.03472840606 ;
42.061633282 27.345146379 2.0030816641 0.0416024653313 0.020030816641 6.27889060092 0.220338983051 ;
58.8 3.67301587302 7.53968253968 3.62222222222 0.00634920634921 57.9650793651 9.83174603175 ;
72.3604743083 4.16205533597 2.81422924901 0.993675889328 0.946245059289 4.68695652174 0.382608695652 ;
37.3775582216 5.41190308163 2.73323923783 0.0973888496824 0.0352858151023 6.14678899083 0.201129146083 ;
37.3424071991 6.24769403825 2.71811023622 0.0854893138358 0.0242969628796 6.23712035996 0.199775028121 ;
71.5859318347 4.10804931109 2.82523567803 0.989847715736 0.951414068165 4.61131254532 0.372008701958 ;
58.8426724138 3.53232758621 6.99784482759 3.28879310345 0.00646551724138 52.3685344828 8.7025862069 ;
43.5157894737 40.6 1.74035087719 0.0526315789474 0.0456140350877 4.21754385965 0.0631578947368 ;
53.2150065818 3.97367266345 2.0557261957 0.52259763054 0.584905660377 3.9587538394 0.231241772707 ;
54.643728223 3.51567944251 4.24390243902 1.67421602787 0.0592334494774 25.143728223 3.42682926829 ;
38.6020508775 6.05265233682 2.58883849339 0.101755077894 0.0670479195425 5.85525537369 0.181226582528 ;
58.6799276673 3.56419529837 6.74683544304 3.11392405063 0.00542495479204 49.7974683544 8.17359855335 ;
58.8453320948 3.71202972596 2.20715281003 0.67254993033 0.77426846261 3.39572689271 0.190431955411 ;
43.5277777778 40.4479166667 1.74305555556 0.0555555555556 0.0451388888889 4.40277777778 0.0798611111111 ;
53.7512562814 3.49832495812 4.11055276382 1.57202680067 0.0954773869347 22.878559464 3.04773869347 ;
76.6626180837 4.39406207827 3.04588394062 1.10661268556 0.944669365722 5.8636977058 0.549257759784 ;
55.8211169284 3.49389179756 4.66317626527 1.92233856894 0.0322862129145 29.1588132635 4.15706806283 ;
37.0324387398 6.33862310385 2.73955659277 0.0767794632439 0.0147024504084 6.34165694282 0.202567094516 ;
70.7820598007 4.06445182724 2.87109634551 0.9926910299 0.943521594684 4.6950166113 0.382059800664 ;
58.9784946237 3.60931899642 7.72401433692 3.70967741935 0.00716845878136 59.6523297491 10.1863799283 ;
43.6485507246 41.1485507246 1.75 0.054347826087 0.0471014492754 4.17753623188 0.0579710144928 ;
52.1056197688 4.02231964926 2.08688720606 0.52730171383 0.518931845357 4.790354723 0.33997608609 ;
71.518037518 4.10317460317 2.84199134199 0.992784992785 0.958152958153 4.58513708514 0.367243867244 ;
37.2190998401 6.24857208133 2.73269362577 0.0827050491204 0.0226182316655 6.26707790724 0.199908613205 ;
54.8652542373 3.48644067797 4.25677966102 1.67288135593 0.0661016949153 25.0161016949 3.41610169492 ;
43.4668989547 40.5156794425 1.74912891986 0.0557491289199 0.0452961672474 4.37630662021 0.0801393728223 ;
58.7356828194 3.53744493392 7.04185022026 3.3127753304 0.00660792951542 52.7026431718 8.76872246696 ;
52.8942141623 4.0384283247 2.0103626943 0.503886010363 0.568221070812 3.8786701209 0.215457685665 ;
63.8982057854 3.86415232516 2.42109117539 0.781032588795 0.848773343098 3.70267301355 0.237641889418 ;
38.5976758165 5.8439190543 2.58705670206 0.0955720296534 0.0719294730515 5.72470446804 0.165497896213 ;
59.1725888325 3.54314720812 8.08121827411 3.95431472081 0.0 64.4314720812 11.2436548223 ;
52.7018216683 3.53307766059 3.59060402685 1.31064237776 0.130393096836 18.7555129434 2.35953978907 ;
57.8961424332 3.5 5.59940652819 2.41246290801 0.0163204747774 36.675074184 5.52077151335 ;
42.9203296703 36.4725274725 1.76648351648 0.0467032967033 0.0357142857143 4.98076923077 0.126373626374 ;
36.8893657606 6.34215546018 2.75345731998 0.0729613733906 0.0116833571769 6.33166428231 0.197663328565 ;
55.2003439381 3.51160791058 4.40412725709 1.75666380052 0.0447119518487 26.5124677558 3.67497850387 ;
43.6268115942 41.1449275362 1.75362318841 0.054347826087 0.0471014492754 4.19927536232 0.0579710144928 ;
58.8772378517 3.58567774936 7.24552429668 3.43989769821 0.00511508951407 54.8772378517 9.19693094629 ;
51.4719195306 4.1512992456 2.03227158424 0.482397317687 0.516345347863 4.33528918692 0.270326906957 ;
70.2081761006 4.02012578616 2.79371069182 0.967924528302 0.936477987421 4.47924528302 0.350943396226 ;
69.9767014102 4.00613120785 2.80318822808 0.968730839975 0.939301042305 4.51318209687 0.35683629675 ;
36.9530217186 6.29296506138 2.73914069877 0.0720018885741 0.0146364494806 6.2769121813 0.194759206799 ;
55.6684831971 3.51316984559 4.540417802 1.84196185286 0.0363306085377 27.8437783833 3.91099000908 ;
58.7098591549 3.61126760563 7.35774647887 3.51267605634 0.0056338028169 56.2873239437 9.49014084507 ;
43.5598591549 40.6549295775 1.74295774648 0.0528169014085 0.0457746478873 4.22535211268 0.0633802816901 ;
51.5035520267 4.11659005433 2.08817384037 0.511491851233 0.496447973255 4.88215628918 0.341830338487 ;
50.5405511811 4.44291338583 2.09921259843 0.465748031496 0.462992125984 4.79881889764 0.311811023622 ;
59.2258064516 3.61290322581 7.31182795699 3.4811827957 0.00537634408602 55.5349462366 9.33602150538 ;
69.6102897694 3.99526907156 2.76345357776 0.953873447664 0.932584269663 4.40804257836 0.340626848019 ;
43.5518518519 41.5296296296 1.72592592593 0.0555555555556 0.0481481481481 4.2 0.0592592592593 ;
36.5495 6.29475 2.76775 0.06625 0.00675 6.32675 0.1925 ;
55.3185448092 3.51464063886 4.45075421473 1.79946761313 0.0372670807453 27.2653061224 3.80745341615 ;
53.6689774697 3.58578856153 4.08925476603 1.58145580589 0.0693240901213 23.8292894281 3.19757365685 ;
52.3134590092 4.100832968 1.98334064007 0.479614204296 0.555896536607 3.81104778606 0.198158702324 ;
70.9388851578 4.07118871726 2.85560779046 0.99395567495 0.944257891202 4.68972464741 0.382135661518 ;
59.0469924812 3.51315789474 6.80827067669 3.15413533835 0.00563909774436 50.3120300752 8.28195488722 ;
43.6606498195 41.083032491 1.75090252708 0.0541516245487 0.0469314079422 4.19494584838 0.057761732852 ;
37.0332786501 6.31239746895 2.73634872276 0.0719475041012 0.0157018982892 6.17951722522 0.183970002344 ;
36.0838779956 6.27750544662 2.80065359477 0.0803376906318 0.00381263616558 6.88671023965 0.250544662309 ;
57.5880880881 3.50950950951 2.84334334334 0.948948948949 0.584584584585 8.69469469469 0.936436436436 ;
57.1957618567 3.46417759839 5.93743693239 2.65388496468 0.0131180625631 41.019172553 6.45307769929 ;
43.6363636364 41.2145454545 1.74909090909 0.0545454545455 0.0472727272727 4.18181818182 0.0581818181818 ;
46.3601434426 5.24641393443 1.97489754098 0.236168032787 0.286885245902 4.11731557377 0.160348360656 ;
73.4532374101 4.19694244604 2.78147482014 0.991007194245 0.961330935252 4.47302158273 0.362410071942 ;
66.2658934708 3.86383161512 2.6662371134 0.892611683849 0.884879725086 4.37156357388 0.334621993127 ;
35.3432646593 5.68145800317 2.84025356577 0.0627575277338 0.00348652931854 6.31156893819 0.183201267829 ;
46.0138781804 6.11526599846 2.07632999229 0.243639167309 0.259830377795 4.73901310717 0.188897455667 ;
59.5051975052 3.56133056133 6.95841995842 3.25987525988 0.00623700623701 51.683991684 8.56340956341 ;
43.5839694656 42.0419847328 1.74809160305 0.0572519083969 0.0496183206107 4.25190839695 0.0610687022901 ;
53.5940677966 3.58220338983 4.1686440678 1.61694915254 0.064406779661 24.6728813559 3.33559322034 ;
55.4933554817 3.46511627907 4.39867109635 1.76079734219 0.0498338870432 26.3936877076 3.67358803987 ;
47.2042840143 5.21182070607 2.11027370091 0.317731059104 0.312177707259 4.68742562475 0.234430781436 ;
43.5683453237 41.0287769784 1.74100719424 0.0539568345324 0.0467625899281 4.1618705036 0.0575539568345 ;
66.9085027726 3.8853974122 2.65942698706 0.892329020333 0.906654343808 4.16404805915 0.30314232902 ;
58.8700265252 3.60477453581 7.31034482759 3.4774535809 0.0053050397878 55.4058355438 9.30769230769 ;
35.736400463 6.14988425926 2.79716435185 0.0639467592593 0.00376157407407 6.60300925926 0.209201388889 ;
49.8185601332 4.32542655015 2.04535996671 0.431960049938 0.446941323346 4.62754889721 0.285892634207 ;
68.819627193 3.96271929825 2.73026315789 0.9375 0.919407894737 4.33936403509 0.328947368421 ;
43.3841269841 38.8888888889 1.73650793651 0.0507936507937 0.0412698412698 4.55238095238 0.0888888888889 ;
58.8538461538 3.58974358974 7.25128205128 3.44358974359 0.00512820512821 54.9179487179 9.20512820513 ;
55.3932291667 3.46701388889 4.42274305556 1.76909722222 0.0460069444444 26.5868055556 3.6953125 ;
36.4514811032 6.24923391216 2.78677221655 0.0648621041879 0.00459652706844 6.37282941777 0.193054136874 ;
36.8133073361 6.02875944431 2.78357299537 0.0784791615891 0.0109675846941 6.44114062881 0.208627833293 ;
70.795361528 4.07844474761 2.77967257844 0.964529331514 0.976807639836 4.13574351978 0.299454297408 ;
57.9035639413 3.55136268344 6.94549266247 3.24947589099 0.0062893081761 52.0125786164 8.60377358491 ;
51.6279257466 4.07707828894 2.02865213882 0.483050847458 0.515334947538 4.31920903955 0.269572235674 ;
56.3746581586 3.3290793072 4.35369188696 1.73017319964 0.0610756608933 25.0938924339 3.46216955333 ;
42.7150395778 35.8153034301 1.75725593668 0.0474934036939 0.0343007915567 5.11609498681 0.139841688654 ;
55.4383445946 3.49493243243 4.43158783784 1.77195945946 0.0464527027027 26.7170608108 3.71537162162 ;
37.0266168573 6.29348587439 2.73873453187 0.076815316367 0.0158767219239 6.30656082185 0.200793836096 ;
52.1484861054 4.13189547905 2.04272086271 0.503525508088 0.537121526338 4.32351721277 0.271256739942 ;
58.7924528302 3.60916442049 7.32884097035 3.49056603774 0.00539083557951 55.6469002695 9.36118598383 ;
70.9004065041 4.07317073171 2.82791327913 0.981029810298 0.951219512195 4.47222222222 0.349593495935 ;
43.6436363636 41.2072727273 1.75636363636 0.0545454545455 0.0472727272727 4.20727272727 0.0581818181818 ;
47.0362616822 5.55887850467 2.15214953271 0.319626168224 0.299065420561 5.19102803738 0.273271028037 ;
55.5404721754 3.49831365936 4.40556492411 1.75969645868 0.0522765598651 26.3136593592 3.6568296796 ;
43.5505617978 41.7265917603 1.734082397 0.0561797752809 0.0486891385768 4.22846441948 0.059925093633 ;
67.0548009368 3.87822014052 2.65667447307 0.891803278689 0.912880562061 4.08899297424 0.295081967213 ;
58.881443299 3.59278350515 7.25515463918 3.44845360825 0.00515463917526 54.9896907216 9.22164948454 ;
35.5592714243 5.94326664676 2.7906837862 0.0597193191998 0.00328456255599 6.32487309645 0.186921469095 ;
54.6769230769 3.86282051282 2.1188034188 0.582478632479 0.630341880342 4.1311965812 0.268803418803 ;
37.6924735821 6.17942635325 2.6827690317 0.0929480267414 0.0323485011861 6.18762130688 0.203148587449 ;
58.9661458333 3.59895833333 7.28125 3.4609375 0.00520833333333 55.1276041667 9.25 ;
43.5017421603 40.4808362369 1.73519163763 0.0522648083624 0.0452961672474 4.25783972125 0.0662020905923 ;
54.9957301452 3.50213492741 4.40819812126 1.75832621691 0.0538001707942 26.5704526046 3.68146883006 ;
72.9593564776 4.18628281118 2.89923793395 1.01778154107 0.960203217612 4.74767146486 0.393734123624 ;
36.6566131026 6.27663782447 2.76983930779 0.0677379480841 0.00840543881335 6.32039555006 0.192088998764 ;
69.4799767847 3.988972722 2.76552524666 0.957051654092 0.923389437028 4.53975623912 0.359837492745 ;
54.773716275 3.54482158399 4.36727589208 1.73107049608 0.0548302872063 26.1627502176 3.60226283725 ;
59.0193236715 3.5652173913 7.19565217391 3.39855072464 0.00724637681159 54.0096618357 9.02898550725 ;
43.4329896907 40.2405498282 1.73195876289 0.0515463917526 0.0446735395189 4.25429553265 0.0652920962199 ;
50.6387720774 4.29646761985 2.02186711522 0.447855340622 0.476450798991 4.38351555929 0.262825904121 ;
52.4575297497 4.03036520312 2.02872384079 0.511284366024 0.540828887977 4.30488305293 0.276159212146 ;
55.3439930856 3.50475367329 4.44598098531 1.78133102852 0.0449438202247 26.8660328436 3.73984442524 ;
37.1143187067 6.35265588915 2.74064665127 0.0785219399538 0.0163972286374 6.30831408776 0.201616628176 ;
58.824 3.61066666667 7.32266666667 3.48266666667 0.00533333333333 55.488 9.32266666667 ;
71.2048780488 4.10174216028 2.86759581882 0.997212543554 0.962369337979 4.63275261324 0.371428571429 ;
43.6165413534 41.7819548872 1.73684210526 0.0563909774436 0.0488721804511 4.22932330827 0.0601503759398 ;
58.8023952096 3.47904191617 6.51497005988 2.95658682635 0.00748502994012 46.8877245509 7.6002994012 ;
37.9631679796 6.13859910581 2.6157121567 0.0789865871833 0.0457738982329 5.6821375346 0.147753885459 ;
74.5055611729 4.25581395349 2.87664307381 1.03842264914 0.943377148635 5.06673407482 0.445904954499 ;
51.657336726 3.94826123834 3.79389312977 1.38252756573 0.0822731128075 21.3910093299 2.72688719254 ;
43.5688405797 41.1485507246 1.75 0.054347826087 0.0471014492754 4.20652173913 0.0615942028986 ;
56.6905522592 3.81560931082 2.20858055682 0.63030579644 0.718393427659 3.68279324509 0.216339570972 ;
55.4870651204 3.46208742194 4.34165923283 1.72970561998 0.049955396967 25.8545941124 3.56556645852 ;
51.3063291139 4.16835443038 2.01687763713 0.472151898734 0.506751054852 4.29873417722 0.263713080169 ;
36.8648001914 6.29313232831 2.76046901173 0.074898301029 0.0112467097392 6.38310600622 0.202919358698 ;
43.4655172414 40.3275862069 1.73448275862 0.0551724137931 0.0448275862069 4.36551724138 0.0793103448276 ;
70.0879052369 4.01558603491 2.80049875312 0.968827930175 0.945760598504 4.43703241895 0.34289276808 ;
58.5688073394 3.53899082569 7.11009174312 3.34403669725 0.00688073394495 53.3073394495 8.8876146789 ;
54.7198964178 3.62969356927 2.15882606819 0.604661199827 0.643936124299 4.16141562365 0.279671989642 ;
55.9778911565 3.22193877551 4.49744897959 1.82057823129 0.0493197278912 26.8545918367 3.77465986395 ;
37.4085303186 4.82245632066 2.7183967112 0.101233299075 0.042394655704 5.47687564234 0.14542651593 ;
40.6895927602 20.4904977376 2.33484162896 0.0660633484163 0.014479638009 8.77285067873 0.428054298643 ;
58.7106741573 3.6095505618 7.35112359551 3.51123595506 0.00561797752809 56.2471910112 9.48314606742 ;
73.0883882149 4.19670710572 2.78162911612 0.987868284229 0.956672443674 4.51819757366 0.360485268631 ;
37.4264803726 6.26413838989 2.71900643158 0.0915945886006 0.0279441117764 6.30272787758 0.209580838323 ;
53.7382045929 3.93319415449 2.06764091858 0.546137787056 0.597494780793 4.10897703549 0.258872651357 ;
58.3071593533 3.6143187067 7.11547344111 3.3441108545 0.00692840646651 53.4249422633 8.89376443418 ;
72.3731105807 4.16547334924 2.85282418457 1.00079554495 0.961018297534 4.55290373906 0.36276849642 ;
43.6438848921 41.0503597122 1.75899280576 0.0575539568345 0.0467625899281 4.31654676259 0.0719424460432 ;
55.5008865248 3.4219858156 4.35283687943 1.73404255319 0.0496453900709 25.8466312057 3.56914893617 ;
58.8914728682 3.59689922481 7.26098191214 3.45219638243 0.00516795865633 55.0258397933 9.22739018088 ;
50.0298444725 4.38713745271 2.06893652795 0.445145018916 0.453551912568 4.68558217739 0.295502311896 ;
68.853538124 3.95282501371 2.70652770159 0.933625891388 0.91387822271 4.39001645639 0.33680746023 ;
36.5558889722 6.36184046012 2.76944236059 0.0647661915479 0.00650162540635 6.33658414604 0.191797949487 ;
55.2912280702 3.50877192982 4.44561403509 1.77894736842 0.0447368421053 26.7947368421 3.72543859649 ;
43.625 41.4044117647 1.72426470588 0.0551470588235 0.0477941176471 4.19117647059 0.0588235294118 ;
52.278833407 4.08837825895 1.92620415378 0.454264250994 0.560318161732 3.48475475033 0.157313300928 ;
58.375975039 3.52730109204 6.56786271451 2.98907956318 0.00780031201248 47.6458658346 7.73634945398 ;
71.1517241379 4.09172413793 2.87586206897 1.00068965517 0.958620689655 4.65862068966 0.373793103448 ;
43.5177993528 39.2006472492 1.73786407767 0.0517799352751 0.042071197411 4.4498381877 0.0776699029126 ;
36.9118068834 6.22299235182 2.7526290631 0.0690726577438 0.013862332696 6.15678776291 0.177103250478 ;
53.4562012142 3.59236773634 3.88985255854 1.473547268 0.0893321769297 21.81613183 2.85862966175 ;
52.9530730897 3.62333887043 2.14451827243 0.588455149502 0.523255813953 5.42940199336 0.461794019934 ;
40.3716063348 9.82466063348 2.61764705882 0.183823529412 0.0254524886878 10.1821266968 0.621040723982 ;
57.2765017668 3.41961130742 5.68374558304 2.53621908127 0.017667844523 38.8454063604 6.03091872792 ;
43.6666666667 42.4823529412 1.7568627451 0.0588235294118 0.0509803921569 4.26666666667 0.0627450980392 ;
70.6401808786 4.0484496124 2.91343669251 1.01356589147 0.920542635659 5.13824289406 0.448966408269 ;
36.0699203877 4.38629283489 2.80166147456 0.0699203876774 0.0256143994462 4.63136033229 0.0588438906196 ;
37.40164664 6.26835781041 2.72073876279 0.0907877169559 0.0267022696929 6.30841121495 0.209835336004 ;
72.3473767886 4.16295707472 2.85771065183 1.00158982512 0.962639109698 4.5373608903 0.360095389507 ;
58.6275 3.575 7.23 3.42 0.0075 54.5675 9.135 ;
55.5218531469 3.47465034965 4.40472027972 1.76136363636 0.0454545454545 26.4344405594 3.66783216783 ;
53.6772464963 3.92497938994 2.07749381698 0.5494641385 0.592745259687 4.19620774938 0.270403957131 ;
43.6402877698 41.0215827338 1.74460431655 0.0539568345324 0.0467625899281 4.19064748201 0.0575539568345 ;
70.1359102244 4.01995012469 2.8210723192 0.973815461347 0.937032418953 4.55673316708 0.360349127182 ;
36.9176944972 6.32756166983 2.75426944972 0.0759013282732 0.0118595825427 6.38662239089 0.204696394687 ;
58.7101449275 3.62608695652 7.4 3.53623188406 0.00579710144928 56.6927536232 9.57101449275 ;
43.6142857143 40.8964285714 1.73928571429 0.0535714285714 0.0464285714286 4.18571428571 0.0571428571429 ;
55.6881625442 3.46731448763 4.52120141343 1.83922261484 0.0371024734982 27.7429328622 3.90017667845 ;
51.49319026 4.12133718531 2.05654147751 0.495253817582 0.506397028477 4.58109781263 0.307057366901 ;
72.9753820034 4.19185059423 2.86672325976 1.01103565365 0.955857385399 4.72665534805 0.391341256367 ;
37.750641574 6.22647562019 2.67386655261 0.0919589392643 0.0335757057314 6.16873396065 0.20124037639 ;
54.8913412564 3.50339558574 4.28353140917 1.70033955857 0.0560271646859 25.5670628183 3.50848896435 ;
58.7296037296 3.54312354312 7.12820512821 3.35897435897 0.00699300699301 53.5291375291 8.93006993007 ;
54.7901234568 3.88051146384 2.12830687831 0.581569664903 0.649029982363 3.89770723104 0.236331569665 ;
43.5756457565 41.4649446494 1.72324723247 0.0553505535055 0.0479704797048 4.19188191882 0.0590405904059 ;
37.2288772489 6.27579139148 2.72102026873 0.0806194488727 0.023229332726 6.21384650421 0.19517194261 ;
53.0432432432 4.0474012474 2.11392931393 0.538461538462 0.567151767152 4.30935550936 0.27817047817 ;
59.0478723404 3.60904255319 7.31382978723 3.47606382979 0.00531914893617 55.4175531915 9.30585106383 ;
71.6176046176 4.10606060606 2.78932178932 0.989177489177 0.937229437229 4.74963924964 0.392496392496 ;
43.5824175824 41.3333333333 1.75457875458 0.0549450549451 0.047619047619 4.19047619048 0.0586080586081 ;
54.7596236099 3.52010265184 4.40633019675 1.75962360992 0.0487596236099 26.7390932421 3.70658682635 ;
42.9046454768 34.5158924205 1.77750611247 0.041564792176 0.0317848410758 5.20537897311 0.139364303178 ;
53.9103194103 3.74037674038 2.15151515152 0.589271089271 0.585176085176 4.67076167076 0.342751842752 ;
72.2223938224 4.14903474903 2.90501930502 1.02316602317 0.93667953668 5.00231660232 0.427799227799 ;
59.4862745098 3.58431372549 7.87843137255 3.78039215686 0.00392156862745 60.8078431373 10.4509803922 ;
55.5594405594 3.4291958042 4.68706293706 1.94842657343 0.0297202797203 29.7194055944 4.25524475524 ;
37.4776655443 5.89831649832 2.73041526375 0.0953984287318 0.0329966329966 6.27452300786 0.210325476992 ;
43.5547945205 40.1780821918 1.7397260274 0.0513698630137 0.0445205479452 4.28424657534 0.0650684931507 ;
62.7643504532 3.43957703927 4.43504531722 1.72054380665 0.138972809668 22.0211480363 3.02114803625 ;
39.1197956094 5.91767600303 2.56718395155 0.120741862226 0.0859197577593 5.77744133232 0.187168811506 ;
59.2076923077 3.52307692308 7.27179487179 3.44871794872 0.00512820512821 54.8205128205 9.18974358974 ;
63.8964326812 3.86612965094 2.40506329114 0.781741465286 0.862677406981 3.48906789413 0.20444955888 ;
49.3738562092 3.93071895425 4.13464052288 1.6 0.0352941176471 26.9777777778 3.65098039216 ;
35.7908199019 4.40084092502 2.83847231955 0.0655220742817 0.00805886475123 5.06201822004 0.0840925017519 ;
57.1289767842 3.41702493551 5.6388650043 2.51160791058 0.0197764402408 38.4411006019 5.95442820292 ;
68.6368891224 3.93904361534 2.7950604309 0.962690488702 0.886495007882 4.97687861272 0.424067262218 ;
43.9090909091 43.3016528926 1.78099173554 0.0619834710744 0.0537190082645 4.23966942149 0.0578512396694 ;
50.3866185897 3.75400641026 2.2015224359 0.536458333333 0.435496794872 6.02043269231 0.510817307692 ;
39.3606557377 11.8174366617 2.51415797317 0.0782414307004 0.00298062593145 9.53278688525 0.48956780924 ;
37.732112069 6.11487068966 2.67844827586 0.0918103448276 0.035775862069 6.12693965517 0.196336206897 ;
73.1972318339 4.21280276817 2.86505190311 1.01989619377 0.954152249135 4.85467128028 0.410034602076 ;
59.0493562232 3.54077253219 7.00643776824 3.28755364807 0.00643776824034 52.2660944206 8.68240343348 ;
54.9714912281 3.82280701754 2.13771929825 0.587280701754 0.651315789474 3.89692982456 0.237719298246 ;
54.3249348393 3.53084274544 4.22762814944 1.65768896612 0.0582102519548 25.0695047785 3.41007819288 ;
43.4657980456 39.2996742671 1.73615635179 0.0488599348534 0.042345276873 4.34527687296 0.0651465798046 ;
37.4950582034 6.25873050736 2.7059081924 0.0924665056007 0.031847133758 6.28069404788 0.210191082803 ;
53.8586688578 3.96302382909 2.14831552999 0.573541495481 0.589564502876 4.44371405094 0.305258833196 ;
58.5233160622 3.58808290155 7.26165803109 3.44300518135 0.00518134715026 55.0932642487 9.24352331606 ;
72.377689243 4.1593625498 2.81115537849 0.99203187251 0.952988047809 4.57450199203 0.365737051793 ;
55.7164855072 3.46557971014 4.47010869565 1.80525362319 0.0416666666667 27.1032608696 3.78170289855 ;
43.5634328358 41.6604477612 1.7276119403 0.0559701492537 0.0485074626866 4.21641791045 0.0597014925373 ;
51.2169437846 4.08076009501 2.08828186857 0.498416468725 0.489707046714 4.77197149644 0.328582739509 ;
58.7449856734 3.61891117479 7.38108882521 3.52435530086 0.00573065902579 56.5272206304 9.53581661891 ;
55.7087912088 3.48076923077 4.56501831502 1.85622710623 0.03663003663 28.0274725275 3.9478021978 ;
70.0946782178 4.01918316832 2.83044554455 0.976485148515 0.935024752475 4.63180693069 0.372524752475 ;
36.7976334219 6.4030427433 2.74909442164 0.0700313933832 0.00821057715528 6.38444820092 0.200676165177 ;
43.6775362319 41.1449275362 1.75362318841 0.054347826087 0.0471014492754 4.20289855072 0.0579710144928 ;
51.0028571429 4.1893877551 2.13632653061 0.512244897959 0.471836734694 5.2812244898 0.38693877551 ;
58.8184931507 3.69863013699 7.66095890411 3.67808219178 0.00684931506849 59.0342465753 10.051369863 ;
69.5081871345 3.99532163743 2.7701754386 0.954385964912 0.92865497076 4.47602339181 0.351461988304 ;
43.5634328358 41.6604477612 1.7276119403 0.0559701492537 0.0485074626866 4.21641791045 0.0597014925373 ;
56.1462306994 3.45776566757 4.68664850136 1.94096276113 0.0317892824705 29.2588555858 4.18165304269 ;
36.8351280211 6.36276621201 2.73917205073 0.0684374252213 0.0102895429529 6.29241445322 0.194783441015 ;
37.314382786 6.08584371461 2.73793884485 0.0939977349943 0.0260475651189 6.39660249151 0.218346545866 ;
71.5689277899 4.10940919037 2.8242159008 0.986870897155 0.962071480671 4.47702407002 0.350838803793 ;
55.842772612 3.35333896872 4.49366018597 1.8089602705 0.0490278951817 26.9205409975 3.77345731192 ;
58.7098591549 3.61126760563 7.35774647887 3.51267605634 0.0056338028169 56.2873239437 9.49014084507 ;
43.2397660819 37.5029239766 1.78362573099 0.0497076023392 0.0380116959064 4.78070175439 0.105263157895 ;
53.0681233933 3.92459297344 2.04798628963 0.525706940874 0.569837189374 4.12510711225 0.258783204799 ;
52.9290322581 3.65806451613 4.05529953917 1.55576036866 0.0654377880184 23.9096774194 3.18617511521 ;
36.7374233129 8.68171779141 2.69055214724 0.0559509202454 0.00588957055215 6.13325153374 0.16981595092 ;
60.7844067797 3.82779661017 2.4806779661 0.785084745763 0.833220338983 3.98237288136 0.274576271186 ;
75.3596392334 4.30552423901 2.96617812852 1.07666290868 0.927846674183 5.54227733935 0.506200676437 ;
58.9946140036 3.51346499102 6.76481149013 3.12028725314 0.00718132854578 49.6157989228 8.14721723519 ;
47.851639771 4.66892243623 2.0072878709 0.32899531494 0.357105674128 4.22175950026 0.196251952108 ;
36.8389409818 5.59018201875 2.72448979592 0.0650854936569 0.0223386651958 4.81274131274 0.0565361279647 ;
70.6627831715 4.04854368932 2.87896440129 1.00841423948 0.911974110032 5.17346278317 0.45501618123 ;
58.1203155819 3.37376725838 5.90039447732 2.63905325444 0.0167652859961 40.4063116371 6.3382642998 ;
42.0676031607 7.3643546971 2.95083406497 0.523266022827 0.036874451273 15.9754170325 1.48024582968 ;
43.3396825397 38.8317460317 1.72380952381 0.047619047619 0.0412698412698 4.2253968254 0.0539682539683 ;
53.0131300296 3.88479457857 2.14485387548 0.558238034731 0.540025412961 4.88267683185 0.372723422279 ;
53.117201426 4.0004456328 1.98707664884 0.507575757576 0.573529411765 3.89081996435 0.22192513369 ;
53.8066783831 3.54130052724 4.20210896309 1.63796133568 0.0659050966608 24.8057996485 3.36467486819 ;
37.3331082602 6.3216295296 2.70920549178 0.0810263335584 0.0234076074724 6.16700427639 0.190411883862 ;
43.6490566038 41.841509434 1.73962264151 0.0566037735849 0.0490566037736 4.23773584906 0.0603773584906 ;
71.3657505285 4.09302325581 2.91190979563 1.00916138125 0.954897815363 4.78153629316 0.396053558844 ;
59.6415478615 3.5600814664 6.93890020367 3.23625254582 0.0061099796334 51.3299389002 8.48676171079 ;
42.821547421 5.76206322795 2.54367720466 0.196755407654 0.118552412646 5.31198003328 0.232113144759 ;
55.6587701613 3.67389112903 2.23739919355 0.665826612903 0.641129032258 4.90473790323 0.396673387097 ;
56.8076628352 3.44214559387 5.40689655172 2.37318007663 0.0222222222222 36.5601532567 5.61379310345 ;
72.1418658443 4.14417887433 2.93600616808 1.02313030069 0.946800308404 4.91441788743 0.413261372398 ;
43.5333333333 40.5929824561 1.73684210526 0.0526315789474 0.0456140350877 4.17894736842 0.059649122807 ;
34.8396330275 6.2976146789 2.70275229358 0.0609174311927 0.00366972477064 7.2271559633 0.254678899083 ;
51.3912483912 4.23423423423 2.003003003 0.458172458172 0.523380523381 3.94036894037 0.211926211926 ;
54.8771929825 3.48596491228 4.19210526316 1.64912280702 0.0666666666667 24.5403508772 3.33684210526 ;
58.6955645161 3.52419354839 6.91733870968 3.22580645161 0.00604838709677 51.4112903226 8.49798387097 ;
36.8814973772 6.3924654268 2.75703385789 0.0748688602766 0.0114449213162 6.3724368145 0.202193609919 ;
70.2655259823 4.02281368821 2.77503168568 0.964512040558 0.935994930292 4.41888466413 0.342839036755 ;
43.6436781609 42.0996168582 1.75095785441 0.0574712643678 0.0498084291188 4.25670498084 0.0613026819923 ;
39.2395853331 5.64273373008 2.53637934344 0.107314263774 0.0982914186984 5.47475523133 0.151852562872 ;
58.796101949 3.35082458771 5.67616191904 2.44527736132 0.0224887556222 36.6836581709 5.56821589205 ;
65.384834896 3.86384019568 2.5254790053 0.833673053404 0.881369751325 3.87443946188 0.264166326947 ;
58.8802083333 3.765625 8.09895833333 3.96354166667 0.0 64.796875 11.2760416667 ;
42.8911392405 35.1443037975 1.75949367089 0.0455696202532 0.0329113924051 5.25316455696 0.149367088608 ;
51.8127306273 3.71494464945 3.53782287823 1.27767527675 0.124538745387 18.8791512915 2.34409594096 ;
53.7949242734 3.92836676218 2.11543184609 0.565697912403 0.585755218993 4.42406876791 0.304543593942 ;
55.4012345679 3.51234567901 4.50881834215 1.82451499118 0.0388007054674 27.5652557319 3.85714285714 ;
37.4582228117 6.25663129973 2.71109637489 0.0910698496905 0.0291777188329 6.27210433245 0.207559681698 ;
43.5824175824 41.3333333333 1.75457875458 0.0549450549451 0.047619047619 4.19047619048 0.0586080586081 ;
72.3134328358 4.15710919089 2.86881382561 1.00549882168 0.954438334643 4.70542026709 0.384917517675 ;
58.8016997167 3.61756373938 7.36827195467 3.51558073654 0.0056657223796 56.3597733711 9.50424929178 ;
36.7028437255 5.85416123141 2.73649882598 0.0613096791025 0.01565353509 5.33315940517 0.097051917558 ;
58.2420512821 3.38666666667 5.93641025641 2.66564102564 0.014358974359 41.0317948718 6.45743589744 ;
52.5935077519 3.94234496124 1.9011627907 0.454457364341 0.590600775194 3.21802325581 0.142441860465 ;
70.2295792079 4.01856435644 2.91522277228 1.02165841584 0.886138613861 5.56621287129 0.508044554455 ;
43.3333333333 39.0448717949 1.74358974359 0.0512820512821 0.0416666666667 4.37179487179 0.0737179487179 ;
46.1541666667 5.98666666667 3.185 0.8 0.0825 16.685 1.76 ;
36.8096158492 6.30055568978 2.75960376903 0.0700652331481 0.0106305870983 6.29306595796 0.190384150761 ;
54.3048780488 3.53135888502 4.11672473868 1.60801393728 0.0705574912892 24.0008710801 3.23432055749 ;
51.3765618268 4.22404136148 2.01034037053 0.457130547178 0.526497199483 3.9151227919 0.204653166738 ;
70.2700822264 4.02340290955 2.77039848197 0.96394686907 0.932321315623 4.45857052498 0.349146110057 ;
43.5034965035 40.5384615385 1.73776223776 0.0524475524476 0.0454545454545 4.20629370629 0.0629370629371 ;
58.9257142857 3.5180952381 6.83238095238 3.16761904762 0.00571428571429 50.5371428571 8.32761904762 ;
36.7109699487 6.34522355241 2.7630100171 0.0684094795993 0.00879550451991 6.3225018324 0.193989738578 ;
50.70642978 4.31852791878 2.02368866328 0.453045685279 0.478849407783 4.42766497462 0.269035532995 ;
55.2197231834 3.52335640138 4.37543252595 1.74134948097 0.0553633217993 26.1842560554 3.61591695502 ;
69.5005854801 3.98946135831 2.76112412178 0.954332552693 0.930327868852 4.41393442623 0.34074941452 ;
58.6528117359 3.56479217604 7.20048899756 3.39853300733 0.00733496332518 54.239608802 9.07090464548 ;
43.5518518519 41.5296296296 1.72592592593 0.0555555555556 0.0481481481481 4.2 0.0592592592593 ;
68.1186790506 3.94169246646 2.73787409701 0.929308565531 0.925180598555 4.2657378741 0.3173374613 ;
36.0274047684 6.15319265552 2.80350781036 0.0663195395999 0.00356261989586 6.5409701288 0.207728144697 ;
58.28125 3.69791666667 7.64583333333 3.68055555556 0.00694444444444 59.25 10.0972222222 ;
48.5730858469 4.78770301624 2.0618716164 0.373163186388 0.372003093581 4.73781902552 0.270688321732 ;
43.3543046358 39.6324503311 1.76158940397 0.0529801324503 0.0430463576159 4.50993377483 0.0860927152318 ;
56.1447049313 3.42037186742 4.58852061439 1.87146321746 0.0436540016168 28.0177849636 3.97008892482 ;
36.7687091305 6.27706466457 2.75248244127 0.0692661661419 0.0104141438605 6.30758052797 0.194962460644 ;
69.4445727483 3.98556581986 2.78983833718 0.963625866051 0.918591224018 4.65184757506 0.376443418014 ;
59.0410958904 3.69406392694 7.92694063927 3.85844748858 0.0 62.9908675799 10.904109589 ;
50.958432304 4.17814726841 2.15360253365 0.519794140934 0.459224069675 5.52375296912 0.422011084719 ;
56.2027149321 3.52126696833 4.89230769231 2.05520361991 0.027149321267 31.1257918552 4.51402714932 ;
43.4809688581 40.3564013841 1.72664359862 0.0519031141869 0.0449826989619 4.2491349481 0.0657439446367 ;
37.2991182455 6.31336197151 2.71783857111 0.0798100836536 0.0235134524079 6.17250734795 0.18855980104 ;
71.7979274611 4.13027387121 2.81273131014 0.99925980755 0.954848260548 4.69282013323 0.381939304219 ;
58.7531305903 3.56708407871 6.72629695886 3.10196779964 0.00536672629696 49.6350626118 8.14311270125 ;
43.6642335766 41.302919708 1.73357664234 0.0583941605839 0.0474452554745 4.31751824818 0.0729927007299 ;
53.2776533811 3.97178683386 2.00806090461 0.501119570085 0.596506941335 3.58710255262 0.178235557546 ;
54.024137931 3.49482758621 4.08448275862 1.575 0.0818965517241 23.1818965517 3.10172413793 ;
71.5310693642 4.10476878613 2.84031791908 0.991329479769 0.954479768786 4.60910404624 0.369942196532 ;
42.9754098361 36.4043715847 1.77049180328 0.0491803278689 0.0355191256831 5.09289617486 0.136612021858 ;
37.3361344538 6.01090165796 2.73813309107 0.0915285032932 0.0272541449012 6.30751760164 0.209856915739 ;
55.7172593235 3.38248048569 4.56634865568 1.85949696444 0.0390286209887 28.0182133565 3.95490026019 ;
58.9037267081 3.66149068323 7.50931677019 3.60869565217 0.00621118012422 57.6459627329 9.76397515528 ;
53.1572512648 3.87352445194 2.0910623946 0.548060708263 0.56323777403 4.46416526138 0.306913996627 ;
37.092239777 6.27625464684 2.74605018587 0.0782992565056 0.0169609665428 6.29298327138 0.198652416357 ;
70.9154834348 4.07234617985 2.83029073698 0.982420554429 0.949290060852 4.51521298174 0.35632183908 ;
59.0333333333 3.5619047619 7.17619047619 3.38333333333 0.00714285714286 53.7952380952 8.99047619048 ;
52.2849185947 4.04627249357 2.00814053128 0.496572407883 0.546272493573 4.10497000857 0.245929734362 ;
54.9403747871 3.48296422487 4.31771720613 1.71465076661 0.0587734241908 25.7836456559 3.54599659284 ;
43.4636678201 40.3910034602 1.74048442907 0.0553633217993 0.0449826989619 4.37024221453 0.0795847750865 ;
68.8403730115 3.96269884805 2.71914426769 0.935271530444 0.916620954471 4.3554580362 0.331321996709 ;
36.4696160692 6.27993897788 2.78260869565 0.0645817442156 0.00508517670989 6.35825069921 0.191965420798 ;
55.2021089631 3.49824253076 4.36994727592 1.74165202109 0.0456942003515 26.2311072056 3.62478031634 ;
58.8599033816 3.56038647343 7.1884057971 3.39371980676 0.00724637681159 54.0362318841 9.03140096618 ;
43.4515050167 39.7926421405 1.74247491639 0.0535117056856 0.0434782608696 4.42809364548 0.0802675585284 ;
49.8562473882 4.37191809444 2.05056414542 0.43334726285 0.450480568324 4.58754701212 0.280401170079 ;
35.9343024881 6.34526139223 2.78389712049 0.0656975118815 0.00363433044451 6.63796477495 0.213866368465 ;
55.7036395147 3.44800693241 4.49133448873 1.81542461005 0.0424610051993 27.2071057192 3.81282495667 ;
67.3376313276 3.90592168099 2.72397325692 0.914517669532 0.914995224451 4.28796561605 0.321394460363 ;
58.7715877437 3.61002785515 7.3426183844 3.5069637883 0.00557103064067 56.1225626741 9.45961002786 ;
47.813459268 4.82211727666 2.09208972845 0.34632034632 0.332152695789 4.74340810704 0.262888626525 ;
43.6363636364 41.2145454545 1.74909090909 0.0545454545455 0.0472727272727 4.18181818182 0.0581818181818 ;
36.9617654 6.33632286996 2.73684210526 0.069860750531 0.01557705924 6.16615529856 0.181496341751 ;
58.956 3.518 6.898 3.216 0.006 51.252 8.47 ;
51.7285269248 4.25990209168 2.01335113485 0.47129506008 0.534490431687 4.00979083222 0.218958611482 ;
70.2651515152 4.02146464646 2.77335858586 0.964646464646 0.931186868687 4.48484848485 0.352904040404 ;
54.1709401709 3.57008547009 4.15128205128 1.61794871795 0.0675213675214 24.3538461538 3.28803418803 ;
43.5801526718 42.034351145 1.75190839695 0.0572519083969 0.0496183206107 4.24045801527 0.0610687022901 ;
43.3203592814 37.8532934132 1.75149700599 0.0449101796407 0.0389221556886 4.51497005988 0.0778443113772 ;
55.892252894 3.48886910062 4.6892252894 1.93677649154 0.0320569902048 29.3499554764 4.19056099733 ;
70.8362299465 4.06684491979 2.85360962567 0.988636363636 0.941844919786 4.65374331551 0.376336898396 ;
37.0782162036 6.13541909876 2.74784029886 0.0793836096194 0.017744571562 6.30539341583 0.200793836096 ;
58.7402135231 3.70818505338 7.70106761566 3.70106761566 0.00711743772242 59.5800711744 10.1637010676 ;
52.3149416029 3.935964559 2.10430930326 0.543697140556 0.523962948047 4.95086588804 0.365283930729 ;
53.5089397089 3.93804573805 2.08316008316 0.548856548857 0.575467775468 4.32307692308 0.290228690229 ;
37.4183514774 6.27371695179 2.71895134415 0.0904243501444 0.0279937791602 6.27704954455 0.207065096645 ;
55.2894507411 3.51089799477 4.50828247602 1.82127288579 0.0392327811683 27.5605928509 3.85353095031 ;
43.5756457565 41.4649446494 1.72324723247 0.0553505535055 0.0479704797048 4.19188191882 0.0590405904059 ;
59.0517241379 3.63218390805 7.38218390805 3.5316091954 0.00574712643678 56.525862069 9.54597701149 ;
71.936746988 4.14231927711 2.87876506024 1.00828313253 0.95406626506 4.82078313253 0.399096385542 ;
49.0485744456 4.02217529039 3.72333685322 1.32101372756 0.0876451953537 21.5850052798 2.7444561774 ;
38.8860437842 5.94956997654 2.55844409695 0.101446442533 0.0801407349492 5.55375293198 0.153440187647 ;
43.5547945205 40.1780821918 1.7397260274 0.0513698630137 0.0445205479452 4.28424657534 0.0650684931507 ;
63.8290310513 3.86382341938 2.43322109989 0.787130564908 0.85746352413 3.64908342686 0.228208005986 ;
57.6077922078 3.55844155844 7.24935064935 3.43116883117 0.00779220779221 55.0285714286 9.22077922078 ;
63.9097103918 3.51107325383 4.87223168654 2.02555366269 0.06132879046 27.9829642249 4.01192504259 ;
37.1430549146 6.28518689432 2.73834794647 0.0793724042455 0.0168435625288 6.29210890632 0.19958467928 ;
54.9932260796 3.49788314987 4.39966130398 1.75359864522 0.0541913632515 26.4445385267 3.66384419983 ;
52.3810752688 4.02064516129 2.01333333333 0.502795698925 0.548387096774 4.17075268817 0.258064516129 ;
70.8791946309 4.06912751678 2.84362416107 0.985906040268 0.946308724832 4.60402684564 0.369127516779 ;
43.5157894737 40.6 1.74035087719 0.0526315789474 0.0456140350877 4.21754385965 0.0631578947368 ;
58.9454545455 3.5974025974 7.27272727273 3.45714285714 0.00519480519481 55.0935064935 9.24155844156 ;
51.7262357414 3.74714828897 3.9211026616 1.4752851711 0.074144486692 22.9961977186 3.01425855513 ;
41.9922822492 22.6968026461 2.14222712238 0.0407938257993 0.0165380374862 6.37596471885 0.202866593164 ;
72.7356321839 4.17487684729 2.9105090312 1.02709359606 0.935139573071 5.08620689655 0.443349753695 ;
54.6910387873 3.58091841284 2.08827463219 0.576905929559 0.654480606331 3.76772180116 0.222469906375 ;
37.1042196238 5.04880528724 2.72445348246 0.0826131164209 0.032791052364 5.72394509405 0.150737163193 ;
59.8792569659 3.45356037152 6.59907120743 3.00309597523 0.0123839009288 46.9535603715 7.63312693498 ;
51.3798608269 4.1612771183 2.05730659026 0.486287351617 0.507981989357 4.48383135489 0.288579615227 ;
58.8429752066 3.61432506887 7.33333333333 3.49862258953 0.00550964187328 55.958677686 9.42424242424 ;
36.8188843275 6.22168558319 2.7618932625 0.0731707317073 0.0113499154794 6.35595266844 0.199951702487 ;
70.2154522613 4.0182160804 2.78454773869 0.967336683417 0.931532663317 4.5175879397 0.356783919598 ;
55.4138528139 3.51168831169 4.49264069264 1.80346320346 0.0441558441558 27.1575757576 3.78874458874 ;
43.408496732 39.3562091503 1.73529411765 0.0490196078431 0.0424836601307 4.33006535948 0.0653594771242 ;
39.0863177227 20.5068870523 2.30211202938 0.0495867768595 0.0119375573921 8.08080808081 0.356290174472 ;
55.4243577545 3.85014272122 2.1550903901 0.603235014272 0.657944814462 4.00428163654 0.251189343482 ;
59.4855233853 3.56124721604 7.0579064588 3.31848552339 0.00668151447661 52.7171492205 8.77728285078 ;
54.4134948097 3.35380622837 4.25692041522 1.68598615917 0.0579584775087 25.3079584775 3.46626297578 ;
38.1267430279 4.68949203187 2.66259960159 0.105826693227 0.0562749003984 5.39591633466 0.145667330677 ;
72.9141414141 4.21212121212 2.91077441077 1.02104377104 0.963804713805 4.76262626263 0.394781144781 ;
53.8081244598 3.96845289542 2.05272255834 0.538461538462 0.605877268799 3.90751944685 0.229472774417 ;
59.0344827586 3.6074270557 7.30769230769 3.47480106101 0.0053050397878 55.3819628647 9.29973474801 ;
37.4575033201 6.28154050465 2.70761398849 0.0867640548915 0.0278884462151 6.19544046038 0.197211155378 ;
54.8573743922 3.47649918963 4.34359805511 1.7301458671 0.0559157212318 26.131280389 3.61588330632 ;
43.5335820896 41.6902985075 1.74253731343 0.0597014925373 0.0485074626866 4.35447761194 0.0746268656716 ;
72.1916214119 4.15205585725 2.88052754073 1.00853374709 0.950349107836 4.76803723817 0.394103956555 ;
37.1629885057 6.22988505747 2.73563218391 0.0813793103448 0.0204597701149 6.30804597701 0.20367816092 ;
55.7922312556 3.44173441734 4.55916892502 1.85817524842 0.0352303523035 28.0189701897 3.94941282746 ;
70.8674293405 4.07133243607 2.83647375505 0.983849259758 0.946164199192 4.56393001346 0.362045760431 ;
52.4073614557 4.01157981803 2.09181141439 0.535980148883 0.532671629446 4.72125723739 0.332506203474 ;
43.402027027 39.9797297297 1.74324324324 0.0540540540541 0.0439189189189 4.53040540541 0.0945945945946 ;
58.6559766764 3.62682215743 7.4110787172 3.53935860058 0.00583090379009 56.778425656 9.59183673469 ;
53.1468561585 3.93970714901 2.06158484065 0.529715762274 0.575366063738 4.12833763997 0.257536606374 ;
58.8538461538 3.58974358974 7.25128205128 3.44358974359 0.00512820512821 54.9179487179 9.20512820513 ;
71.5763939175 4.10716871832 2.8320057929 0.990586531499 0.952208544533 4.62056480811 0.372918175235 ;
37.2998636983 6.10676965016 2.72830531577 0.0872330758746 0.0243071331213 6.26487960018 0.203089504771 ;
43.2787878788 38.0939393939 1.76060606061 0.0484848484848 0.0393939393939 4.64848484848 0.0909090909091 ;
55.0927659574 3.45957446809 4.39234042553 1.7514893617 0.0544680851064 26.3608510638 3.65191489362 ;
53.5499569337 3.91946597761 2.0887166236 0.540051679587 0.578811369509 4.20456503015 0.274332472007 ;
44.7555147059 6.26102941176 3.16636029412 0.779411764706 0.0514705882353 17.7858455882 1.890625 ;
58.3029661017 3.39936440678 6.00847457627 2.68855932203 0.0137711864407 41.5190677966 6.55190677966 ;
71.3127600555 4.08460471567 2.92233009709 1.03259361997 0.916782246879 5.4306518724 0.491678224688 ;
43.6485507246 41.1485507246 1.75 0.054347826087 0.0471014492754 4.17753623188 0.0579710144928 ;
37.0320773931 5.94933808554 2.70213849287 0.0649185336049 0.0226578411405 5.13721995927 0.0799389002037 ;
58.9473684211 3.66253869969 7.50154798762 3.60681114551 0.0061919504644 57.5975232198 9.75541795666 ;
37.5973008272 6.18088811493 2.69373095342 0.0940356987375 0.0335219851981 6.24336090553 0.208315193731 ;
55.4952463267 3.4900605013 4.55488331893 1.85047536733 0.0371650821089 28.0216076059 3.94554883319 ;
72.3501577287 4.16009463722 2.84227129338 1.00078864353 0.947949526814 4.70977917981 0.385646687697 ;
54.0771500843 3.90008431703 2.15345699831 0.580522765599 0.599915682968 4.45784148398 0.310708263069 ;
43.4825174825 40.5454545455 1.74125874126 0.0524475524476 0.0454545454545 4.25874125874 0.0664335664336 ;
55.3155299918 3.41577649959 4.20953163517 1.6729663106 0.0550534100247 24.9104354971 3.41824157765 ;
37.6402753873 3.76075731497 8.57659208262 0.578313253012 0.273666092943 4.3339070568 0.0740103270224 ;
63.9904761905 3.88461538462 2.45897435897 0.801465201465 0.840293040293 3.92893772894 0.264102564103 ;
39.2282862604 6.12720322786 1.85878105755 0.0732639626248 0.0639201528987 6.13760883415 0.22255255893 ;
58.5056433409 3.55530474041 7.08126410835 3.33408577878 0.00677200902935 53.079006772 8.8374717833 ;
43.409375 38.634375 1.778125 0.053125 0.040625 4.671875 0.096875 ;
59.8326293559 3.55755015839 2.54804646251 0.811510031679 0.789862724393 4.56599788807 0.362196409715 ;
35.8111143104 5.65303771955 2.83098186006 0.0673769075727 0.00489490354161 6.33774834437 0.193204722142 ;
45.6323777403 10.426222597 2.02276559865 0.230607082631 0.223440134907 5.13701517707 0.234401349073 ;
55.0860121633 3.51086012163 4.52910512598 1.84361424848 0.0304083405734 28.1781059948 3.96785403997 ;
76.1506329114 4.32911392405 2.78734177215 1.01772151899 0.958227848101 4.72025316456 0.391139240506 ;
59.121875 3.671875 7.521875 3.609375 0.00625 57.703125 9.778125 ;
37.8735244519 6.19793423272 2.65619730185 0.0946458684654 0.0373102866779 6.13258853288 0.201096121417 ;
55.3348037053 3.86854874283 2.19453021614 0.604764005293 0.675341861491 3.88266431407 0.234230260256 ;
73.4747747748 4.22882882883 2.81801801802 1.00810810811 0.943243243243 4.80630630631 0.405405405405 ;
58.7252475248 3.56683168317 7.2202970297 3.41089108911 0.00742574257426 54.4133663366 9.10148514851 ;
43.5851851852 41.5296296296 1.72592592593 0.0555555555556 0.0481481481481 4.2037037037 0.0592592592593 ;
54.9800829876 3.49958506224 4.30788381743 1.7153526971 0.0547717842324 25.8282157676 3.5601659751 ;
42.8743718593 34.9949748744 1.76130653266 0.0452261306533 0.0326633165829 5.16331658291 0.143216080402 ;
56.104020979 3.34440559441 4.65646853147 1.91958041958 0.034965034965 28.8688811189 4.11800699301 ;
50.6937602627 4.0763546798 2.08620689655 0.486042692939 0.473316912972 4.90886699507 0.340311986864 ;
69.4093804285 3.9866821077 2.77822814129 0.957730167921 0.923566878981 4.53445280834 0.35784597568 ;
58.7256944444 3.70138888889 7.65625 3.68402777778 0.00694444444444 59.2395833333 10.09375 ;
36.660094834 6.01522335912 2.78637384577 0.0713750935862 0.00848515098577 6.3738457699 0.198652358373 ;
57.5689404935 3.59506531205 6.42380261248 2.91291727141 0.00725689404935 46.6298984035 7.51669085631 ;
51.7671232877 4.21917808219 1.92508561644 0.431934931507 0.539811643836 3.51969178082 0.156678082192 ;
36.8449223417 6.37658303465 2.76248506571 0.0731182795699 0.010513739546 6.39163679809 0.201911589008 ;
71.3662073967 4.12182741117 2.77519941987 0.968817984046 0.997824510515 4.02828136331 0.286439448876 ;
43.5756457565 41.4649446494 1.72324723247 0.0553505535055 0.0479704797048 4.19188191882 0.0590405904059 ;
55.6184210526 3.33157894737 3.94736842105 1.51403508772 0.121052631579 20.7728070175 2.73421052632 ;
52.0161725067 3.7637017071 3.75381850854 1.37825696316 0.0916442048518 20.9622641509 2.67924528302 ;
37.3871113114 6.26025236593 2.6840919333 0.0712032447048 0.0281658404687 5.90536277603 0.159305993691 ;
58.7073509015 3.54230235784 6.44244105409 2.90013869626 0.00970873786408 45.7503467406 7.37170596394 ;
72.1316998469 4.14548238897 2.8989280245 1.01990811639 0.942572741194 4.93721286371 0.419601837672 ;
43.5756457565 41.4649446494 1.72324723247 0.0553505535055 0.0479704797048 4.19188191882 0.0590405904059 ;
54.0483496048 3.980009298 1.99442119944 0.51650395165 0.63179916318 3.42259414226 0.162715016272 ;
54.434906428 3.79983726607 2.29332790887 0.644426362897 0.574450772986 5.50366151343 0.461757526444 ;
57.1666666667 3.40609137056 5.60490693739 2.49407783418 0.0194585448393 38.1472081218 5.90439932318 ;
43.623853211 38.1590214067 1.7125382263 0.045871559633 0.039755351682 4.25688073394 0.0581039755352 ;
38.0204207921 8.36448019802 2.7599009901 0.193688118812 0.0204207920792 11.728960396 0.722153465347 ;
72.222737819 4.14307811292 2.86233565352 1.01005413766 0.930394431555 4.99613302398 0.429234338747 ;
37.7576824584 4.80793854033 2.6552496799 0.0745838668374 0.0489756722151 3.85627400768 0.020166453265 ;
58.9586563307 3.58914728682 7.26098191214 3.4496124031 0.00516795865633 55.015503876 9.22739018088 ;
37.2709914884 5.95491143317 2.73798021624 0.0862663906142 0.0248447204969 6.22475270301 0.198527720267 ;
53.4779166667 3.85041666667 2.07083333333 0.54125 0.584583333333 4.15333333333 0.264583333333 ;
54.8513396716 3.43042350908 4.39930855661 1.75713050994 0.0527225583405 26.5436473639 3.67761452031 ;
72.0531107739 4.14719271624 2.89301972686 1.01669195751 0.948406676783 4.89529590288 0.411229135053 ;
42.9846547315 35.2608695652 1.77237851662 0.0434782608696 0.0332480818414 5.0895140665 0.132992327366 ;
