63.5354645355 3.81551781552 2.60872460872 0.859806859807 0.77688977689 5.24209124209 0.459873459873 ;
56.9789915966 3.44789915966 5.58739495798 2.48235294118 0.0193277310924 38.112605042 5.88739495798 ;
39.3488542621 5.7087076077 2.59780018332 0.155087076077 0.0857928505958 6.35435380385 0.273327222731 ;
43.0880681818 37.0340909091 1.77272727273 0.0482954545455 0.0369318181818 4.86363636364 0.113636363636 ;
36.8397269946 6.91974582255 2.78559661097 0.104730524829 0.0167098140739 6.83431395622 0.271593316074 ;
56.8530259366 3.43035542747 5.77617675312 2.5878962536 0.0134486071085 40.1940441883 6.28434197887 ;
50.1915680473 6.9974112426 2.02144970414 0.433801775148 0.40125739645 5.08986686391 0.355399408284 ;
68.2866400798 3.91026919242 2.97258225324 1.04037886341 0.831006979063 6.39431704885 0.628614157527 ;
37.4918918919 8.38962162162 2.67437837838 0.0765405405405 0.0179459459459 6.23956756757 0.199351351351 ;
70.8502319417 4.12127236581 2.87143803844 0.999337309476 0.931742876077 4.89396951624 0.410205434062 ;
56.7751235585 3.50494233937 5.54283360791 2.45634266886 0.0189456342669 37.813014827 5.82619439868 ;
52.4807692308 3.94494720965 2.20475113122 0.586349924585 0.499622926094 5.77790346908 0.491704374057 ;
39.5455353967 5.90092493774 2.57186054785 0.157595161864 0.0871575951619 6.37495553184 0.28068303095 ;
56.98595259 3.46971027217 5.67076382792 2.5223880597 0.0184372256365 38.8103599649 6.01404741001 ;
43.6593406593 41.3406593407 1.72161172161 0.0549450549451 0.047619047619 4.18681318681 0.0586080586081 ;
63.8118678355 3.81827376939 2.66014834794 0.885030343898 0.77983816588 5.4898853675 0.496965610249 ;
63.6779831933 3.84672268908 2.62890756303 0.867226890756 0.779159663866 5.2931092437 0.465882352941 ;
39.4347904299 5.92948372009 2.57438388199 0.152005756431 0.086886130599 6.28638244289 0.265875157402 ;
56.7726894255 3.53372189842 5.56536219817 2.46378018318 0.0191507077435 38.012489592 5.86011656953 ;
43.6716981132 41.841509434 1.74339622642 0.0566037735849 0.0490566037736 4.24528301887 0.0603773584906 ;
63.7085674157 3.97787921348 2.5154494382 0.818469101124 0.821629213483 4.27879213483 0.312851123596 ;
55.4170731707 3.46991869919 4.44715447154 1.80487804878 0.0382113821138 27.3536585366 3.84308943089 ;
58.9473684211 3.66253869969 7.50154798762 3.60681114551 0.0061919504644 57.5975232198 9.75541795666 ;
39.2520092874 7.67244150741 2.53991784247 0.121986068941 0.0800142882658 5.90033934631 0.205215217003 ;
50.7947613922 4.34625044851 2.24614280588 0.562970936491 0.419447434517 6.65518478651 0.588805166846 ;
57.2159847764 3.44529019981 5.82492863939 2.60323501427 0.0161750713606 40.0685061846 6.26070409134 ;
37.0089903181 8.46150299677 2.69432918396 0.0638543107423 0.00991240202858 6.22429691102 0.188105117566 ;
69.1737938596 4.00109649123 2.85526315789 0.996162280702 0.881578947368 5.37828947368 0.483004385965 ;
64.9003846154 3.85615384615 2.60461538462 0.860384615385 0.853076923077 4.36461538462 0.331923076923 ;
43.4409722222 40.4305555556 1.75347222222 0.0520833333333 0.0451388888889 4.25347222222 0.0625 ;
56.3716216216 3.51756756757 5.17567567568 2.23378378378 0.0256756756757 34.4689189189 5.22027027027 ;
39.7256747159 5.83487215909 2.54634232955 0.149325284091 0.100852272727 6.01633522727 0.232776988636 ;
39.67829938 5.80602302923 2.56917626218 0.161558901683 0.0912311780337 6.31603188663 0.274756421612 ;
43.4425675676 39.9560810811 1.74662162162 0.0506756756757 0.0439189189189 4.36148648649 0.0709459459459 ;
64.2049382716 3.81657848325 2.64091710758 0.87442680776 0.805996472663 5.07901234568 0.437742504409 ;
56.8243464052 3.52614379085 5.5318627451 2.44526143791 0.0196078431373 37.6854575163 5.80473856209 ;
38.912352071 7.83173076923 2.54289940828 0.101146449704 0.0691568047337 5.80048076923 0.180288461538 ;
54.8689167975 3.41993720565 4.01883830455 1.54395604396 0.106750392465 21.6875981162 2.86970172684 ;
58.4594594595 3.61486486486 6.63682432432 3.0472972973 0.00506756756757 48.8293918919 7.96790540541 ;
63.6346294938 3.99376375642 2.37600880411 0.763389581805 0.852531181218 3.50880410858 0.20909757887 ;
39.5125628141 5.74048815506 2.58219669777 0.160624551328 0.08776022972 6.41206030151 0.286432160804 ;
63.7318936877 3.81993355482 2.67109634551 0.892026578073 0.76976744186 5.70299003322 0.527574750831 ;
43.4036697248 38.2293577982 1.75229357798 0.0489296636086 0.039755351682 4.59021406728 0.0917431192661 ;
57.0366636114 3.43996333639 5.75343721357 2.56920256645 0.0164986251146 39.4830430797 6.14482126489 ;
38.0495884361 8.11945392491 2.64003212206 0.1019875527 0.0343304557318 6.33186107207 0.229070467778 ;
73.1908065915 4.28447528187 2.87510841284 1.02081526453 0.955767562879 4.87684301821 0.41370338248 ;
56.9635901778 3.43945808637 5.59949195597 2.48856900931 0.0194750211685 38.2235393734 5.90855207451 ;
54.8338919926 3.83351955307 2.30912476723 0.661080074488 0.573929236499 5.64878957169 0.492364990689 ;
39.3520371694 7.70067905647 2.50875625447 0.107040743388 0.0859542530379 5.64349535382 0.171908506076 ;
64.7168791039 3.9594438007 2.51139436076 0.823870220162 0.867902665122 3.8651989185 0.261104673619 ;
58.4814159292 3.61946902655 6.70973451327 3.08672566372 0.00530973451327 49.5203539823 8.10973451327 ;
54.0872 3.4792 3.9568 1.5384 0.0848 22.3232 2.9584 ;
63.6870653686 3.94123783032 2.53616133519 0.82719054242 0.816411682893 4.42489568846 0.335187760779 ;
55.6279069767 3.49959903769 4.64153969527 1.91820368885 0.0312750601443 29.0986367281 4.15396952686 ;
39.3148181012 7.66104702751 2.53966282165 0.126353149956 0.0798580301686 5.95456965395 0.21437444543 ;
59.2809917355 3.59090909091 7.78925619835 3.78512396694 0.0 61.5909090909 10.6033057851 ;
37.6912104049 8.25194042375 2.66477868681 0.0862177470107 0.0247535137403 6.2720788756 0.210404866793 ;
53.6353111433 3.94573082489 2.25976845152 0.632054992764 0.535455861071 5.86179450072 0.512662807525 ;
56.9613402062 3.44501718213 5.6323024055 2.50257731959 0.0197594501718 38.4467353952 5.95017182131 ;
72.1777777778 4.2030651341 2.89118773946 1.01762452107 0.931800766284 5.07126436782 0.438314176245 ;
63.7776284851 3.83338931811 2.65770910312 0.882767887135 0.777628485052 5.50083977158 0.497144776621 ;
39.4893043322 5.82743124214 2.57073521481 0.153334531727 0.0877224519144 6.2865360417 0.268020852058 ;
43.4677966102 40.013559322 1.74915254237 0.0508474576271 0.0440677966102 4.36610169492 0.071186440678 ;
56.6944206009 3.52274678112 5.62145922747 2.49184549356 0.018025751073 38.4849785408 5.94506437768 ;
36.8073934542 8.12243936897 2.7157993878 0.0640452083824 0.00965387332235 6.22227454674 0.186484577349 ;
68.7255420412 3.97408778424 2.79534637758 0.965097831835 0.885774722369 5.02379693284 0.431517715494 ;
57.0284728214 3.46160483175 5.63675582399 2.50819672131 0.0181190681622 38.5220017256 5.96117342537 ;
50.329263781 5.0739918609 2.19200887902 0.516093229745 0.406955234924 6.25157232704 0.518312985572 ;
63.657599456 3.84393063584 2.57225433526 0.845290717443 0.791227473648 4.91261475689 0.410064603876 ;
56.8031496063 3.53070866142 5.49291338583 2.41181102362 0.0244094488189 37.0826771654 5.69763779528 ;
39.369813372 5.9315093314 2.58597572024 0.151295524552 0.0844355861569 6.30422177931 0.264540677659 ;
43.6222222222 41.5296296296 1.72222222222 0.0555555555556 0.0481481481481 4.2037037037 0.0592592592593 ;
40.6946930281 4.31363163371 2.56711758585 0.212278876171 0.135483870968 5.47117585848 0.238085327784 ;
57.1071115013 3.3266022827 5.66725197542 2.5258999122 0.0184372256365 38.6918349429 6.01141352063 ;
65.1297968397 3.8280662152 2.69939804364 0.905568096313 0.808878856283 5.38337095561 0.484574868322 ;
39.1409155937 17.9163090129 2.36981402003 0.0679542203147 0.0107296137339 9.15808297568 0.457081545064 ;
52.332111437 3.88453079179 2.22287390029 0.600806451613 0.487170087977 6.15065982405 0.54508797654 ;
37.4433079434 8.46550598477 2.67725788901 0.0718171926007 0.0163220892274 6.21262241567 0.19281828074 ;
70.8113456464 4.1154353562 2.88126649077 1.00065963061 0.930079155673 4.91556728232 0.413588390501 ;
57.0654608096 3.44788975022 5.63652024117 2.50904392765 0.0198105081826 38.4952627046 5.95865633075 ;
37.3936007013 8.48564540872 2.67937760245 0.0710059171598 0.0144641683103 6.22879684418 0.193513039667 ;
57.0568475452 3.45047372954 5.63824289406 2.50904392765 0.0198105081826 38.4926787252 5.95779500431 ;
70.2132262052 4.06613102596 2.83498145859 0.985784919654 0.912855377009 4.94252163164 0.419653893696 ;
51.8969149737 3.92513167795 2.22686230248 0.589541008277 0.478179082017 6.15575620767 0.541384499624 ;
39.3924341524 7.67756761534 2.53066996641 0.123033409935 0.0844970832597 5.85769842673 0.200813151847 ;
58.8612716763 3.62716763006 7.3901734104 3.53179190751 0.00578034682081 56.6358381503 9.56358381503 ;
55.3918813427 3.45667447307 4.39422326308 1.76346604215 0.0577673692428 26.3778298205 3.67603434817 ;
64.1572164948 3.91126656848 2.49484536082 0.818114874816 0.84057437408 4.03092783505 0.281296023564 ;
48.1325925926 8.94259259259 2.12518518519 0.40962962963 0.303333333333 6.28925925926 0.464814814815 ;
66.7010353753 3.81363244176 2.78170836928 0.947799827437 0.843399482312 5.44866264021 0.49913718723 ;
57.0575342466 3.44840182648 5.74794520548 2.56255707763 0.0173515981735 39.4228310502 6.13059360731 ;
36.3694365835 5.91124260355 2.77797787497 0.0746076665809 0.011319783895 6.35245690764 0.204013377926 ;
66.1958456973 3.84824077999 2.6812208563 0.899109792285 0.871979652395 4.59898261975 0.367528613819 ;
40.4469850949 5.53014905149 2.54132791328 0.18343495935 0.123983739837 6.06707317073 0.257960704607 ;
56.5326560232 3.52467343977 5.31712626996 2.30769230769 0.0253991291727 35.6618287373 5.4404934688 ;
43.3426183844 36.6378830084 1.73259052925 0.041782729805 0.0362116991643 4.62395543175 0.0863509749304 ;
63.7592654424 3.81869782972 2.66777963272 0.889148580968 0.772954924875 5.62570951586 0.516861435726 ;
39.5179018976 5.80916577157 2.57787325456 0.158252774794 0.0877192982456 6.37862513426 0.281238811314 ;
56.9569506726 3.44843049327 5.69955156951 2.54349775785 0.0170403587444 39.1417040359 6.07623318386 ;
43.4342105263 39.4934210526 1.75328947368 0.0526315789474 0.0427631578947 4.43421052632 0.0789473684211 ;
56.498470948 3.54434250765 5.41437308869 2.3623853211 0.0252293577982 36.5603975535 5.59862385321 ;
40.0994863014 5.80993150685 2.54126712329 0.171575342466 0.109760273973 6.14212328767 0.260102739726 ;
65.2851607904 3.84889577683 2.66873304921 0.888027896164 0.833010461062 4.89771406432 0.41069352964 ;
43.6715867159 41.4686346863 1.72324723247 0.0553505535055 0.0479704797048 4.20295202952 0.0590405904059 ;
39.3977801647 5.95900465449 2.58127461511 0.160042964554 0.0823487289653 6.47798066595 0.295023272467 ;
63.1065270936 3.80172413793 2.7453817734 0.932266009852 0.724753694581 6.68442118227 0.669334975369 ;
43.694980695 42.2239382239 1.76061776062 0.0579150579151 0.0501930501931 4.28185328185 0.0617760617761 ;
57.3914002205 3.49173098126 6.04851157663 2.7144432194 0.0110253583241 42.4090407938 6.70341786108 ;
63.9117117117 3.95855855856 2.48432432432 0.808648648649 0.833873873874 4.05585585586 0.280720720721 ;
39.2433207818 7.70719024565 2.53451676529 0.117267348037 0.0797920028689 5.82463690156 0.19419042496 ;
54.9164639092 3.47931873479 4.2700729927 1.69667477697 0.0608272506083 25.4111922141 3.49716139497 ;
59.0120481928 3.56626506024 7.19036144578 3.39518072289 0.00722891566265 53.9759036145 9.02168674699 ;
39.6664297139 5.75919673005 2.57117469344 0.161720277235 0.0929447307624 6.29180735738 0.270837035721 ;
64.2710479574 3.79857904085 2.63872113677 0.873889875666 0.808170515098 5.02664298401 0.431261101243 ;
56.7568438003 3.52576489533 5.50241545894 2.4267310789 0.0209339774557 37.4436392915 5.76086956522 ;
43.667721519 38.7943037975 1.73417721519 0.0474683544304 0.0411392405063 4.46835443038 0.0791139240506 ;
39.517235023 5.37069124424 2.59834101382 0.167741935484 0.0901382488479 6.38082949309 0.288479262673 ;
63.7070209974 3.77887139108 2.70078740157 0.908792650919 0.760826771654 5.97375328084 0.566601049869 ;
42.4202020202 31.4909090909 1.86464646465 0.0484848484848 0.0262626262626 6.10101010101 0.222222222222 ;
57.0339147287 3.38759689922 5.84011627907 2.61143410853 0.015503875969 40.3362403101 6.31395348837 ;
53.4191573641 3.79222182211 2.36154123154 0.688872884408 0.493698235506 7.01692473893 0.677709758732 ;
37.7543786489 8.30692243536 2.64678899083 0.0798582151793 0.0289824854045 6.14845704754 0.19516263553 ;
57.3734359962 3.45332050048 5.85466794995 2.61501443696 0.0153994225217 40.2656400385 6.29836381136 ;
71.6073487032 4.16354466859 2.84077809798 0.99855907781 0.944524495677 4.79899135447 0.400576368876 ;
39.5183438155 7.61932215234 2.52026554857 0.127358490566 0.0878756114605 5.86285814116 0.205450733753 ;
64.3547309833 3.92653061224 2.53766233766 0.83413729128 0.84452690167 4.17365491651 0.300185528757 ;
58.8508287293 3.61325966851 7.33425414365 3.5 0.00552486187845 55.9972375691 9.43370165746 ;
55.3519278097 3.47415914684 4.39540607055 1.76784249385 0.0459392945037 26.5734208368 3.70631665299 ;
39.8067168095 5.82210949799 2.55920937555 0.164072065769 0.0972538044429 6.30208151128 0.275494140283 ;
64.436983842 3.81831238779 2.66355475763 0.885457809695 0.805745062837 5.14649910233 0.448473967684 ;
43.5246478873 40.6690140845 1.74647887324 0.0528169014085 0.0457746478873 4.24647887324 0.0633802816901 ;
56.8566721582 3.51647446458 5.54612850082 2.45469522241 0.0197693574959 37.8113673806 5.82866556837 ;
39.2555210805 5.93593721482 2.5920788465 0.149297317029 0.0795765650666 6.3812739551 0.273042526008 ;
63.2306456794 3.80886604562 2.62512046258 0.87022165114 0.760681015098 5.58368133633 0.510118856409 ;
57.0132978723 3.46010638298 5.68882978723 2.53280141844 0.0177304964539 38.9663120567 6.04343971631 ;
43.5285714286 40.9107142857 1.73928571429 0.0535714285714 0.0464285714286 4.18571428571 0.0607142857143 ;
62.2264919942 3.79825327511 2.65327510917 0.878893740902 0.710917030568 6.29985443959 0.608733624454 ;
38.8010321101 5.88398318043 2.60894495413 0.134174311927 0.0703363914373 6.34212538226 0.256689602446 ;
57.1090188305 3.42220019822 5.88602576809 2.63726461843 0.013875123885 40.7264618434 6.38949454906 ;
43.3302469136 38.4351851852 1.77469135802 0.0524691358025 0.0401234567901 4.8024691358 0.114197530864 ;
59.1552795031 3.67080745342 7.51552795031 3.60559006211 0.00621118012422 57.6086956522 9.75776397516 ;
63.6840240878 3.91640099185 2.47360963514 0.804463336876 0.826780021254 4.07297201559 0.284449167552 ;
39.1653131204 7.75491788486 2.54015520664 0.115141671178 0.076700956506 5.85273416351 0.194730193106 ;
55.2313546423 3.44748858447 4.41400304414 1.77245053272 0.0578386605784 26.6308980213 3.72450532725 ;
39.8132583084 5.7079303675 2.56602778266 0.16616845437 0.0995252329875 6.26727624407 0.271672234922 ;
64.5183189655 3.82183908046 2.66738505747 0.889727011494 0.80316091954 5.2496408046 0.464798850575 ;
56.6484698098 3.54673283706 5.54342431762 2.44995864351 0.0181968569065 37.876757651 5.83540115798 ;
43.4125 38.590625 1.740625 0.046875 0.040625 4.440625 0.075 ;
36.6443141254 5.42835288118 2.77817440082 0.098674145844 0.0265170831209 6.39342172361 0.225140234574 ;
65.7562924491 3.77147423092 2.71833799441 0.917299240911 0.830203755493 5.23651618058 0.465840990811 ;
47.1891440501 10.4200417537 2.08016701461 0.327348643006 0.264718162839 5.92108559499 0.37369519833 ;
56.8576271186 3.43389830508 5.58983050847 2.48474576271 0.0177966101695 38.2271186441 5.91016949153 ;
63.8215978334 3.82667569397 2.6509817197 0.879823967502 0.783344617468 5.39370345295 0.480704129993 ;
39.5157063364 5.77921378568 2.57691617304 0.157781367798 0.0877759827679 6.35092443008 0.278226530246 ;
56.9423407917 3.47074010327 5.62736660929 2.5 0.0180722891566 38.4931153184 5.95611015491 ;
43.3833865815 38.9936102236 1.76357827476 0.0511182108626 0.0415335463259 4.56230031949 0.0862619808307 ;
63.7011494253 3.8105090312 2.69458128079 0.906732348112 0.760591133005 5.96748768473 0.566174055829 ;
39.5504 5.87466666667 2.57457777778 0.159288888889 0.0874666666667 6.40497777778 0.284977777778 ;
43.5285714286 40.9107142857 1.73928571429 0.0535714285714 0.0464285714286 4.18571428571 0.0607142857143 ;
56.940952381 3.4619047619 5.81333333333 2.59714285714 0.0152380952381 40.0952380952 6.26095238095 ;
43.4086687307 38.4427244582 1.76160990712 0.0495356037152 0.0402476780186 4.58823529412 0.0928792569659 ;
63.862804878 3.81436314363 2.65650406504 0.883468834688 0.783197831978 5.42852303523 0.488143631436 ;
39.53632287 5.75408071749 2.57829596413 0.159103139013 0.0880717488789 6.36968609865 0.280358744395 ;
56.92 3.46260869565 5.64608695652 2.51130434783 0.0182608695652 38.6547826087 5.98608695652 ;
56.7846743295 3.47049808429 5.430651341 2.3785440613 0.0260536398467 36.5846743295 5.61455938697 ;
39.6611942991 5.5652173913 2.57983041674 0.162186541584 0.0941728305971 6.25888508028 0.266281796861 ;
42.9090909091 35.0378787879 1.7398989899 0.040404040404 0.0328282828283 4.98232323232 0.123737373737 ;
64.3973149492 3.80478955007 2.61320754717 0.863570391872 0.822931785196 4.73947750363 0.38679245283 ;
39.259638224 5.9561483647 2.58761191303 0.147268408551 0.0800292344235 6.31299104696 0.264754248127 ;
56.6757446809 3.55829787234 5.60255319149 2.47914893617 0.0178723404255 38.3642553191 5.92170212766 ;
63.3118314425 3.83111831442 2.61588330632 0.863857374392 0.766612641815 5.41847649919 0.484602917342 ;
43.5880149813 41.7228464419 1.734082397 0.0561797752809 0.0486891385768 4.21722846442 0.059925093633 ;
53.1272123894 3.85545722714 2.28281710914 0.630162241888 0.517330383481 6.03650442478 0.534292035398 ;
57.0213857998 3.44396920445 5.62360992301 2.50128314799 0.0196749358426 38.3875106929 5.93840889649 ;
37.633340394 8.35395043423 2.66574878204 0.080491421309 0.0235119678034 6.22940055073 0.201864011862 ;
71.5386266094 4.16094420601 2.80972818312 0.991416309013 0.929899856938 4.87553648069 0.410586552217 ;
39.182085709 5.89939304764 2.59849181534 0.149530991356 0.0789038072466 6.3991171602 0.274599963215 ;
57.1421052632 3.44298245614 5.67456140351 2.52894736842 0.0201754385965 38.7964912281 6.01666666667 ;
63.0923027787 3.83391887576 2.60970935803 0.858511657617 0.757585435963 5.48642606196 0.493452571064 ;
43.4931506849 40.1849315068 1.74657534247 0.0513698630137 0.0445205479452 4.3595890411 0.0719178082192 ;
39.3278361725 5.97354113809 2.58680681406 0.151685393258 0.0817325117796 6.35610728525 0.272381297572 ;
56.9330543933 3.48870292887 5.57991631799 2.47615062762 0.0192468619247 38.0669456067 5.8769874477 ;
63.4449586777 3.83305785124 2.60429752066 0.855537190083 0.776859504132 5.21983471074 0.454876033058 ;
43.7022900763 42.0305343511 1.74809160305 0.0572519083969 0.0496183206107 4.26717557252 0.0610687022901 ;
43.4425675676 39.9560810811 1.74662162162 0.0506756756757 0.0439189189189 4.36148648649 0.0709459459459 ;
39.5649141631 5.82045779685 2.57135193133 0.157010014306 0.0885193133047 6.30525751073 0.270922746781 ;
64.0184797768 3.82984658298 2.6290097629 0.866108786611 0.803347280335 5.01080892608 0.424337517434 ;
56.8376205788 3.52009646302 5.5 2.42926045016 0.0200964630225 37.4196141479 5.75964630225 ;
53.8943436499 4.18890074707 2.3212379936 0.659196015653 0.524724297403 6.29633582355 0.574528637496 ;
37.7617963576 8.0434602649 2.66390728477 0.099130794702 0.0293874172185 6.3886589404 0.232822847682 ;
57.0357487923 3.438647343 5.84637681159 2.61062801932 0.0154589371981 40.2946859903 6.30144927536 ;
72.1807866868 4.18910741301 2.89712556732 1.03252647504 0.910741301059 5.44402420575 0.49621785174 ;
37.5440325691 8.38547246625 2.67795157489 0.0803514034712 0.0199271480609 6.29376473109 0.206985215342 ;
70.9792085848 4.12608987257 2.9188464118 1.01475519785 0.940979208585 4.99664654594 0.429242119383 ;
57.1734052111 3.44115004492 5.71787960467 2.55076370171 0.0170709793351 39.1635220126 6.08355795148 ;
52.6694759985 3.89190179553 2.2220593624 0.612678636863 0.484426529864 6.25100769513 0.564675705387 ;
64.6890432099 3.91550925926 2.50578703704 0.825231481481 0.865354938272 3.8850308642 0.262345679012 ;
39.4796547472 7.6654923375 2.51083318654 0.117491632905 0.0866654923375 5.73630438612 0.187422934649 ;
59.149321267 3.54751131222 7.08823529412 3.33484162896 0.00678733031674 53.0271493213 8.84389140271 ;
54.6726144298 3.49418153607 4.18619084562 1.64391000776 0.0768037238169 24.3584173778 3.30876648565 ;
57.1743278404 3.42931483088 5.65394622723 2.51691240243 0.0199479618387 38.5941023417 5.98178664354 ;
63.3959973753 3.83661417323 2.61318897638 0.859908136483 0.772965879265 5.32053805774 0.470472440945 ;
39.3444544635 6.00234445446 2.58647430117 0.155275022543 0.0802524797115 6.43155996393 0.283318304779 ;
43.6968503937 42.5472440945 1.77952755906 0.0590551181102 0.0511811023622 4.29921259843 0.0629921259843 ;
49.1425008906 6.78624866405 2.2828642679 0.503028143926 0.324902030638 7.18988243677 0.609191307446 ;
57.4032882012 3.45647969052 5.86460348162 2.62088974855 0.0154738878143 40.3239845261 6.30657640232 ;
67.4430027804 3.87627432808 2.74652455978 0.9453197405 0.863762743281 5.1422613531 0.450880444856 ;
36.3851537116 7.18570357411 2.71907023244 0.0592351912022 0.0112471882029 6.12271932017 0.178455386153 ;
57.0894009217 3.42949308756 5.75391705069 2.57142857143 0.015668202765 39.5603686636 6.16036866359 ;
39.5504 5.87253333333 2.576 0.161066666667 0.0872888888889 6.43395555556 0.289422222222 ;
63.7450132979 3.8164893617 2.67752659574 0.893617021277 0.769946808511 5.7071143617 0.527925531915 ;
43.4716312057 40.7943262411 1.74113475177 0.0531914893617 0.0460992907801 4.21985815603 0.063829787234 ;
63.7921623513 3.89818054584 2.53953813856 0.831700489853 0.816305108467 4.45416375087 0.340797760672 ;
55.5197313182 3.49706129303 4.5650713686 1.87573467674 0.0302267002519 28.5440806045 4.04953820319 ;
39.3774717514 7.66189971751 2.53831214689 0.128531073446 0.0822740112994 5.95692090395 0.215748587571 ;
59.0278745645 3.606271777 7.68641114983 3.69337979094 0.00696864111498 59.2508710801 10.1010452962 ;
48.9639909977 4.3672168042 2.21005251313 0.449362340585 0.370217554389 5.69317329332 0.427981995499 ;
36.6946564885 8.81457769022 2.68357547402 0.0620536813593 0.00640236394977 6.40384141837 0.19871952721 ;
56.9739057239 3.43602693603 5.58417508418 2.4797979798 0.0193602693603 38.117003367 5.89141414141 ;
67.7107913669 3.94100719424 2.80767386091 0.96067146283 0.863788968825 5.27769784173 0.465707434053 ;
39.8769203911 5.70199022346 2.56948324022 0.171787709497 0.0996857541899 6.35422486034 0.285963687151 ;
56.8932874355 3.48537005164 5.6230636833 2.4982788296 0.0180722891566 38.495697074 5.95524956971 ;
64.5270706346 3.81893151667 2.67479383292 0.894944424525 0.800286841162 5.32986733596 0.476873431337 ;
43.3831775701 38.554517134 1.76323987539 0.0498442367601 0.0404984423676 4.60124610592 0.0934579439252 ;
39.206248802 5.32719953997 2.61836304389 0.157945179222 0.0837646156795 6.23001725129 0.26394479586 ;
57.1447492904 3.35761589404 5.80037842952 2.59886471145 0.0160832544939 39.9413434248 6.24124881741 ;
63.1403785489 3.76624605678 2.64858044164 0.881703470032 0.747634069401 5.86813880126 0.550788643533 ;
41.9442446043 29.6007194245 1.96223021583 0.0593525179856 0.023381294964 7.46223021583 0.356115107914 ;
39.5467273364 7.6405320266 2.51207560378 0.122681134057 0.0880294014701 5.77038851943 0.193034651733 ;
58.8677248677 3.60317460317 7.30423280423 3.47354497354 0.00529100529101 55.3677248677 9.30158730159 ;
64.6144806672 3.90712661107 2.53828658074 0.836239575436 0.855193328279 4.0940106141 0.291887793783 ;
54.9149606299 3.47322834646 4.30472440945 1.7157480315 0.059842519685 25.8031496063 3.56614173228 ;
57.1081560284 3.45921985816 5.68971631206 2.53546099291 0.0177304964539 38.9468085106 6.04343971631 ;
36.1375563212 6.11317254174 2.78319639544 0.0649350649351 0.00742115027829 6.28650940896 0.190034455341 ;
48.040960452 8.48764124294 2.16101694915 0.415607344633 0.294844632768 6.46751412429 0.487288135593 ;
66.8725187472 3.85266872519 2.75209528011 0.933833259815 0.861932068813 5.07454786061 0.44287604764 ;
63.3555045872 3.82273918742 2.60747051114 0.857142857143 0.773591087811 5.2749017038 0.462319790301 ;
39.2770974228 5.89672820325 2.59056845184 0.149881191738 0.0804240541035 6.35240358253 0.270517272893 ;
56.8931875526 3.50462573591 5.58704793944 2.47939444912 0.0193439865433 38.1555929352 5.89234650967 ;
43.4895833333 40.4270833333 1.75 0.0520833333333 0.0451388888889 4.34375 0.0729166666667 ;
37.6439602285 8.35350116353 2.66596149778 0.0806008038925 0.0236936746351 6.22678231436 0.201607785065 ;
53.1437477081 3.83828382838 2.28932893289 0.636230289696 0.513751375138 6.17601760176 0.55628896223 ;
57.0455341506 3.45359019264 5.66549912434 2.52539404553 0.0175131348511 38.7661996497 6.0061295972 ;
71.5135327635 4.15954415954 2.82264957265 0.996438746439 0.928774928775 4.93162393162 0.419515669516 ;
39.3888284367 7.72397533551 2.47551686616 0.094668117519 0.0910409865796 5.34802321364 0.136380123322 ;
58.6294706724 3.556509299 6.43204577969 2.9113018598 0.0071530758226 46.2789699571 7.46924177396 ;
65.414987913 3.9319097502 2.53746978243 0.840854149879 0.87308622079 4.02336825141 0.286462530218 ;
52.0191570881 3.75708812261 3.70421455939 1.34482758621 0.124904214559 19.6528735632 2.47816091954 ;
39.9713039101 7.46752810874 2.51132740393 0.150360798792 0.0993455277731 5.9801980198 0.233092800806 ;
64.9155893536 3.89581749049 2.6102661597 0.867300380228 0.839543726236 4.57338403042 0.362737642586 ;
58.7722007722 3.6138996139 7.79922779923 3.75675675676 0.003861003861 60.7065637066 10.4092664093 ;
55.796875 3.52170138889 4.71180555556 1.95225694444 0.03125 29.5868055556 4.23524305556 ;
39.3222524977 5.91589464124 2.59019073569 0.153315168029 0.080472297911 6.4038147139 0.278110808356 ;
57.0541913633 3.46232006774 5.60541913633 2.49280270957 0.0194750211685 38.2311600339 5.91109229467 ;
63.4164193867 3.82558522915 2.60797889878 0.855918232773 0.777448071217 5.24002637652 0.457962413452 ;
43.5053380783 40.8505338078 1.74021352313 0.0533807829181 0.0462633451957 4.17793594306 0.0604982206406 ;
52.3195703256 4.9667673716 2.2484055052 0.571332661967 0.483383685801 5.7583081571 0.468613628734 ;
57.1221945137 3.44222776392 5.56275976725 2.46965918537 0.0191188694929 37.9027431421 5.85453034081 ;
71.4828815977 4.15335235378 2.81954350927 0.993580599144 0.93152639087 4.84165477889 0.402995720399 ;
37.0516304348 7.92074275362 2.70267210145 0.0754076086957 0.0153985507246 6.32518115942 0.206974637681 ;
63.2326322498 3.80433397068 2.63639260676 0.878585086042 0.752708731676 5.76768642447 0.537284894837 ;
39.2889533829 5.97297297297 2.59459459459 0.152367132233 0.0805369127517 6.42336296028 0.279702521313 ;
57.0786308973 3.42923219241 5.76965772433 2.57816836263 0.0166512488437 39.6216466235 6.17391304348 ;
43.6231343284 41.6567164179 1.73134328358 0.0559701492537 0.0485074626866 4.21268656716 0.0597014925373 ;
39.1237814971 6.00091962479 2.60125068972 0.149347066397 0.0737539084054 6.46257127092 0.281037336767 ;
62.9183480454 3.83228247163 2.60277427491 0.853404791929 0.757250945776 5.47005044136 0.491488020177 ;
57.3244444444 3.41777777778 5.704 2.54666666667 0.0186666666667 38.984 6.05777777778 ;
43.7368421053 41.7669172932 1.73684210526 0.0563909774436 0.0488721804511 4.23308270677 0.0601503759398 ;
52.7763532764 3.91168091168 2.33618233618 0.65811965812 0.475071225071 6.9188034188 0.654558404558 ;
57.3013307985 3.44391634981 5.83935361217 2.60551330798 0.0171102661597 40.0589353612 6.25950570342 ;
37.5370767252 8.36712387484 2.66009429919 0.0741534504929 0.0229318474068 6.16588084012 0.191813116159 ;
71.0936227951 4.131614654 2.82428765265 0.993215739484 0.93487109905 4.83785617368 0.407055630936 ;
48.0424091233 4.42124019957 2.33000712758 0.446186742694 0.309693513899 6.39629365645 0.504276550249 ;
66.9102844639 3.91991247265 2.80831509847 0.959737417943 0.843326039387 5.58555798687 0.514223194748 ;
36.4666149068 9.00103519669 2.64725672878 0.0584886128364 0.00621118012422 6.4182194617 0.198240165631 ;
57.2373205742 3.44019138756 5.83157894737 2.61052631579 0.0162679425837 40.1531100478 6.27942583732 ;
63.9856065798 3.83653187114 2.65284441398 0.880397532557 0.790267306374 5.32488005483 0.473269362577 ;
39.6740506329 5.87078059072 2.57946554149 0.169479606188 0.087552742616 6.51318565401 0.303445850914 ;
57.24375 3.42767857143 5.70892857143 2.54553571429 0.0178571428571 39.0473214286 6.06607142857 ;
43.5328467153 41.2810218978 1.71897810219 0.0547445255474 0.0474452554745 4.20802919708 0.0620437956204 ;
62.8488409019 3.82534137822 2.56240076215 0.832327723087 0.768815496983 5.10828834551 0.43569387107 ;
43.4326923077 39.0320512821 1.74679487179 0.0480769230769 0.0416666666667 4.42307692308 0.0705128205128 ;
38.9733962264 5.87188679245 2.60830188679 0.140754716981 0.0711320754717 6.3258490566 0.258679245283 ;
56.816787732 3.54560129136 5.5205811138 2.43502824859 0.0209846650525 37.5125100888 5.77320419693 ;
57.0269016698 3.44341372913 5.75974025974 2.57513914657 0.0157699443414 39.6818181818 6.1827458256 ;
63.0536554754 3.83840602447 2.63413868842 0.872293693128 0.744901160966 5.77282711013 0.535613429558 ;
43.6691176471 41.4044117647 1.72426470588 0.0551470588235 0.0477941176471 4.19852941176 0.0588235294118 ;
39.1931173348 5.95478674721 2.60021965953 0.151565074135 0.07926047959 6.43492586491 0.280065897858 ;
67.1117647059 3.97239819005 2.71583710407 0.920814479638 0.870135746606 4.86425339367 0.410407239819 ;
36.8023171615 8.72531981656 2.68235578084 0.0572049239681 0.00772387159063 6.07748008689 0.172338884866 ;
48.9111893584 4.32159624413 2.29929577465 0.514866979656 0.337636932707 7.23669796557 0.623630672926 ;
57.3886342805 3.45004582951 5.76168652612 2.57653528873 0.0174152153987 39.4546287809 6.14390467461 ;
55.1353082466 3.46517213771 4.34507606085 1.73178542834 0.0632506004804 25.9023218575 3.58847077662 ;
39.5434061135 7.62131004367 2.51371179039 0.124716157205 0.0871615720524 5.81554585153 0.199475982533 ;
64.5381996974 3.93419062027 2.52458396369 0.831316187595 0.85363086233 4.06127080182 0.28517397882 ;
58.9738219895 3.60209424084 7.29057591623 3.46596858639 0.00523560209424 55.2015706806 9.26701570681 ;
56.8296438884 3.42829643888 5.78055822907 2.58902791145 0.0134744947064 40.2223291627 6.28777670837 ;
37.3071177504 8.18848857645 2.69266256591 0.0804042179262 0.0173550087873 6.36423550088 0.214191564148 ;
69.7954808806 4.03244495944 2.97161066049 1.05214368482 0.858053302433 6.15295480881 0.592699884125 ;
51.8382407753 4.45098770034 2.19381289601 0.569139023481 0.470741707044 5.99701826314 0.516958628401 ;
51.4826686545 4.42079761461 2.30040998882 0.619083115915 0.424524785688 7.34364517331 0.690272083489 ;
57.4343240652 3.46021093001 5.84755512943 2.61361457335 0.0153403643337 40.1936720997 6.27900287632 ;
69.4275156339 4.01648664014 2.81353041501 0.974985787379 0.905059693007 4.87094940307 0.411597498579 ;
37.2673311185 8.23986710963 2.67065337763 0.065780730897 0.0199335548173 6.04163898117 0.175636766334 ;
39.9764442916 5.80777166437 2.56705639615 0.177441540578 0.0986932599725 6.46079779917 0.30295735901 ;
64.5969881678 3.81032628182 2.68519182503 0.901398350663 0.799569738257 5.41627823593 0.489422732162 ;
57.0385996409 3.45780969479 5.71813285458 2.54757630162 0.0179533213645 39.1400359066 6.07989228007 ;
43.4590747331 40.8576512456 1.74021352313 0.0533807829181 0.0462633451957 4.22419928826 0.0640569395018 ;
38.4732108687 7.9659395331 2.59988518944 0.111366245695 0.0455415231535 6.2766934558 0.233065442021 ;
73.7922077922 4.30797773655 2.82096474954 1.01113172542 0.939703153989 4.87940630798 0.418367346939 ;
55.9426005467 3.72471690746 2.42131979695 0.726278797345 0.610698945724 5.9738383444 0.551737602499 ;
56.8625550661 3.45814977974 5.68193832599 2.52599118943 0.0193832599119 38.8634361233 6.02290748899 ;
36.7045726598 8.1381374192 2.71917644242 0.0653579123773 0.00909743835288 6.29063921475 0.19296145559 ;
68.7444862829 3.98386229155 2.74610005379 0.9456697149 0.898870360409 4.66917697687 0.377622377622 ;
50.0413561848 5.18554396423 2.17101341282 0.482116244411 0.409463487332 5.7023099851 0.42958271237 ;
57.02734375 3.45390625 5.459375 2.4015625 0.02265625 36.8828125 5.66953125 ;
55.3127009646 3.42524115756 4.30144694534 1.71864951768 0.0602893890675 25.6173633441 3.54501607717 ;
39.267904983 7.70869798178 2.53580996607 0.119664225755 0.0798356849437 5.86622611181 0.199499910698 ;
63.9275362319 3.94782608696 2.48514492754 0.808333333333 0.838043478261 4.00471014493 0.273913043478 ;
58.7078085642 3.57682619647 7.22921914358 3.42569269521 0.00503778337531 54.6725440806 9.15617128463 ;
53.589122807 3.6950877193 2.46175438596 0.742807017544 0.489122807018 7.74140350877 0.785964912281 ;
37.828050549 8.32152475658 2.62999792832 0.0739589807334 0.030453697949 6.0422622747 0.181893515641 ;
57.3343949045 3.4872611465 6.03503184713 2.6974522293 0.0127388535032 41.8025477707 6.59341825902 ;
71.7472845764 4.16654598117 2.81100651702 1.00217233888 0.929761042723 4.97031136857 0.426502534395 ;
72.2112135177 4.20660522273 2.86175115207 1.01382488479 0.923195084485 5.11904761905 0.447004608295 ;
37.9054634745 8.24698178842 2.6599140577 0.0965827706159 0.0278289339063 6.3576836505 0.226314712503 ;
53.9798957558 3.75800446761 2.2851824274 0.651526433358 0.550632911392 5.91064780343 0.530156366344 ;
57.0346666667 3.43466666667 5.70222222222 2.53955555556 0.0177777777778 38.9866666667 6.04977777778 ;
42.868852459 33.8173302108 1.79859484778 0.0421545667447 0.0304449648712 5.43325526932 0.15925058548 ;
56.9528071603 3.44995931652 5.53213995118 2.44914564687 0.0211554109032 37.5842148088 5.79576891782 ;
39.2244094488 5.55830521185 2.60742407199 0.152418447694 0.0826771653543 6.30596175478 0.266029246344 ;
63.4199335548 3.79069767442 2.59235880399 0.849833887043 0.783056478405 5.09102990033 0.434551495017 ;
39.2570332481 5.94135915236 2.58969674826 0.148520277676 0.0800146145415 6.33576909024 0.267811472415 ;
63.3408042189 3.85398813448 2.59030982202 0.847725774555 0.778180619644 5.12821357943 0.438694792353 ;
56.9312602291 3.52618657938 5.54664484452 2.45417348609 0.0204582651391 37.7209492635 5.81423895254 ;
43.6222222222 41.5296296296 1.72222222222 0.0555555555556 0.0481481481481 4.2037037037 0.0592592592593 ;
39.2145415473 7.68696275072 2.54494985673 0.122851002865 0.0795128939828 5.93839541547 0.208810888252 ;
63.5372616984 3.96707105719 2.51022530329 0.813518197574 0.814211438475 4.30017331023 0.316811091854 ;
55.5699916178 3.47275775356 4.45180217938 1.81391450126 0.035205364627 27.3646269908 3.84157585918 ;
58.7071005917 3.62721893491 7.43786982249 3.55621301775 0.00591715976331 56.9792899408 9.63017751479 ;
57.1910211268 3.4198943662 5.68397887324 2.53257042254 0.0202464788732 38.8318661972 6.02816901408 ;
39.3428983938 5.97780184082 2.58924381881 0.156289478433 0.080129940444 6.44901642303 0.285327558202 ;
63.3776543613 3.82816073179 2.61875204182 0.862789937929 0.770009800719 5.3923554394 0.481215289121 ;
43.7022900763 42.0305343511 1.74809160305 0.0572519083969 0.0496183206107 4.26717557252 0.0610687022901 ;
52.7266610597 3.6787216148 3.81833473507 1.45164003364 0.0857863751051 21.6433978133 2.81244743482 ;
64.9368217054 3.90930232558 2.54186046512 0.839147286822 0.863953488372 4.04302325581 0.289534883721 ;
39.4334763948 7.69724606581 2.49946351931 0.105865522175 0.0895922746781 5.52879113019 0.158619456366 ;
58.9608763693 3.49765258216 6.57746478873 2.99843505477 0.00782472613459 47.5571205008 7.73082942097 ;
57.1504587156 3.45963302752 5.75229357798 2.56605504587 0.0165137614679 39.5183486239 6.14770642202 ;
37.5246077799 8.39307973351 2.66516226091 0.0739307973351 0.0223511712873 6.16935310552 0.191059531485 ;
52.585552718 3.89383436702 2.26997446188 0.632251003283 0.475373951113 6.62933236045 0.616563298066 ;
70.8337730871 4.11675461741 2.89248021108 1.00593667546 0.931398416887 4.95976253298 0.420844327177 ;
39.5546652422 5.89458689459 2.57175925926 0.156695156695 0.0876068376068 6.34027777778 0.275819088319 ;
63.9200137315 3.83350497769 2.63954685891 0.872983178853 0.79231033299 5.21009268795 0.45382766907 ;
56.8948247078 3.48998330551 5.57262103506 2.47161936561 0.0200333889816 38.0166944908 5.86894824708 ;
43.6593406593 41.3406593407 1.72161172161 0.0549450549451 0.047619047619 4.18681318681 0.0586080586081 ;
56.8543607113 3.50719729043 5.60033869602 2.48518204911 0.0177815410669 38.2599491956 5.90601185436 ;
37.7876712329 8.20880033209 2.65068493151 0.0884184308842 0.0284350352844 6.2401411374 0.210253217103 ;
53.3454049844 3.93613707165 2.22040498442 0.614875389408 0.521028037383 5.82554517134 0.507398753894 ;
71.3328681089 4.14375436148 2.92463363573 1.01814375436 0.935799023029 5.0669923238 0.437543614794 ;
64.3380333952 3.94805194805 2.53766233766 0.832282003711 0.84452690167 4.15621521336 0.296474953618 ;
39.4815854086 7.62451771308 2.5196422308 0.124868467204 0.0878639074009 5.83128726763 0.201508242722 ;
58.8157181572 3.60975609756 7.33333333333 3.49322493225 0.00542005420054 55.7235772358 9.37398373984 ;
55.2666126418 3.4773095624 4.34846029173 1.74635332253 0.0470016207455 26.3030794165 3.65559157212 ;
64.1640378549 3.82614791448 2.64773922187 0.876621100596 0.800911321416 5.15422362426 0.449001051525 ;
57.0387531592 3.44734625105 5.58972198821 2.48441449031 0.0193765796125 38.1347935973 5.89553496209 ;
39.7021426063 5.90340709519 2.56884439761 0.164032314717 0.0906217070601 6.38847910081 0.285036880927 ;
43.5639097744 41.7894736842 1.73684210526 0.0563909774436 0.0488721804511 4.22556390977 0.0601503759398 ;
37.7210670027 8.31547994119 2.62822936358 0.068893089687 0.0300357067843 5.96345305608 0.172232724218 ;
70.0908536585 4.06768292683 2.77926829268 0.968902439024 0.92987804878 4.64756097561 0.382317073171 ;
57.6122222222 3.50888888889 6.08666666667 2.72666666667 0.0111111111111 42.5077777778 6.72888888889 ;
52.6220822527 3.82326787699 2.49314560948 0.751389403483 0.429418303075 8.59577621341 0.894775842905 ;
39.8594349494 5.81060341821 2.55737704918 0.165329612836 0.0992326473666 6.25584234391 0.270317404953 ;
64.5719476744 3.81831395349 2.66242732558 0.886264534884 0.810319767442 5.12645348837 0.445130813953 ;
56.7400487409 3.56214459789 5.51827782291 2.43460601137 0.0203086921202 37.6076360682 5.78797725426 ;
43.5123674912 40.7314487633 1.74558303887 0.0530035335689 0.0459363957597 4.2296819788 0.0636042402827 ;
36.7409844055 8.77680311891 2.69493177388 0.0614035087719 0.00633528265107 6.386208577 0.197855750487 ;
67.798654493 3.94377703027 2.81787602114 0.967803940413 0.86544930322 5.31234983181 0.47236905334 ;
57.2349234923 3.42934293429 5.72277227723 2.55085508551 0.01800180018 39.1647164716 6.08910891089 ;
49.1697485207 4.32729289941 2.2174556213 0.480399408284 0.366124260355 6.17418639053 0.502218934911 ;
38.0842810723 7.94800974817 2.56011372868 0.071283509342 0.0481316003249 5.60113728676 0.147847278635 ;
52.0048415493 4.35431338028 2.79181338028 0.878080985915 0.333626760563 11.6113556338 1.29269366197 ;
67.8849557522 3.92527040315 2.69075712881 0.917895771878 0.902654867257 4.39528023599 0.352015732547 ;
57.9961038961 3.53896103896 6.30649350649 2.83896103896 0.00779220779221 44.8961038961 7.19090909091 ;
72.9597315436 4.26006711409 2.85486577181 1.01677852349 0.937080536913 4.99916107383 0.432046979866 ;
38.1230861006 8.10061642474 2.63650825214 0.104195665142 0.033406243786 6.35036786638 0.233247166435 ;
54.8212166172 3.78523738872 2.36016320475 0.695103857567 0.568991097923 6.19176557864 0.574925816024 ;
57.1837488458 3.43213296399 5.77377654663 2.57525392428 0.016620498615 39.5964912281 6.16805170822 ;
56.8843648208 3.49185667752 5.53583061889 2.44788273616 0.0211726384365 37.6213355049 5.79641693811 ;
39.3309299316 5.62673322241 2.6032538362 0.154187465336 0.0857829543354 6.32427435755 0.268441486412 ;
63.5838655462 3.79428571429 2.59630252101 0.854789915966 0.784537815126 5.09210084034 0.43731092437 ;
42.9381443299 35.3788659794 1.73969072165 0.0412371134021 0.0335051546392 4.93556701031 0.121134020619 ;
39.9229036729 5.80751905752 2.56202356202 0.170997920998 0.0992723492723 6.33402633403 0.283264033264 ;
56.9094650206 3.50452674897 5.54732510288 2.45596707819 0.0197530864198 37.7884773663 5.82716049383 ;
43.5123674912 40.7314487633 1.74558303887 0.0530035335689 0.0459363957597 4.2296819788 0.0636042402827 ;
64.6604395604 3.82124542125 2.65787545788 0.883882783883 0.815750915751 5.05531135531 0.434065934066 ;
39.2872807018 5.85745614035 2.59557748538 0.151864035088 0.0809576023392 6.38779239766 0.27576754386 ;
63.3353836193 3.8070573001 2.62447393979 0.869860796374 0.76432502428 5.51861443833 0.501133052768 ;
56.8715919085 3.49164467898 5.67018469657 2.52066842568 0.0175901495163 38.8583992964 6.01759014952 ;
43.4801324503 39.5894039735 1.72516556291 0.0496688741722 0.0430463576159 4.26490066225 0.0629139072848 ;
