cluster 0
size:189
#377eb8
[ 2.73520931  4.4938132   3.38352679  3.63337289  4.70890024  2.34043503
  3.48048298]

cluster 1
size:130
#ff7f00
[ 1.7155788   4.74185991  0.          1.8996501   1.98494197  0.6688333
  2.78697556]

cluster 2
size:367
#4daf4a
[ 2.05949832  4.77038613  3.18229899  4.5156415   2.54108301  3.85691683
  3.12062902]

cluster 3
size:127
#f781bf
[ 2.23661102  4.49345238  2.89514011  3.75064963  2.71531278  2.94775495
  1.69857416]

cluster 4
size:243
#a65628
[ 1.42573918  4.75582243  2.69570017  2.17250695  1.29170411  0.75114844
  2.70302944]

cluster 5
size:375
#984ea3
[ 2.56917882  4.75633524  2.78392148  2.82295559  3.43307631  0.96526639
  3.30382656]

