cluster 0
size:320
#377eb8
[ 1.50690499  4.67352266  2.3604558   2.19049029  1.93373961  1.09497385
  1.6247608 ]

cluster 1
size:393
#ff7f00
[ 3.01344783  4.40449482  3.451441    3.54794365  4.76074984  2.39652769
  3.43077581]

cluster 2
size:839
#4daf4a
[ 1.67512874  4.7620253   2.61620752  1.9692554   3.55120891  1.03328812
  3.23426228]

cluster 3
size:376
#f781bf
[ 1.65910293  4.71694718  0.          1.74387034  2.39602556  0.77489825
  2.79396739]

cluster 4
size:714
#a65628
[ 2.54710325  4.68313653  2.96282705  2.95633192  2.53863601  1.06537
  3.31647546]

cluster 5
size:367
#984ea3
[ 2.12834562  4.69223786  3.11758764  4.40341313  2.79532807  3.82768974
  2.84331567]

