2.45719559845 4.6946717669 3.19524409318 4.1982705436 3.46185841168 3.10412591583 3.10409552879 ;
2.08686106745 4.73387749513 2.36658502347 2.37463141505 3.46606610202 0.805668993042 3.12536682833 ;
1.37016339924 4.75749205573 1.99792016482 2.14512134936 0.619354294321 0.769399622692 2.75967406466 ;
2.4588676919 4.69509016937 3.20462525663 4.21115976332 3.46078429647 3.112875997 3.10041633169 ;
1.37745867256 4.75469747162 2.02931266452 2.2312196717 0.747934291696 0.782145504544 2.79337140616 ;
2.12667894293 4.73305929649 2.36756309955 2.34401062402 3.55012695933 0.82310082481 3.13019884318 ;
2.21372320917 4.75504049408 3.17716115108 4.46973750392 2.76725821848 3.76874430759 2.87021659057 ;
1.46760087908 4.76238345364 1.93535887577 1.99137383804 1.46916048603 0.673840114101 2.84755315143 ;
2.52681015575 4.6679494274 2.89505965504 3.20333981727 4.04452051023 1.51340933484 3.29713809156 ;
1.56503809238 4.75279782639 1.92017871059 2.25244994666 0.815219065754 0.745722819036 2.75747319483 ;
2.47365744049 4.69824829561 3.18375796642 4.18003269742 3.4750702239 3.05207330165 3.11023946291 ;
1.97172237902 4.73094413502 2.43818278915 2.26633887374 3.57466837454 0.80631777016 3.15257953034 ;
2.45535260944 4.69589480443 3.21201542587 4.22015548433 3.45047208136 3.15693630026 3.09220286977 ;
1.4164074169 4.75798305153 1.90804058181 2.06673135039 0.771974052469 0.72491226782 2.77294151613 ;
2.11616001625 4.72887113629 2.45564308112 2.48927572134 3.53745829632 0.870446295295 3.15145445401 ;
2.22802907889 4.75708407148 3.18226597406 4.47520230028 2.80830409408 3.79656664726 2.88505054758 ;
1.50224326612 4.76178774028 2.00711709705 2.10583571993 1.36433025043 0.683327758001 2.82228241751 ;
2.49256883776 4.66786421194 2.84751583563 3.1372710534 4.07991063465 1.5142686353 3.30112647799 ;
2.20647213964 4.75385257109 3.17102711819 4.46271003638 2.7438001272 3.74777580798 2.86960783314 ;
1.48703060322 4.76220930401 1.94568929611 1.98326027737 1.67473111996 0.661731193855 2.86411755292 ;
2.59409769611 4.66147091516 2.95676802921 3.29008119416 4.0888512429 1.57824004466 3.31976835381 ;
2.57863635897 4.66046466755 2.97715084743 3.28895888479 4.11537808773 1.59334181918 3.32477393132 ;
2.20145850253 4.75357991845 3.17171792864 4.46434067529 2.76054931714 3.75620252369 2.86777448217 ;
1.53313733285 4.76170344109 1.94415530567 2.01650068517 1.67835117647 0.664586729383 2.8683389232 ;
1.45139133496 4.76528396695 1.96020440639 2.08831770589 1.16774488189 0.645858236773 2.8200957689 ;
2.42419470202 4.66765942046 2.78567044059 2.9942866878 4.02836720557 1.42091003457 3.28330497002 ;
2.28119532943 4.75628580514 3.17844982012 4.43811872271 2.86167347704 3.63064422947 2.89917021137 ;
2.48948935785 4.6637624835 2.85030203952 3.11246325121 4.15849052514 1.51507200762 3.3246615421 ;
1.5106695017 4.76221999349 1.99580687712 2.08081326222 1.40402842433 0.658704751826 2.82763497782 ;
2.24717999971 4.75549211592 3.16836548293 4.44088729242 2.76167983114 3.65544085627 2.87898445831 ;
1.53661301096 4.76157336346 1.9621000353 2.02205546449 1.65825882172 0.663935750021 2.871060127 ;
2.57190930357 4.66023620642 2.95914638848 3.27354920205 4.13887572381 1.58973729998 3.32018102804 ;
2.20635575876 4.7535190183 3.16968611397 4.46230964198 2.75513556872 3.73638882995 2.87376570134 ;
2.21290394207 4.75627351557 3.17391189496 4.47018959064 2.7924576289 3.76159605268 2.87871951435 ;
1.50402797782 4.76244296917 2.00017478343 2.0878381033 1.36654580812 0.667548946249 2.83668232979 ;
2.49895515095 4.66737866499 2.84918169106 3.13142176154 4.08930479956 1.51596459593 3.29784113086 ;
1.49911014954 4.76069350168 1.99719302996 2.08263217905 1.44051073624 0.684345451082 2.8433117178 ;
2.52136783177 4.66679269033 2.8735722 3.17347480865 4.09339530005 1.52919705591 3.3022680192 ;
2.22069586957 4.75647317806 3.17928688765 4.47337810138 2.79817060437 3.79032624139 2.87752547842 ;
2.22487066819 4.75402624655 3.17296699079 4.46121439564 2.77518501627 3.73153593272 2.86638818201 ;
2.54861351936 4.66648435419 2.86848070743 3.17751625041 4.11666015203 1.53869515399 3.32334349283 ;
1.47432950557 4.76016568336 2.00788864199 2.06024925324 1.48584363578 0.668816805133 2.84022234728 ;
2.21323950987 4.75623902924 3.17786366929 4.47435705286 2.79111927169 3.79041897482 2.87416455815 ;
2.59175563348 4.66190132676 2.95737518279 3.29379659831 4.08929504183 1.58087560921 3.3201121304 ;
1.49915779773 4.75953897561 1.9646463189 2.02041059578 1.6571504377 0.687090465997 2.8600427885 ;
2.45236185646 4.69475500162 3.21062776645 4.223254202 3.43489408852 3.16370888021 3.08778430266 ;
1.40822980336 4.7618240659 1.81544109223 1.96425869037 0.867130526726 0.712870189461 2.81121487602 ;
2.13236220431 4.72777005512 2.52002324669 2.55233577301 3.52824033525 0.870081896785 3.13778853652 ;
2.23066304571 4.75175651106 3.16191973537 4.43740015554 2.71907053858 3.64575419786 2.86545545537 ;
1.61156863571 4.75557338543 2.00784663155 2.06776795041 1.97467017364 0.659351625905 2.89580425951 ;
2.66106328282 4.64699208092 3.08255500158 3.41883023246 4.29472440087 1.75810774396 3.39722852821 ;
2.20987671411 4.75244965113 3.17079134797 4.45913127735 2.75658681543 3.72914277649 2.86220125184 ;
1.50045492367 4.76150281964 1.96560672983 2.03420109696 1.55368125365 0.656181733099 2.86274545619 ;
2.55488018577 4.66500466482 2.91345426223 3.21086029118 4.11804116741 1.55601988257 3.31702154239 ;
2.59383562055 4.65417434751 3.00769500983 3.29599888719 4.23895712335 1.64765745731 3.36363834697 ;
1.56163197717 4.759170408 1.96430182813 2.03669876707 1.78432993501 0.649660662737 2.86955354363 ;
2.23422918771 4.75260954118 3.16094680399 4.43786447768 2.71200834676 3.6345217388 2.8736279835 ;
2.45047695559 4.69699496089 3.21165211737 4.22780364315 3.42990466831 3.17155558422 3.08896792542 ;
2.18872272972 4.72257194467 2.45869659199 2.51790145574 3.60308959179 0.899641508216 3.15331724791 ;
1.36576113028 4.76289054289 1.95045165817 2.06094494765 0.887886666233 0.694948570059 2.79975514415 ;
2.23244184777 4.74879328255 3.15088959926 4.4103588549 2.63866533767 3.56662033725 2.86377169276 ;
1.54379288972 4.75999720334 1.95752926093 1.96331406073 1.97724655439 0.635392243624 2.90375788811 ;
2.66778271576 4.64948739102 3.06204321044 3.41682711498 4.24444615981 1.70514801078 3.37083155485 ;
1.30160103308 4.74861849545 1.20734035581 1.43183217953 1.53711637268 0.747607227758 2.80766690577 ;
2.44463470388 4.69308494113 3.18870778282 4.14999472331 3.527611498 3.12091045562 3.12123645663 ;
2.08945921823 4.74167524125 2.70775693622 2.7379012105 2.79106759638 0.776735016587 3.05909982001 ;
2.20587088863 4.75387776013 3.16922882347 4.46159788601 2.72928144179 3.73329972228 2.87220716004 ;
2.59907174812 4.65881973043 2.98723504075 3.3173392909 4.12152758257 1.61732634074 3.32336446742 ;
1.52323866689 4.76118669945 1.94698380233 1.99334578057 1.74213097435 0.650398527743 2.87631980132 ;
2.4513013732 4.69777270769 3.21023647811 4.22552112624 3.4419829383 3.16339639834 3.08953808278 ;
1.37477731284 4.76041756108 1.94592912275 2.08362069283 0.84956586621 0.720956374421 2.79426886874 ;
2.17379948954 4.72353206932 2.45663147037 2.49660094243 3.58852075432 0.884526157202 3.15326717491 ;
1.54223402409 4.76031389617 1.94501863791 2.01951112629 1.70327563305 0.674944574023 2.86988692423 ;
2.5796559257 4.6591384406 2.98838166984 3.29053076479 4.15111078795 1.59370383862 3.33337688024 ;
2.21216777409 4.75390414618 3.16889796525 4.46020272087 2.74340735425 3.72363484785 2.86892208584 ;
2.18569404855 4.72460148245 2.42185612883 2.45690578883 3.71625599031 0.895679598395 3.1641617479 ;
2.45519487331 4.69573507323 3.20732015382 4.21835887533 3.44541524781 3.13980542637 3.09196833915 ;
1.43330130974 4.75965772965 2.02980117423 2.1433086333 0.992856680619 0.706209126398 2.81772600093 ;
1.61761627213 4.75668898146 2.02793232 2.04080448855 2.0403795223 0.656308632954 2.92128966472 ;
2.22792257353 4.75011859252 3.15940279081 4.43982539644 2.70093812522 3.64264818116 2.85143283382 ;
2.68267740685 4.64436588183 3.08689282552 3.48488867738 4.28783756235 1.7927835741 3.39100584418 ;
2.24433628327 4.71835828043 2.50644575917 2.57778586777 3.58971270166 0.937138713463 3.16310752955 ;
2.44460261986 4.69771007512 3.216228731 4.23838581833 3.43935416313 3.2021527433 3.0895411735 ;
1.33356204397 4.7652714663 1.91989285497 2.04000638474 0.970792349097 0.683217961827 2.79300791541 ;
2.23132164726 4.75232591656 3.15861000444 4.43617131321 2.69150674278 3.62243676997 2.86469762002 ;
1.59111738089 4.7575072374 1.99594456254 2.04295674458 1.91152793496 0.622862351454 2.89117253113 ;
2.62697633186 4.64954453804 3.0360434749 3.35921678629 4.27089394028 1.73642697844 3.37958273948 ;
2.51861577854 4.66656974829 2.8659544531 3.15671537585 4.10943752386 1.5321944299 3.30941503639 ;
1.50841790162 4.76062069001 2.00209529667 2.08109288484 1.43173078461 0.667982965883 2.83539733219 ;
2.21194766543 4.75600898733 3.1727583625 4.46770097067 2.78543486572 3.75500694548 2.87930874146 ;
2.23380010389 4.75593911895 3.18540329604 4.46971446628 2.81552621423 3.78723356621 2.88984009825 ;
1.49190955562 4.75983887891 1.99311625188 2.07649937232 1.42772848347 0.707512545966 2.83694584432 ;
2.51613218982 4.66775580258 2.86938077965 3.17381281434 4.08769732547 1.50640753159 3.29878195282 ;
2.22041351944 4.74906752444 3.15644055038 4.42851138723 2.6643195362 3.6177808138 2.84616752191 ;
1.54114651552 4.75778648445 1.97134034719 1.98387828044 1.94407781956 0.640401867426 2.90095399727 ;
2.67019302207 4.65404352154 3.04489113525 3.40409897826 4.21723722435 1.70171733933 3.37646394255 ;
1.50682883336 4.76074561174 1.96224530445 2.00347617752 1.61161833021 0.650954565761 2.8637086735 ;
2.56840323052 4.6644817141 2.93304194215 3.26574695847 4.08460536319 1.57957540555 3.31393113342 ;
2.19861067324 4.75388983669 3.17300425915 4.46833201758 2.76645123052 3.76991833141 2.86564472036 ;
2.21902681737 4.75617581286 3.18135765139 4.47728319509 2.80995941108 3.80023003909 2.88148216368 ;
1.48015747996 4.76544012006 1.94258201584 2.04471476613 1.26513161932 0.651484067778 2.8036969413 ;
2.45828725213 4.67123992375 2.84136241728 3.11720585211 3.99306785732 1.48670818781 3.28873398363 ;
2.52210940602 4.66602609449 2.8700996291 3.16784057561 4.1072878438 1.5348262073 3.31296800754 ;
1.49829446294 4.75976555284 2.00839808198 2.09418724277 1.44386466437 0.685593286658 2.83920305873 ;
2.23019595269 4.75754118826 3.1781140338 4.47280054897 2.80039479603 3.77788247622 2.87119723399 ;
1.58990806618 4.75557333682 2.03762324964 2.03997449339 2.03900184744 0.69409267623 2.91207420838 ;
2.72200032811 4.64642589549 3.08136862935 3.51734557707 4.22639559351 1.75505622955 3.37362985952 ;
2.21358676263 4.75267817991 3.16577317366 4.45884355847 2.72853243259 3.72206891661 2.86616231153 ;
2.41334217135 4.71453755515 3.21020023132 4.28700029894 3.34597802348 3.28801544192 3.07009353807 ;
1.43792006086 4.76667207102 1.94388892618 2.07391851083 1.00322410344 0.672993378444 2.80905401396 ;
2.25770424762 4.69412489696 2.57641376783 2.65473203737 3.75131220712 1.04130265599 3.18124474975 ;
2.21453230435 4.75288548729 3.16330885115 4.44667041558 2.71763549326 3.6849683754 2.86390456663 ;
1.58359578812 4.75710662058 2.0025229828 2.03063978316 1.96952918328 0.656831711851 2.90206071093 ;
2.67732821911 4.6484500046 3.06696614264 3.44456193963 4.2249863861 1.74005208421 3.37126618053 ;
1.56661889417 4.75749696135 1.98078644421 2.04464789711 1.83760980906 0.645585505879 2.87570722359 ;
2.22450385587 4.75339394591 3.16270614002 4.44322630271 2.71919412935 3.66286151418 2.86890214571 ;
2.62209673431 4.65344878265 3.02173566058 3.33471669512 4.23044677239 1.68290367406 3.36930820199 ;
1.54692374209 4.7587088311 1.96927897673 2.0388804799 1.7565857633 0.660741453626 2.8808744591 ;
2.2028051058 4.75340479212 3.16915681534 4.46297469178 2.75604838574 3.74331881197 2.87066481325 ;
2.61088063036 4.65864597171 2.99875581285 3.31788157225 4.15597527146 1.63595511709 3.33246593129 ;
1.51917634996 4.76412380846 2.00934360951 2.1182839235 1.29655124844 0.672323006905 2.81916715057 ;
2.44800043979 4.66366874994 2.81372495718 3.05362908923 4.11601741927 1.47155454695 3.31438376431 ;
2.26320231734 4.75721954231 3.17591096679 4.44880103494 2.82871665309 3.66931473913 2.88461301943 ;
2.45936058779 4.69382091037 3.19798263065 4.20071645528 3.45696124679 3.09825957433 3.10292534649 ;
1.38587351872 4.75911507252 2.01889730832 2.2315288029 0.630305487534 0.752599539148 2.79958875659 ;
2.08044980369 4.73403624852 2.35273308686 2.32184050505 3.49077349294 0.819737304814 3.10785002158 ;
1.5875000927 4.75687300699 1.99729120231 2.07206634466 1.8997294072 0.6812558522 2.89430343475 ;
2.65847492566 4.65182866902 3.05965299154 3.40256489831 4.19683209061 1.70175086887 3.36217642141 ;
2.20456894123 4.75393636097 3.17221312625 4.46532337508 2.76904597131 3.7601765651 2.86232202634 ;
1.5776817083 4.75710422278 2.01228249209 2.02404794739 1.97753703655 0.65370554448 2.90505971441 ;
2.68349540573 4.65000567597 3.05681312178 3.46077101907 4.19112577109 1.74854730234 3.36030164307 ;
2.20798581813 4.75290272859 3.16642827264 4.45909439235 2.72172296558 3.72029085065 2.86376791846 ;
2.20795136033 4.75350128267 3.16781908878 4.46097603143 2.73937873824 3.73119195151 2.87112854064 ;
2.58811898881 4.66058163901 2.9575765369 3.28369660349 4.12371907541 1.594078827 3.32106017794 ;
1.51100735836 4.7615394853 1.96003528355 2.00243085926 1.67951867946 0.654646268813 2.87071066971 ;
2.23207908765 4.75633389789 3.17587284703 4.4633829278 2.79614892068 3.73710231542 2.87417523926 ;
1.50104229325 4.76233968779 2.00499122126 2.12141515394 1.33035968185 0.673032357708 2.82765771093 ;
2.48425215982 4.66733248554 2.83654496514 3.0959169832 4.10349981351 1.50487787535 3.30710764719 ;
2.2152545209 4.75396560792 3.17150192565 4.46083307206 2.71663061306 3.73325219387 2.86883833893 ;
1.43041371149 4.76268092156 1.91388690843 1.90848311081 1.60291246797 0.640189449683 2.86978237553 ;
2.56578530513 4.66651265348 2.91959338008 3.26383915631 4.02350405184 1.54138536294 3.29176346791 ;
1.42245007606 4.75516444528 1.9212383672 2.17843442511 0.780119619083 0.722818356477 2.78062326333 ;
2.45667771353 4.69395201721 3.19360054746 4.20290400672 3.44594193348 3.09671342437 3.09811734058 ;
2.09715471732 4.73522546494 2.43641277672 2.34786323383 3.56858033488 0.832847891616 3.14438134468 ;
2.53986055288 4.6657377933 2.87228239832 3.18852863212 4.10032125677 1.53752587441 3.307244501 ;
1.49490825769 4.76067755002 2.00667295486 2.05876761776 1.47098290998 0.674792747063 2.83915379823 ;
2.2093620451 4.75621490785 3.17417312732 4.46988463175 2.7916687582 3.76729443461 2.88359086739 ;
2.27318487229 4.68162067929 2.59265573675 2.60852698873 3.97789714823 1.07415501356 3.23846329508 ;
2.41053063032 4.71740342994 3.20434463249 4.28829966351 3.32790475022 3.26490167955 3.06229116553 ;
1.54854911255 4.7645752919 2.02279257844 2.18789219012 1.210003309 0.6963754836 2.81703649587 ;
2.24055752434 4.75557997401 3.17498654128 4.45837983048 2.78659396125 3.72513450795 2.87549565645 ;
1.53099269717 4.76285165486 1.99961575284 2.11782791374 1.37452150084 0.667973177013 2.82704842646 ;
2.47480157835 4.66546854095 2.85247492739 3.11012267036 4.13061851213 1.5178203466 3.31670083916 ;
2.51493093092 4.66744513354 2.86516779152 3.146506169 4.10499381759 1.51877397427 3.30687665667 ;
1.49854814942 4.7603234647 1.99336235716 2.08196704959 1.40741139415 0.678671061529 2.83895350829 ;
2.2164110361 4.75595846926 3.17211355418 4.46652349902 2.7881976784 3.7489510062 2.87445211703 ;
2.42307218985 4.71039794817 3.21372134902 4.27704116088 3.3603956983 3.26248888654 3.07392106684 ;
1.41156233343 4.76445490469 1.94355710485 2.06913750092 0.977033735411 0.682649817996 2.80180951738 ;
2.2493367104 4.70117161765 2.55056904559 2.62774249958 3.7237975327 1.01341214696 3.17888896172 ;
2.54899409896 4.66186278333 2.91958302413 3.20373299268 4.14686976727 1.54173013003 3.3281293963 ;
1.46731444445 4.76342613059 1.92632534507 1.97638827668 1.58373444124 0.63735642344 2.85392610521 ;
2.24298931335 4.75226796996 3.16267592476 4.42499819213 2.69705448014 3.6196769815 2.87018110541 ;
2.5468970322 4.66569730028 2.92234914178 3.23628610481 4.0852062457 1.55439792247 3.30722414058 ;
2.22160031927 4.75729925747 3.1812540166 4.47897474889 2.80905830011 3.80590380576 2.8720852801 ;
1.50433794121 4.75835842316 1.97048149529 2.05219388495 1.53971282359 0.693155587833 2.85656163124 ;
1.37907873487 4.76101237591 1.92173925748 2.0473849776 0.825601254261 0.72559162747 2.7944419356 ;
2.45283309771 4.69578713459 3.21225375196 4.22166005612 3.45144250755 3.16090609104 3.09128546458 ;
2.15721379197 4.72646498597 2.45953012701 2.51310572865 3.55388572125 0.875070266818 3.14610795646 ;
2.51665860129 4.66886165764 2.85140802072 3.14460746453 4.07915154784 1.51167598317 3.30300341687 ;
1.47420352772 4.76107350211 1.99339663969 2.06356999004 1.38382071454 0.669332855328 2.84105140308 ;
2.21645163911 4.75505966131 3.17384813541 4.46486875145 2.79246773488 3.75089626984 2.86775454497 ;
2.02653236117 4.73420947239 2.32342045589 2.29707053229 3.45819273533 0.81252496295 3.11670214974 ;
2.4592652118 4.69532730112 3.20827201569 4.21007296144 3.47316643063 3.11858922105 3.10169713103 ;
1.4863473216 4.75390108722 2.076098589 2.33400216693 0.570183067753 0.811488083731 2.77697856862 ;
1.39809358701 4.75824612369 1.87826500591 2.03399359594 0.735289748764 0.691975181979 2.78254052498 ;
2.46073157031 4.6942959345 3.21148849109 4.21930757387 3.44950951334 3.15282566166 3.09397867963 ;
2.10158449251 4.73168342283 2.45684930475 2.49065697327 3.49631580431 0.879916145917 3.13525795611 ;
2.25609379336 4.75694386364 3.18010376162 4.45418813583 2.81879557703 3.70050894357 2.88551934705 ;
2.43090504488 4.66998296549 2.79118050396 3.03095615083 4.01703107381 1.45342847885 3.27902215605 ;
1.45722429486 4.76573405877 1.96927952437 2.0862903699 1.16254930763 0.635257873951 2.81988718008 ;
1.47383029915 4.76490884528 1.98832968907 2.09894779283 1.21720995747 0.66667500262 2.82462735115 ;
2.24877624948 4.75797460669 3.18653823853 4.4668216861 2.83497787489 3.7588675189 2.90035630102 ;
2.44666894172 4.66907235374 2.80379942188 3.06610522582 4.02354375091 1.4615013319 3.27115364259 ;
1.5589089535 4.75690423913 1.99151024011 2.03691273774 1.89245810721 0.663355592773 2.88728226307 ;
2.21336664934 4.75338087668 3.16677191279 4.4540352008 2.72984013684 3.70868842216 2.86985746241 ;
2.66063582655 4.653157487 3.03863912539 3.39124701172 4.2007758276 1.6941656478 3.36024761716 ;
1.44186909343 4.74848814259 2.0482795408 2.29676182135 0.275723943861 0.911419870092 2.7824097029 ;
2.45497799701 4.69640772149 3.18998704229 4.15899057644 3.5089416765 3.07133530633 3.11374886027 ;
1.98110997548 4.73864235967 2.29429231391 2.29138372279 3.27138787111 0.723106030846 3.06868627458 ;
2.21023579235 4.75258066923 3.16523579639 4.45313267027 2.71989451325 3.70596443943 2.86189560543 ;
1.58196560925 4.75715349789 2.00129289016 2.02616399171 1.9652191427 0.658801222232 2.90160611856 ;
2.67443500008 4.65006975764 3.06412091136 3.44948235883 4.20516760806 1.73614330149 3.36678148598 ;
2.1772974273 4.71196523069 2.45783092694 2.46118437062 3.82292932563 0.946100905856 3.18689464372 ;
2.45130718865 4.7018519198 3.21069793716 4.23541983163 3.40731327089 3.16756538604 3.0866377217 ;
1.49651091511 4.76066102638 2.03189817554 2.19375337843 1.05385628067 0.697110690032 2.81409827809 ;
2.21792094252 4.75268900799 3.1636590232 4.44515888576 2.68330736483 3.66354422534 2.86241641496 ;
1.48454882767 4.76203783001 1.92442820614 1.95369474308 1.75867486454 0.629798830743 2.88173163649 ;
2.607702849 4.65889194135 2.9811314364 3.3016648082 4.12314282917 1.60852078091 3.32762669095 ;
2.28417928742 4.70139212692 2.56247178425 2.67747201045 3.64133403277 1.03721854434 3.17162760718 ;
1.35349968522 4.76527578758 1.91817371265 2.0242945362 0.959102882878 0.65690818993 2.78334021184 ;
2.40926982978 4.71138065813 3.2198644676 4.28556830459 3.3737342519 3.30356173586 3.07939136756 ;
2.58410563184 4.66593070424 2.91978486105 3.27194674403 4.02457655286 1.5533144783 3.29704617492 ;
2.20265393074 4.75379122449 3.17433149089 4.46965580029 2.75354771523 3.77020339851 2.86549756431 ;
1.44029421358 4.76259842002 1.94140155475 1.94460291903 1.60920584704 0.650522738272 2.86945047407 ;
2.48012665216 4.67001286931 2.84387794685 3.10901483203 4.04268783865 1.50867940915 3.29183863861 ;
1.47531504148 4.76231142606 1.97543744057 2.09380971888 1.30574254558 0.651878960064 2.8182109433 ;
2.22836113505 4.75715504577 3.17680706799 4.47405995353 2.80201171893 3.7823919905 2.88315900392 ;
2.17790468292 4.72013192144 2.46920319568 2.47380572431 3.66373576767 0.900278465594 3.1650528362 ;
2.45357547922 4.69920838856 3.20886749873 4.22949830142 3.43059238038 3.16413627977 3.08846883161 ;
1.40986110922 4.76016660284 1.96287825 2.13922825967 0.916616259302 0.717684046532 2.79926314614 ;
2.45518591448 4.69479937848 3.20186364393 4.2126812588 3.44211624358 3.12397973752 3.09432082954 ;
1.42166630752 4.75772974859 1.90386313709 2.09976522777 0.797010725914 0.710468276081 2.77777157119 ;
2.11154333049 4.73122827256 2.4571672537 2.43290242071 3.56984912511 0.861055405667 3.15170982088 ;
1.53403571561 4.76474899403 1.9947443662 2.11658073397 1.33187099003 0.67465422233 2.81841235567 ;
2.23438055055 4.75719500356 3.17536401412 4.46350448817 2.79033314803 3.74366059346 2.88477634285 ;
2.46157026523 4.66515006075 2.84529315221 3.10216211945 4.10817112876 1.5035751478 3.30652308885 ;
2.45295227301 4.70045110487 3.2065561995 4.23203146104 3.41917488359 3.15305769079 3.08681179075 ;
1.50018502943 4.75959890276 1.99577122692 2.18744387565 1.05035616498 0.710145895671 2.80993608494 ;
2.16651207874 4.71530256638 2.48439104767 2.44728529943 3.80767824306 0.926861724874 3.19084977044 ;
1.40355976006 4.75139371706 2.02502374396 2.25352823899 0.798356998049 0.790486073345 2.76769009113 ;
2.46093065834 4.69514842582 3.19894188935 4.20738322777 3.47050501038 3.11081934931 3.10687411043 ;
2.12562737659 4.73467082612 2.38637035032 2.33435995352 3.57715898549 0.817574524675 3.14689340006 ;
1.46563233107 4.76269173507 1.90231481617 1.98457193335 1.51578337067 0.645196150887 2.84348236433 ;
2.52149450507 4.66557102376 2.91151349065 3.1543017607 4.15464083424 1.51005470732 3.33030273017 ;
2.24844241612 4.74997381888 3.15676167207 4.41641464929 2.68836938791 3.58338900616 2.86908864785 ;
2.33561533846 4.67412245748 2.66557190934 2.82070702645 3.93109219384 1.24839755933 3.23276419241 ;
2.35523504129 4.74085075949 3.20161810432 4.37681573398 3.12298833245 3.46277071722 2.99732059283 ;
1.46974879809 4.76348219662 1.99929524427 2.11374715707 1.04802834461 0.670338193081 2.81771366746 ;
1.46632181367 4.76139449239 1.98659933365 2.06285568518 1.39986228886 0.682994762067 2.8421605114 ;
2.52032708535 4.66868040232 2.86185134863 3.16203546625 4.0625509926 1.51185141138 3.29345681021 ;
2.22153584695 4.75602987227 3.17838534796 4.47434150847 2.7973030995 3.78954279001 2.87657434066 ;
1.45141401978 4.76159243991 1.98360267989 2.05750907443 1.39738186645 0.671411545246 2.8413252693 ;
2.52480316973 4.66902989757 2.8593049486 3.15989447768 4.05037460598 1.51527783586 3.29166996507 ;
2.22153584695 4.75602987227 3.17838534796 4.47434150847 2.7973030995 3.78954279001 2.87657434066 ;
2.47591211551 4.66640923535 2.8475251058 3.10897586689 4.11131743504 1.5281138643 3.30626249187 ;
2.22093587964 4.75652057252 3.17854603171 4.47492121142 2.81234817999 3.78768248425 2.88317331698 ;
1.54690465324 4.76280950328 2.02040956176 2.15550655429 1.35635450868 0.673863318429 2.82454863889 ;
2.13372156864 4.73164828609 2.4386739843 2.4110724792 3.55997542814 0.857559737471 3.15161148339 ;
2.45308929793 4.69482981137 3.2061810589 4.21318636405 3.44995304484 3.13030643808 3.09358664711 ;
1.3941526175 4.75669782989 1.92949543984 2.1477652723 0.793920517334 0.720345606718 2.77910875399 ;
2.23037078613 4.75211766015 3.15658191082 4.43222573861 2.70713765579 3.6206250544 2.85328562335 ;
1.59050704068 4.75622572111 1.99604852923 2.03625550687 1.97135117656 0.659489095004 2.90125113672 ;
2.66924312361 4.64689314899 3.07771857135 3.41962963029 4.28011755669 1.7347783315 3.39801891635 ;
2.17863611015 4.72479892405 2.46204662467 2.46626914817 3.64475885747 0.870258821412 3.15627565773 ;
2.45240010221 4.69645527754 3.20470735569 4.21671092686 3.42297698377 3.140162017 3.09030459341 ;
1.38224998086 4.76106988494 1.93977696059 2.09704397843 0.905813118575 0.713675826828 2.8026264665 ;
2.45724724177 4.69535652057 3.20027444493 4.21116886258 3.4503149604 3.11277480177 3.09679275638 ;
1.36046001942 4.75793202932 1.9751073093 2.13611932545 0.840015376686 0.741721841428 2.78945477869 ;
2.16024063696 4.73006723805 2.41575881239 2.40127475596 3.58448210566 0.839353959194 3.1480461657 ;
2.32047143131 4.74863980038 3.21684805414 4.42515949057 3.04865881149 3.65361441696 2.9710995053 ;
2.37674619047 4.67530810238 2.72444224767 2.94889633331 3.87198148305 1.32536160517 3.23676504248 ;
1.42288311261 4.7652452182 1.95289368222 2.0794128517 1.04635102726 0.670505370626 2.79248879168 ;
2.20982872608 4.75363396573 3.17204726645 4.46359459469 2.74141926273 3.75362638066 2.86807284827 ;
1.55314286248 4.75929570738 1.99556416632 2.000909515 1.89959844493 0.665436480325 2.90359761133 ;
2.65447783999 4.65292882864 3.02600734612 3.43045351283 4.14423292376 1.68573284263 3.33346083249 ;
2.46629008808 4.67203617708 2.82996561544 3.10756830866 3.98015864923 1.4700461602 3.27671148107 ;
2.22058178761 4.75606313898 3.17892151068 4.46758279853 2.77680233758 3.76350831534 2.879485473 ;
1.4304531456 4.76616920572 1.92354790427 2.00338661235 1.23950991615 0.64203854213 2.81625898842 ;
2.20772601898 4.75359128562 3.1689861696 4.4624600655 2.74014143567 3.74174631649 2.86812535053 ;
1.53293424074 4.75935322906 1.95481809819 2.01491847183 1.7441953536 0.659046446926 2.87646844135 ;
2.60072965031 4.65972031509 2.99336048764 3.31671097354 4.13586626089 1.62124383417 3.33018588686 ;
2.23797320248 4.69882316255 2.52219475598 2.61506337006 3.68233864078 1.01934834761 3.16936520239 ;
2.41746032122 4.71561411359 3.21007236868 4.28846383234 3.3434377438 3.27789359153 3.06898752767 ;
1.38282688486 4.76348048047 1.97224756027 2.07390255412 0.860103219252 0.682546145516 2.79582054351 ;
2.60179360744 4.6614819853 2.97163392185 3.30476556164 4.0994343071 1.60614904646 3.32245802221 ;
1.51807833394 4.76064955808 1.96813302249 2.03285735395 1.6954351978 0.67236874782 2.87270567205 ;
2.19965218052 4.75343107996 3.17616074497 4.47481490642 2.78233528747 3.79710363021 2.86477625355 ;
2.5479130932 4.66619393596 2.86595697996 3.14028774598 4.14901358986 1.51513026798 3.32501785465 ;
1.41104593723 4.76390164511 1.94736049586 1.97116091973 1.50047150877 0.622927126358 2.8617042739 ;
2.24754139192 4.74903465564 3.15400728109 4.41422303438 2.67493708477 3.562390423 2.85433136259 ;
2.45609117083 4.69415973685 3.19429675523 4.20588617723 3.44305331569 3.10185266996 3.09739006153 ;
1.42202742925 4.75750980295 1.90201033904 2.10338392191 0.767521613306 0.720121270313 2.77465200505 ;
2.09425012958 4.73340187123 2.44695161581 2.39898798199 3.55560606489 0.83795414331 3.14576774294 ;
2.59280804467 4.66068940509 2.96213247575 3.28656559221 4.12731392912 1.58673571207 3.32399820304 ;
2.2187270994 4.75615420305 3.17380724064 4.4673133971 2.77579463303 3.75498733634 2.88164011603 ;
1.51034156826 4.75858612376 1.9692159359 2.02969691455 1.67007737374 0.684983436832 2.86079516453 ;
1.42657830276 4.76312703346 1.95837031664 2.08681980186 1.03899577083 0.687159141727 2.81038003186 ;
2.24685068021 4.70446212235 2.53591414492 2.58449699367 3.76816097718 0.980047142091 3.18677879293 ;
2.43137643966 4.70684999537 3.20889688341 4.25719145354 3.37351930345 3.2168569045 3.07622286875 ;
1.48836397983 4.76388150389 1.98871256159 2.05963148391 1.35106239533 0.660935508965 2.82919179222 ;
2.49164709132 4.66834098864 2.84576871687 3.14437318654 4.05215194074 1.51204668822 3.29544966604 ;
2.2169172693 4.75629194449 3.17786621534 4.47385883083 2.79602389642 3.78525000334 2.87563627815 ;
2.46000231115 4.69503777891 3.20729678651 4.21418823695 3.46281827946 3.12413521754 3.10324188206 ;
1.42508288252 4.75639819115 1.98858352122 2.20945305568 0.872303342361 0.726229682729 2.76348032561 ;
2.13823605442 4.73025728949 2.42131788178 2.38186605404 3.62038384043 0.873417346363 3.16649160114 ;
2.22483738301 4.75670986255 3.17786019492 4.46902172027 2.80789136172 3.76511589795 2.87420563841 ;
2.48369511435 4.66753703657 2.85174651327 3.10006531916 4.10967177824 1.51662351172 3.31025291304 ;
1.52597751186 4.76088165843 2.00316581502 2.14907549613 1.35142317811 0.677389025519 2.82736535433 ;
1.49892477473 4.76085984698 1.95562692109 2.03499586468 1.55730616342 0.664776161856 2.85905369709 ;
2.20945675438 4.75344195235 3.17428224077 4.4649981185 2.78141492273 3.75695126903 2.850399725 ;
2.55689021418 4.6653915957 2.92549305494 3.22497999846 4.09405714288 1.55842931559 3.32467446573 ;
1.54701932792 4.7592634571 1.96389696189 2.03812629854 1.73929879075 0.665512257576 2.87249832091 ;
2.20176375312 4.75372977969 3.16973368967 4.46366187811 2.75816544103 3.74787167575 2.86982915167 ;
2.6029865461 4.65879594945 2.99574672844 3.31019821525 4.1499915376 1.6241433219 3.33658355777 ;
2.41232788111 4.72161385917 3.20841228758 4.29909914348 3.30024675694 3.3042433387 3.06171197526 ;
1.48807776796 4.76181226474 1.98934669172 2.14744141508 1.15323378513 0.696034357251 2.81447448622 ;
2.29477033601 4.6834182891 2.6141137484 2.67396802016 3.91855879029 1.09319186104 3.21711799349 ;
1.44703672772 4.76562418673 1.95894809571 2.08611313959 1.15292421945 0.635491124878 2.81656959831 ;
2.44564270902 4.67366281738 2.80466569627 3.06150836598 3.97689992239 1.47174473409 3.27487312483 ;
2.22214273453 4.75635049758 3.18143633072 4.47351841942 2.80629532375 3.78808363803 2.86987613172 ;
