cluster 0
size:441
#377eb8
[ 1.40020573  4.73438909  2.03016819  1.68059215  4.08144691  1.19083984
  3.35843397]

cluster 1
size:357
#ff7f00
[ 2.16131614  4.69705813  3.11687567  4.40768307  2.70723013  3.82952198
  3.09348316]

cluster 2
size:546
#4daf4a
[ 1.20293675  4.72708286  1.23421293  1.78632865  1.99158261  0.74378487
  2.86969961]

cluster 3
size:472
#f781bf
[ 2.99534259  4.38728612  3.44471328  3.52054951  4.74205469  2.02292933
  3.41190575]

cluster 4
size:183
#a65628
[ 1.78842331  4.65274179  2.22205952  2.65784201  2.18663656  1.58179004
  0.        ]

cluster 5
size:1010
#984ea3
[ 2.48368083  4.74580445  2.82368599  2.66531584  2.68951001  1.06263101
  3.24855257]

