2.05653701124 4.73620560447 3.13224670954 4.43414917104 2.52910593789 3.79507458975 2.79688821093 ;
2.78548875226 4.57004189504 3.2313824658 3.52832589347 4.40597693545 2.24063134597 3.44234330465 ;
1.81041195626 4.76091779297 0.0533408833485 1.93052100936 1.99352289287 0.622524157252 3.06804639227 ;
2.24832719565 4.72843220928 2.75394399443 2.59493033057 3.26844709054 0.604108678815 3.13986590949 ;
1.61495360907 4.75842185505 2.61561941064 2.21596955596 0.37730616966 0.7921583148 3.02675019787 ;
1.01118251414 4.63414508039 1.69992853207 1.29429895658 1.69404348093 0.580594811911 0.34015671713 ;
2.77512868059 4.56725348604 3.22740316746 3.50358856092 4.44273015056 2.26404699719 3.44857078068 ;
2.06216415129 4.74718959862 3.13355246108 4.4477693163 2.53407831451 3.75540387492 3.08254206343 ;
1.67182870389 4.74062372544 0.0433154714093 1.8222951881 1.96645733648 0.586832700456 2.73088974724 ;
1.47861655666 4.74982379623 2.59084196085 2.08567149773 0.577079406267 0.740494887465 2.7262471421 ;
2.26840804646 4.72751878646 2.74665221101 2.62092896921 3.31684891882 0.582284378112 3.13140280164 ;
2.34271064998 4.61826697437 3.12676154041 3.92547830966 2.43613981746 3.60850932996 0.0503606363148 ;
2.80337185811 4.55084030474 3.24907475521 3.53893651093 4.48494333556 2.31007573567 3.44535135568 ;
2.39219017196 4.72427025817 2.77834433786 2.74055970423 3.43275578259 0.696828313206 3.11125299369 ;
2.07430392357 4.74883539566 3.1621543457 4.46172670738 2.85062819343 3.85325094817 2.90147721761 ;
1.3111953213 4.76024136933 2.54904898854 1.7101737382 1.00838255632 0.473636935485 2.71331519869 ;
2.08419896612 4.6743197123 2.88142473637 4.06073467857 0.543863541984 2.84738129198 2.47739269603 ;
1.70122028571 4.74681684045 0.029528117472 1.81220997493 1.9610224206 0.584520200499 2.77350129885 ;
2.06371630636 4.73543499387 3.13423892859 4.43405082554 2.52080635802 3.77350089157 2.80245873458 ;
1.97340011206 4.75133525627 2.20020077799 2.1215694224 2.72125368773 0.779500533041 2.88115010656 ;
2.71537158047 4.58224340307 3.1863341402 3.36374759853 4.35475441268 2.25263768728 3.42321304475 ;
0.901400870796 4.73272839545 0.480747067722 1.08535083533 2.05603147108 0.391604915136 2.43533085448 ;
2.61669656338 4.69819128608 2.91455844926 3.27305954262 3.73800213583 0.105820496448 3.23263671514 ;
1.74990540467 4.75085186834 2.15410432174 2.31447027143 0.066114333268 0.865524942986 2.83939837181 ;
0.125181402474 4.67043714143 2.85678829505 4.03465397021 3.03035136766 3.04548594537 2.8265649925 ;
2.45992054535 4.72976693375 2.53211437596 2.67877936177 3.37310046854 0.662812508661 3.09454724134 ;
2.90927603216 4.55146154035 3.28496459535 3.52011522036 4.50196721657 2.29353145089 3.45391401918 ;
1.28419891924 4.75451936014 1.56212314237 1.55041144788 1.19111261559 0.439515999381 2.68747048142 ;
2.19979227955 4.70766445948 2.87509958472 3.88504773806 0.436928673401 2.49668296035 2.68422936472 ;
2.35009961958 4.74972362756 3.17496515256 4.46352884333 2.86932280959 3.87683254221 2.88048116278 ;
2.82822026888 4.52793058817 3.28654359256 3.54846731299 4.58267216259 2.36219048833 3.45794494266 ;
1.27356565874 4.75324533203 1.51628979912 1.59372266455 1.10880716915 0.446003104491 2.68474389742 ;
2.05140212109 4.74088947001 3.14837388363 4.44874606849 2.832615549 3.85226367112 2.85392242067 ;
2.28281958243 4.76397340025 2.40370215597 1.97945398842 3.43738486133 0.965490104821 3.10023451037 ;
2.47288709124 4.68455918291 2.83098134606 3.80071582685 3.18718853524 0.537332767265 3.06094286824 ;
2.14440111667 4.70591203226 2.86606351971 3.88536733873 0.158374705903 2.63643490532 2.6773291799 ;
2.0556706618 4.73639724308 3.13243815852 4.43876575187 2.53037835206 3.7904909556 2.8000342657 ;
1.81914794283 4.74466092281 2.65366897875 2.48653247063 0.581681374766 0.880746678612 2.96870268796 ;
2.73753227487 4.59195819686 3.16009388522 3.28491279933 4.31020522639 2.23869061379 3.39596732691 ;
0.766814273416 4.72735059229 2.08139219028 0.959839238778 2.4065089913 0.555955118838 2.15361383683 ;
2.51456520009 4.72043793455 2.81986768588 3.01481618599 3.46723612306 0.26929844787 3.19124645448 ;
1.94472435991 4.74533892796 0.0640278941554 2.12636181531 1.97323982928 0.628835966604 2.93392782723 ;
1.9405993229 4.7478685042 0.0590184541648 2.09294387078 2.06843223918 0.636539624433 2.96726325623 ;
2.04440943494 4.73839976383 3.14179611439 4.45435286446 2.55451176838 3.843201098 2.81262588217 ;
2.71715030307 4.58699316901 3.17446423819 3.34513010801 4.35505625174 2.2451477236 3.41091538962 ;
2.38722919233 4.71801006821 2.76799788902 2.85012490688 3.45286948235 0.29843835163 3.07327657034 ;
0.607668656803 4.74880963638 2.1057096046 1.03057291283 1.43231344254 0.435723685729 2.28503629889 ;
2.21562286163 4.73142266357 2.72345829101 2.75548704286 0.864550784785 1.21079449925 2.99027326586 ;
2.07371975439 4.74927367833 3.16478952073 4.4633933635 2.85172986483 3.86908317476 3.05354268584 ;
2.1733633747 4.75368719224 2.1961613874 2.41355860422 3.1625698881 0.5464145869 3.09245928149 ;
2.7529992989 4.57854495834 3.21120350062 3.45653950034 4.39106731291 1.96301351612 3.44322393199 ;
2.2319908643 4.72772355613 2.94202956698 3.98775600234 0.663573725168 2.40000068907 3.08461053529 ;
1.25259074143 4.74415637358 1.70226749081 1.5455118286 0.847600835968 0.505535866053 2.63863352215 ;
2.18333996047 4.61797127532 2.75715072996 3.75747314205 2.14571612118 3.08909895939 0.0519042269824 ;
2.49707449482 4.71512516735 2.77597212002 3.10833614401 3.38162160197 0.202899382756 3.12850826049 ;
2.05884714804 4.74052577056 3.15125752149 4.4542262337 2.84491564736 3.84344897353 2.85575800015 ;
1.61278927726 4.75512196893 1.94751177017 1.91202240215 0.202448108825 0.628266132831 2.74140886097 ;
2.73941791854 4.59747999037 3.14641680009 3.26950954621 4.25346250187 2.19649157863 3.38796749402 ;
1.341351929 4.74141884385 1.38663040233 1.5209678913 2.70904436884 0.63307862968 2.71829023022 ;
2.17823254426 4.69969542826 2.95027999978 4.11368401122 0.417967186063 2.8574698514 2.69425276509 ;
2.04522280874 4.7397489391 3.1473601945 4.44434009865 2.82750279434 3.83116457798 2.84791601665 ;
1.8232731654 4.76272186378 0.0970080020354 1.91689687844 1.94875950769 0.621392255267 2.99662219593 ;
2.79054365431 4.56268515742 3.23042359467 3.49601831748 4.46811351894 2.1709490076 3.44555129128 ;
2.11684337629 4.71763917459 2.82187845368 3.52806948103 0.249301292724 2.16449451995 2.83471688133 ;
0.86220054295 4.74538961841 2.40364594443 1.27783594503 1.35975589256 0.402138605149 2.34862270468 ;
2.3997892212 4.73006095431 2.74221970405 2.71596553745 3.2575686977 0.622467245574 3.06762503873 ;
2.20029046271 4.70907489266 2.87630903535 3.94803864924 0.399676953597 2.55986377174 2.73716830091 ;
2.78703477376 4.55871125731 3.23762949088 3.51866275006 4.46844134329 2.26934479668 3.44539419772 ;
1.19911400538 4.76009251121 2.53109693536 1.51557231419 0.885938250975 0.463553569058 2.66000891062 ;
2.0547136285 4.74172914559 3.14694521688 4.45062539372 2.82584566658 3.84510400493 2.84071438078 ;
2.33373250197 4.72498121744 2.74185170642 2.69403860127 3.34310295642 0.635380807075 3.0692310669 ;
1.70074653074 4.74626940053 0.0225074038895 1.79975009153 1.98473756705 0.569194272037 2.8159984223 ;
2.7671658854 4.66223504572 2.98959188362 3.44105879765 4.0740864448 0.0628493173612 3.26183045655 ;
2.039692129 4.73701717315 3.13212355132 4.44818071861 2.53139583486 3.85511805917 2.81087539978 ;
2.35586790569 4.73910843772 2.83586497592 3.62895953713 1.7680442379 1.16292665748 3.00165872998 ;
1.30785915486 4.74630664447 1.54716801786 1.62698060991 0.939878061577 0.50056740865 2.64467484551 ;
2.8145818214 4.53801624198 3.30238860007 3.55052297076 4.56497630447 2.38382740996 3.45094870187 ;
2.10773419298 4.75300236665 2.19045518914 1.93472084463 3.42803119003 0.998281272773 3.03190915293 ;
2.43142805864 4.71281313088 2.53816271871 2.26329964477 3.64983300655 0.810137827257 3.13855078673 ;
2.04652871595 4.73884569262 3.14158142294 4.45114256494 2.55584152269 3.86041876666 2.82120548583 ;
1.81750067801 4.73709134212 2.15400839498 2.3375743242 0.101353045798 0.905218593541 2.84016078304 ;
2.79203994634 4.54210724783 3.26781272262 3.54456037261 4.56621408437 2.29913404021 3.45977159208 ;
2.38441126936 4.74636973918 2.785936863 3.76854146632 2.64251831545 0.758441321204 2.9787498777 ;
1.05492739504 4.75829458494 1.22572772516 1.26963389236 2.1651654805 0.42792902043 2.57574448642 ;
2.08427804052 4.70365113901 2.89963555426 4.13802315614 0.0922198560542 3.05958087404 2.59970236872 ;
2.05604349389 4.74085411173 3.15086682302 4.45210812393 2.85349810627 3.8629777954 2.86587073451 ;
1.40687026634 4.753252039 2.16134552934 1.64575175993 0.686590316469 0.554437832875 2.71449522796 ;
2.69527729945 4.58892376697 3.15724581682 3.18120773183 4.39204283343 1.85413292517 3.40327479351 ;
2.4043836572 4.75253456015 2.80721358585 3.24941982513 2.72946989338 0.693053227515 2.9796627093 ;
1.66552524729 4.73788640302 0.669062561745 1.74681569517 2.92089539223 0.549028057314 2.80059855396 ;
1.63508948174 4.75348053659 1.28214994412 1.498047098 2.41893330618 0.40407803467 2.60168759592 ;
2.05143569971 4.7392103323 3.14330571035 4.45164461851 2.55499040412 3.83283455879 2.82087260419 ;
2.69633471641 4.71639199157 2.8802498512 3.33154897925 3.19135519507 0.498130499189 3.14821019802 ;
2.90718269532 4.56311166338 3.25900045926 3.40890995945 4.44701667461 2.31553003567 3.42455052339 ;
1.68675876237 4.73826622758 2.08862680174 2.26947527589 0.0979758951675 0.913646240615 2.75237559202 ;
1.29783351676 4.70968818227 2.45725389755 2.26081955918 3.7528622584 1.20309797675 3.20853456278 ;
2.35291005265 4.74288283177 3.1630665719 4.43395453679 2.52993225287 3.80653371344 2.82897057867 ;
1.43341498059 4.74841025446 1.70947690523 1.83846128816 0.964616751396 0.579077363348 2.71650798817 ;
2.59037154835 4.69838694923 2.86099145298 3.79394482531 3.15737779153 0.509092488523 3.09868832134 ;
2.2489376737 4.75553725364 2.35655492535 1.97420723153 3.47627668598 0.968473492941 3.08755022111 ;
0.0924350957978 4.65919695441 2.89054389158 4.30369394823 2.48676501356 3.39692236368 2.72093692421 ;
2.89595583209 4.53323096773 3.29563789271 3.53438073902 4.575514768 2.36150510643 3.46511708841 ;
2.35046711701 4.76554982244 3.2017667883 4.48711525695 2.94753876401 3.89170122493 3.07878471438 ;
2.40718251934 4.74221905301 2.84849071597 3.76788616822 2.34006661179 0.797490406456 3.0399681802 ;
1.36287659025 4.74294836005 1.75342517009 1.78872182185 0.612397431015 0.607106970606 2.61481698528 ;
1.34980556668 4.66239970961 2.97463259412 4.31925015606 1.54670895132 3.69323602856 2.14858885755 ;
2.76624475367 4.54831091116 3.24275248241 3.48919253766 4.51238923923 2.00111669207 3.44096898951 ;
2.10993149762 4.76030046528 2.05435188073 1.8826143004 3.26957265612 0.755732635721 3.03787499913 ;
2.34050391199 4.73617426716 2.77290075045 2.89941702016 3.16229906516 0.725683892524 3.13441387044 ;
1.61610642619 4.75505264301 2.15375126366 2.12604983944 0.305433387977 0.740248541303 2.80132644112 ;
2.42752674002 4.77098650773 3.23888130453 4.49069130323 2.98434885036 3.89258634768 3.14805900194 ;
2.79018835145 4.54969351425 3.24513093403 3.45877926902 4.53887925601 2.14731444639 3.44492220325 ;
1.52251095 4.73936328207 0.905681672465 1.43797063863 2.72927983943 0.579909252397 2.60033975094 ;
1.46307763478 4.67428638509 2.96651200411 4.34473142734 1.82197056568 3.70664679811 2.22768568547 ;
1.98141416266 4.73623186307 2.52639137548 2.03303125788 3.87955301379 0.863826932772 3.22141867749 ;
2.04233283993 4.73817882815 3.12107929405 4.43811283834 2.51944833869 3.7914282124 2.8664275947 ;
1.65881279236 4.74123749369 2.07705406038 2.21285513869 0.0297852936148 0.909939542541 2.71341383076 ;
2.82707518905 4.59416590469 3.19839600266 3.59585602417 4.1783188195 1.7844024979 3.38717227672 ;
3.50442061027 4.70070279108 4.27241022853 2.76289445224 4.21046154972 4.62162008204 0.635789964015 ;
1.7355503293 4.74532180793 1.67994609977 2.10378941687 2.3329580444 0.470270351042 2.73110286835 ;
2.29711885039 4.71259821081 2.72753052485 2.34265276614 3.71903524976 0.788839232137 3.15359974035 ;
2.03773102294 4.73672303307 3.13158726329 4.44798330887 2.5279364119 3.85510783909 2.80984590933 ;
2.40673631312 4.74520164872 2.86139903767 3.76578053204 2.02268378721 1.02845572297 2.95835735133 ;
1.70003428205 4.74260903678 0.0215791873445 1.85362177185 1.94782884495 0.582072485301 2.75020140956 ;
2.85399862964 4.539099878 3.29956544223 3.58280592865 4.57893395686 2.35185580761 3.44997443893 ;
1.31240073316 4.75616233987 2.56488387466 1.64706826538 0.83276792311 0.558827805677 2.70303395739 ;
2.26904233084 4.75117079056 2.666672468 2.06971184643 3.52251320924 0.963525142131 3.05948993658 ;
0.144980473124 4.65860194612 2.89108145755 4.32440972053 2.49361205118 3.48766232059 2.60590903897 ;
2.86765897054 4.56448551054 3.25280016427 3.65664308874 4.41215316602 1.8621449827 3.43662265347 ;
1.64697543706 4.74550063387 0.0734829412909 1.79288345867 1.95797999716 0.578092714327 2.72870258144 ;
2.36042615579 4.74373257649 3.16389024552 4.43488831252 2.57282071624 3.80784459143 2.83723023195 ;
1.66985939186 4.74329669441 2.64663106648 2.46636339659 1.04313643775 0.644638322139 2.83759597027 ;
0.133416557036 4.70368976842 2.99016588953 4.37307296928 2.4475979849 3.45695171619 3.04644097553 ;
1.94522169135 4.75904155148 2.09821003799 2.14380813228 2.97715138698 0.566166923469 3.08754480838 ;
1.57254407856 4.7460725476 1.84145916169 2.04637356198 0.34905809452 0.725531508939 2.78229641264 ;
2.80822873392 4.59257495429 3.18926051637 3.48590005856 4.2799083304 1.82592144245 3.4250774567 ;
2.37283554194 4.74577520324 3.18077473422 4.42924200234 2.62132848926 3.81256125537 3.04703486817 ;
2.07868145506 4.6231140214 2.67145826697 3.42988772611 2.19219863476 2.53688056792 0.0209449925508 ;
0.0828354083608 4.66805907188 2.93897181267 4.32985324336 2.61502381508 3.48252624327 2.74291149383 ;
2.25346361694 4.75697879116 2.22361001501 2.04517057055 3.43366217801 0.834355946036 3.05600463192 ;
2.29944401482 4.72929900003 2.73030413499 3.64025597773 1.54421107839 1.06941809837 2.89374183855 ;
1.22930067638 4.74613232417 1.60165031973 1.5169191877 0.984567084233 0.494478018117 2.63318850225 ;
2.35430604433 4.74266558018 3.17329057623 4.44567289001 2.60046780094 3.88679613859 2.84991109482 ;
2.8604836766 4.56314991393 3.24917473678 3.59616482113 4.46332754312 1.88427551218 3.44234011413 ;
2.66414187085 4.71556669989 2.914287967 3.4660760241 3.24099131359 0.567077546802 3.14405103198 ;
2.04751366077 4.73578699124 3.13739431471 4.44584212845 2.53477157164 3.83040431015 2.80097713502 ;
0.372724786217 4.70576745067 1.07270412572 0.950962062456 1.25292368262 0.422265072342 1.86694534289 ;
1.77978969391 4.75126985137 1.80718626011 1.84083803637 2.96614076621 0.601921065176 2.97873855879 ;
2.74548668248 4.57199055228 3.19607210019 3.3120405533 4.43379244963 2.28680524103 3.41772539784 ;
1.900802067 4.75178644386 2.20450303367 2.3869897023 0.138428248603 0.868897494243 2.93888141899 ;
2.30566663732 4.60896235156 2.9872187231 3.86894579512 2.47574318217 3.28069119335 0.118559877526 ;
2.8190885635 4.58136753076 3.2077649289 3.5349264629 4.34175925881 1.90864385142 3.4286540368 ;
1.584946101 4.74037782878 0.096858617115 1.72161956407 1.90058473935 0.573308554028 2.73333320185 ;
2.05686118194 4.74848913499 3.13874781408 4.44890201898 2.55086045769 3.79292091022 3.09302727698 ;
1.7404115001 4.74989009548 2.64085139995 2.34968366534 0.431872579708 0.83868834712 2.83979422824 ;
1.96395434889 4.74985414587 2.60049641338 2.2718742231 3.17301184287 0.606274184098 3.07643140867 ;
2.791980253 4.54559827598 3.27347424389 3.54602885042 4.56958146415 2.31781687999 3.44481796643 ;
2.0385485097 4.73652995614 3.13222484627 4.45231627333 2.53009646918 3.84677000063 2.80013765432 ;
1.70003428205 4.74260903678 0.0215791873445 1.85362177185 1.94782884495 0.582072485301 2.75020140956 ;
2.30071995575 4.71780811399 2.71189818041 2.21260107962 3.61449190104 0.733116780562 3.13250014193 ;
2.50496635375 4.74579441743 2.87390552046 3.76616726149 2.08119696215 1.03485738133 3.03392859473 ;
1.21831952844 4.75249055837 2.56071568483 1.75078507076 0.758103675964 0.548670358778 2.65548774581 ;
2.0456187122 4.73496687324 3.13020242837 4.43753308256 2.51201316984 3.7894058493 2.81043748121 ;
2.70591673505 4.70579239596 2.91053867649 3.37606025923 3.62018746003 0.200534684045 3.1299733161 ;
1.12950027748 4.72858700889 0.484344839394 1.40291382122 1.52203544441 0.502055086436 2.42156910334 ;
1.72199558109 4.75188268953 2.60386103851 2.38342877333 0.966718552499 0.658741401222 2.94177636946 ;
2.23194270808 4.74840440786 2.20525624138 2.06020927556 3.53858220785 1.39817181057 3.09225561056 ;
2.8182257759 4.53714695241 3.3342189923 3.60946879923 4.5333654334 2.37836175686 3.44462796859 ;
2.77446656777 4.5444812352 3.25218289295 3.4781746771 4.53515429879 2.33785208093 3.44460414659 ;
1.51667921332 4.74868778064 2.59894375083 2.12035154922 0.455066377441 0.727649958698 2.74363916175 ;
2.04643650923 4.73633744056 3.13847125833 4.45071212693 2.54311179925 3.85037004996 2.79794986104 ;
1.62446054955 4.73911818198 0.0670669385088 1.77617021616 1.93104661096 0.597698297576 2.70545937716 ;
2.1325861713 4.75690972094 2.61124702071 1.89088576306 3.35869071496 0.809970737828 3.06561708322 ;
2.52896302652 4.70045445843 2.93971597594 3.77315561499 3.04564984258 0.637893561411 3.11317040725 ;
2.69577120859 4.54941922731 3.2370422387 3.48444505681 4.54877351919 2.01899087368 3.44309163067 ;
1.49333271662 4.76589973729 2.59292829062 2.02776070282 0.937358544463 0.658368174786 3.03904775303 ;
2.06444477249 4.74025635914 3.14813485623 4.45157264475 2.56118834146 3.85808478984 2.84420596522 ;
2.46766158943 4.7485085664 2.75428690477 2.795608994 3.15465529208 0.842163793913 3.18166924575 ;
1.7875409714 4.75805365713 0.0100506237321 1.91280721315 1.99722729621 0.601405925997 3.05940376451 ;
1.42542566081 4.62784612773 1.92601209957 1.96915014689 1.70583580872 0.949177728228 0.122884175921 ;
2.047999247 4.73452948254 3.1340405415 4.43697841937 2.51482541851 3.79907070188 2.81130834778 ;
2.37665390776 4.70585830345 2.84247495665 2.64795979001 3.94743876032 0.667610557244 3.28638819011 ;
2.26402441551 4.74832020113 2.00716383437 2.78529042631 2.43860532699 0.66979585689 2.8516698117 ;
0.702675614715 4.73693538639 1.33597076226 0.923260819023 2.13383705155 0.431755723975 2.41419818219 ;
2.84723192801 4.56238003515 3.26054914791 3.55019490107 4.44348931686 2.34768835257 3.41771499505 ;
1.79345564929 4.75092954905 2.14643582619 2.31839484164 0.0566738388166 0.876835288878 2.89286920408 ;
2.82064970287 4.59921018752 3.16617878352 3.35481977597 4.28480184726 1.85150214684 3.40084672398 ;
1.73819940489 4.74447579305 0.0619718274783 1.84246029715 2.66572553175 0.546200674827 2.80784074302 ;
1.91692065019 4.74752258092 2.63324298538 2.28261746121 2.80563720145 0.467889381449 2.89829331113 ;
0.0992146949543 4.67126292504 2.9308343771 4.31704101041 2.6104574158 3.427439315 2.75177914084 ;
2.36265051017 4.74248498675 3.16909305342 4.43520899975 2.57486553245 3.79620596046 2.84121909438 ;
1.63717064543 4.74616306699 2.0964678035 2.18027322165 0.0384758986952 0.891049485413 2.72658942375 ;
2.48107192986 4.72461119261 2.56514139505 2.8806701777 3.25969871383 0.605210021097 3.08918506486 ;
2.35613702622 4.74338920722 3.17126588179 4.44118757478 2.56966152601 3.82656009228 2.85101819806 ;
1.05975202787 4.75599944646 1.3849487132 1.12975429953 2.37491622904 0.484103957427 2.65035665852 ;
0.130149540214 4.67309584542 2.92333242567 4.21404475098 2.70693825378 3.33425741609 2.7483809998 ;
1.78202636304 4.73986965244 2.08387318893 2.36717888664 0.188331892651 0.854375171706 2.76993078894 ;
2.85925407924 4.56785407084 3.24839333944 3.44457334043 4.453467304 2.27010000862 3.43286337746 ;
2.72995382273 4.57991964239 3.18705896069 3.38446944673 4.37755173863 2.27197437443 3.42826846506 ;
0.29866194302 4.74486271815 2.52002589942 1.63214295972 1.88067974046 0.549047744168 2.59340327442 ;
2.04519706582 4.7361639462 3.13639732028 4.44507892131 2.5400743408 3.82551275074 2.80297829271 ;
2.28222912679 4.7449562147 2.69808515562 2.50281883635 1.01208105589 0.983040522895 2.87790462502 ;
1.67176054638 4.74057248616 0.0249101929508 1.80492053013 1.91998245905 0.607250953063 2.74727282754 ;
2.5482894115 4.71594429515 2.77777740089 2.86110691936 3.63236403386 0.334401875718 3.14644691844 ;
2.00072539131 4.75472966608 2.14936142559 2.41540720271 0.120961671512 0.913960619816 2.90741990412 ;
2.40297206945 4.73096419827 2.4940184132 2.69398607057 3.29642372915 0.718964974108 3.12720426817 ;
2.30795256883 4.6050903889 3.05268441807 3.92392458783 2.38240627122 3.59963305467 0.0764521701723 ;
0.850263151182 4.7533699979 1.44988370144 1.39210186145 1.88162169388 0.353726617987 2.55744021694 ;
2.77412089321 4.55456298557 3.2556178844 3.54548681129 4.50686733581 2.18804154464 3.46023109208 ;
2.05437163195 4.74856564612 3.14072863167 4.44988138707 2.54786136062 3.79601348574 3.08664437019 ;
2.77400192483 4.55944258652 3.24181176215 3.51195406917 4.51153590347 2.23553622741 3.4478467366 ;
2.44282852374 4.72581197239 2.83541889405 3.69065286119 1.62127599869 1.30499135179 2.92746083085 ;
1.70043884038 4.74177823867 0.0429746792908 1.85162976592 1.98253348139 0.58137420572 2.73309672752 ;
2.04635708688 4.73879446953 3.14209643596 4.45190792034 2.5560470626 3.86340569962 2.82048772605 ;
1.2159653051 4.7582389413 2.54790144473 1.57267117593 0.754839477052 0.538701226781 2.6887324706 ;
2.28561694766 4.72235023745 2.72636590943 2.42084866412 3.54085961642 0.591259739719 3.09232259953 ;
1.86186348386 4.74408240898 2.70657942405 2.68710029941 1.26885619279 0.78681351807 2.91913307368 ;
2.04720268941 4.73667938379 3.13798282176 4.44822989852 2.54091210335 3.84266308767 2.79953617102 ;
2.79859291041 4.56647134679 3.23897267344 3.53175812584 4.41183761245 2.25676597977 3.43738401836 ;
1.0013768368 4.72708698074 0.910256265567 1.01394766363 0.734982172921 0.636574517844 2.26159894683 ;
1.97902181525 4.75740769535 0.0876433155247 2.25411357441 2.76526337097 0.552641937809 3.01470904219 ;
2.35906201306 4.71974599576 2.7705533315 2.44028744859 3.74925716004 0.613851823161 3.10177157189 ;
2.87204673164 4.56877636907 3.23791956274 3.46606306403 4.43141956588 2.2504766778 3.44608553035 ;
1.28494997443 4.75707956353 1.55070468073 1.54054853361 1.20954424296 0.45922952572 2.707673857 ;
2.42596635026 4.7247394144 2.53612027429 2.70321612738 3.34709392164 0.598225410912 3.04347811812 ;
2.16596066465 4.70712852605 2.86282160463 3.88890031578 0.341816865482 2.53130917344 2.73015949245 ;
0.127232314697 4.66436561779 2.91508484693 4.15067055339 2.98611870197 3.25081065269 2.79993242485 ;
2.36193833414 4.74873966421 3.17967616581 4.45672667956 2.87498571928 3.87025751508 2.88574190662 ;
2.30914186093 4.61448605495 2.97368907615 3.84996244027 2.40369680259 3.20965003772 0.0994093270011 ;
2.78699653115 4.55974478916 3.24264643576 3.55692230492 4.48103670388 2.26744466838 3.45921288614 ;
1.70657381372 4.7475351041 0.0298838107498 1.82430073422 1.97882412404 0.565703323816 2.77665477443 ;
2.05673165725 4.74747801309 3.13435002474 4.4425828606 2.53792739604 3.76196098468 3.08659932551 ;
2.3703496372 4.72491744551 2.761683694 2.58711653874 3.44951086372 0.648499086009 3.19648111315 ;
1.45170726404 4.75357525426 2.60689532307 2.17288592921 0.835363582276 0.697562179577 2.78639108569 ;
1.09740510879 4.72770570488 0.941320228991 1.7556328033 0.756181751536 0.533463771761 2.37599626666 ;
2.04599108584 4.73652670615 3.13841045727 4.45242635718 2.54339626905 3.85408833607 2.80419528484 ;
2.59333491818 4.69935840152 2.79975379713 2.91760668022 4.00733614271 0.126604484203 3.24492708509 ;
2.40096330829 4.73680510094 2.63483981379 3.52430406881 1.8613301989 1.09535466258 2.97358362532 ;
2.68595724736 4.58097126131 3.16024454506 3.28687045104 4.40045601405 2.26483527086 3.40737462664 ;
1.67056728468 4.76360104863 2.11320092659 1.45163490385 2.07711691293 0.634446421806 2.9268342682 ;
2.14156390133 4.76183332754 2.62906785318 1.88104879435 3.27750315606 0.905649601991 3.06905169879 ;
2.03297092302 4.73413560005 3.12435343307 4.43724176396 2.50084426756 3.79882748825 2.8116597357 ;
1.65152845903 4.74103191174 0.0638314241693 1.80784636986 1.94099286009 0.579498005988 2.71672101749 ;
2.50847620799 4.66537393634 2.94939006812 3.82244506756 3.47369952505 0.708447568867 3.14087343872 ;
2.91161759556 4.53744317008 3.3486562709 3.52622502632 4.60831452399 2.4963446274 3.4602669209 ;
1.51420630974 4.75122096176 2.60428230114 2.29374661663 0.509234613677 0.697448983444 2.74003081379 ;
2.62872907193 4.73694126644 2.8020178077 3.18754638711 2.54716417232 1.37501709183 2.91707762287 ;
1.71013602964 4.74643409128 2.53106962194 2.33622294547 0.110583994047 0.908996539503 2.72153897847 ;
1.33544529502 4.75145040788 0.982955408528 1.57539487064 2.13995454485 0.505183422 2.72307183347 ;
2.05043324073 4.73939158183 3.14416133534 4.45814019312 2.55925710294 3.86107642108 2.82894574765 ;
2.42640244439 4.70943322678 2.78194556887 2.7682269447 3.80094499055 0.178603300943 3.22697305138 ;
2.68075420781 4.55417848738 3.21498119162 3.37795785062 4.53391819064 2.30890705689 3.43708502885 ;
1.84509323713 4.73798848916 2.55684843066 2.46171280421 0.249309258949 0.90833403915 2.83110793727 ;
2.74813560811 4.56518741164 3.22583301783 3.44857879734 4.45123109847 2.29090375486 3.43590783577 ;
2.05132658606 4.73802426059 3.13952114924 4.4456285301 2.54379729453 3.81058037435 2.81764973908 ;
2.60817424797 4.72250215557 2.76138787683 2.85643927299 3.33101881815 0.596680375957 3.07865101799 ;
0.676448041141 4.75000584622 2.56523888991 1.51094278999 2.53415079075 0.545097363335 2.66336790473 ;
1.65513959169 4.74600114793 0.0228733779365 1.73049946433 1.98827621349 0.578449463452 2.79082038275 ;
2.27708536008 4.75459340623 2.67124087867 2.00748786784 3.5540723558 1.09714800572 3.11761233321 ;
2.04032184002 4.73521567069 3.1312084188 4.43801267319 2.5198574505 3.82394368553 2.80228726584 ;
1.45901797789 4.73702943291 0.262376938783 1.49232400091 2.3035524423 0.593383423912 2.67477221289 ;
2.49931534286 4.69868043689 2.84297341952 3.69965002791 3.12919905143 0.481359983984 3.08921540606 ;
1.57783924534 4.75485352367 2.35825688036 2.1335142319 0.57088633577 0.691618401985 2.7995515094 ;
2.82988761353 4.52933759147 3.30698301516 3.60742484195 4.57821614761 2.38299615554 3.44456108351 ;
2.76772284986 4.58919371288 3.17476749149 3.32992847858 4.33814468871 2.24747697535 3.3959377505 ;
2.23583580324 4.71188432561 2.82487461335 3.92235405283 0.538180619729 2.44827521363 2.70764456999 ;
2.05111640625 4.74185886676 3.14761567171 4.4605292637 2.82935300878 3.84855748533 2.85563499404 ;
2.28641040031 4.71904375249 2.76417584868 2.86832409046 3.34458569396 0.362063851557 3.12530826248 ;
1.66302099806 4.73606848784 0.528265435573 1.55602399366 2.72177019725 0.640547146566 2.69341087424 ;
1.29382741257 4.75527632656 2.12051570249 1.56289042362 0.583218423992 0.517373326106 2.6914612396 ;
2.83565003859 4.552550198 3.26524599715 3.55055346871 4.52413332173 2.31399813202 3.45134807789 ;
1.75442102579 4.74244018896 0.0305953300533 1.87715617371 2.02593898413 0.580569132954 2.79888774513 ;
2.04295905737 4.73597955427 3.1366164558 4.44421109864 2.53884004295 3.85053537572 2.7925605548 ;
2.34728849092 4.73783061899 2.78593667445 3.38802988496 1.84186687978 1.03525469444 3.03854394726 ;
1.20788804706 4.75956548141 2.49210042299 1.48159931176 0.804465002543 0.550331166438 2.61688616452 ;
2.29252305728 4.71143419729 2.75990798313 2.46683790366 3.850729285 0.6603381945 3.1325018382 ;
1.09123180818 4.66271922421 2.96045169154 4.33573733099 1.4827382059 3.68631832512 2.3634325589 ;
1.61871396158 4.74689816745 2.64787664038 2.35743435005 0.912229591687 0.766583930493 2.83594348982 ;
2.38139185426 4.75859881107 3.18803289672 4.46114911571 2.87923515642 3.83349733132 2.94025751328 ;
1.63072608866 4.74385883715 0.110728796277 1.78712261233 1.99892895645 0.559919680395 2.73413297127 ;
2.78124596324 4.55850065778 3.24038890631 3.55321455492 4.47502390385 2.25835901155 3.44377805074 ;
2.38368200707 4.72549703685 2.75939795043 2.53142219283 3.52164604139 0.644420038462 3.08914528721 ;
2.80141803854 4.5598226753 3.24641870853 3.53700658896 4.44691092407 2.07205127477 3.44260583483 ;
1.34910856139 4.74715952038 1.57137998618 1.56563669038 0.843591962587 0.53351368229 2.6526567612 ;
2.13794026377 4.69962129817 2.94960760561 4.06359592323 0.180832970404 2.94089407097 2.68795096893 ;
2.05038489876 4.73584246321 2.62758688273 3.60393384204 2.49613472042 0.464490993655 2.74985838584 ;
2.27098614934 4.75021954122 2.28127666397 2.01510078729 3.44649160818 0.823102967948 3.13604945618 ;
2.05373712415 4.74198473155 3.14793520767 4.45282378967 2.83379234483 3.85473770728 2.86040059273 ;
2.69694282692 4.59727044798 3.13923707361 3.22958081224 4.26916805849 2.20952026537 3.38341366207 ;
1.3199234087 4.7591873869 2.55170589502 1.63788321316 1.20895736642 0.529296451437 2.7185420713 ;
2.05305039031 4.74216044 3.14864426426 4.45904576687 2.83593889758 3.84403103514 2.85759396625 ;
2.19498709628 4.71314616763 2.88259774142 3.97938021847 0.425638955917 2.60935654793 2.68322442547 ;
1.67859515669 4.74384909238 0.0548326078928 1.79898832507 2.01031314041 0.580228326525 2.77551136736 ;
2.46885826202 4.70696955967 2.7959902388 3.00597148778 3.46978116835 0.238852878764 3.10136094017 ;
2.02785786187 4.75554560407 2.25145842795 1.85622395563 3.11653095297 1.08528523637 3.05574202417 ;
2.7889931688 4.55425905892 3.2433641525 3.51977126285 4.45663931853 2.3000550208 3.44521835878 ;
2.05252841152 4.74204983563 3.14667853906 4.45021581607 2.82888657758 3.84063405705 2.84778711556 ;
1.25796430899 4.74776676712 1.49675072994 1.59747117605 0.85754209099 0.441355959053 2.62056359171 ;
2.16816540736 4.70599290986 2.86631423491 3.92543839784 0.333525169319 2.55805328612 2.71771167841 ;
2.53868345344 4.70923767148 2.7114601352 3.34309780819 3.45563679892 0.151143320862 3.07238662911 ;
2.77839981448 4.5917592231 3.16459347356 3.41620008206 4.32206591631 1.89358608103 3.41898267495 ;
1.67428886223 4.74690237577 0.0228428656142 1.79606195502 1.95999772787 0.561742090207 2.81690202274 ;
2.07746297636 4.74615076924 3.16064411966 4.44639285999 2.58145337246 3.80676770612 3.04875482634 ;
1.91173446493 4.75100857038 2.65260647015 2.32927628715 2.91779460957 0.515577718354 3.09220634714 ;
1.66083862245 4.75411108198 2.61437237383 2.21769626131 0.131777430262 0.826135455411 2.86548285957 ;
2.099835205 4.61740517829 2.67342578289 3.51306475134 2.16773673545 2.61950926588 0.0748732324498 ;
1.39721694311 4.74784583037 0.674068609281 1.44664777741 2.43637484484 0.559997799106 2.71975019098 ;
2.77546618828 4.56226900202 3.23321886347 3.51484591953 4.44954815954 2.26128358306 3.44398045947 ;
1.56735831812 4.76033856476 2.16897719561 1.93197862862 0.302971499359 0.571155040912 2.71503464828 ;
2.33613724929 4.72464656537 2.74948992001 2.73487146212 3.29233967156 0.627850856546 3.07315490717 ;
2.05281015918 4.74205656247 3.14618176405 4.44960493972 2.83125767363 3.83555366441 2.84777630017 ;
2.14308337553 4.69437745809 2.96273263337 4.12966385822 0.308969550909 2.96430632669 2.68543286322 ;
2.05381790259 4.74114287312 3.14730938074 4.45671946588 2.81469205348 3.84524843653 2.8430960476 ;
2.57583881269 4.72305342335 2.79013982723 3.04658709847 3.36660842917 0.497351088195 3.11050539109 ;
2.69233352922 4.57444534672 3.19242499953 3.31718161134 4.42326464397 2.28180430033 3.41971011036 ;
1.67412810578 4.74365020027 0.0253055928389 1.77471932465 1.9504583711 0.578009606489 2.76601993438 ;
2.10009843138 4.71371277494 2.80442502191 3.63733926318 0.253985994937 2.37673565065 2.76331244122 ;
1.2225253757 4.75304648847 2.55365442823 1.53007579759 1.54920133377 0.429611900244 2.69661136821 ;
2.1177313519 4.76239453877 3.20269852348 4.48744375537 2.92625797394 3.87654187307 3.05330926942 ;
1.72870332489 4.74798132823 0.0296858907533 1.8374174906 2.0038195348 0.574612037577 2.82148497638 ;
2.74667262605 4.5773135647 3.19258257955 3.46847959254 4.39242692394 1.91529453811 3.42595152539 ;
1.26935897343 4.75235308715 2.53302108003 1.79016066226 0.428833887071 0.607689604147 2.57162305428 ;
2.02039173435 4.65729729282 2.89466765779 4.15509767239 1.12442258239 3.1434784449 2.19820448501 ;
2.15163684623 4.7515285984 2.65469868507 2.37287440813 2.99312875155 0.593882943826 3.01503634252 ;
1.54697788804 4.76380801058 2.59969714968 2.04828318645 0.906561280663 0.743895186035 3.05412927362 ;
2.07237080193 4.74010921733 3.14469539147 4.44387277627 2.53197972498 3.79165997166 2.85343799241 ;
1.78976274977 4.75952281279 0.0240463716768 1.91347723636 1.99804806327 0.596265704408 3.0614398795 ;
2.70055904658 4.58885726153 3.16359377752 3.30113700252 4.3177755664 2.24001347519 3.41318091108 ;
1.50945988826 4.63935877541 1.96816496751 1.93146773803 1.72851245225 0.966235280236 0.148460392367 ;
2.39332972719 4.71365440549 2.79165806323 2.90699957137 3.44836433218 0.34641396918 3.20463864465 ;
1.50815987574 4.75192390969 1.74948258569 1.87056500198 0.327743001111 0.597226465764 2.73388356421 ;
2.67944166591 4.76097169725 2.8400555855 3.41365782185 2.31613695083 1.04376905194 3.04064138213 ;
1.63710431574 4.74672420922 1.82583043581 1.72978612878 3.0748048594 0.48017575679 2.86686454635 ;
2.71667363104 4.57022054605 3.16853360606 3.37778191023 4.45051936971 1.8814012145 3.41478864155 ;
1.70078646666 4.65509927157 2.88809962229 4.20937935663 0.629254031609 3.48135181843 2.0371009848 ;
2.11908764921 4.75159488976 3.1759260605 4.46882162757 2.88543476025 3.87097002263 2.95839810827 ;
0.0992146949543 4.67126292504 2.9308343771 4.31704101041 2.6104574158 3.427439315 2.75177914084 ;
2.56529648004 4.72713486206 2.70369361835 2.87727710566 3.29994194206 0.742321590364 3.12450900453 ;
1.12081650907 4.75065053569 1.36067447269 1.48361059007 2.59502602652 0.4594923006 2.70239886193 ;
2.86441432219 4.54501111726 3.27685964788 3.49983313127 4.55860048085 2.31805268861 3.45749044899 ;
2.35275712986 4.74263235376 3.16575572265 4.44044029686 2.56352455113 3.82331959093 2.8272876053 ;
1.73258370119 4.74537423282 2.05952057174 2.22937911136 0.162094115502 0.815573388203 2.77128710218 ;
2.04713209127 4.73667498096 3.1377893985 4.44493329028 2.54544969618 3.85066051207 2.7966338274 ;
2.57898112409 4.76302958149 2.78544163421 3.1162951135 2.82634354401 0.741519729238 3.10384144916 ;
2.70821508019 4.55951095505 3.1974323274 3.37894463381 4.48425026527 2.01675464695 3.43323947103 ;
1.62316800802 4.74415710107 2.52980641024 2.22985896151 0.146349806246 0.833415167804 2.70482436351 ;
1.78858664898 4.75989120686 0.0146397400581 1.91471704935 1.9674106483 0.595212082227 2.9547276291 ;
1.18995738514 4.72578014155 2.42467786241 1.3394406831 3.02816289789 0.505676647657 2.59071265424 ;
2.03948981145 4.74340681329 2.66046166334 2.35326988513 2.99360506984 0.645331666505 2.98033030431 ;
2.1526107216 4.7633067344 3.18525007905 4.47785365838 2.88855679467 3.84108011357 3.07795876746 ;
1.74912003118 4.63399981608 2.93167284146 4.26748397154 1.26526299176 3.65171322861 1.75121595823 ;
1.67532842612 4.74672708533 0.0474283077504 1.82403852895 1.9609042003 0.560321322905 2.75209098568 ;
2.78789229327 4.57641410871 3.20855847865 3.49509960344 4.3846782588 1.92895674441 3.43174261776 ;
1.63180417087 4.75027606414 2.61499310759 2.22692638228 0.18790180994 0.829666635355 2.76558650953 ;
2.5180210214 4.71383973185 2.82162844626 2.89175976388 3.7462041683 0.222156524065 3.24574578648 ;
2.05531267772 4.73762229861 3.13618470199 4.44523811029 2.53482157218 3.81083776307 2.80249591504 ;
1.7530338106 4.75190203918 2.66169772085 2.39408165277 1.09013408991 0.786907957625 3.07964738417 ;
1.75105491251 4.75932214956 0.0907158216804 1.9055174533 2.02954632747 0.618574082204 3.06173755486 ;
1.28703971026 4.67342787343 2.00754874654 1.34246464782 2.00641229452 0.694040319189 0.734267857993 ;
2.68547948292 4.58956145646 3.15501702847 3.31390940298 4.30927856567 2.23833835156 3.41213850007 ;
2.10661101053 4.74744204673 2.68677995148 2.40136543048 3.1031532511 0.492920575937 3.01230623514 ;
2.05646714542 4.74528967189 3.15612516494 4.46287802041 2.85824916556 3.87218206974 2.86082769106 ;
2.74836527844 4.5736578294 3.19149813236 3.42583039169 4.41392865117 2.02632682221 3.42894052551 ;
1.45104485098 4.75588948134 2.55674082441 1.83978271839 0.305036487094 0.587160960251 2.67938287748 ;
1.63985363104 4.74216582656 0.0903554367594 1.76645305103 1.99075073209 0.568339525213 2.72989186512 ;
2.23989838018 4.69601858514 2.92985401688 4.0290189439 0.875342577126 2.65705260496 2.69408430502 ;
2.80143428867 4.55368371249 3.2561501509 3.52460209487 4.52265383866 2.28060850597 3.45500305307 ;
1.77538727395 4.74737958486 0.0310888031187 1.86807611094 2.05861541936 0.558371297978 2.81882242878 ;
2.53168269043 4.71449708303 2.81437326527 3.54884226766 1.65902402087 1.3224858745 2.75077047222 ;
1.16572171753 4.75980832207 2.48591536255 1.5858162919 0.804316157979 0.516128769466 2.6736137623 ;
2.24578865642 4.72175159757 2.72947486661 2.47221797974 3.64407328206 0.600699936548 3.17069835566 ;
2.04564613105 4.73938000721 3.14226700753 4.45155444862 2.56158498679 3.861157788 2.82754527344 ;
1.8031298724 4.74528097846 2.20840501433 2.32427827554 0.115697442056 0.856068337825 2.91085667816 ;
2.26761858029 4.75689575688 2.32844457022 1.92051852746 3.74826618739 1.45289691965 3.1265690793 ;
2.30193704632 4.74549071253 2.63401855256 3.09556988226 2.74481279033 0.416950674578 3.01416186628 ;
2.05291483848 4.73528649634 3.13912568342 4.44165893433 2.53185189691 3.81926799123 2.80548601002 ;
2.81963767553 4.53689868849 3.29292697066 3.65239558537 4.50004153988 1.99410295273 3.4428153133 ;
0.976107744365 4.74639313892 0.967844408989 1.18815694455 1.98936944162 0.38340965785 2.42273911164 ;
1.94259338326 4.66818742101 2.92296699209 4.15298407329 0.443782561651 3.13986453094 2.43246475103 ;
2.50953107476 4.72464157031 2.72034788505 2.88495809991 3.33380721253 0.833153066473 3.15744584829 ;
2.08909676311 4.74934425574 3.1615641487 4.46724892318 2.86048120734 3.8616582727 2.89776991727 ;
1.25655748675 4.74740975332 1.42380438505 1.58127623038 2.55637289708 0.411070791485 2.65586678046 ;
2.82063948235 4.54036376225 3.29252094996 3.55350735519 4.56588927871 2.31159390884 3.45774372265 ;
1.59310712273 4.75615249952 1.91844223069 1.93462512543 0.0837422522178 0.653488337744 2.75040357175 ;
2.05085855416 4.74170125032 3.15011325795 4.45338610179 2.84545428956 3.85371543803 2.86404963007 ;
1.32201482662 4.75316748257 1.55790090031 1.56520003074 1.05489963481 0.480353419312 2.70525811025 ;
2.40097627046 4.74620858799 2.65378601598 3.29338020987 2.62816584603 0.53873893782 3.03427102104 ;
2.83429316237 4.53955915396 3.28830653613 3.61266939698 4.53748815392 2.00642491692 3.4490143379 ;
2.11189011962 4.70296872989 2.90268198957 3.99963928968 0.185587544004 2.88481042775 2.55802080758 ;
2.16400915227 4.74139579865 2.30298610556 1.91242751327 3.75943937787 1.19890629366 3.05803101286 ;
2.47752248825 4.70558004094 2.78750834773 3.5058268289 1.3239318979 1.55035737112 2.37856236308 ;
2.9190365275 4.53543543543 3.33971227835 3.54921782308 4.58715203832 2.39002855376 3.45645581753 ;
1.80471425512 4.74752178506 0.0700129824431 1.97442595286 2.15333161721 0.565519748437 2.84755429487 ;
1.15706818587 4.7591122197 2.40209840516 1.47005655277 1.05241727172 0.453234561315 2.70957716254 ;
2.02928887312 4.74393530008 3.13966720187 4.45808526389 2.60583127674 3.84304409109 2.8909257249 ;
2.32237467291 4.71190463142 2.78856497687 2.72308154237 3.66155300437 0.753706242579 3.2516681617 ;
2.03143653938 4.74299405633 3.13860152574 4.45012824093 2.83511256037 3.81585153673 2.86036513081 ;
2.45376072879 4.72186746926 2.78107547757 2.80423997891 3.47180380136 0.703481543903 3.11287888064 ;
1.24491171784 4.7626005923 2.54960815026 1.62388511813 1.18519938009 0.449497275003 2.73023179928 ;
1.69055680437 4.7438522942 0.0175195115354 1.79227635374 1.97850774904 0.564676857179 2.76747756801 ;
2.20018967149 4.71001673784 2.85993118878 3.89670493848 0.408959287069 2.53252364734 2.71858121862 ;
2.83069782606 4.53780385802 3.27614599303 3.50488089299 4.55042659542 2.36131185955 3.43917565755 ;
2.75519551609 4.56421938864 3.22368902894 3.45709851178 4.48852515168 2.25188320423 3.44221560546 ;
1.70872828727 4.7423392265 0.00932697882342 1.82571542407 1.96799151071 0.608385564633 2.8146766701 ;
2.0426536229 4.73887363981 3.14342115182 4.4572107678 2.56630974895 3.85715512034 2.8155298676 ;
2.27686329503 4.72501111841 2.71514433248 2.4711557192 3.47503876354 0.512635018211 3.068944248 ;
2.46472042495 4.72125703527 2.83733733753 3.67533887809 1.47244837793 1.45525692751 2.98345411699 ;
1.18872880033 4.7573566554 2.51481393807 1.59197687121 0.736323910025 0.503052626282 2.5887259435 ;
2.03872751889 4.73609876224 3.13202145683 4.45196526947 2.52670331274 3.84254919009 2.8009160443 ;
2.51534574688 4.71133655938 2.80529488761 3.08863109882 3.53923551371 0.0230661506288 3.15516694912 ;
1.70782569337 4.74699000194 2.07485415004 2.19687939647 0.158457528841 0.804270896575 2.79244174728 ;
2.93235178681 4.52144942666 3.36577575673 3.55758235603 4.66515689986 2.41946826538 3.47624496331 ;
1.27234436262 4.74959208907 1.25250281021 1.50634123314 2.6512496683 0.484688387148 2.69187310536 ;
2.38997685132 4.72420218458 2.77066672471 2.88887595058 3.18235302577 1.77474451301 3.13160680718 ;
2.05978973062 4.73924080632 3.13867635876 4.44540354507 2.54661277247 3.79682633171 2.81769810921 ;
1.16997756596 4.74175781272 2.54602095001 1.44421141598 2.53575449854 0.690250102907 2.68679200835 ;
2.5460668306 4.71455441751 2.80433877914 3.11579945281 3.4315839544 0.242516825563 3.14961323398 ;
2.74850617051 4.59272319229 3.16172703753 3.30409396186 4.27998636983 2.22784729257 3.40378967367 ;
1.6542572748 4.74311785833 0.00938976887754 1.74545960487 1.99801127071 0.567541489005 2.75409515911 ;
1.80776067025 4.73793316782 2.51318055334 2.49796224007 0.171259635968 0.94731344362 2.76995932949 ;
2.07414022569 4.70415486403 2.92531456701 4.07774552483 0.0899143596528 3.02550145491 2.55075539231 ;
2.70929490471 4.57241379013 3.18927353827 3.36207272671 4.41858124442 2.27447864181 3.42831356042 ;
1.16088426429 4.75708270126 1.57275783019 1.43691469966 1.29840346566 0.459956270751 2.68434243405 ;
2.41457346906 4.74288281679 2.35397684892 2.90793323127 2.12615042359 1.03291119825 2.9122961193 ;
2.50485646233 4.70554466392 2.69219110184 2.81297631395 3.90825390158 0.213129910612 3.20937279176 ;
2.04585325444 4.74124592316 3.14785902608 4.45772711714 2.83710080295 3.8413228619 2.84977695104 ;
2.5462947755 4.74743919229 2.90718207704 3.57789592095 2.12696267905 1.23983474387 3.04167699661 ;
2.04230521813 4.73741770716 3.13335039917 4.45472870104 2.53704559275 3.85063137476 2.81046865236 ;
1.49864592639 4.74339579692 1.93617378232 1.96985836102 0.196737605167 0.711289555604 2.70512356841 ;
1.74921160199 4.75369686644 1.69816859418 1.72971941931 2.91113717008 0.618831433708 2.837954904 ;
2.81135342358 4.55592447426 3.24948826535 3.37514505009 4.52127692286 2.34915492528 3.43234903132 ;
2.45930897613 4.65564804459 2.98153567537 3.30774117725 4.18289420856 0.216194829578 3.30254157001 ;
2.04850093018 4.72146392356 2.68986400971 2.67559567616 0.717149225084 1.06687285127 2.87573209787 ;
2.04843244673 4.73941541026 3.13879066536 4.4498870604 2.55140269243 3.82151079062 2.80944892761 ;
0.544898579839 4.7502675045 2.12336387107 1.13862978316 2.09273156519 0.469101196277 2.42111912902 ;
1.95680651005 4.75791929845 0.0950688744285 2.10884850485 2.00607143828 0.573629295594 2.96304209662 ;
2.75956175748 4.56462544604 3.22362797246 3.47334346712 4.42724439487 2.29447944284 3.43118932643 ;
2.54431043755 4.72440783237 2.79140134805 2.77554857158 3.55954143907 0.503589889237 3.13721729035 ;
2.0420348084 4.73504981994 3.12823098625 4.43953150369 2.51124808497 3.78769794147 2.80821815677 ;
2.57382537152 4.72474142165 2.7882203575 2.77138196413 3.27531079248 0.707819344501 3.09935294196 ;
2.82997372302 4.55726887169 3.26322499034 3.53979076467 4.5139273871 2.32883647742 3.43443912268 ;
1.74517115656 4.75138631185 2.51882921299 2.27503795839 0.183716082325 0.813919228744 2.73523958105 ;
0.488369586186 4.72710981753 2.57891531293 1.76554586693 2.85062915277 0.593921218112 2.81580395021 ;
1.68950413768 4.7485761447 0.0485911032079 1.75623314245 2.04180609406 0.555274904703 2.79515126518 ;
2.16465859097 4.7078584706 2.90970766017 3.97698646528 0.245704833178 2.70902322618 2.70391292278 ;
1.24985412432 4.75960565089 2.54806557733 1.63266265436 1.14632804887 0.449389795659 2.72562755319 ;
2.79622214413 4.54259016374 3.26425509978 3.52006646311 4.54234572442 2.32881239569 3.45049329223 ;
1.67647312783 4.74640559546 0.00932697882342 1.7814063535 1.93971773774 0.583805830178 2.79225094755 ;
2.45418102927 4.72332950004 2.76341289676 2.82916302895 3.39554067886 0.741655374523 3.08976882482 ;
2.04681121174 4.74166235582 3.146876127 4.44934321774 2.8376151306 3.8375335441 2.84899151364 ;
2.1318936867 4.70348485989 2.92120886877 4.0229845178 0.17473747702 2.89810012256 2.65811944237 ;
2.73420944782 4.57197898418 3.17836595352 3.0987894733 4.44526233397 2.23582931608 3.40008799755 ;
1.43609893715 4.75479223874 2.5581769842 1.7584369366 1.35673227708 0.499009530374 2.7318578739 ;
2.05474372704 4.74030809759 3.15093209284 4.45665264245 2.85127188562 3.85376521799 2.85391016708 ;
1.69406565888 4.74547838885 0.0173815626257 1.80676850133 1.96292894787 0.574612037577 2.77035105325 ;
2.50300776734 4.71549795336 2.83309127071 3.30676865339 3.42289330486 0.659673255247 3.15577220458 ;
2.04239904908 4.75090435852 3.14065836411 4.47397724571 2.56152532998 3.84880317939 3.08849092955 ;
1.25096481188 4.75177257236 1.46535861468 1.55662275107 1.09199807659 0.499728533243 2.6484761571 ;
2.26850440928 4.72810162816 2.46826998165 2.37674546908 3.60027611572 0.589713224071 3.13316446236 ;
2.76543369571 4.56017074144 3.24192428648 3.50760081852 4.5061636619 2.26698465568 3.45582663889 ;
2.40761992347 4.72860776234 2.76058837403 3.5412410253 1.53260289235 1.12631610194 3.05168221549 ;
2.31086945561 4.60734571492 3.04683930045 3.93089186242 2.39762864338 3.59710787467 0.104628098803 ;
1.69964930583 4.75617669738 2.60076657943 1.99367223288 2.27044551037 0.400854231543 2.90308040706 ;
2.05952731141 4.7514705073 3.14528658873 4.46240657359 2.81654399125 3.83788267372 3.09480791608 ;
2.73510408873 4.60371974621 3.13113600195 3.37282976892 4.23826072617 1.77013454797 3.39885308788 ;
2.3308242655 4.60720533556 2.974925002 3.83687846219 2.34132576114 3.24105024203 0.0672251841171 ;
1.68310222476 4.74435957329 0.0460062490436 1.80993896552 1.94750042276 0.56022469552 2.76970887859 ;
2.04532976023 4.73870852641 2.83987440295 3.57695761931 0.311875409408 2.19084307091 3.05790336101 ;
2.61725872165 4.71890897891 2.62518784453 3.11355608786 3.43291477154 0.265507010857 3.17912869077 ;
2.75135975762 4.59985726897 3.14740556429 3.28296743311 4.26202807278 2.20827163889 3.3924109761 ;
2.10230629376 4.69324432196 2.91231344872 4.02868437351 0.41808202861 2.84233793489 2.45661289142 ;
1.61692979081 4.75747138343 1.53035833192 1.7920975738 0.515171037752 0.56447386127 2.82881371787 ;
2.0667799949 4.74367373456 3.15776477924 4.46037096468 2.84473756203 3.84092152554 2.89736587453 ;
1.17822792319 4.72423240272 1.96784405758 1.61956851964 2.7276261059 0.604327476203 2.61830627895 ;
2.50397445296 4.74436213929 2.92104167367 3.82811216264 2.28130147019 0.97917406666 3.00420309911 ;
2.15174673877 4.7602387681 2.60972837423 1.89988790336 3.28710037442 0.740652749258 3.05349123678 ;
2.75410345961 4.54106668019 3.24455399354 3.49138407596 4.55060611419 2.02315531757 3.4479458835 ;
1.20326562175 4.74332941636 2.37370674701 1.87651500676 0.478974582166 0.676982988767 2.56002343414 ;
2.05217081593 4.73769285563 3.14024663643 4.44772260467 2.55012375642 3.85958950227 2.81489406417 ;
1.82523772672 4.74683312799 0.0227588455221 1.89118337038 2.09751570122 0.579289133223 2.85372494936 ;
1.71290856297 4.74406411453 0.0420711137969 1.83137612859 1.98993635486 0.565830549582 2.75141092233 ;
2.0547136285 4.74172914559 3.14694521688 4.45062539372 2.82584566658 3.84510400493 2.84071438078 ;
2.43270990609 4.72324586851 2.78959603353 2.78707678069 3.44929826684 0.726652837137 3.09656866812 ;
2.7882965911 4.54467791254 3.26173298777 3.52583869863 4.53553241823 2.32643998017 3.44819783279 ;
2.17306239606 4.70637068067 2.86000193756 3.87671624953 0.348302996453 2.52350159407 2.75129405208 ;
1.24162251858 4.7632944156 2.5465159657 1.60703799789 1.158738016 0.415233907391 2.75315683393 ;
2.70337201444 4.57606560012 3.18433059092 3.30857896383 4.42400519855 2.28270187294 3.41720358822 ;
1.71036462852 4.73656021053 2.17578438615 2.28347403738 0.090117804654 0.888923748953 2.73759172443 ;
2.37263014692 4.74041244745 2.77047804788 3.41219255815 2.40030190041 1.00524778061 2.92664466174 ;
2.58309786032 4.69857321785 2.8286878465 2.84078968769 3.99030565867 0.154523851549 3.26722174801 ;
2.05043324073 4.73939158183 3.14416133534 4.45814019312 2.55925710294 3.86107642108 2.82894574765 ;
1.40095642373 4.74983961674 1.24545610072 1.4294488358 2.53113138505 0.544461316639 2.70719710216 ;
2.06044796848 4.73947789184 3.13993003623 4.44607607989 2.54756780648 3.80159831271 2.81829884681 ;
1.37368791692 4.74095687086 2.57218190985 1.42932381554 2.38803079913 0.566929052874 2.65664313601 ;
2.7048118141 4.59683238755 3.13887365299 3.29783573701 4.26274862441 2.20982561663 3.40920256938 ;
2.63392849029 4.70992264732 2.83816520973 3.16157868676 3.65323598161 0.148981289291 3.18176902936 ;
1.79946274897 4.73393730327 2.60568098463 2.70870466367 0.398285312186 1.02104784519 2.81162391823 ;
1.68811364934 4.74540626038 0.0214191405269 1.80963153609 1.95717151856 0.557051103407 2.76767813349 ;
1.33287291258 4.64539674027 1.91561693295 1.49386364556 1.66404138578 0.753207698714 0.310002902429 ;
2.06179810771 4.73676361048 3.13660935771 4.43314165864 2.53541255037 3.78980860153 2.81092141684 ;
2.3485228763 4.72614107796 2.7711971652 2.69590097037 3.4960920488 0.641207115392 3.19018982059 ;
2.80142410202 4.55710195313 3.24781903191 3.55784938604 4.47559592764 2.28139779474 3.44675895789 ;
1.79070526104 4.76008662044 0.0409076710464 1.89726132757 2.0036225488 0.602943168047 3.06316102031 ;
1.61784713353 4.75750469679 2.62717741079 2.2298958137 0.849068021323 0.768931409963 3.07356837027 ;
1.68404402743 4.74716268103 1.9986609791 2.04022583526 0.159725711079 0.730539822994 2.77158841423 ;
2.73530264255 4.57259426727 3.1966996283 3.33497056573 4.42682951279 2.25152576064 3.42140120337 ;
2.12279820705 4.75187596615 3.173736442 4.46779264375 2.8934542626 3.85833731626 2.93401293838 ;
2.61187129765 4.72021803819 2.72935681394 3.08586820289 3.18153082655 0.568682148851 3.12534023721 ;
1.19795306425 4.75000428641 1.44998734669 1.5283629642 2.76260839729 0.545861189002 2.71773107416 ;
1.71938950196 4.66155120853 2.93680212627 4.25637772011 0.650367187258 3.45813190343 2.21845437186 ;
1.69938212647 4.75026010916 2.06827390865 2.20406863964 0.160849003417 0.798977268184 2.8064320094 ;
2.75516527232 4.56184483749 3.23458298938 3.45529764238 4.49503117618 2.27998777088 3.45344216524 ;
1.21131013731 4.74871715983 1.3810635281 1.32737858039 2.70279330452 0.536200974469 2.6324568823 ;
2.0515998126 4.7481988606 3.14302576206 4.45973580221 2.5464193477 3.81063203345 3.09301194865 ;
2.47029908494 4.7261587764 2.65562569524 2.98586126099 3.22352372566 0.624087101653 3.18096801671 ;
2.31086945561 4.60734571492 3.04683930045 3.93089186242 2.39762864338 3.59710787467 0.104628098803 ;
1.64103652357 4.74337109662 0.115262885938 1.673567793 2.20709009244 0.512940784936 2.77254270712 ;
2.89414323535 4.56412335583 3.25095999018 3.49704627886 4.46833099578 2.28306866231 3.45204696727 ;
1.45353010616 4.69976358338 2.76440294551 3.19294706751 2.57720552812 1.04315215648 2.75609814123 ;
2.05816942493 4.74084621342 3.14567514277 4.45883077202 2.55720246798 3.85867827663 2.83632171846 ;
2.51917848495 4.73139409193 2.74979588417 2.36911322583 3.54335907886 0.534064387832 3.16658236559 ;
1.66131411901 4.74246579763 2.38634667254 2.22276535066 0.206078401473 0.885156200613 2.709706909 ;
2.05382065258 4.75678762437 3.17267911445 4.48239767662 2.88158231048 3.8486765059 3.08227408937 ;
2.78076051496 4.59544169524 3.14773023509 3.26525801598 4.25456072775 2.22089717977 3.39407484651 ;
1.4369307702 4.743787612 1.61552908072 1.67605589728 2.68982694266 0.557306624486 2.79319318796 ;
1.63520471257 4.7460039506 1.98835137937 2.08130979855 0.0938084687154 0.741750793527 2.76815911744 ;
2.09937926456 4.67097770387 2.92804820469 4.2094804241 1.23420950943 3.2099356958 1.88580616222 ;
2.62391213759 4.70726881051 2.86224381113 3.24047199348 3.50944789128 0.21355397671 3.19858048035 ;
1.69731979175 4.74114547559 0.00887626589205 1.8525469425 1.94669268716 0.586619926592 2.74592462981 ;
2.35765992724 4.74265931145 3.16211787698 4.43966432853 2.57898150154 3.81717729826 2.82366788445 ;
0.100612085024 4.66848845194 2.93830526199 4.32682396384 2.61468336504 3.45838478497 2.74472302661 ;
2.86232149088 4.6081798513 3.15833975521 3.4193834058 4.17422690586 1.76337352202 3.37484478284 ;
1.85519799144 4.7407655457 2.65548527313 2.45431733754 0.598659211422 0.824544827327 2.81772904682 ;
1.67129964472 4.74866170571 2.56361432856 1.93257797249 3.14533945741 0.505520483013 2.93148259782 ;
2.30582622794 4.60636045823 3.0469149258 3.93769549317 2.41476019152 3.59960717016 0.131981750453 ;
2.63084239818 4.71808315864 2.85830776928 3.28456207994 3.2022640773 0.566875249222 3.18486638397 ;
1.69145313478 4.75107458117 2.00833484303 2.18094836787 0.205982934878 0.789137894698 2.79663121667 ;
2.04629016849 4.74979001743 3.14170439878 4.46469830964 2.54906240585 3.81904519926 3.09449426465 ;
1.43533251117 4.74760999971 1.5951276566 1.60714629849 2.89986007886 0.554150192494 2.80308577856 ;
2.72706433518 4.56788470031 3.20043519512 3.35296672007 4.46145849776 2.28972682135 3.44203473266 ;
2.06011603893 4.74198006164 3.15452959944 4.4542914206 2.84553124799 3.8592502877 2.87726856058 ;
1.54598706587 4.74319312939 0.53129436339 1.66466866239 2.7314457142 0.571604824885 2.78989684324 ;
2.32091248408 4.73605152975 2.77975585184 2.7539434738 3.13590007298 0.7027842853 3.04615795363 ;
2.09333014157 4.69468423893 2.94328268366 4.1597301978 0.275370325127 3.09082798864 2.50134128669 ;
2.78051436519 4.55853920183 3.23622604229 3.49020009662 4.48895145877 2.12703318572 3.44854219766 ;
1.45840976278 4.75873375939 2.10394075235 1.78385763808 0.40835556259 0.575261659994 2.69662357322 ;
2.32753909955 4.72246482877 2.7384521021 2.76994405149 3.26949454589 0.527304834942 3.02897734821 ;
2.05288153311 4.74100476576 3.14764151608 4.45695263489 2.82795208752 3.84485080153 2.8413437604 ;
1.24684187826 4.75807345458 2.51604901384 1.54056911011 0.757747374859 0.497595510082 2.59829704935 ;
1.70384908095 4.74761382007 0.119751649312 1.7635562671 2.009479084 0.630975527179 2.85560161866 ;
2.72958243097 4.57878158537 3.20281961181 3.40665195949 4.39327699332 2.24076298922 3.43532930049 ;
2.17878981907 4.70519729977 2.92750661934 4.02308083266 0.277829218999 2.72388698503 2.78056875311 ;
2.04311024793 4.7358359914 3.13106172469 4.44088279766 2.51304725191 3.79836718544 2.80923519647 ;
1.50031565119 4.74712475513 2.17689321875 2.08851963386 0.408563375961 0.700568811497 2.72238363119 ;
2.83058921881 4.53389104034 3.31364551234 3.59988299262 4.5518592933 2.36939612584 3.44282756047 ;
1.72404867197 4.74753523629 0.0720317436899 1.8532442108 2.64691600275 0.536406942668 2.77290876271 ;
2.62846546472 4.70540828072 2.90059846881 3.5791652841 3.27911053995 0.341256753796 3.09275556702 ;
2.05811441037 4.74693626184 2.66137227315 1.91428252583 3.33013159816 1.13282670643 3.09262979581 ;
2.63578510039 4.72487922514 2.86596919587 3.05532993925 3.49528379406 0.50329272365 3.18287691904 ;
1.65890070042 4.73545553235 0.756316347077 1.56619451141 2.83659832271 0.623163013576 2.65548475694 ;
2.05085362099 4.73697199257 3.13855313462 4.4474300372 2.53890887649 3.83441207227 2.80261312878 ;
1.54631285536 4.73562335205 2.67026498704 2.93332909439 1.62916911855 0.868182628475 2.96989092699 ;
1.57452577722 4.74780715269 2.0022147039 1.69038458563 0.192601726603 0.679446612842 2.67527348517 ;
2.72500946357 4.56946494897 3.21461645224 3.31795566098 4.44922374077 2.30814815666 3.42578707914 ;
2.54335502743 4.71760067074 2.85369883187 3.11988247048 3.34812096078 0.386514189539 3.20054729264 ;
2.05404010465 4.74774064391 3.14099831445 4.45419925261 2.53817530535 3.78691681481 3.09606290498 ;
1.68056934927 4.75120619293 2.07830371465 2.20067505384 0.0836876223946 0.811913847141 2.77740409163 ;
1.43154025952 4.74913453952 1.44782950043 1.63134428044 2.64623477359 0.573415439265 2.75166351942 ;
2.72503843688 4.58249436115 3.16809085202 3.34344767993 4.36788915913 2.25591580109 3.42869166401 ;
2.30582622794 4.60636045823 3.0469149258 3.93769549317 2.41476019152 3.59960717016 0.131981750453 ;
2.13689302839 4.60498924292 2.98252773369 3.98638551033 2.36226707927 3.45684145341 0.0735671826187 ;
2.76727269563 4.54842054272 3.24710236091 3.47088033407 4.52755673297 2.33670159188 3.45563209141 ;
1.71980144706 4.74986091306 0.110973751579 1.80346197451 1.99901058203 0.585182417892 2.78453645376 ;
2.06064481919 4.74820046776 3.13974989381 4.45018470003 2.53078559401 3.7695674795 3.09009190117 ;
1.40639510196 4.75489040687 2.601898117 1.97979341316 0.772483103429 0.660855483215 2.7728886365 ;
2.40715262568 4.72619181756 2.78257271305 2.79714444668 3.36849482285 0.673513719112 3.1460407545 ;
2.11181958223 4.74197188598 2.03575773475 2.60397568527 0.138016099678 1.01143614524 2.86146947163 ;
2.04167684144 4.73925257407 3.13659721817 4.45757610636 2.54815033474 3.84860830457 2.81677015158 ;
2.42075153063 4.70321161003 2.91254375469 3.36499066847 3.27206382041 0.96338331056 3.19321104165 ;
0.563823654652 4.73633650311 1.85206053031 1.29359048397 1.3372276575 0.360646719351 2.43430515149 ;
2.85815452005 4.53231644786 3.31625269803 3.42654445739 4.61335221304 2.40377630564 3.44878737439 ;
2.20511942233 4.76662984818 1.68833850215 1.83312042177 3.20872736353 0.533588270334 2.94308230142 ;
2.25767185788 4.74957846412 2.67051406634 2.53035610587 3.03809736503 0.610405750265 2.99978379799 ;
2.13006478314 4.75182096844 3.17756183513 4.46038567419 2.88584905672 3.83417294507 2.95728655431 ;
1.44383036044 4.75380656675 2.58974733583 1.97533950868 0.467796837454 0.670298159145 2.72699478642 ;
1.62347363524 4.74277677371 0.0976086754125 1.73959368894 1.96773317904 0.586674720469 2.74805087663 ;
2.709542041 4.57073798557 3.19893462505 3.43971427797 4.42161737426 1.97686835066 3.43321628668 ;
1.80596486796 4.66225238784 2.91492448314 4.24463977085 0.715598811589 3.41251583957 2.15111837002 ;
2.73336033238 4.58170687614 3.19335517234 3.50029120369 4.35947092783 1.85556289872 3.41243621506 ;
1.54299979553 4.75319621908 1.7952251563 1.82233867221 0.108714689406 0.605031871255 2.71185125116 ;
2.0567127966 4.74072700133 3.14913074819 4.45141439203 2.8438048061 3.85602198865 2.85582798076 ;
0.510779707577 4.73512671617 1.39013466112 1.57353703355 2.44723577455 0.380335396074 2.53327728932 ;
2.22888933486 4.70577005106 2.94157870239 4.02130185809 0.60183100035 2.55991548518 2.69163132308 ;
2.38461124229 4.75859050485 2.26550096485 2.23679947375 3.03070552805 0.64154122318 3.02827400545 ;
2.75531783061 4.56980731635 3.21525723435 3.47934390555 4.41493794721 1.94669130959 3.43625552851 ;
0.491919842712 4.73352314425 1.58973727079 1.34031559459 2.53537995864 0.510939898826 2.52075222582 ;
2.06663808046 4.74757691548 3.16154695263 4.46006662841 2.8608201933 3.84959353448 2.90351942644 ;
1.64835051994 4.7537902424 1.86799681316 1.94653095596 0.148993454585 0.63098729079 2.8265826136 ;
2.44321338534 4.75678811704 2.29167117316 2.49996039166 3.01175262958 0.626094706209 3.00120938888 ;
2.09829892369 4.67510198974 2.92892769121 4.12202399556 0.555698077455 2.95898486817 2.45718345544 ;
