2.09136332429 4.67388104741 3.08377510989 4.39838878941 2.97133723595 3.60851534038 2.67662019905 ;
1.8265116863 4.78305030154 2.29481078001 2.61931566318 0.599056722286 0.721593729078 2.71788957812 ;
1.11291488644 4.76947294581 2.44725337711 1.63537813481 3.48782310405 0.959934922961 3.17508271751 ;
2.86909114967 4.61979155505 3.17794787531 3.83306933784 3.97736947564 1.65985228264 3.27094658776 ;
2.24775741614 4.76665103688 0.770992031513 2.39509219535 2.81073066609 0.675018472209 2.70293140842 ;
2.85388150741 4.58868677028 3.29586603545 3.87485541004 4.40378016489 1.87680381856 3.39398337961 ;
1.86983235742 4.78442926613 2.14685888007 2.6004803159 0.476101139087 0.636793091661 2.88817002829 ;
1.79770000765 4.78284223635 1.92502385903 2.00997895402 3.19692500774 0.74385143881 3.09188398209 ;
1.89107288858 4.63972274618 2.67975756968 3.77134305558 2.34548051397 2.12821589371 0.279629105305 ;
2.35032247469 4.68020837201 3.00849773747 4.30831642253 2.8537364294 2.94559800956 3.08879202044 ;
2.72523476285 4.59999157702 3.26886044571 4.09097688849 3.95659215174 2.72600323959 3.30046374071 ;
1.45466654322 4.77758243602 1.78539337742 1.70220894145 3.28358629289 0.956979491864 3.06327291162 ;
1.74060509593 4.78529413822 1.97309342358 2.42497798407 0.398947068297 0.768549428066 2.73755235948 ;
1.41482310837 4.64318501397 2.75987050869 4.25200448456 2.44682221012 3.18195969434 1.80314722589 ;
2.83829146845 4.73782809974 2.83308544711 3.54271240227 3.20262422815 0.461312861343 3.04944009592 ;
2.78065065575 4.57226610351 3.28251510869 3.88694742025 4.29586908778 2.30489708661 3.37205207389 ;
2.51615093584 4.75351335621 2.78055980696 3.00538720858 3.24959233439 0.574924348679 3.04294182209 ;
1.40294859216 4.7528666704 0.356265210002 2.11971313032 2.22698924292 0.874634857596 2.69299651472 ;
2.05877461074 4.67563740305 3.04117299779 4.40457047355 2.83280994205 3.56085820575 2.65753268583 ;
1.64641265918 4.79027249572 2.64436497547 2.32377117463 0.445541323952 0.775199769512 2.7520014486 ;
2.03097604638 4.67691311788 3.04164876501 4.42630473199 2.88425005054 3.70766224301 2.7008064761 ;
1.31147284994 4.77831734082 1.79643678434 2.17578709969 0.734020377725 0.684741254327 2.62479443661 ;
2.81767832841 4.72298929847 2.81850094429 3.87774317271 2.67548681265 0.694288190981 2.88828045731 ;
2.80467224595 4.54719362884 3.3438132866 4.0065943931 4.41813320037 2.27807848144 3.37672434672 ;
2.02511377656 4.7887368715 2.10902927391 1.86187332088 3.55153674866 1.05693093406 3.16484890131 ;
2.80816880953 4.57047796351 3.29613268659 3.92772722495 4.34335834639 2.04424753222 3.38871298442 ;
1.63687871736 4.78067876768 2.05319758145 2.38846159667 0.172060902425 0.778850702141 2.65974305771 ;
2.11015948972 4.67397258036 3.04550598167 4.37822792179 2.87041941564 3.50912824621 2.67592412979 ;
2.71334221431 4.77371070864 2.42038551005 3.09052184509 2.87258478663 0.586762521335 2.9131839792 ;
0.883691748015 4.75933408778 1.71140554224 1.52044730215 3.29038456633 1.00051687524 3.03868186074 ;
2.07828950127 4.68440154786 3.07998346505 4.43223788516 3.02339636844 3.69273887823 3.10237517935 ;
1.33948051235 4.78139680282 1.56586712369 1.69574754614 2.38806393836 0.694387627048 2.93957683622 ;
2.8050578695 4.61287442867 3.15047991605 3.72772899504 4.16016028332 1.7276098123 3.34843592369 ;
2.48547168069 4.77541193669 2.65708769349 3.37337577956 1.18103722455 0.836198649339 3.03097601258 ;
2.10449190658 4.64213674497 2.78673542513 3.73924087722 2.61781934036 2.12810219067 0.0874560813403 ;
1.32387405438 4.75257799779 0.204865032712 2.16291941924 1.69332371461 0.756664057317 2.49849093377 ;
2.85037676091 4.60051728645 3.2029202663 3.95813184436 4.03167895131 1.77197922487 3.26460495065 ;
2.05471437716 4.67547919548 3.06743235036 4.40916576741 2.92560233626 3.64852416236 2.68086594206 ;
1.92219448572 4.79218857728 2.393474462 2.00987546073 3.3079844487 0.786891435346 3.13597537328 ;
2.01627036396 4.78059116732 2.69073478273 2.81009711978 0.543614214009 0.765389592715 2.72081293583 ;
2.78795440112 4.57858406139 3.2628532149 3.84914500038 4.27972322572 2.18194663601 3.37643860578 ;
0.827415103297 4.76370902338 1.46982593827 1.45694299663 2.56273642598 0.841704312578 2.8846999924 ;
2.06010001583 4.67476291771 3.06391954438 4.42239480896 2.98102206759 3.67608154855 2.68309651217 ;
2.73901618929 4.75683953311 2.552516598 3.20860955712 3.11287826178 0.49305966633 2.9773545492 ;
1.9781682499 4.77584171915 2.33130182951 2.84729256293 0.360866368909 0.994906749748 2.64742861081 ;
2.0625403127 4.67155866814 3.06841066929 4.42406636205 2.94404238748 3.7235984337 2.71167681975 ;
2.05828793526 4.78832234429 2.09653989073 1.92918177328 3.53338707411 1.0063921942 3.15325421948 ;
1.1904021252 4.79139980173 1.77002675298 1.98353078529 0.680172107326 0.643698285121 2.68325710795 ;
2.76975740683 4.72935707109 2.72453357967 3.86488043126 2.22321632633 0.823572097399 2.7227410153 ;
2.78881836684 4.55581027406 3.31738220718 4.00428445509 4.40640609271 2.05100116199 3.39082134419 ;
2.82120764312 4.5621497368 3.31964279346 3.8874457245 4.37655730631 2.34863448552 3.3889472004 ;
1.62262653093 4.78162351944 2.09640056846 2.39237105832 0.268714797299 0.769793857772 2.64342519611 ;
2.06613857809 4.67697002407 3.02099901142 4.39286149967 2.83519118328 3.54119081682 2.70035159042 ;
1.68530441493 4.78193644642 1.78846432548 1.8481234463 3.19284488837 0.9040909596 3.05639396053 ;
2.81176316062 4.71718493818 2.86301836549 3.79953164974 3.12641775223 0.509778650073 2.92051224053 ;
2.52196762595 4.75548559185 2.71017848815 3.64519084162 1.30494829999 0.926596699424 2.55444075354 ;
2.13595908436 4.6659975945 3.12228209873 4.41852903735 3.03168637728 3.59259587342 2.77981466551 ;
1.9000837806 4.74495180683 0.187004287865 2.31879501775 2.86025015765 0.938051995582 2.78806140654 ;
1.14127566866 4.79523514581 2.23260268601 1.56005181004 1.73464468422 0.641644249817 2.92728724095 ;
2.77286869766 4.62562198796 3.14032285282 3.61038348573 4.16565756437 1.6370277235 3.32557447001 ;
2.73318017051 4.75642956965 2.72831176406 3.41347656744 2.86626176037 0.610520022752 2.87925843852 ;
2.04945927948 4.6782590816 3.03956316045 4.42470333241 2.87492679181 3.65235699058 2.72300552418 ;
1.33683412579 4.76031376904 1.33668195172 1.71294677633 3.3163017267 0.959378794117 3.0175332758 ;
1.54381493385 4.7866337594 2.13155938604 2.26781169906 0.345150711779 0.757597928989 2.70826988847 ;
2.79266801447 4.56795528761 3.29303350752 3.84689167512 4.36024811953 2.17493718693 3.36740897948 ;
2.07795809301 4.67167208468 3.04886582545 4.41495774319 2.90334718105 3.60929096235 2.70802292154 ;
2.82712178666 4.7513982796 2.58918095405 3.31941557705 3.14789879814 0.726011878855 2.9983378136 ;
0.862103637166 4.75321893562 1.7476509785 1.68102887095 3.13572999964 0.896130218443 2.94197198035 ;
1.73941824968 4.78363753105 2.0871849619 2.38553182775 0.307340677629 0.759238402468 2.69023935668 ;
2.79112005932 4.54938824139 3.34564985642 3.94015711574 4.43693917309 2.33772619323 3.39191478037 ;
2.07783747151 4.67474099284 2.99603636503 4.3629555356 2.76905142167 3.38716458037 2.65906795006 ;
2.70941680731 4.7561932535 2.53682109322 3.0908878962 3.3334370308 0.637291313025 3.07039115753 ;
0.687173395211 4.76243125316 1.5172027859 1.47872761781 2.33602505391 0.780406766493 2.85720395486 ;
2.81999588147 4.55880068566 3.35289782368 3.98546342436 4.38418354643 2.38903403741 3.36974066395 ;
2.08989037649 4.77988529442 2.31718710752 2.81093734683 0.321084855078 0.83428527646 2.65660395294 ;
1.81141071144 4.75171689784 0.0603203123553 2.24783064818 2.36802298615 0.878454750879 2.715006326 ;
2.83881905512 4.59537489722 3.2224933355 4.03102386821 4.01635765518 1.73513898148 3.2941138286 ;
1.52570853768 4.78399925185 2.42418540558 2.47601999403 0.437208049428 0.726046273894 2.68498414545 ;
2.11060214646 4.67402417676 3.06419206186 4.37661914504 2.90197525159 3.57297315396 2.64015291343 ;
2.10747214786 4.79153193101 2.62560932365 2.12331146886 3.31418833349 0.827186730688 3.10030052822 ;
2.24217651551 4.79643077187 2.3064689665 2.01979927728 3.48521932882 0.985177472675 3.1738128543 ;
2.29336720489 4.77097279179 2.47528520945 3.18599610544 0.713485837884 0.826552305444 2.71241955374 ;
2.06290058623 4.68014693778 3.08371716711 4.4210041102 3.02922341981 3.71671707517 2.74258178244 ;
2.82530496738 4.58985832965 3.21073337143 4.02891402678 3.9993778776 1.71136832852 3.22802725576 ;
0.693910961249 4.76906708841 1.13465220521 1.66239967019 1.4745235641 0.616183071625 2.59099258924 ;
2.81508683045 4.68299960126 2.95380804886 4.01147923029 3.05123711155 0.877661491929 2.98924572451 ;
1.53040480785 4.77797177517 1.9807476361 2.39718728276 0.378952176563 0.766965797492 2.60064313058 ;
1.92158365379 4.7854383727 1.97364572407 1.94599754472 3.26927289149 0.869216491187 3.07177596158 ;
2.82074632271 4.55353917408 3.37687959029 3.91979008175 4.53805186287 2.43054352755 3.39970136444 ;
1.99652106443 4.67778665898 3.0248164654 4.43517334843 2.88453879277 3.67688735463 2.68710328521 ;
2.74900011893 4.57032315046 3.26098355653 3.79034147977 4.35097071046 2.19109410291 3.36103300799 ;
1.06270984046 4.76195091673 1.43324809066 1.60948181637 3.07486505737 0.874627708192 2.96201927872 ;
2.77555754128 4.75148057798 2.67398230941 3.39755843243 3.00885543855 0.625177258277 2.9207484033 ;
2.07208477808 4.68036132535 3.06260313434 4.42641933062 2.92195965065 3.68059350072 2.74332993206 ;
1.69928306841 4.7829106758 2.13331677855 2.40973691522 0.266214995384 0.762326847039 2.68937201751 ;
2.85115043754 4.55968542067 3.3670121802 3.99439927992 4.43910682252 2.38591904601 3.38129003164 ;
2.76121152167 4.73561315007 2.75167593354 3.53440835866 3.16855243612 0.322058581509 3.01654823068 ;
1.50584374134 4.78349344025 1.98395024326 2.34656328872 0.550853819906 0.686405445947 2.66194321495 ;
2.12297614432 4.66726635745 2.99546940175 4.35902141212 2.77991376779 3.31785191466 2.69532212824 ;
1.76388656252 4.77033444711 1.8753758763 1.746755418 3.48580145497 1.28540229809 3.09487884252 ;
2.20920661803 4.66269567394 3.03716267221 4.33981033208 2.84715311802 3.24280131246 2.69014191999 ;
1.70019623668 4.78355617749 2.10180924872 2.41485261399 0.145964455548 0.785380076982 2.65809046794 ;
0.731628839358 4.75165849602 1.5736658025 1.52099102614 3.08786819794 0.942401582826 2.94572435755 ;
2.68164350313 4.77342024259 2.43148065765 2.99109338587 3.05181233659 0.589850229128 2.99533899846 ;
2.81105264246 4.56723147963 3.33575773119 3.9373749866 4.48040864387 2.12118407532 3.43304030651 ;
1.4672552748 4.78248987524 1.92451207845 2.31158696448 0.646951835709 0.68769611986 2.68073022212 ;
2.82551266002 4.54898875734 3.35321289485 4.02208001782 4.4043885956 2.35806246964 3.36516877277 ;
1.9783572865 4.78117375138 2.06499587817 1.83522406174 3.54642852611 1.11144486617 3.15117875989 ;
2.7767600329 4.71628924914 2.80293929437 3.83416162712 2.97402436126 0.631417323782 2.88462035844 ;
2.01276728963 4.67453134019 3.03516121266 4.42422626538 2.87328216828 3.69619844787 2.71980171651 ;
2.06111435448 4.67421298574 3.06450077609 4.43176198734 2.93725352153 3.74166994449 2.74780461197 ;
1.1403858854 4.79436580963 1.89259510554 2.02512148778 0.495434294639 0.67253526995 2.61384695931 ;
2.79236571821 4.5659631892 3.29656679039 3.94298799812 4.3913363446 2.02189150604 3.37317984135 ;
2.79611952019 4.72670517623 2.78572383497 3.88486989232 2.15840979197 0.899462736262 2.74630582437 ;
1.97251874837 4.7851915212 1.92340873055 1.94034491495 3.3567917474 0.863796087826 3.09136352309 ;
2.0598925021 4.65823189197 2.27088089853 3.16964676234 2.08269949297 1.17294700992 0.106564493832 ;
2.79903106596 4.63626413318 3.05515711256 3.67018640417 3.99890932397 1.61706554132 3.31765524827 ;
2.02447599895 4.78817738029 2.18124533711 2.95118217536 1.05364815801 0.677232437448 3.08046718359 ;
2.10158031433 4.68043526467 3.08769686496 4.42963343394 2.97800336708 3.72100295691 2.85309093127 ;
1.05629356013 4.77163804641 1.70157807221 1.19159255815 2.73511834791 0.827797889038 3.05400901784 ;
2.81164006523 4.56166644656 3.35163014818 3.8999657278 4.50979690102 2.29785568303 3.42475515172 ;
1.63707923444 4.77775241059 1.7821538325 1.91469308944 3.14905803331 0.817898621054 2.99862602516 ;
1.69598626519 4.78235484325 2.11001572426 2.39107636374 0.167975427857 0.759683487738 2.68535746513 ;
2.02163764138 4.67588950433 3.04279386306 4.42406772394 2.91684832071 3.69733256223 2.67051216053 ;
2.82077206035 4.70557253775 2.89265353262 3.81408920706 2.98397170567 0.897937787966 2.934249074 ;
2.87274759726 4.69816912953 2.9930438258 3.78996275654 3.61442430739 0.29227802341 3.04410981806 ;
1.62049215418 4.78098452907 2.06946262334 2.41983596185 0.14026190173 0.829832781876 2.64325802215 ;
2.50769914558 4.60003109355 3.225414216 4.17506727875 3.77899016909 2.89084125719 3.09203609711 ;
2.48274510403 4.78783236371 2.03892037954 2.85251949579 2.50377469337 0.9696942138 2.87292370405 ;
1.06466342872 4.76289954391 2.02554668592 1.46765107516 3.53326585117 1.08933275218 3.13735411412 ;
1.77907672511 4.78265138565 1.93614335947 1.92760021428 3.19314632836 0.836440092078 3.01605652742 ;
2.87819724487 4.7366170207 2.79832502195 3.90217568187 2.40476603836 0.843071704938 2.81801812056 ;
2.0441991509 4.67533649163 3.05311829076 4.42997374071 2.93112437145 3.70334405499 2.72804502758 ;
1.39012366886 4.78285230983 1.93069227261 2.19540967362 0.179509453914 0.767087983676 2.6400256828 ;
2.79421036361 4.55879843796 3.31117421998 3.9293135868 4.42773941164 2.07398056021 3.38304505842 ;
1.05151955875 4.75888110555 1.66001536019 1.59883045194 3.09985914281 0.825401561234 3.01503466769 ;
2.81265725949 4.76563285905 2.58827538329 3.3446085819 2.92580439797 0.733617311116 2.95298441121 ;
2.7737521633 4.56118200667 3.30029356684 3.87460428799 4.41112676095 2.16747022075 3.39154175107 ;
1.66143896991 4.77748894477 2.0844358386 2.42239556704 0.197284751133 0.782450151139 2.60257430217 ;
2.03605453298 4.67487714748 3.0453924922 4.41957293409 2.91100429516 3.64857521836 2.68038031458 ;
1.60538591833 4.77940701508 2.02455496814 2.35803194405 0.464324310777 0.745241918649 2.67103196258 ;
2.8300840447 4.57144889263 3.29498416709 3.83000349752 4.36656839901 2.21612270415 3.38147643632 ;
2.77695995119 4.74634279286 2.65494621642 3.48165087891 2.983638132 0.5389430597 2.91812309612 ;
1.27799975038 4.76844628164 1.69768367984 1.59784686106 3.4523093722 1.03193123362 3.10373578727 ;
2.08788260158 4.66831228475 3.05956099947 4.41164449346 2.93219658297 3.55615775063 2.72017478134 ;
2.13382560477 4.66951236964 3.05138233854 4.38462327643 2.93070181967 3.46715573469 2.67181607123 ;
2.77882842204 4.58247484145 3.25205212002 3.74738096294 4.33658107082 2.28260945242 3.38908695125 ;
1.27954643739 4.77379218751 1.42328480767 1.64952726002 2.43656318597 0.818053437678 2.85265660409 ;
1.98903923187 4.78074035216 2.46046844167 2.96261497316 0.338045421051 0.944157704471 2.73540241258 ;
2.76279202262 4.73423329274 2.80575979153 3.46249078921 3.34109459008 0.356932893587 3.02606562325 ;
1.39954195164 4.78532554312 1.74138302188 1.91782697712 1.73547960341 0.79210321924 3.09519311631 ;
1.96305510091 4.6924103279 2.18456691142 3.02404909581 1.72746359145 0.897918599516 0.303773685587 ;
2.77471320183 4.56243955524 3.32258930661 3.8558070354 4.44171373646 2.39710258463 3.3640999449 ;
2.07209226773 4.67620135489 3.0086477464 4.39281348392 2.73544922954 3.48477796437 2.81361277289 ;
2.81774836242 4.74511546716 2.80372539593 3.43788406985 3.16463684068 0.626811233151 3.19644861069 ;
2.81203591707 4.55249823061 3.35643515621 3.95225506629 4.44047600829 2.36450795109 3.40323913585 ;
2.72105256334 4.7513435042 2.63184820313 3.13825720753 3.36911923875 0.715095954699 3.06883684778 ;
2.17964512386 4.7774488555 2.51941810023 3.14485322438 0.476262971496 0.975242953377 2.72848262203 ;
2.06839134567 4.66710163449 3.03978416292 4.41162749418 2.93087180673 3.51280478245 2.66808020915 ;
0.920099084968 4.76496614379 1.41096457291 1.54247551516 2.07294083252 0.726021426285 2.7836913831 ;
2.13745629418 4.77382135053 2.05789294339 2.94863059452 0.771274314036 0.691650297468 2.70144382515 ;
2.05229041317 4.67106715075 3.05981032727 4.42542822165 2.9304369467 3.67219644845 2.69576774367 ;
0.662322348142 4.77355319458 1.70592630995 1.29754214037 2.2421398685 0.79380627305 2.88268299247 ;
2.75417637227 4.74983347036 2.62252964107 3.19042349689 3.25659203434 0.904803963195 3.0026142808 ;
2.78783164378 4.55117848721 3.35500003624 3.97762581941 4.46340168948 2.2050296617 3.40569672099 ;
2.80322689751 4.72705258023 2.84078352643 3.63607004395 3.13501677736 0.412787127231 2.91110891024 ;
1.55965247431 4.77895491311 1.70514996577 1.78049599019 3.20647348676 0.969784051731 3.05474634429 ;
1.65683756021 4.78140589247 2.0983017877 2.48684825012 0.346451509844 0.815439020959 2.64875987826 ;
2.05541372289 4.68006326657 3.05572757923 4.42451028849 2.9148456001 3.71158925243 2.71723110739 ;
2.81171819556 4.5689026466 3.28451734085 3.90164502708 4.24477291803 2.27397661135 3.35068831886 ;
2.06490550886 4.67109583169 3.04067228054 4.39874417904 2.90362041262 3.58329897746 2.67213286784 ;
2.47278311107 4.74762959093 2.57642178548 2.76134312035 3.7109563697 0.684979586612 3.13575973887 ;
0.928477134832 4.7736036921 1.03239404361 1.44633518721 1.5823846972 0.698378622669 2.73730468158 ;
2.84073447308 4.55947763539 3.32718095205 3.99702915208 4.31995936943 2.30388628984 3.37767810122 ;
2.24515540341 4.77472405587 2.59520425112 3.23994975303 1.18966790145 0.852910718611 2.7268482889 ;
2.0727269736 4.67317516747 3.05612442433 4.41798991241 2.93149201424 3.71488766634 2.70628458117 ;
1.87926290317 4.78172518283 1.79938613739 1.90171002104 3.31004753234 0.84025382725 3.06832822927 ;
2.80100724432 4.73964768893 2.80413402581 3.80740618211 2.06264462154 0.872156628934 2.83298884561 ;
1.12711951583 4.79018417692 1.91444746037 1.99922998613 0.469982926 0.666626708015 2.53830058865 ;
2.78453467954 4.57768241497 3.27085927795 3.89822140482 4.35363708703 1.96370877923 3.36575077659 ;
1.20121404446 4.7894561867 1.79661556385 2.03992153289 0.701094378901 0.617789667585 2.6636824181 ;
2.80281165446 4.55362900707 3.32518002253 3.99104438671 4.42884379072 2.06844553627 3.38990851106 ;
2.03458441117 4.67601545646 3.04895341115 4.42929819981 2.93370684312 3.70467962969 2.69247395152 ;
2.80822292778 4.7311580415 2.7836985266 3.85835786563 2.25821255979 0.86499997313 2.79763884425 ;
2.03717885162 4.78485401028 2.04006581437 1.91530397829 3.53627145106 1.00479678776 3.12867846442 ;
1.31283974473 4.77605343233 1.56408179615 1.728836611 3.09617373377 0.942849830792 3.11929915766 ;
1.75698394096 4.78498959923 2.15544680588 2.49180611716 0.261962058689 0.845586110517 2.89946359294 ;
2.53031275418 4.59714277978 3.24133108649 4.17957933991 3.84118026316 2.90025038048 3.25960919802 ;
1.95107766983 4.64765112292 2.56297111604 3.6361587292 2.44371316525 1.83721774075 0.195269550226 ;
2.81568032994 4.74304898852 2.82674070995 3.39998087174 3.31355466533 0.705791937103 3.20931922785 ;
2.84410651214 4.75013157008 2.73058143545 3.79810295528 2.40157894573 0.740644787958 2.83287843206 ;
2.80090969239 4.55544809461 3.32396851582 3.98063779883 4.41614329609 2.10080898623 3.39447198031 ;
1.24827087421 4.77935155811 1.84888868102 2.16606773339 0.516574334817 0.725049748643 2.5930801445 ;
2.03279781986 4.6715220683 3.04503713557 4.42085498005 2.90801197035 3.66575723278 2.67348021625 ;
1.92324178685 4.78077745171 2.01563718923 1.84980454904 3.43767408592 0.965871254497 3.13705763396 ;
1.91545135 4.67777564109 2.21833442208 3.01894591061 1.96924687559 1.00344324051 0.175764842365 ;
1.96701805738 4.78569430307 2.01635708848 2.17736142408 3.16797463735 0.785382306823 3.18778059677 ;
2.84494260667 4.59121487894 3.24619345918 3.98024920676 4.15541210967 1.81917770695 3.34042762946 ;
2.14207911772 4.68168878602 3.04789482042 4.37405199486 2.8470040707 3.5306214686 2.82438872458 ;
1.69422293715 4.7858055619 2.16335824788 2.50003984461 0.367561907861 0.71351815722 3.03819498358 ;
1.0776932091 4.78961421679 1.6508865033 1.7722181196 0.678287228301 0.623049590648 2.62182720142 ;
2.08743340963 4.67038953301 3.07879723381 4.42471422023 2.96226021585 3.71941477048 2.68642690184 ;
2.8054349165 4.56971752456 3.27824201771 4.01796931737 4.28598706803 1.9090155939 3.3507537557 ;
2.56634188606 4.7535559173 2.61693152077 3.67311024179 1.7280222877 0.872784902354 2.77486784659 ;
2.0675273553 4.78678156094 2.09397798671 1.94694189799 3.5783696638 0.951464419538 3.10829681012 ;
1.55752420263 4.78083730039 1.95395984696 2.27150342515 0.514837163766 0.722431615577 2.67630441579 ;
2.86832068761 4.56296814478 3.34392910515 4.0351975686 4.31536378441 2.30964741759 3.37771852125 ;
1.02476797836 4.74719073203 2.10788567099 1.78026101598 3.69034841658 1.21791081673 3.16137932256 ;
2.80753187055 4.75927266875 2.48481717601 3.23189942894 3.0450003533 0.590626340083 2.97254380021 ;
2.01658363084 4.66957522979 3.00592248641 4.38016348226 2.8084403929 3.56298298405 2.60219409416 ;
2.79783268998 4.58419717566 3.24052115629 3.80606919227 4.31109269094 2.07155572628 3.37779504186 ;
2.6835777449 4.76531329021 2.70296963782 3.40354648089 2.53922885336 0.615425707274 2.94682646821 ;
2.06362473478 4.67143755635 3.04796117339 4.41120235992 2.91065384395 3.63978872316 2.65171667138 ;
1.48557803727 4.78277813814 1.73548621297 2.20436469536 0.343100379535 0.717921625713 2.51813621857 ;
1.17606860947 4.76334379475 1.62003049357 1.51111217168 3.26631336575 0.912842123761 3.03830176857 ;
1.97339439109 4.66778455981 2.99477984013 4.39351599314 2.8090283606 3.56929183743 2.61210326168 ;
1.49719514232 4.77447651259 1.69127083044 1.74116268645 3.25058562722 0.948575304679 3.07970031661 ;
2.84100954832 4.73888197582 2.79485940771 3.56463410927 3.08137643113 0.608802830563 2.98339125848 ;
2.81821474093 4.56211768645 3.3377058501 3.96810836101 4.36483851663 2.40228942034 3.37856206249 ;
1.61427429615 4.78192224865 2.09794591609 2.40927239131 0.302310484491 0.75070537445 2.62998142291 ;
0.723132484822 4.79079251899 1.29529473804 1.41295419266 1.03110353958 0.63351329856 2.71412842495 ;
2.59696936189 4.61327443187 3.21524136583 4.16334232073 3.80151025896 2.62626984289 3.25863811196 ;
1.97970383046 4.64465102092 2.61363358853 3.61155234146 2.49200887164 1.89284204042 0.146403755692 ;
2.42087853598 4.77142457171 2.58436439585 3.45149649509 0.971183794653 0.864231230461 3.05704294902 ;
2.23223500283 4.76352718941 2.29687500708 2.38099351627 3.52491896923 0.779599542802 3.2329407404 ;
2.80044961721 4.57073258484 3.27833967998 3.98870531515 4.35257894184 1.94026628289 3.36976262262 ;
1.12354532535 4.78590195548 1.63396130943 1.93826816443 0.682806454472 0.640025020654 2.60735919766 ;
2.0000547596 4.78749641875 2.10410447119 1.92686467756 3.48093496448 0.921505971855 3.09500587023 ;
2.75124104757 4.73940778519 2.73877896114 3.79410681086 1.86948143316 0.904064070298 2.81113167199 ;
2.06986479912 4.66984060816 3.0690522066 4.42144184724 2.96125140941 3.70274733846 2.68109419789 ;
2.07083576992 4.66719815696 3.07128560383 4.41870736433 2.95986735349 3.62909398433 2.64184796193 ;
1.53684766319 4.78308015272 2.03657118253 2.30750963548 0.271679898688 0.821742845919 2.67347746827 ;
2.82382166655 4.56189302263 3.33499893007 4.04639218071 4.39809394675 1.94454062264 3.38706573393 ;
2.01727579489 4.75465801409 2.12602554024 2.60219069104 2.94001178287 0.178799839799 2.87750395515 ;
2.50752026133 4.7760538422 2.42257683717 2.74760754638 3.11115471405 1.81581713275 3.11850036885 ;
0.663229318159 4.74547382931 1.77410692278 1.77848584704 3.21058488559 1.02369976508 2.93373875169 ;
2.80202240279 4.75406802434 2.54121167489 3.21756775746 3.20821997582 0.534398434076 3.00440598808 ;
2.17669315414 4.66960059635 3.03104058756 4.37543012877 2.8231587995 3.39337570935 2.69829959309 ;
2.81051186172 4.566499487 3.31784757832 3.87534926817 4.41068309884 2.32995841264 3.40263531037 ;
1.75298222202 4.78457878292 2.04012244175 2.3204769744 0.40188722021 0.726911638964 2.71169551139 ;
2.34162297202 4.7542618437 2.75389205159 2.68807974287 3.5110313376 0.655275750736 3.13376930824 ;
2.55108269007 4.60856746405 3.21402182713 4.17583465392 3.73063425131 2.77398184042 3.07708637258 ;
0.737592578114 4.79423392698 1.7731058109 1.17801773242 0.589364260274 0.525521976543 2.60395862835 ;
2.1824592125 4.7676821285 2.71403034325 3.37262202035 0.714550218671 1.0367142548 2.71465063574 ;
1.81855930458 4.74915838461 0.0657027246674 2.38421090794 2.61503992539 0.952138667299 2.7483077985 ;
2.07489170616 4.78690561195 2.08594466769 2.00555779108 3.518688764 0.948220464089 3.12022185443 ;
2.03695762587 4.67175707261 3.06538246915 4.42841352379 2.96363499149 3.68858439395 2.70394722155 ;
1.13761650901 4.79141635975 1.73610769213 1.88498723615 0.696125954842 0.625101732527 2.66736991279 ;
2.82279992857 4.56111736066 3.3183279556 3.99993823469 4.40179120302 2.01913353854 3.38680625884 ;
2.73200758166 4.72759646099 2.73296108134 3.86169116253 2.00484781007 0.907535663322 2.74437378906 ;
1.25607765782 4.78278073219 1.98260128731 2.25436181851 0.516068742383 0.709806025576 2.58761219984 ;
2.04645557125 4.66165297957 3.02817059623 4.41134582746 2.8836389842 3.532298968 2.67078536847 ;
1.97895052194 4.77793268427 1.91888197153 1.9040494188 3.32247982825 0.965135564188 3.08257092669 ;
2.87862464816 4.72629803072 2.87337537024 3.89060744839 2.81967649184 0.611911176983 2.98017917783 ;
2.83629422385 4.55656466163 3.35139023875 3.95622944424 4.44459164951 2.34293973891 3.40558704123 ;
1.05439409612 4.78531082911 1.66669481033 1.81685643312 0.763430206583 0.638869177054 2.61395319102 ;
2.8156020233 4.56428409737 3.30492819293 4.02606166729 4.34976856631 1.99851815511 3.36599621525 ;
2.69480088407 4.7461862793 2.69826195641 3.74170875366 1.89008921326 0.767763420924 2.78334523596 ;
2.09371514385 4.788206156 2.09649186298 1.95895412347 3.56261006736 1.02656983698 3.14424142026 ;
2.02817283443 4.67082520261 3.04102132832 4.41710199109 2.91091860153 3.66770525171 2.67952237919 ;
1.55546451256 4.77397747625 1.78243037682 1.81889034824 3.28935892343 0.789021535802 3.05569170441 ;
2.78599533959 4.74716896767 2.68152207433 3.63196402025 2.21484048173 0.921253397386 2.74660029752 ;
2.09046347443 4.6741840628 3.08697397359 4.42793632354 2.9839603164 3.73610441123 2.73435861679 ;
2.79301384244 4.57906724165 3.2590239864 3.87925654511 4.34953067863 1.93419381851 3.37531746299 ;
1.31479787645 4.79311081057 1.91633875574 2.02172818513 0.217882995817 0.68624833741 2.65289545078 ;
2.80512106557 4.57144493963 3.27028453242 3.97727812791 4.33246178035 1.92756657193 3.36674458922 ;
2.55974362386 4.74888851349 2.67512234379 3.62771097732 1.4999621467 0.813125649227 2.66508408058 ;
0.910349200837 4.7754615416 1.01629087507 1.6314570126 1.31054385188 0.662757761417 2.66051082532 ;
2.12678346957 4.8008887072 2.40063928121 1.99768218273 3.32214132833 0.92303028307 3.15858197219 ;
2.06454395353 4.6680111171 3.05760307268 4.41983252667 2.94724732357 3.66103395833 2.70700460072 ;
2.81838171737 4.70047585586 2.89431072101 3.90527838602 3.05198785463 0.768022848622 2.96364740277 ;
1.58870722041 4.78118408146 2.09125505964 2.39062983234 0.310661446417 0.747502262087 2.62003773092 ;
1.80602667711 4.78361282908 1.87660922055 1.90409478387 3.24984115662 0.90961739312 3.06276454644 ;
2.82535589043 4.55338892137 3.36817871172 3.95453273113 4.46694783635 2.42354344103 3.38848934967 ;
1.98583926412 4.67566440271 3.01640178285 4.43097872949 2.86041925502 3.67470446821 2.68040815858 ;
2.1840809135 4.67187058095 3.00458494114 4.33990933064 2.78867450155 3.26316877988 2.74094212784 ;
1.13968022603 4.76876903992 1.47876798142 1.68823618608 2.76129708774 0.878481803692 2.93169466342 ;
2.76669729839 4.74267053561 2.72982754036 3.34333161261 3.32719270339 0.379674797974 3.00497354209 ;
1.84554801243 4.7848479339 2.20949155103 2.5730933793 0.203117464136 0.77602052778 2.6837505642 ;
2.80393984628 4.57486701734 3.30669569389 3.79878628394 4.41495572028 2.34366183282 3.37037566019 ;
2.7608516072 4.59799183709 3.18665787024 3.76609889089 4.22522897521 1.83038086335 3.32846699035 ;
1.70962423763 4.76190042148 0.0409436758844 2.31031821482 2.05929481667 0.807868671315 2.68470300673 ;
2.62676719886 4.78142350556 2.71023055111 3.10972978142 1.8387671974 0.697948898867 2.82826811845 ;
2.10356655074 4.67289418109 3.08883240536 4.42739184905 2.95924683448 3.69227372867 2.72066760967 ;
0.642653340401 4.78216604799 2.44380219857 1.45566443057 2.11431035625 0.796157418388 2.88236783625 ;
0.521106408968 4.73679636005 1.55357273864 1.94080249693 2.83374448379 0.815154491192 2.57700333631 ;
2.79903308714 4.56638323278 3.29771071617 3.97778522147 4.31360165602 2.05790395157 3.34460224787 ;
2.14360149085 4.6833767239 3.0305640239 4.37012539422 2.80068056335 3.47297580297 2.68824081577 ;
2.68510196867 4.78058780727 2.38487922516 2.76623355179 3.12582569603 0.665913466369 3.08206685596 ;
1.76410262061 4.78855393401 2.14774379964 2.40821240511 0.203737121538 0.771831065136 2.75308139684 ;
2.82841857802 4.73179659632 2.79559074568 3.56262409997 3.30431441934 0.29314395289 3.03392125151 ;
2.01621057608 4.76365554036 2.18050113917 3.21782176574 0.64729514328 1.02033997778 2.49904660547 ;
2.51515177005 4.59959564677 3.22519521271 4.19690866463 3.77354322491 2.85730443279 3.09184369874 ;
0.855160919162 4.79709704669 1.64629628532 1.22197990252 1.35986855548 0.459048642758 2.89919392012 ;
1.97230788756 4.77238247346 2.08337314183 1.93305895992 3.6236212919 1.48976038028 3.16400909357 ;
2.01409623821 4.67341814098 3.04960506208 4.42515440283 2.96067153122 3.70218909284 2.67701160681 ;
2.13442259174 4.78331943842 2.17259477816 2.07952876902 3.54090945537 0.918820757012 3.11402668177 ;
2.72485518491 4.73918508195 2.72106925443 3.8339569944 1.76533452162 0.950744961129 2.75223683148 ;
1.09591154245 4.78807170252 1.64565586262 1.84962419672 0.820355470871 0.614860001648 2.65212145425 ;
2.82148250014 4.56475154306 3.3074421892 4.02210409648 4.33719198662 2.00266781131 3.37047325092 ;
2.10413409663 4.66559913486 3.07693871712 4.42658744517 3.06496955713 3.65200033944 2.63099478448 ;
2.49432822673 4.75338710536 2.67659052572 3.73711022265 1.23442250506 1.40941166199 2.82132466134 ;
2.31818614059 4.76361045026 2.35668813195 2.55893274679 3.36553986831 0.700737054064 3.06438747749 ;
2.81247381789 4.56130752017 3.32343765844 4.00925855886 4.38599345401 2.0804405689 3.402703688 ;
1.01118015822 4.78718585356 1.49258125501 1.63872205488 0.966469900031 0.58848882831 2.60689881752 ;
2.77258841872 4.58544194501 3.22990330942 3.77739313039 4.33169564351 1.96641174988 3.37907571584 ;
0.673643705687 4.74330030784 1.81598829695 1.84052242026 3.3067857144 0.921668470069 2.92223834638 ;
1.4015846797 4.79145802398 1.79690528406 1.90664223554 0.368689872069 0.672509914156 2.6854828759 ;
2.81004149278 4.77145032555 2.48277812 3.2730327663 2.46177351729 0.704010323091 2.8718622773 ;
2.11708891157 4.67011705517 3.0758163866 4.41147804215 2.96695926901 3.65371213548 2.71323544216 ;
2.17745063588 4.66979075682 3.02935141481 4.35427221226 2.78643656861 3.34253151132 2.70844182871 ;
1.57528023172 4.75668971109 0.0652223269716 2.18284529082 2.11335610975 0.8262266708 2.71231238118 ;
2.82886635981 4.55054719135 3.37096434807 4.02058440227 4.4543426113 2.38390169214 3.38550948877 ;
1.68961607647 4.78831790706 2.62006993568 2.44279803161 0.890216690317 0.691665029368 2.7799904144 ;
2.47934950001 4.74582230486 2.79035098471 2.91225516013 3.57545463519 0.736469414687 3.09746719 ;
2.05843799371 4.68132964923 3.04462524706 4.40432788121 2.83063596428 3.59072637005 2.64866822343 ;
2.68706896541 4.73759142815 2.82666845193 3.30788713282 3.40047824643 0.284588321035 3.05811134557 ;
0.940343174052 4.79443992229 2.0991691167 1.44807342496 1.80810441939 0.801341550303 2.94064144825 ;
2.29037420058 4.7551065036 1.41791921942 3.06795533823 1.24615741989 0.906486911059 2.58964339953 ;
2.7888372943 4.58912328992 3.2385552801 3.80313753394 4.17955741627 2.270184743 3.33595106355 ;
2.32805455723 4.76647257113 2.3502157896 2.46429922649 3.46862936822 0.78612483236 3.11397943599 ;
2.02305110419 4.67120296911 3.05300129499 4.42831691652 2.97041361101 3.67843017533 2.65879493624 ;
0.841265941006 4.78049957438 1.17285288195 1.50485579762 1.25298467711 0.657817158933 2.66265674623 ;
2.38332548337 4.76655926657 2.68266871258 3.45514552751 1.10349280595 0.953234734699 2.6860562161 ;
2.83660265024 4.56672618927 3.31319041246 4.0322669876 4.29099958236 2.07367278812 3.36501571089 ;
2.6971486037 4.73790013728 2.84336744581 3.45054729614 3.11762505999 0.430690023686 2.970596389 ;
2.10708262251 4.67427762115 3.0554053839 4.40661815473 2.88129797293 3.56221958244 2.69411938735 ;
1.43359689157 4.75985618122 1.20486094034 1.81864236472 3.14055518775 0.936121463607 2.94488396186 ;
2.78989444131 4.58306955198 3.25775000663 3.76048159472 4.30135334222 2.25633097718 3.36798640776 ;
1.59627886738 4.78928953552 2.19273743455 2.32743056791 0.349497965643 0.771240044286 2.70753485685 ;
2.23757140994 4.65835728749 2.92046390546 4.21273451231 2.62909076753 2.52191780983 2.54472949876 ;
1.73333695454 4.74136438589 0.0751341247902 2.26652702841 2.85673427037 0.920182652269 2.75399918474 ;
1.55749260033 4.78536848615 2.20753539685 2.32449570355 0.417900618891 0.691982632135 2.70326399781 ;
2.78654996862 4.58846202661 3.37056290376 4.10523419087 4.28593058565 2.69167867459 3.38540913527 ;
2.31966745962 4.76369866517 2.74823622576 2.59417760677 3.54307407552 0.649874707199 3.20086205076 ;
1.90450490824 4.78531032397 1.88205323046 1.92091646846 3.35856495139 0.828680530751 3.07564387099 ;
2.07755253157 4.6762460385 3.09145769971 4.4300271971 3.02688868419 3.73814132351 2.74054748082 ;
2.75727451708 4.73135536013 2.73038097504 3.87268498123 1.90647839644 1.08675967154 2.74264058231 ;
2.80840741471 4.57462442579 3.26203637495 3.9258459854 4.32142086706 1.87174827238 3.35740422534 ;
1.21317034543 4.79540646696 1.94580552701 2.02004952197 0.506015442262 0.626059456254 2.5987315938 ;
1.56367269047 4.74747979087 0.450211591576 2.02344880115 3.05467489298 1.04406024339 2.94720356341 ;
2.56416308617 4.75501588222 2.81394157478 3.02874700473 3.42390277305 0.631571373096 3.23133812266 ;
2.56335927209 4.60653038885 3.23262716183 4.15868624966 3.77046097429 2.81366385639 3.26614798014 ;
1.53755533969 4.78885273902 2.23156475588 2.2803419957 0.595912561159 0.762226070499 2.89152210658 ;
2.04700212098 4.6474771563 2.75533738652 3.76801716785 2.51873366127 1.99970903161 0.267503199168 ;
2.5589901641 4.60390483924 3.22921007515 4.16459696053 3.81650439327 2.81400962806 3.26823803361 ;
0.619727654911 4.77339042553 1.3821628202 1.44896190511 2.02903690064 0.745291625208 2.84253670725 ;
2.64857026617 4.75946436136 2.53193566683 2.95503545577 3.4389854476 0.67278292593 3.22337795923 ;
2.19881991985 4.77462467727 2.46158022471 3.03746672264 0.519533587102 0.965312065232 2.9761351073 ;
2.01475997342 4.64155784857 2.67932391198 3.71969702858 2.48469877377 1.99734747942 0.198284112758 ;
2.37480187792 4.75500548229 2.45555404959 2.71278543492 3.5329615687 0.735933438598 3.21937730164 ;
2.24751448441 4.68263881635 3.00335362481 4.34183827079 2.7351174889 3.2302527518 3.06884854493 ;
1.53908578751 4.78749919451 1.86794910575 2.26642804447 0.897515065003 0.64027492539 2.9077748418 ;
2.84510135145 4.55655000375 3.36890219661 4.01489227593 4.4497701635 2.31434643874 3.38676636034 ;
1.95965856179 4.64680709796 2.61003633278 3.61030302232 2.51787659255 1.91017902003 0.0850433423863 ;
2.83002369551 4.56985305835 3.31348323605 4.00238375475 4.29698328319 2.15590899591 3.38016484342 ;
2.03350064741 4.67379238011 3.0356701121 4.3929387179 2.89762330203 3.5785198417 2.62349002759 ;
0.634300080952 4.76267096693 1.53923439261 1.40297950248 2.21720324963 0.769717506636 2.83641802656 ;
2.64096119554 4.7640378706 2.46271704634 2.94297649701 3.19280387071 0.687098000817 3.02499132884 ;
2.12459170411 4.77733414439 2.28937743476 2.96370212352 0.29321351441 0.886986717463 2.66554252476 ;
2.14095384254 4.68281281766 3.09434369708 4.40315567405 2.95432548603 3.61933085349 3.07004983295 ;
2.86597122627 4.61155890855 3.18414689124 3.90225906286 3.99119607233 1.68004126648 3.32505546576 ;
1.80322188782 4.77967388859 1.91014401643 1.83580590231 3.56051770503 0.927503572628 3.18007900762 ;
1.70216084061 4.78670947614 2.03355267692 2.48173160664 0.840630293638 0.624267292774 2.8963982987 ;
2.06471612422 4.64800297434 2.65880973463 3.67217920847 2.51171161619 1.88917109352 0.148108685242 ;
0.982872548924 4.76699126672 1.50806709325 1.53963743911 2.70810836282 0.826907465869 2.95575794853 ;
2.78840203743 4.56756735517 3.2990058518 3.82022925626 4.39933751361 2.319078547 3.39606100546 ;
2.77983078854 4.74137382836 2.65815516705 3.38309234606 3.19531655142 0.595871761231 2.98333178271 ;
2.0845454355 4.67276978592 3.0479857755 4.41694653249 2.91333105203 3.5705671875 2.71758580298 ;
1.89665695415 4.78148536662 2.26463937971 2.67054377672 0.307360451763 0.865276432796 2.62505376632 ;
2.30644463147 4.77307763799 2.44786879535 3.14995904697 0.437487999364 0.853397915584 2.54148108028 ;
2.59931610892 4.76195538847 2.50792364885 2.94271296564 3.30427437099 0.72561792658 3.08973762816 ;
2.82138925121 4.55745863509 3.34354394276 4.00838784506 4.3597594879 2.31200816485 3.36607050291 ;
0.66188591061 4.7680882554 1.43753338518 1.48858058738 1.78913162507 0.736490149262 2.81177453711 ;
2.02120802347 4.67108494125 3.01486930668 4.39239560664 2.83351699389 3.54977595006 2.65462047413 ;
0.801275297714 4.77396698364 1.39854367628 1.55449166262 1.50658744483 0.735268128413 2.84551341178 ;
2.74209095338 4.59221498968 3.20704191347 3.80995199901 4.2861616956 1.87711359894 3.3737468157 ;
2.52637342311 4.78859930687 2.44162966864 2.91803421046 2.279706203 0.708366480318 3.13906766794 ;
2.17410618555 4.6789145475 3.09089369899 4.41976658365 2.93180426783 3.65260197811 3.05097955293 ;
2.04181364528 4.65115099773 2.63527011388 3.58044274309 2.40707579303 1.8151846644 0.120828371084 ;
0.995001576812 4.78797857657 1.46820188038 1.65875066664 0.970874392611 0.63796853776 2.62812923604 ;
2.82060576303 4.56666509696 3.30256698262 4.03647099757 4.31047240925 1.9389514611 3.35177763979 ;
2.06777799584 4.67041508009 3.05798940822 4.41925586194 2.94200388129 3.66373879553 2.68892439775 ;
2.57332755032 4.75322372046 2.68089033451 3.69276164468 1.45425165637 0.8502186803 2.71490542942 ;
2.19988497274 4.78118704412 2.23016695779 2.17906787928 3.50451550581 0.943064857724 3.14386067986 ;
2.02215913362 4.67250642296 3.03901045828 4.42788686752 2.92503448706 3.64986772538 2.73530598657 ;
2.44739629266 4.7640955077 2.61282226199 3.42204739172 1.22735630275 0.982030883876 2.65045629639 ;
2.48527358682 4.75702109143 2.47846655415 2.66898156964 3.61463066778 0.661694995544 3.16289269232 ;
2.82942770462 4.55466536915 3.33745383368 4.0074858491 4.35277399435 2.28451384249 3.35039355085 ;
0.735982685994 4.77730689608 1.28883133273 1.50540006461 1.57349431833 0.724984556091 2.73462301051 ;
1.0985186315 4.79634113582 1.91000338467 1.64134286479 0.516654769228 0.546423689411 2.64595295935 ;
2.52388972857 4.5985613119 3.23352426791 4.16588747631 3.84424813387 2.84498030366 3.12457640341 ;
2.4691116575 4.74444738372 2.67696429433 3.77545498148 1.02798888748 1.63151556919 2.6621692037 ;
2.62350437591 4.75578165164 2.79831160321 3.09685807843 3.30485284714 0.431992038708 3.04159832871 ;
1.44210285417 4.75181016465 1.04212663683 1.8522920214 3.35987781292 1.20237619734 3.00552527738 ;
2.84177298373 4.70659874306 2.9402131581 3.90944956411 3.35058497503 0.217817262324 3.04967709522 ;
1.41724527292 4.78253922601 1.89873451029 2.25757428127 0.74661574728 0.624296464971 2.68599250447 ;
2.22984755648 4.67016126358 2.96778001593 4.2979851187 2.6625556558 3.07955948943 2.71785359788 ;
2.83287715144 4.55518507301 3.39107405798 3.99716801991 4.50299137176 2.45237398414 3.39180227543 ;
2.06288760534 4.7840350009 2.04097692719 1.93073977283 3.51535629418 1.06971727639 3.09769716997 ;
2.50392340009 4.7609107681 2.48871124215 2.87181351815 3.31089229231 0.680329271189 3.20298952721 ;
2.80969879406 4.562394107 3.34076547773 3.9996355997 4.38567417275 2.3369244192 3.38155746947 ;
1.24960511599 4.78400104584 1.72263364691 1.98224235921 1.0247688674 0.657684322629 2.83997761462 ;
2.02842066894 4.63689164137 2.6497277313 3.68100067377 2.55715019145 1.97569715412 0.0767598041948 ;
2.2018233347 4.69210135514 3.00062319315 4.33089424422 2.53899744911 3.28388206467 3.0621258563 ;
2.83064098307 4.58767088293 3.23170914078 3.94664655763 4.17621826118 1.78776222931 3.32129250578 ;
1.96128815657 4.78339439854 1.91962179435 1.993382509 3.3618219885 0.857755330312 3.05854172106 ;
2.12252019454 4.6724083018 3.07181331258 4.39372931828 2.96684787541 3.61791617476 2.6968989201 ;
0.751431788865 4.80460992613 1.58642635858 1.42289275604 0.612977916057 0.635707117943 2.6184737882 ;
2.40790185694 4.76133158348 2.58733201958 3.47795533223 1.15408989214 0.807650117312 2.70697273775 ;
2.03440539391 4.66846720071 3.0419185414 4.41889369784 2.92031017935 3.63161748529 2.67212091601 ;
1.10643389515 4.78835518996 1.72339736995 1.84863164282 0.657978288192 0.654716831258 2.63705310497 ;
2.0608416436 4.7870949591 2.026488242 1.96365687433 3.50630316404 0.98946338273 3.11795905453 ;
2.81787216518 4.56261995893 3.31569782328 3.99457606495 4.38945670566 2.05021828561 3.39338371411 ;
2.71153267239 4.73998690683 2.75245691348 3.79839450298 2.03498330856 0.754003275528 2.78587917087 ;
2.62065212283 4.76775150515 2.51730208339 3.02609302589 3.10031726116 0.543197877568 3.00830708556 ;
2.80757998466 4.57383547373 3.30962982965 3.93537944424 4.3851910127 2.18416183916 3.39745611843 ;
0.800846310385 4.74661655007 1.34464353261 1.47547978972 2.95447634125 0.966415315721 2.90597083339 ;
2.15119292589 4.67108402826 3.01795642225 4.3445886838 2.78964506997 3.35950091638 2.66007647223 ;
1.73061362302 4.78277101668 2.15221257772 2.44513365838 0.147547202943 0.777734166617 2.66330347237 ;
2.04717823412 4.66914796718 3.04091320313 4.40268825215 2.89452804976 3.60833712856 2.64107681409 ;
2.87480127112 4.77498136595 2.57894530467 3.42328397894 2.45421384624 0.682271849676 2.96148975886 ;
2.80084566872 4.57186062973 3.27810657964 3.91105046162 4.35341081078 2.05412089295 3.38010653966 ;
1.34320807938 4.77576525723 1.67141649771 2.14812499699 0.52475241637 0.751821041396 2.53493899487 ;
1.30800528695 4.76672918057 2.06991562606 1.64419668134 3.47850590897 0.919281690443 3.08779753646 ;
2.74771872447 4.70566653871 2.8216005487 3.91471868183 3.08774597151 0.554544899255 2.80833289709 ;
2.13659207818 4.79097751501 2.20722223664 1.94460371361 3.49598034962 1.05495767873 3.20658304042 ;
2.50350015234 4.59650074378 3.23429404318 4.18695993446 3.82415152071 2.90060674151 3.1202733754 ;
0.781396941541 4.78869012825 1.2461587155 1.61631069786 1.14818428383 0.553943437438 2.60825931493 ;
2.24897054391 4.76270666707 2.58607153909 3.21661849746 0.330238359828 1.18150727907 2.7563965015 ;
2.21784656939 4.78027074316 2.71214801201 3.08182103405 0.42020680197 1.05569044897 2.77003807883 ;
2.49674468901 4.60188718939 3.22197936569 4.146177958 3.77470392002 2.86046693086 3.09001428377 ;
0.617601244023 4.78117643934 2.03840519832 1.39117101539 2.25704355537 0.767016908207 2.89328906043 ;
2.76709131461 4.74677777892 2.83020140898 3.22292567762 3.40392700119 0.606919352979 3.04735140388 ;
2.12890957528 4.74586444681 0.0797533094223 2.55409175344 2.17859354489 0.924319795927 2.69037859122 ;
0.817307319887 4.754700601 1.71752978034 1.46250011438 3.55240529174 1.20104916314 3.09715736169 ;
2.12290453105 4.67680133441 3.02647595642 4.35602723959 2.80069496152 3.42132413625 2.65260116236 ;
1.59259624382 4.78505959213 2.06770071198 2.33454705914 0.528459686422 0.6987311004 2.72188785011 ;
2.81636163697 4.567364494 3.3165627438 3.98196000545 4.3449044958 2.15956473516 3.39134805947 ;
2.75156625434 4.76038561425 2.42617622517 3.08176466237 3.11349191232 0.550261998163 2.94850239224 ;
2.04288838867 4.67386754112 3.05663990806 4.41498533133 2.9245712983 3.66577242531 2.70048485844 ;
2.83404353595 4.75902029853 2.62946328626 3.41844296175 2.9065049545 0.718196993525 2.89322660766 ;
1.24399752443 4.76409195875 1.68110929245 1.68558779538 3.21778783445 0.905978520411 3.02131170079 ;
2.78838309252 4.55785137157 3.31527310109 3.93136724081 4.40486275837 2.15303053033 3.39173603637 ;
1.66018583347 4.78257619873 2.12364734319 2.3986244359 0.217344930846 0.780079681824 2.68816398588 ;
1.57133980355 4.7752220195 1.87585194432 1.87321522522 3.274834783 0.818995169378 3.11231315023 ;
2.46795789771 4.59194394881 3.24751881763 4.20086696639 3.83257347233 2.98175926375 3.10599319725 ;
2.43272789996 4.767388409 2.59433601417 3.42778541736 0.377806810913 1.23804559162 2.90144161414 ;
2.87913964849 4.7260147003 2.83137735002 3.58872569066 3.29858656705 0.869881487324 2.9744644984 ;
0.931103087196 4.78105449951 1.52952159344 1.67047558417 0.595257897671 0.626554364884 2.40027014991 ;
2.01108347727 4.67717293861 3.02566527323 4.41321336434 2.87886971604 3.5866803622 2.71981206116 ;
1.02385882069 4.77178757023 1.44611625899 1.59116991523 2.43598572665 0.76522333934 2.88976297836 ;
2.78586432172 4.56595005034 3.2987746824 3.8387111561 4.37279600357 2.35649930927 3.36754681992 ;
2.78305797734 4.74246364357 2.70471520123 3.37006539426 3.25016354113 0.599177847717 2.99046742026 ;
2.06437081115 4.77901669976 2.39449739693 2.84200678258 0.301001487 0.927734962397 2.66638778117 ;
1.00919872029 4.78772473093 1.49763970347 1.57304476573 1.26190587784 0.61075047276 2.69894711832 ;
2.83975246555 4.55660226433 3.33716920431 4.00055396246 4.375870298 2.24920478204 3.39474466963 ;
2.41828870802 4.75375848588 2.44865337581 2.71279532591 3.52687951726 0.709581656264 3.11442457908 ;
2.09458556314 4.66686298529 3.04587654836 4.3966825248 2.97162118881 3.51746316342 2.66487599307 ;
2.43636246971 4.76311411349 2.61131734377 3.62692929962 0.976918692977 1.09191960327 2.70170572663 ;
1.92012847777 4.77895822394 2.24215834764 2.65246538599 0.269496906794 0.802091983442 2.60670466632 ;
2.82720720175 4.56099781447 3.35751578707 4.01048953102 4.35755185049 2.42628022744 3.37093792674 ;
0.784650250378 4.75909874006 1.4738094342 1.50311440693 2.67248290294 0.834714350777 2.91568196315 ;
2.72373573498 4.75742738043 2.58701100036 3.1393682544 3.29455618987 0.644196920899 3.07532331595 ;
2.03790346043 4.6710127753 2.98596401296 4.36238852394 2.74812022661 3.40727098593 2.63655177988 ;
0.960814710757 4.7860580726 1.67145998097 1.89536485446 0.791496821442 0.602001392338 2.56971886471 ;
2.0687094428 4.66803796195 3.06435326559 4.42112353979 2.96806112402 3.66908002775 2.69398839907 ;
2.09993260458 4.79035533706 2.08025034322 1.94471383988 3.5028036842 0.980335386998 3.13132155652 ;
2.80849696891 4.56530459999 3.28621670261 4.01389056445 4.32082503823 1.89838370546 3.35679122812 ;
2.72972138482 4.75399751235 2.68395918463 3.7074165341 1.68551443236 0.877990872174 2.79156197392 ;
2.37176536537 4.76215430255 2.73259518047 2.78825568875 3.23947142392 0.706972604023 3.05087484586 ;
2.13128312647 4.67808291931 3.03585724617 4.36299565955 2.79389590601 3.42988991331 2.65528712935 ;
1.52799256066 4.78543967996 2.19686944824 2.28081284048 0.385374740148 0.726180948721 2.70139857096 ;
2.82178531115 4.56054441308 3.33676027007 4.02381185416 4.37631023337 2.19111797894 3.38646909757 ;
1.71809592685 4.74396729435 0.0871065837977 2.25157196314 2.87984310327 0.926875390567 2.76881167761 ;
2.83635451643 4.56062983281 3.37578590239 4.00031386758 4.44117321888 2.42706319264 3.37322417432 ;
1.90491110659 4.77412958342 1.8427015838 1.84995052924 3.48441972011 1.25242399396 3.10431340247 ;
1.30281029218 4.7861137531 1.91584709367 2.128506436 0.584928516371 0.628310546758 2.66568309267 ;
2.17614342407 4.67301911583 2.97821260895 4.31385573255 2.61323747009 3.18172729802 2.70597288343 ;
2.74618300881 4.73301051822 2.79036787189 3.58688020206 3.09348008219 0.253095506231 2.98359339293 ;
1.62392123806 4.7779814391 2.11173508954 2.3880290692 0.180617983464 0.773466022495 2.65272324982 ;
2.80443543402 4.76552667599 2.70710094986 3.34829786198 2.78313552732 0.801575535482 2.8919420382 ;
1.28224032809 4.76722409498 1.51212830333 1.72831472387 3.20847699004 0.846774287575 3.02156005598 ;
2.06689276415 4.67104733673 3.06417991258 4.42473718907 2.94049704319 3.6978558916 2.69693397101 ;
2.75523242991 4.56273240261 3.29534067715 3.91404818665 4.41877569464 2.0592693533 3.38969890781 ;
2.08218331732 4.67395689186 3.04210635972 4.39274229779 2.88906421602 3.55482292752 2.6584028155 ;
0.962508103698 4.76419602144 1.51648291702 1.4304729134 2.63086944224 0.847990466727 2.90440811599 ;
2.73281071158 4.74822388595 2.6004572017 3.323487186 3.18543565097 0.552085942806 2.98345096665 ;
1.88645932771 4.78094049468 2.27453968375 2.73268804936 0.245404728522 0.854982439487 2.70871112642 ;
2.7930534885 4.57065384772 3.29087754953 3.84760892523 4.35058824525 2.30516043041 3.39429813569 ;
2.1038680221 4.65588943857 2.41292774489 3.30524083219 2.26339300924 1.25887444933 0.156290294496 ;
2.82737712243 4.59782434473 3.21630879832 4.02360347875 4.024687504 1.7546515588 3.33106445147 ;
2.07632542382 4.68073693505 3.07047043957 4.41283784749 2.89470424033 3.69002211729 2.84164624833 ;
1.68254219092 4.78608291551 1.98602100277 2.46946547589 0.955079194441 0.599420273431 2.98219355294 ;
2.06354107956 4.78852253381 2.1316615253 1.91736917259 3.64021405517 1.05690792799 3.23048932135 ;
2.47306787115 4.76402675277 2.65588032116 2.81961600407 3.34820290625 0.698497053819 3.09310709598 ;
2.08383843189 4.67586941181 3.04681327758 4.38701469083 2.85235344903 3.53000714156 2.64616840974 ;
1.11884645788 4.7472320165 0.689238032159 2.03580733478 2.04111680717 0.737070288512 2.59555673249 ;
1.88944439824 4.78621684131 2.63826516041 2.56912624476 0.30973525195 0.842289101037 2.77826144282 ;
2.8331911864 4.56235294264 3.32106684744 4.01960893571 4.30710320601 2.2323934411 3.37241755589 ;
