cluster 0
size:327
#377eb8
[ 1.60485567  4.75516054  0.          1.84762824  2.2837317   0.82291359
  2.77596702]

cluster 1
size:310
#ff7f00
[ 2.01082587  4.64806635  3.00771139  4.32601177  2.51738147  3.72626733
  2.68985508]

cluster 2
size:229
#4daf4a
[ 1.398631    4.75028723  2.37126851  1.69503997  1.41706002  0.8138549
  1.83208879]

cluster 3
size:306
#f781bf
[ 2.9318807   4.60756769  3.31733516  3.86245976  4.37932517  1.8675388
  3.36466052]

cluster 4
size:866
#a65628
[ 1.72278539  4.78132505  2.66712686  2.02478399  3.4115906   1.04597063
  3.28464428]

cluster 5
size:349
#984ea3
[ 2.65522088  4.7221321   2.93636161  3.07333926  1.32138894  1.13125812
  2.95628668]

