cluster 0
size:469
#377eb8
[ 2.17435798  4.67709941  3.07913726  4.33606941  2.66841281  3.68829658
  2.77399605]

cluster 1
size:482
#ff7f00
[ 1.17456131  4.726668    2.62558547  1.46636319  3.87347352  0.98989033
  3.20542831]

cluster 2
size:830
#4daf4a
[ 2.87116536  4.52929111  3.2167608   3.4059298   4.46615034  1.89682844
  3.38863912]

cluster 3
size:350
#f781bf
[ 1.24141489  4.74821792  1.99339495  1.4323564   0.44360581  0.61804922
  2.59594334]

cluster 4
size:326
#a65628
[ 1.71609664  4.71581115  0.05993397  1.76583205  2.90916598  0.73274791
  2.8057984 ]

cluster 5
size:552
#984ea3
[ 2.41406242  4.76605062  2.66229659  2.69159703  2.31803985  0.68741832
  2.82951985]

