63.358649789 3.94936708861 6.20675105485 1.51687763713 2.35232067511 2.6223628692 0.0 ;
48.1896551724 10.1034482759 11.4655172414 2.64367816092 0.977011494253 18.7586206897 2.0632183908 ;
61.5193929174 3.84907251265 1.66694772344 0.634907251265 1.0 2.14924114671 0.0 ;
41.4619164619 28.4742014742 4.88943488943 0.390663390663 0.029484029484 4.03194103194 0.0 ;
64.3943217666 4.92429022082 3.7665615142 1.21451104101 1.1167192429 9.14826498423 1.1356466877 ;
40.8698630137 6.01141552511 2.03424657534 0.0 0.0 5.44996194825 0.147260273973 ;
57.153705398 3.10933211345 3.88289112534 1.79460201281 0.0 26.1797804209 3.85407136322 ;
40.8698630137 6.01141552511 2.03424657534 0.0 0.0 5.44996194825 0.147260273973 ;
64.3943217666 4.92429022082 3.7665615142 1.21451104101 1.1167192429 9.14826498423 1.1356466877 ;
57.153705398 3.10933211345 3.88289112534 1.79460201281 0.0 26.1797804209 3.85407136322 ;
41.4619164619 28.4742014742 4.88943488943 0.390663390663 0.029484029484 4.03194103194 0.0 ;
61.5193929174 3.84907251265 1.66694772344 0.634907251265 1.0 2.14924114671 0.0 ;
48.1896551724 10.1034482759 11.4655172414 2.64367816092 0.977011494253 18.7586206897 2.0632183908 ;
63.358649789 3.94936708861 6.20675105485 1.51687763713 2.35232067511 2.6223628692 0.0 ;
39.3384615385 16.481025641 2.01230769231 0.0 0.0 10.5323076923 0.8 ;
64.1388888889 4.96296296296 3.8549382716 1.22222222222 1.13580246914 8.95679012346 1.10185185185 ;
56.8345086977 3.09026798307 3.96332863188 1.81241184767 0.0 26.8227550541 3.95815702868 ;
62.3461538462 3.88705738706 2.32967032967 0.782661782662 1.24297924298 2.24542124542 0.0 ;
58.5141242938 3.74576271186 14.4745762712 3.49152542373 2.37288135593 10.1186440678 1.1581920904 ;
41.3295103661 5.68151742391 1.99294221438 0.0 0.0 4.27657697397 0.0 ;
37.8933333333 11.9911111111 9.88 1.10222222222 0.0577777777778 10.6177777778 0.697777777778 ;
57.153705398 3.10933211345 3.88289112534 1.79460201281 0.0 26.1797804209 3.85407136322 ;
48.1896551724 10.1034482759 11.4655172414 2.64367816092 0.977011494253 18.7586206897 2.0632183908 ;
40.8698630137 6.01141552511 2.03424657534 0.0 0.0 5.44996194825 0.147260273973 ;
64.3943217666 4.92429022082 3.7665615142 1.21451104101 1.1167192429 9.14826498423 1.1356466877 ;
41.4619164619 28.4742014742 4.88943488943 0.390663390663 0.029484029484 4.03194103194 0.0 ;
61.5193929174 3.84907251265 1.66694772344 0.634907251265 1.0 2.14924114671 0.0 ;
63.358649789 3.94936708861 6.20675105485 1.51687763713 2.35232067511 2.6223628692 0.0 ;
62.5424588086 3.81051964512 2.31495564005 0.778200253485 1.24588086185 2.1102661597 0.0 ;
56.8565380997 3.09783631232 3.97742238946 1.81796801505 0.0 26.8805268109 3.96519285042 ;
63.0082644628 4.92286501377 3.39944903581 1.08539944904 1.0 8.68870523416 0.980716253444 ;
61.3650793651 4.09523809524 12.0211640212 2.89947089947 2.54497354497 7.31216931217 0.740740740741 ;
40.8865979381 15.7216494845 10.3711340206 2.13402061856 0.154639175258 22.7628865979 2.26804123711 ;
40.75290975 6.01545506583 2.03930547605 0.0 0.0 5.45945430261 0.147300133562 ;
41.4433497537 28.3891625616 4.84975369458 0.386699507389 0.0295566502463 4.02955665025 0.0 ;
37.8933333333 11.9911111111 9.88 1.10222222222 0.0577777777778 10.6177777778 0.697777777778 ;
64.0901162791 4.86918604651 4.27906976744 1.3023255814 1.23837209302 8.58720930233 1.04069767442 ;
57.9622641509 3.78616352201 14.8364779874 3.58490566038 2.31446540881 10.9622641509 1.28301886792 ;
39.3384615385 16.481025641 2.01230769231 0.0 0.0 10.5323076923 0.8 ;
62.3459657702 3.88814180929 2.32029339853 0.781173594132 1.24083129584 2.24572127139 0.0 ;
41.3295103661 5.68151742391 1.99294221438 0.0 0.0 4.27657697397 0.0 ;
56.8345086977 3.09026798307 3.96332863188 1.81241184767 0.0 26.8227550541 3.95815702868 ;
48.1896551724 10.1034482759 11.4655172414 2.64367816092 0.977011494253 18.7586206897 2.0632183908 ;
61.5193929174 3.84907251265 1.66694772344 0.634907251265 1.0 2.14924114671 0.0 ;
40.8698630137 6.01141552511 2.03424657534 0.0 0.0 5.44996194825 0.147260273973 ;
64.3943217666 4.92429022082 3.7665615142 1.21451104101 1.1167192429 9.14826498423 1.1356466877 ;
41.4619164619 28.4742014742 4.88943488943 0.390663390663 0.029484029484 4.03194103194 0.0 ;
57.153705398 3.10933211345 3.88289112534 1.79460201281 0.0 26.1797804209 3.85407136322 ;
63.358649789 3.94936708861 6.20675105485 1.51687763713 2.35232067511 2.6223628692 0.0 ;
40.8698630137 6.01141552511 2.03424657534 0.0 0.0 5.44996194825 0.147260273973 ;
64.3943217666 4.92429022082 3.7665615142 1.21451104101 1.1167192429 9.14826498423 1.1356466877 ;
48.1896551724 10.1034482759 11.4655172414 2.64367816092 0.977011494253 18.7586206897 2.0632183908 ;
63.358649789 3.94936708861 6.20675105485 1.51687763713 2.35232067511 2.6223628692 0.0 ;
57.153705398 3.10933211345 3.88289112534 1.79460201281 0.0 26.1797804209 3.85407136322 ;
41.4619164619 28.4742014742 4.88943488943 0.390663390663 0.029484029484 4.03194103194 0.0 ;
61.5193929174 3.84907251265 1.66694772344 0.634907251265 1.0 2.14924114671 0.0 ;
62.3333333333 3.88321167883 2.35948905109 0.787712895377 1.24878345499 2.24330900243 0.0 ;
56.8388914984 3.09018318459 3.96007515265 1.81117895726 0.0 26.8022545796 3.9549084077 ;
41.3295103661 5.68151742391 1.99294221438 0.0 0.0 4.27657697397 0.0 ;
64.5511551155 5.04290429043 3.54125412541 1.16171617162 1.08250825083 9.11221122112 1.12871287129 ;
58.445026178 3.75916230366 14.0209424084 3.39267015707 2.31937172775 10.0052356021 1.14136125654 ;
37.88 12.0133333333 9.86222222222 1.10222222222 0.0577777777778 10.6533333333 0.706666666667 ;
39.3203285421 16.4948665298 2.01437371663 0.0 0.0 10.5359342916 0.799794661191 ;
61.3650793651 4.09523809524 12.0211640212 2.89947089947 2.54497354497 7.31216931217 0.740740740741 ;
40.75290975 6.01545506583 2.03930547605 0.0 0.0 5.45945430261 0.147300133562 ;
40.8865979381 15.7216494845 10.3711340206 2.13402061856 0.154639175258 22.7628865979 2.26804123711 ;
62.5428027901 3.80913126189 2.31515535828 0.778059606848 1.24603677869 2.10843373494 0.0 ;
41.4433497537 28.3891625616 4.84975369458 0.386699507389 0.0295566502463 4.02955665025 0.0 ;
63.0054945055 4.92582417582 3.3956043956 1.08516483516 1.0 8.67857142857 0.978021978022 ;
56.8565380997 3.09783631232 3.97742238946 1.81796801505 0.0 26.8805268109 3.96519285042 ;
62.348197923 3.88637751985 2.30910201588 0.779474648748 1.23640806353 2.24679291387 0.0 ;
64.2011661808 4.85131195335 4.30029154519 1.30903790087 1.25072886297 8.49562682216 1.02623906706 ;
37.2790697674 8.89740082079 2.46511627907 0.0588235294118 0.0 14.2544459644 1.2024623803 ;
56.7328066914 3.0813197026 3.9312267658 1.78996282528 0.0 26.5999070632 3.92565055762 ;
38.0053191489 11.6968085106 10.920212766 1.09574468085 0.0691489361702 6.01595744681 0.164893617021 ;
57.9378881988 3.80745341615 14.7329192547 3.55900621118 2.30434782609 11.0248447205 1.29192546584 ;
41.4617794486 7.46971595656 1.94987468672 0.0 0.0 4.24185463659 0.0 ;
42.9291338583 12.8267716535 10.2204724409 2.1811023622 0.503937007874 20.5275590551 2.17322834646 ;
56.8278301887 3.09622641509 3.98254716981 1.81933962264 0.0 26.9344339623 3.975 ;
62.521023766 3.88421694089 2.26386349787 0.770262035344 1.21937842779 2.239488117 0.0 ;
65.4037037037 5.13333333333 3.27037037037 1.1037037037 1.01851851852 8.94814814815 1.12222222222 ;
40.7823103317 6.01734654975 2.03793366374 0.0 0.0 5.45882577202 0.147540983607 ;
41.4433497537 28.3891625616 4.84975369458 0.386699507389 0.0295566502463 4.02955665025 0.0 ;
60.3368421053 3.64210526316 11.9947368421 2.87368421053 2.55263157895 7.36315789474 0.726315789474 ;
40.8698630137 6.01141552511 2.03424657534 0.0 0.0 5.44996194825 0.147260273973 ;
63.358649789 3.94936708861 6.20675105485 1.51687763713 2.35232067511 2.6223628692 0.0 ;
57.153705398 3.10933211345 3.88289112534 1.79460201281 0.0 26.1797804209 3.85407136322 ;
48.2774566474 10.1502890173 11.4046242775 2.64161849711 0.982658959538 18.838150289 2.07514450867 ;
41.4411764706 28.4093137255 4.93137254902 0.397058823529 0.0294117647059 4.03431372549 0.0 ;
64.3943217666 4.92429022082 3.7665615142 1.21451104101 1.1167192429 9.14826498423 1.1356466877 ;
61.5193929174 3.84907251265 1.66694772344 0.634907251265 1.0 2.14924114671 0.0 ;
40.8698630137 6.01141552511 2.03424657534 0.0 0.0 5.44996194825 0.147260273973 ;
63.358649789 3.94936708861 6.20675105485 1.51687763713 2.35232067511 2.6223628692 0.0 ;
48.1896551724 10.1034482759 11.4655172414 2.64367816092 0.977011494253 18.7586206897 2.0632183908 ;
57.153705398 3.10933211345 3.88289112534 1.79460201281 0.0 26.1797804209 3.85407136322 ;
61.5193929174 3.84907251265 1.66694772344 0.634907251265 1.0 2.14924114671 0.0 ;
41.4619164619 28.4742014742 4.88943488943 0.390663390663 0.029484029484 4.03194103194 0.0 ;
64.3943217666 4.92429022082 3.7665615142 1.21451104101 1.1167192429 9.14826498423 1.1356466877 ;
41.3295103661 5.68151742391 1.99294221438 0.0 0.0 4.27657697397 0.0 ;
62.3459657702 3.88814180929 2.32029339853 0.781173594132 1.24083129584 2.24572127139 0.0 ;
56.8345086977 3.09026798307 3.96332863188 1.81241184767 0.0 26.8227550541 3.95815702868 ;
64.0935672515 4.87426900585 4.23099415205 1.29239766082 1.22807017544 8.62280701754 1.04678362573 ;
37.8933333333 11.9911111111 9.88 1.10222222222 0.0577777777778 10.6177777778 0.697777777778 ;
39.3384615385 16.481025641 2.01230769231 0.0 0.0 10.5323076923 0.8 ;
58.0310559006 3.78881987578 14.8074534161 3.57763975155 2.32298136646 10.8571428571 1.26708074534 ;
64.6710963455 5.05315614618 3.53488372093 1.16279069767 1.08305647841 9.08637873754 1.12624584718 ;
41.3295103661 5.68151742391 1.99294221438 0.0 0.0 4.27657697397 0.0 ;
58.3212435233 3.75647668394 13.9222797927 3.36787564767 2.30569948187 10.0362694301 1.14507772021 ;
56.8388914984 3.09018318459 3.96007515265 1.81117895726 0.0 26.8022545796 3.9549084077 ;
62.3333333333 3.88321167883 2.35948905109 0.787712895377 1.24878345499 2.24330900243 0.0 ;
39.3203285421 16.4948665298 2.01437371663 0.0 0.0 10.5359342916 0.799794661191 ;
37.88 12.0133333333 9.86222222222 1.10222222222 0.0577777777778 10.6533333333 0.706666666667 ;
40.75290975 6.01545506583 2.03930547605 0.0 0.0 5.45945430261 0.147300133562 ;
63.0248618785 4.91988950276 3.40331491713 1.08563535912 1.0 8.69889502762 0.983425414365 ;
61.3650793651 4.09523809524 12.0211640212 2.89947089947 2.54497354497 7.31216931217 0.740740740741 ;
41.4433497537 28.3891625616 4.84975369458 0.386699507389 0.0295566502463 4.02955665025 0.0 ;
40.8865979381 15.7216494845 10.3711340206 2.13402061856 0.154639175258 22.7628865979 2.26804123711 ;
62.5389487017 3.81190626979 2.31475617479 0.778340721976 1.2457251425 2.11209626346 0.0 ;
56.8565380997 3.09783631232 3.97742238946 1.81796801505 0.0 26.8805268109 3.96519285042 ;
40.790777439 6.02000762195 2.03753810976 0.0 0.0 5.45750762195 0.147484756098 ;
48.5207100592 10.2899408284 11.3431952663 2.65088757396 0.96449704142 19.2130177515 2.12426035503 ;
62.5764546685 3.91813261164 1.84844384303 0.700947225981 1.09336941813 2.20162381597 0.0 ;
56.820028342 3.09494567785 3.98582900331 1.82050070855 0.0 26.9636277752 3.97968823807 ;
41.4275184275 28.4226044226 4.93857493857 0.398034398034 0.029484029484 4.03685503686 0.0 ;
64.3943217666 4.92429022082 3.7665615142 1.21451104101 1.1167192429 9.14826498423 1.1356466877 ;
60.9734848485 3.53787878788 8.68939393939 1.94696969697 2.62121212121 2.66666666667 0.0 ;
40.6941638608 6.54077815189 2.03123830902 0.0 0.0 5.46483352039 0.149083426861 ;
56.4183341089 3.32899022801 4.00279199628 1.80921358772 0.0 27.1307584923 3.97719869707 ;
62.658008658 3.78107606679 2.30117501546 0.775510204082 1.22016079159 2.10822510823 0.0 ;
40.7967741935 28.4032258065 6.51935483871 0.577419354839 0.041935483871 4.59677419355 0.0354838709677 ;
58.2163461538 4.19230769231 13.0 3.01923076923 2.34134615385 7.85576923077 0.769230769231 ;
59.0 3.875 19.75 5.5 0.25 30.25 4.25 ;
63.7486187845 4.95856353591 3.35082872928 1.12154696133 1.0 8.95580110497 1.01933701657 ;
40.6942210585 6.54610061717 2.03104544604 0.0 0.0 5.46437254535 0.149055545166 ;
61.625 4.125 19.875 5.875 0.25 33.625 4.875 ;
63.7486187845 4.95856353591 3.35082872928 1.12154696133 1.0 8.95580110497 1.01933701657 ;
62.658008658 3.78107606679 2.30117501546 0.775510204082 1.22016079159 2.10822510823 0.0 ;
56.417132216 3.32867783985 4.0 1.80819366853 0.0 27.124301676 3.97625698324 ;
58.3140096618 4.13526570048 12.9951690821 3.02898550725 2.35265700483 7.8115942029 0.768115942029 ;
40.7781350482 28.2572347267 6.5691318328 0.581993569132 0.0418006430868 4.67202572347 0.0418006430868 ;
64.0935672515 4.87426900585 4.23099415205 1.29239766082 1.22807017544 8.62280701754 1.04678362573 ;
41.3295103661 5.68151742391 1.99294221438 0.0 0.0 4.27657697397 0.0 ;
56.8345086977 3.09026798307 3.96332863188 1.81241184767 0.0 26.8227550541 3.95815702868 ;
62.3459657702 3.88814180929 2.32029339853 0.781173594132 1.24083129584 2.24572127139 0.0 ;
37.8933333333 11.9911111111 9.88 1.10222222222 0.0577777777778 10.6177777778 0.697777777778 ;
39.3384615385 16.481025641 2.01230769231 0.0 0.0 10.5323076923 0.8 ;
58.0310559006 3.78881987578 14.8074534161 3.57763975155 2.32298136646 10.8571428571 1.26708074534 ;
63.358649789 3.94936708861 6.20675105485 1.51687763713 2.35232067511 2.6223628692 0.0 ;
61.5193929174 3.84907251265 1.66694772344 0.634907251265 1.0 2.14924114671 0.0 ;
57.153705398 3.10933211345 3.88289112534 1.79460201281 0.0 26.1797804209 3.85407136322 ;
41.4619164619 28.4742014742 4.88943488943 0.390663390663 0.029484029484 4.03194103194 0.0 ;
48.1896551724 10.1034482759 11.4655172414 2.64367816092 0.977011494253 18.7586206897 2.0632183908 ;
64.3943217666 4.92429022082 3.7665615142 1.21451104101 1.1167192429 9.14826498423 1.1356466877 ;
40.8698630137 6.01141552511 2.03424657534 0.0 0.0 5.44996194825 0.147260273973 ;
58.3140096618 4.13526570048 12.9951690821 3.02898550725 2.35265700483 7.8115942029 0.768115942029 ;
40.6942210585 6.54610061717 2.03104544604 0.0 0.0 5.46437254535 0.149055545166 ;
56.417132216 3.32867783985 4.0 1.80819366853 0.0 27.124301676 3.97625698324 ;
61.625 4.125 19.875 5.875 0.25 33.625 4.875 ;
40.7781350482 28.2572347267 6.5691318328 0.581993569132 0.0418006430868 4.67202572347 0.0418006430868 ;
62.658008658 3.78107606679 2.30117501546 0.775510204082 1.22016079159 2.10822510823 0.0 ;
63.7486187845 4.95856353591 3.35082872928 1.12154696133 1.0 8.95580110497 1.01933701657 ;
61.5193929174 3.84907251265 1.66694772344 0.634907251265 1.0 2.14924114671 0.0 ;
57.153705398 3.10933211345 3.88289112534 1.79460201281 0.0 26.1797804209 3.85407136322 ;
64.3943217666 4.92429022082 3.7665615142 1.21451104101 1.1167192429 9.14826498423 1.1356466877 ;
41.4619164619 28.4742014742 4.88943488943 0.390663390663 0.029484029484 4.03194103194 0.0 ;
40.8698630137 6.01141552511 2.03424657534 0.0 0.0 5.44996194825 0.147260273973 ;
48.1896551724 10.1034482759 11.4655172414 2.64367816092 0.977011494253 18.7586206897 2.0632183908 ;
63.358649789 3.94936708861 6.20675105485 1.51687763713 2.35232067511 2.6223628692 0.0 ;
39.3384615385 16.481025641 2.01230769231 0.0 0.0 10.5323076923 0.8 ;
62.3459657702 3.88814180929 2.32029339853 0.781173594132 1.24083129584 2.24572127139 0.0 ;
56.8345086977 3.09026798307 3.96332863188 1.81241184767 0.0 26.8227550541 3.95815702868 ;
64.0935672515 4.87426900585 4.23099415205 1.29239766082 1.22807017544 8.62280701754 1.04678362573 ;
41.3295103661 5.68151742391 1.99294221438 0.0 0.0 4.27657697397 0.0 ;
37.8933333333 11.9911111111 9.88 1.10222222222 0.0577777777778 10.6177777778 0.697777777778 ;
58.0310559006 3.78881987578 14.8074534161 3.57763975155 2.32298136646 10.8571428571 1.26708074534 ;
64.0967741935 4.87683284457 4.21407624633 1.29032258065 1.22580645161 8.63049853372 1.04692082111 ;
41.3295103661 5.68151742391 1.99294221438 0.0 0.0 4.27657697397 0.0 ;
56.8345086977 3.09026798307 3.96332863188 1.81241184767 0.0 26.8227550541 3.95815702868 ;
58.0617283951 3.79012345679 14.7777777778 3.56790123457 2.32098765432 10.8271604938 1.26543209877 ;
37.8933333333 11.9911111111 9.88 1.10222222222 0.0577777777778 10.6177777778 0.697777777778 ;
62.3459657702 3.88814180929 2.32029339853 0.781173594132 1.24083129584 2.24572127139 0.0 ;
39.3384615385 16.481025641 2.01230769231 0.0 0.0 10.5323076923 0.8 ;
56.4183341089 3.32899022801 4.00279199628 1.80921358772 0.0 27.1307584923 3.97719869707 ;
40.6862598278 6.52489704231 2.03238487458 0.0 0.0 5.46593036316 0.149195058031 ;
58.028436019 4.2654028436 12.9573459716 3.0 2.32227488152 7.85308056872 0.767772511848 ;
63.941011236 4.98314606742 3.37078651685 1.13483146067 1.0 9.02528089888 1.03651685393 ;
40.8295819936 28.575562701 6.44051446945 0.565916398714 0.0418006430868 4.55948553055 0.0289389067524 ;
59.0 3.875 19.75 5.5 0.25 30.25 4.25 ;
62.6315465188 3.78065311152 2.29451632779 0.772643253235 1.21749845964 2.11829944547 0.0 ;
40.7676902537 6.01430478734 2.03871829105 0.0 0.0 5.45813465573 0.147243944307 ;
61.0740740741 4.16402116402 11.9735449735 2.87301587302 2.52380952381 7.33333333333 0.740740740741 ;
56.8684828558 3.09816815406 3.97322686707 1.81681540629 0.0 26.8473461719 3.95960544857 ;
41.4433497537 28.3891625616 4.84975369458 0.386699507389 0.0295566502463 4.02955665025 0.0 ;
62.5267857143 3.80676020408 2.33482142857 0.779974489796 1.25382653061 2.09375 0.0 ;
63.1246612466 4.91869918699 3.34688346883 1.08943089431 1.0 8.64498644986 0.964769647696 ;
40.5729166667 15.75 10.4375 2.14583333333 0.135416666667 22.9270833333 2.29166666667 ;
40.7823103317 6.01734654975 2.03793366374 0.0 0.0 5.45882577202 0.147540983607 ;
43.015625 12.7578125 10.171875 2.1796875 0.5078125 20.5078125 2.1796875 ;
65.4037037037 5.13333333333 3.27037037037 1.1037037037 1.01851851852 8.94814814815 1.12222222222 ;
41.4433497537 28.3891625616 4.84975369458 0.386699507389 0.0295566502463 4.02955665025 0.0 ;
62.521023766 3.88421694089 2.26386349787 0.770262035344 1.21937842779 2.239488117 0.0 ;
56.8278301887 3.09622641509 3.98254716981 1.81933962264 0.0 26.9344339623 3.975 ;
60.3703703704 3.64021164021 12.037037037 2.87830687831 2.56084656085 7.30687830688 0.714285714286 ;
58.0506329114 3.79113924051 14.8607594937 3.58860759494 2.31012658228 11.0126582278 1.29113924051 ;
62.3459657702 3.88814180929 2.32029339853 0.781173594132 1.24083129584 2.24572127139 0.0 ;
39.3384615385 16.481025641 2.01230769231 0.0 0.0 10.5323076923 0.8 ;
56.8345086977 3.09026798307 3.96332863188 1.81241184767 0.0 26.8227550541 3.95815702868 ;
64.031884058 4.86376811594 4.29855072464 1.30724637681 1.24347826087 8.57101449275 1.03768115942 ;
37.8933333333 11.9911111111 9.88 1.10222222222 0.0577777777778 10.6177777778 0.697777777778 ;
41.3295103661 5.68151742391 1.99294221438 0.0 0.0 4.27657697397 0.0 ;
62.658008658 3.78107606679 2.30117501546 0.775510204082 1.22016079159 2.10822510823 0.0 ;
40.6942210585 6.54610061717 2.03104544604 0.0 0.0 5.46437254535 0.149055545166 ;
61.625 4.125 19.875 5.875 0.25 33.625 4.875 ;
40.7781350482 28.2572347267 6.5691318328 0.581993569132 0.0418006430868 4.67202572347 0.0418006430868 ;
58.3140096618 4.13526570048 12.9951690821 3.02898550725 2.35265700483 7.8115942029 0.768115942029 ;
56.417132216 3.32867783985 4.0 1.80819366853 0.0 27.124301676 3.97625698324 ;
63.7486187845 4.95856353591 3.35082872928 1.12154696133 1.0 8.95580110497 1.01933701657 ;
63.358649789 3.94936708861 6.20675105485 1.51687763713 2.35232067511 2.6223628692 0.0 ;
40.8698630137 6.01141552511 2.03424657534 0.0 0.0 5.44996194825 0.147260273973 ;
48.1896551724 10.1034482759 11.4655172414 2.64367816092 0.977011494253 18.7586206897 2.0632183908 ;
64.3943217666 4.92429022082 3.7665615142 1.21451104101 1.1167192429 9.14826498423 1.1356466877 ;
41.4619164619 28.4742014742 4.88943488943 0.390663390663 0.029484029484 4.03194103194 0.0 ;
57.153705398 3.10933211345 3.88289112534 1.79460201281 0.0 26.1797804209 3.85407136322 ;
61.5193929174 3.84907251265 1.66694772344 0.634907251265 1.0 2.14924114671 0.0 ;
40.75290975 6.01545506583 2.03930547605 0.0 0.0 5.45945430261 0.147300133562 ;
63.0054945055 4.92582417582 3.3956043956 1.08516483516 1.0 8.67857142857 0.978021978022 ;
62.5428027901 3.80913126189 2.31515535828 0.778059606848 1.24603677869 2.10843373494 0.0 ;
41.4433497537 28.3891625616 4.84975369458 0.386699507389 0.0295566502463 4.02955665025 0.0 ;
56.8565380997 3.09783631232 3.97742238946 1.81796801505 0.0 26.8805268109 3.96519285042 ;
40.8865979381 15.7216494845 10.3711340206 2.13402061856 0.154639175258 22.7628865979 2.26804123711 ;
61.3650793651 4.09523809524 12.0211640212 2.89947089947 2.54497354497 7.31216931217 0.740740740741 ;
63.0248618785 4.91988950276 3.40331491713 1.08563535912 1.0 8.69889502762 0.983425414365 ;
62.5389487017 3.81190626979 2.31475617479 0.778340721976 1.2457251425 2.11209626346 0.0 ;
61.3650793651 4.09523809524 12.0211640212 2.89947089947 2.54497354497 7.31216931217 0.740740740741 ;
40.75290975 6.01545506583 2.03930547605 0.0 0.0 5.45945430261 0.147300133562 ;
41.4433497537 28.3891625616 4.84975369458 0.386699507389 0.0295566502463 4.02955665025 0.0 ;
56.8565380997 3.09783631232 3.97742238946 1.81796801505 0.0 26.8805268109 3.96519285042 ;
40.8865979381 15.7216494845 10.3711340206 2.13402061856 0.154639175258 22.7628865979 2.26804123711 ;
40.8698630137 6.01141552511 2.03424657534 0.0 0.0 5.44996194825 0.147260273973 ;
63.358649789 3.94936708861 6.20675105485 1.51687763713 2.35232067511 2.6223628692 0.0 ;
48.1896551724 10.1034482759 11.4655172414 2.64367816092 0.977011494253 18.7586206897 2.0632183908 ;
41.4619164619 28.4742014742 4.88943488943 0.390663390663 0.029484029484 4.03194103194 0.0 ;
57.153705398 3.10933211345 3.88289112534 1.79460201281 0.0 26.1797804209 3.85407136322 ;
64.3943217666 4.92429022082 3.7665615142 1.21451104101 1.1167192429 9.14826498423 1.1356466877 ;
61.5193929174 3.84907251265 1.66694772344 0.634907251265 1.0 2.14924114671 0.0 ;
62.3459657702 3.88814180929 2.32029339853 0.781173594132 1.24083129584 2.24572127139 0.0 ;
56.8345086977 3.09026798307 3.96332863188 1.81241184767 0.0 26.8227550541 3.95815702868 ;
64.0967741935 4.87683284457 4.21407624633 1.29032258065 1.22580645161 8.63049853372 1.04692082111 ;
41.3295103661 5.68151742391 1.99294221438 0.0 0.0 4.27657697397 0.0 ;
58.0617283951 3.79012345679 14.7777777778 3.56790123457 2.32098765432 10.8271604938 1.26543209877 ;
37.8933333333 11.9911111111 9.88 1.10222222222 0.0577777777778 10.6177777778 0.697777777778 ;
39.3384615385 16.481025641 2.01230769231 0.0 0.0 10.5323076923 0.8 ;
61.5193929174 3.84907251265 1.66694772344 0.634907251265 1.0 2.14924114671 0.0 ;
57.153705398 3.10933211345 3.88289112534 1.79460201281 0.0 26.1797804209 3.85407136322 ;
41.4619164619 28.4742014742 4.88943488943 0.390663390663 0.029484029484 4.03194103194 0.0 ;
64.3943217666 4.92429022082 3.7665615142 1.21451104101 1.1167192429 9.14826498423 1.1356466877 ;
48.1896551724 10.1034482759 11.4655172414 2.64367816092 0.977011494253 18.7586206897 2.0632183908 ;
40.8698630137 6.01141552511 2.03424657534 0.0 0.0 5.44996194825 0.147260273973 ;
63.358649789 3.94936708861 6.20675105485 1.51687763713 2.35232067511 2.6223628692 0.0 ;
62.3461538462 3.88705738706 2.32967032967 0.782661782662 1.24297924298 2.24542124542 0.0 ;
39.3384615385 16.481025641 2.01230769231 0.0 0.0 10.5323076923 0.8 ;
41.3295103661 5.68151742391 1.99294221438 0.0 0.0 4.27657697397 0.0 ;
58.5141242938 3.74576271186 14.4745762712 3.49152542373 2.37288135593 10.1186440678 1.1581920904 ;
37.8933333333 11.9911111111 9.88 1.10222222222 0.0577777777778 10.6177777778 0.697777777778 ;
64.1388888889 4.96296296296 3.8549382716 1.22222222222 1.13580246914 8.95679012346 1.10185185185 ;
56.8345086977 3.09026798307 3.96332863188 1.81241184767 0.0 26.8227550541 3.95815702868 ;
39.3203285421 16.4948665298 2.01437371663 0.0 0.0 10.5359342916 0.799794661191 ;
62.3333333333 3.88321167883 2.35948905109 0.787712895377 1.24878345499 2.24330900243 0.0 ;
41.3295103661 5.68151742391 1.99294221438 0.0 0.0 4.27657697397 0.0 ;
56.8388914984 3.09018318459 3.96007515265 1.81117895726 0.0 26.8022545796 3.9549084077 ;
58.3212435233 3.75647668394 13.9222797927 3.36787564767 2.30569948187 10.0362694301 1.14507772021 ;
37.88 12.0133333333 9.86222222222 1.10222222222 0.0577777777778 10.6533333333 0.706666666667 ;
64.6710963455 5.05315614618 3.53488372093 1.16279069767 1.08305647841 9.08637873754 1.12624584718 ;
40.6879910213 6.54657687991 2.03142536476 0.0 0.0 5.46520763187 0.149083426861 ;
58.3140096618 4.13526570048 12.9951690821 3.02898550725 2.35265700483 7.8115942029 0.768115942029 ;
63.7486187845 4.95856353591 3.35082872928 1.12154696133 1.0 8.95580110497 1.01933701657 ;
56.417132216 3.32867783985 4.0 1.80819366853 0.0 27.124301676 3.97625698324 ;
40.7781350482 28.2572347267 6.5691318328 0.581993569132 0.0418006430868 4.67202572347 0.0418006430868 ;
62.6650185414 3.78121137206 2.29975278121 0.775030902349 1.21940667491 2.10754017305 0.0 ;
61.625 4.125 19.875 5.875 0.25 33.625 4.875 ;
63.358649789 3.94936708861 6.20675105485 1.51687763713 2.35232067511 2.6223628692 0.0 ;
61.5193929174 3.84907251265 1.66694772344 0.634907251265 1.0 2.14924114671 0.0 ;
48.1896551724 10.1034482759 11.4655172414 2.64367816092 0.977011494253 18.7586206897 2.0632183908 ;
41.4619164619 28.4742014742 4.88943488943 0.390663390663 0.029484029484 4.03194103194 0.0 ;
57.153705398 3.10933211345 3.88289112534 1.79460201281 0.0 26.1797804209 3.85407136322 ;
64.3943217666 4.92429022082 3.7665615142 1.21451104101 1.1167192429 9.14826498423 1.1356466877 ;
40.8698630137 6.01141552511 2.03424657534 0.0 0.0 5.44996194825 0.147260273973 ;
64.3943217666 4.92429022082 3.7665615142 1.21451104101 1.1167192429 9.14826498423 1.1356466877 ;
61.5193929174 3.84907251265 1.66694772344 0.634907251265 1.0 2.14924114671 0.0 ;
48.1896551724 10.1034482759 11.4655172414 2.64367816092 0.977011494253 18.7586206897 2.0632183908 ;
63.358649789 3.94936708861 6.20675105485 1.51687763713 2.35232067511 2.6223628692 0.0 ;
41.4619164619 28.4742014742 4.88943488943 0.390663390663 0.029484029484 4.03194103194 0.0 ;
57.153705398 3.10933211345 3.88289112534 1.79460201281 0.0 26.1797804209 3.85407136322 ;
40.8698630137 6.01141552511 2.03424657534 0.0 0.0 5.44996194825 0.147260273973 ;
63.0054945055 4.92582417582 3.3956043956 1.08516483516 1.0 8.67857142857 0.978021978022 ;
40.75290975 6.01545506583 2.03930547605 0.0 0.0 5.45945430261 0.147300133562 ;
61.3650793651 4.09523809524 12.0211640212 2.89947089947 2.54497354497 7.31216931217 0.740740740741 ;
62.5428027901 3.80913126189 2.31515535828 0.778059606848 1.24603677869 2.10843373494 0.0 ;
56.8565380997 3.09783631232 3.97742238946 1.81796801505 0.0 26.8805268109 3.96519285042 ;
41.4433497537 28.3891625616 4.84975369458 0.386699507389 0.0295566502463 4.02955665025 0.0 ;
40.8865979381 15.7216494845 10.3711340206 2.13402061856 0.154639175258 22.7628865979 2.26804123711 ;
63.358649789 3.94936708861 6.20675105485 1.51687763713 2.35232067511 2.6223628692 0.0 ;
57.153705398 3.10933211345 3.88289112534 1.79460201281 0.0 26.1797804209 3.85407136322 ;
40.8698630137 6.01141552511 2.03424657534 0.0 0.0 5.44996194825 0.147260273973 ;
41.4619164619 28.4742014742 4.88943488943 0.390663390663 0.029484029484 4.03194103194 0.0 ;
48.1896551724 10.1034482759 11.4655172414 2.64367816092 0.977011494253 18.7586206897 2.0632183908 ;
64.3943217666 4.92429022082 3.7665615142 1.21451104101 1.1167192429 9.14826498423 1.1356466877 ;
61.5193929174 3.84907251265 1.66694772344 0.634907251265 1.0 2.14924114671 0.0 ;
40.6806361085 6.54742750234 2.03161833489 0.0 0.0 5.46604303087 0.14911131899 ;
58.8374384236 4.0197044335 12.9704433498 3.01477832512 2.41379310345 7.75862068966 0.76354679803 ;
64.2334293948 4.99711815562 3.38904899135 1.1469740634 1.0 9.1469740634 1.06340057637 ;
56.4073556797 3.32867783985 4.00372439479 1.80959031657 0.0 27.1410614525 3.97905027933 ;
40.7635782748 28.1533546326 6.62619808307 0.600638977636 0.0415335463259 4.69009584665 0.0447284345048 ;
55.9 4.2 19.1 5.4 0.2 25.5 3.6 ;
62.5856793146 3.78702570379 2.29192166463 0.771113831089 1.21481028152 2.13219094247 0.0 ;
64.031884058 4.86376811594 4.29855072464 1.30724637681 1.24347826087 8.57101449275 1.03768115942 ;
62.3459657702 3.88814180929 2.32029339853 0.781173594132 1.24083129584 2.24572127139 0.0 ;
56.8345086977 3.09026798307 3.96332863188 1.81241184767 0.0 26.8227550541 3.95815702868 ;
39.3384615385 16.481025641 2.01230769231 0.0 0.0 10.5323076923 0.8 ;
58.0506329114 3.79113924051 14.8607594937 3.58860759494 2.31012658228 11.0126582278 1.29113924051 ;
37.8933333333 11.9911111111 9.88 1.10222222222 0.0577777777778 10.6177777778 0.697777777778 ;
41.3295103661 5.68151742391 1.99294221438 0.0 0.0 4.27657697397 0.0 ;
40.6879910213 6.54657687991 2.03142536476 0.0 0.0 5.46520763187 0.149083426861 ;
61.625 4.125 19.875 5.875 0.25 33.625 4.875 ;
58.3140096618 4.13526570048 12.9951690821 3.02898550725 2.35265700483 7.8115942029 0.768115942029 ;
40.7781350482 28.2572347267 6.5691318328 0.581993569132 0.0418006430868 4.67202572347 0.0418006430868 ;
56.417132216 3.32867783985 4.0 1.80819366853 0.0 27.124301676 3.97625698324 ;
62.6650185414 3.78121137206 2.29975278121 0.775030902349 1.21940667491 2.10754017305 0.0 ;
63.7486187845 4.95856353591 3.35082872928 1.12154696133 1.0 8.95580110497 1.01933701657 ;
41.3295103661 5.68151742391 1.99294221438 0.0 0.0 4.27657697397 0.0 ;
56.8345086977 3.09026798307 3.96332863188 1.81241184767 0.0 26.8227550541 3.95815702868 ;
64.031884058 4.86376811594 4.29855072464 1.30724637681 1.24347826087 8.57101449275 1.03768115942 ;
37.8933333333 11.9911111111 9.88 1.10222222222 0.0577777777778 10.6177777778 0.697777777778 ;
39.3384615385 16.481025641 2.01230769231 0.0 0.0 10.5323076923 0.8 ;
62.3459657702 3.88814180929 2.32029339853 0.781173594132 1.24083129584 2.24572127139 0.0 ;
58.0506329114 3.79113924051 14.8607594937 3.58860759494 2.31012658228 11.0126582278 1.29113924051 ;
40.8698630137 6.01141552511 2.03424657534 0.0 0.0 5.44996194825 0.147260273973 ;
63.358649789 3.94936708861 6.20675105485 1.51687763713 2.35232067511 2.6223628692 0.0 ;
41.4619164619 28.4742014742 4.88943488943 0.390663390663 0.029484029484 4.03194103194 0.0 ;
48.1896551724 10.1034482759 11.4655172414 2.64367816092 0.977011494253 18.7586206897 2.0632183908 ;
61.5193929174 3.84907251265 1.66694772344 0.634907251265 1.0 2.14924114671 0.0 ;
57.153705398 3.10933211345 3.88289112534 1.79460201281 0.0 26.1797804209 3.85407136322 ;
64.3943217666 4.92429022082 3.7665615142 1.21451104101 1.1167192429 9.14826498423 1.1356466877 ;
40.790777439 6.02000762195 2.03753810976 0.0 0.0 5.45750762195 0.147484756098 ;
48.5207100592 10.2899408284 11.3431952663 2.65088757396 0.96449704142 19.2130177515 2.12426035503 ;
64.3943217666 4.92429022082 3.7665615142 1.21451104101 1.1167192429 9.14826498423 1.1356466877 ;
60.9734848485 3.53787878788 8.68939393939 1.94696969697 2.62121212121 2.66666666667 0.0 ;
41.4275184275 28.4226044226 4.93857493857 0.398034398034 0.029484029484 4.03685503686 0.0 ;
56.820028342 3.09494567785 3.98582900331 1.82050070855 0.0 26.9636277752 3.97968823807 ;
62.5764546685 3.91813261164 1.84844384303 0.700947225981 1.09336941813 2.20162381597 0.0 ;
64.3943217666 4.92429022082 3.7665615142 1.21451104101 1.1167192429 9.14826498423 1.1356466877 ;
48.1896551724 10.1034482759 11.4655172414 2.64367816092 0.977011494253 18.7586206897 2.0632183908 ;
61.5193929174 3.84907251265 1.66694772344 0.634907251265 1.0 2.14924114671 0.0 ;
57.153705398 3.10933211345 3.88289112534 1.79460201281 0.0 26.1797804209 3.85407136322 ;
40.8698630137 6.01141552511 2.03424657534 0.0 0.0 5.44996194825 0.147260273973 ;
63.358649789 3.94936708861 6.20675105485 1.51687763713 2.35232067511 2.6223628692 0.0 ;
41.4619164619 28.4742014742 4.88943488943 0.390663390663 0.029484029484 4.03194103194 0.0 ;
62.3532641855 3.88712629652 2.3288590604 0.782794386821 1.24222086638 2.2471018914 0.0 ;
37.2790697674 8.89740082079 2.46511627907 0.0588235294118 0.0 14.2544459644 1.2024623803 ;
56.7381615599 3.08124419684 3.92850510678 1.78922934076 0.0 26.5775301764 3.92200557103 ;
38.0053191489 11.6968085106 10.920212766 1.09574468085 0.0691489361702 6.01595744681 0.164893617021 ;
58.1560693642 3.78612716763 14.4971098266 3.49710982659 2.34104046243 10.450867052 1.20809248555 ;
41.4617794486 7.46971595656 1.94987468672 0.0 0.0 4.24185463659 0.0 ;
64.3119266055 4.91437308869 3.9755351682 1.24770642202 1.17125382263 8.77981651376 1.07339449541 ;
39.3384615385 16.481025641 2.01230769231 0.0 0.0 10.5323076923 0.8 ;
58.5141242938 3.74576271186 14.4745762712 3.49152542373 2.37288135593 10.1186440678 1.1581920904 ;
64.1388888889 4.96296296296 3.8549382716 1.22222222222 1.13580246914 8.95679012346 1.10185185185 ;
62.3461538462 3.88705738706 2.32967032967 0.782661782662 1.24297924298 2.24542124542 0.0 ;
37.8933333333 11.9911111111 9.88 1.10222222222 0.0577777777778 10.6177777778 0.697777777778 ;
56.8345086977 3.09026798307 3.96332863188 1.81241184767 0.0 26.8227550541 3.95815702868 ;
41.3295103661 5.68151742391 1.99294221438 0.0 0.0 4.27657697397 0.0 ;
63.358649789 3.94936708861 6.20675105485 1.51687763713 2.35232067511 2.6223628692 0.0 ;
61.5193929174 3.84907251265 1.66694772344 0.634907251265 1.0 2.14924114671 0.0 ;
57.153705398 3.10933211345 3.88289112534 1.79460201281 0.0 26.1797804209 3.85407136322 ;
40.8698630137 6.01141552511 2.03424657534 0.0 0.0 5.44996194825 0.147260273973 ;
48.1896551724 10.1034482759 11.4655172414 2.64367816092 0.977011494253 18.7586206897 2.0632183908 ;
41.4619164619 28.4742014742 4.88943488943 0.390663390663 0.029484029484 4.03194103194 0.0 ;
64.3943217666 4.92429022082 3.7665615142 1.21451104101 1.1167192429 9.14826498423 1.1356466877 ;
62.4697336562 3.87953995157 2.33837772397 0.782687651332 1.2397094431 2.2397094431 0.0 ;
40.8079495509 5.99101853621 2.02579782152 0.0 0.0 5.42327536786 0.144276705523 ;
56.8327032136 3.08884688091 3.97117202268 1.81899810964 0.0 26.9144612476 3.97495274102 ;
39.1094890511 14.8102189781 8.70802919708 1.2700729927 0.0 17.6131386861 1.4598540146 ;
41.616 29.872 4.24 0.296 0.0346666666667 3.85333333333 0.0 ;
58.7868020305 3.7461928934 13.3350253807 3.2538071066 2.33502538071 10.1218274112 1.16751269036 ;
65.0551724138 5.07931034483 3.45172413793 1.14137931034 1.08965517241 8.92413793103 1.11034482759 ;
40.6806361085 6.54742750234 2.03161833489 0.0 0.0 5.46604303087 0.14911131899 ;
58.8374384236 4.0197044335 12.9704433498 3.01477832512 2.41379310345 7.75862068966 0.76354679803 ;
56.4073556797 3.32867783985 4.00372439479 1.80959031657 0.0 27.1410614525 3.97905027933 ;
64.2334293948 4.99711815562 3.38904899135 1.1469740634 1.0 9.1469740634 1.06340057637 ;
55.9 4.2 19.1 5.4 0.2 25.5 3.6 ;
62.5856793146 3.78702570379 2.29192166463 0.771113831089 1.21481028152 2.13219094247 0.0 ;
40.7635782748 28.1533546326 6.62619808307 0.600638977636 0.0415335463259 4.69009584665 0.0447284345048 ;
40.75290975 6.01545506583 2.03930547605 0.0 0.0 5.45945430261 0.147300133562 ;
63.0248618785 4.91988950276 3.40331491713 1.08563535912 1.0 8.69889502762 0.983425414365 ;
61.3650793651 4.09523809524 12.0211640212 2.89947089947 2.54497354497 7.31216931217 0.740740740741 ;
41.4433497537 28.3891625616 4.84975369458 0.386699507389 0.0295566502463 4.02955665025 0.0 ;
56.8565380997 3.09783631232 3.97742238946 1.81796801505 0.0 26.8805268109 3.96519285042 ;
40.8865979381 15.7216494845 10.3711340206 2.13402061856 0.154639175258 22.7628865979 2.26804123711 ;
62.5389487017 3.81190626979 2.31475617479 0.778340721976 1.2457251425 2.11209626346 0.0 ;
40.7467617796 6.42068706589 2.03153745072 0.0 0.0 5.4449033227 0.146799324197 ;
60.1826923077 7.62980769231 3.77403846154 1.14423076923 0.807692307692 15.0817307692 1.71153846154 ;
56.7921401515 3.09517045455 3.98958333333 1.82149621212 0.0 27.0123106061 3.98816287879 ;
62.6180722892 3.87469879518 2.24578313253 0.765662650602 1.20843373494 2.23493975904 0.0 ;
51.8833333333 5.40833333333 13.2916666667 3.09166666667 1.26666666667 14.0416666667 1.6 ;
40.9601226994 28.6993865031 6.06134969325 0.530674846626 0.0398773006135 4.27607361963 0.00306748466258 ;
62.2307692308 3.94331983806 7.87854251012 2.02024291498 2.01619433198 6.03238866397 0.663967611336 ;
64.3943217666 4.92429022082 3.7665615142 1.21451104101 1.1167192429 9.14826498423 1.1356466877 ;
62.6068779501 3.91436277815 1.84423465947 0.70060687795 1.08968307485 2.20026972353 0.0 ;
56.8079470199 3.09508041627 3.99006622517 1.82166508988 0.0 26.9981078524 3.9853358562 ;
40.7742612011 6.01811248808 2.03832221163 0.0 0.0 5.45986653956 0.147569113441 ;
48.5207100592 10.2899408284 11.3431952663 2.65088757396 0.96449704142 19.2130177515 2.12426035503 ;
60.9734848485 3.53787878788 8.68939393939 1.94696969697 2.62121212121 2.66666666667 0.0 ;
41.4411764706 28.4093137255 4.93137254902 0.397058823529 0.0294117647059 4.03431372549 0.0 ;
61.5193929174 3.84907251265 1.66694772344 0.634907251265 1.0 2.14924114671 0.0 ;
48.1896551724 10.1034482759 11.4655172414 2.64367816092 0.977011494253 18.7586206897 2.0632183908 ;
57.153705398 3.10933211345 3.88289112534 1.79460201281 0.0 26.1797804209 3.85407136322 ;
41.4619164619 28.4742014742 4.88943488943 0.390663390663 0.029484029484 4.03194103194 0.0 ;
64.3943217666 4.92429022082 3.7665615142 1.21451104101 1.1167192429 9.14826498423 1.1356466877 ;
40.8698630137 6.01141552511 2.03424657534 0.0 0.0 5.44996194825 0.147260273973 ;
63.358649789 3.94936708861 6.20675105485 1.51687763713 2.35232067511 2.6223628692 0.0 ;
40.8698630137 6.01141552511 2.03424657534 0.0 0.0 5.44996194825 0.147260273973 ;
63.358649789 3.94936708861 6.20675105485 1.51687763713 2.35232067511 2.6223628692 0.0 ;
57.153705398 3.10933211345 3.88289112534 1.79460201281 0.0 26.1797804209 3.85407136322 ;
41.4619164619 28.4742014742 4.88943488943 0.390663390663 0.029484029484 4.03194103194 0.0 ;
61.5193929174 3.84907251265 1.66694772344 0.634907251265 1.0 2.14924114671 0.0 ;
64.3943217666 4.92429022082 3.7665615142 1.21451104101 1.1167192429 9.14826498423 1.1356466877 ;
48.1896551724 10.1034482759 11.4655172414 2.64367816092 0.977011494253 18.7586206897 2.0632183908 ;
40.5263157895 15.6 10.4947368421 2.16842105263 0.126315789474 23.1368421053 2.31578947368 ;
56.8684828558 3.09816815406 3.97322686707 1.81681540629 0.0 26.8473461719 3.95960544857 ;
40.746804045 6.01927113146 2.03968708262 0.0 0.0 5.46002671246 0.147300133562 ;
60.4020618557 4.12886597938 11.8402061856 2.81443298969 2.48453608247 7.24226804124 0.726804123711 ;
63.8703703704 4.92857142857 3.25396825397 1.12169312169 1.0 8.61111111111 0.939153439153 ;
62.4630700064 3.79961464355 2.33333333333 0.769428387925 1.25369299936 2.05716120745 0.0 ;
41.4384236453 28.4064039409 4.85714285714 0.386699507389 0.0320197044335 4.02955665025 0.0 ;
64.0901162791 4.86918604651 4.27906976744 1.3023255814 1.23837209302 8.58720930233 1.04069767442 ;
62.3459657702 3.88814180929 2.32029339853 0.781173594132 1.24083129584 2.24572127139 0.0 ;
56.8345086977 3.09026798307 3.96332863188 1.81241184767 0.0 26.8227550541 3.95815702868 ;
41.3295103661 5.68151742391 1.99294221438 0.0 0.0 4.27657697397 0.0 ;
57.9622641509 3.78616352201 14.8364779874 3.58490566038 2.31446540881 10.9622641509 1.28301886792 ;
39.3384615385 16.481025641 2.01230769231 0.0 0.0 10.5323076923 0.8 ;
37.8933333333 11.9911111111 9.88 1.10222222222 0.0577777777778 10.6177777778 0.697777777778 ;
40.75290975 6.01545506583 2.03930547605 0.0 0.0 5.45945430261 0.147300133562 ;
62.5428027901 3.80913126189 2.31515535828 0.778059606848 1.24603677869 2.10843373494 0.0 ;
40.8865979381 15.7216494845 10.3711340206 2.13402061856 0.154639175258 22.7628865979 2.26804123711 ;
63.0054945055 4.92582417582 3.3956043956 1.08516483516 1.0 8.67857142857 0.978021978022 ;
56.8565380997 3.09783631232 3.97742238946 1.81796801505 0.0 26.8805268109 3.96519285042 ;
61.3650793651 4.09523809524 12.0211640212 2.89947089947 2.54497354497 7.31216931217 0.740740740741 ;
41.4433497537 28.3891625616 4.84975369458 0.386699507389 0.0295566502463 4.02955665025 0.0 ;
64.3943217666 4.92429022082 3.7665615142 1.21451104101 1.1167192429 9.14826498423 1.1356466877 ;
40.8698630137 6.01141552511 2.03424657534 0.0 0.0 5.44996194825 0.147260273973 ;
63.358649789 3.94936708861 6.20675105485 1.51687763713 2.35232067511 2.6223628692 0.0 ;
57.153705398 3.10933211345 3.88289112534 1.79460201281 0.0 26.1797804209 3.85407136322 ;
48.1896551724 10.1034482759 11.4655172414 2.64367816092 0.977011494253 18.7586206897 2.0632183908 ;
61.5193929174 3.84907251265 1.66694772344 0.634907251265 1.0 2.14924114671 0.0 ;
41.4619164619 28.4742014742 4.88943488943 0.390663390663 0.029484029484 4.03194103194 0.0 ;
63.0054945055 4.92582417582 3.3956043956 1.08516483516 1.0 8.67857142857 0.978021978022 ;
40.75290975 6.01545506583 2.03930547605 0.0 0.0 5.45945430261 0.147300133562 ;
62.5428027901 3.80913126189 2.31515535828 0.778059606848 1.24603677869 2.10843373494 0.0 ;
61.3650793651 4.09523809524 12.0211640212 2.89947089947 2.54497354497 7.31216931217 0.740740740741 ;
41.4433497537 28.3891625616 4.84975369458 0.386699507389 0.0295566502463 4.02955665025 0.0 ;
56.8565380997 3.09783631232 3.97742238946 1.81796801505 0.0 26.8805268109 3.96519285042 ;
40.8865979381 15.7216494845 10.3711340206 2.13402061856 0.154639175258 22.7628865979 2.26804123711 ;
64.3943217666 4.92429022082 3.7665615142 1.21451104101 1.1167192429 9.14826498423 1.1356466877 ;
40.8698630137 6.01141552511 2.03424657534 0.0 0.0 5.44996194825 0.147260273973 ;
63.358649789 3.94936708861 6.20675105485 1.51687763713 2.35232067511 2.6223628692 0.0 ;
48.1896551724 10.1034482759 11.4655172414 2.64367816092 0.977011494253 18.7586206897 2.0632183908 ;
41.4619164619 28.4742014742 4.88943488943 0.390663390663 0.029484029484 4.03194103194 0.0 ;
61.5193929174 3.84907251265 1.66694772344 0.634907251265 1.0 2.14924114671 0.0 ;
57.153705398 3.10933211345 3.88289112534 1.79460201281 0.0 26.1797804209 3.85407136322 ;
40.7742612011 6.01811248808 2.03832221163 0.0 0.0 5.45986653956 0.147569113441 ;
64.3943217666 4.92429022082 3.7665615142 1.21451104101 1.1167192429 9.14826498423 1.1356466877 ;
48.5207100592 10.2899408284 11.3431952663 2.65088757396 0.96449704142 19.2130177515 2.12426035503 ;
56.8079470199 3.09508041627 3.99006622517 1.82166508988 0.0 26.9981078524 3.9853358562 ;
41.4411764706 28.4093137255 4.93137254902 0.397058823529 0.0294117647059 4.03431372549 0.0 ;
60.9734848485 3.53787878788 8.68939393939 1.94696969697 2.62121212121 2.66666666667 0.0 ;
62.6068779501 3.91436277815 1.84423465947 0.70060687795 1.08968307485 2.20026972353 0.0 ;
56.8079470199 3.09508041627 3.99006622517 1.82166508988 0.0 26.9981078524 3.9853358562 ;
48.5207100592 10.2899408284 11.3431952663 2.65088757396 0.96449704142 19.2130177515 2.12426035503 ;
64.3943217666 4.92429022082 3.7665615142 1.21451104101 1.1167192429 9.14826498423 1.1356466877 ;
61.0751879699 3.55263157895 8.66541353383 1.94360902256 2.61654135338 2.68796992481 0.0 ;
62.5659229209 3.91413116971 1.84178498986 0.700473292765 1.08992562542 2.19810682894 0.0 ;
41.4411764706 28.4093137255 4.93137254902 0.397058823529 0.0294117647059 4.03431372549 0.0 ;
40.7895940537 6.01677148847 2.03754526396 0.0 0.0 5.45797598628 0.147512864494 ;
63.0054945055 4.92582417582 3.3956043956 1.08516483516 1.0 8.67857142857 0.978021978022 ;
40.75290975 6.01545506583 2.03930547605 0.0 0.0 5.45945430261 0.147300133562 ;
61.3650793651 4.09523809524 12.0211640212 2.89947089947 2.54497354497 7.31216931217 0.740740740741 ;
40.8865979381 15.7216494845 10.3711340206 2.13402061856 0.154639175258 22.7628865979 2.26804123711 ;
41.4433497537 28.3891625616 4.84975369458 0.386699507389 0.0295566502463 4.02955665025 0.0 ;
62.5428027901 3.80913126189 2.31515535828 0.778059606848 1.24603677869 2.10843373494 0.0 ;
56.8565380997 3.09783631232 3.97742238946 1.81796801505 0.0 26.8805268109 3.96519285042 ;
40.9693877551 15.5918367347 10.4081632653 2.15306122449 0.15306122449 22.6326530612 2.26530612245 ;
40.7676902537 6.01430478734 2.03871829105 0.0 0.0 5.45813465573 0.147243944307 ;
62.5139949109 3.80661577608 2.33333333333 0.77989821883 1.25190839695 2.09923664122 0.0 ;
61.0855614973 4.12299465241 12.0053475936 2.87700534759 2.54010695187 7.32085561497 0.737967914439 ;
63.1989100817 4.92370572207 3.3514986376 1.09264305177 1.0 8.66485013624 0.970027247956 ;
41.4433497537 28.3891625616 4.84975369458 0.386699507389 0.0295566502463 4.02955665025 0.0 ;
56.8603667137 3.097790315 3.976022567 1.81758345087 0.0 26.8692994828 3.96332863188 ;
62.3459657702 3.88814180929 2.32029339853 0.781173594132 1.24083129584 2.24572127139 0.0 ;
56.8345086977 3.09026798307 3.96332863188 1.81241184767 0.0 26.8227550541 3.95815702868 ;
41.3295103661 5.68151742391 1.99294221438 0.0 0.0 4.27657697397 0.0 ;
58.0506329114 3.79113924051 14.8607594937 3.58860759494 2.31012658228 11.0126582278 1.29113924051 ;
64.031884058 4.86376811594 4.29855072464 1.30724637681 1.24347826087 8.57101449275 1.03768115942 ;
37.8933333333 11.9911111111 9.88 1.10222222222 0.0577777777778 10.6177777778 0.697777777778 ;
39.3384615385 16.481025641 2.01230769231 0.0 0.0 10.5323076923 0.8 ;
40.6941638608 6.54077815189 2.03123830902 0.0 0.0 5.46483352039 0.149083426861 ;
59.0 3.875 19.75 5.5 0.25 30.25 4.25 ;
62.658008658 3.78107606679 2.30117501546 0.775510204082 1.22016079159 2.10822510823 0.0 ;
40.7967741935 28.4032258065 6.51935483871 0.577419354839 0.041935483871 4.59677419355 0.0354838709677 ;
56.4183341089 3.32899022801 4.00279199628 1.80921358772 0.0 27.1307584923 3.97719869707 ;
63.7486187845 4.95856353591 3.35082872928 1.12154696133 1.0 8.95580110497 1.01933701657 ;
58.2163461538 4.19230769231 13.0 3.01923076923 2.34134615385 7.85576923077 0.769230769231 ;
62.4765822785 3.8164556962 2.28101265823 0.767088607595 1.23670886076 2.1164556962 0.0 ;
61.7823529412 3.85882352941 12.2647058824 2.89411764706 2.72941176471 6.27647058824 0.594117647059 ;
63.5467422096 4.93484419263 3.42209631728 1.12747875354 1.0 8.87252124646 1.01416430595 ;
43.7166666667 13.5083333333 10.4833333333 2.26666666667 0.45 20.625 2.09166666667 ;
41.4296296296 28.4024691358 4.85679012346 0.387654320988 0.0296296296296 4.03209876543 0.0 ;
40.7535761968 6.02307839023 2.03929048255 0.0 0.0 5.46156780469 0.147625405302 ;
56.8684828558 3.10333489901 3.97557538751 1.81681540629 0.0 26.8600281822 3.96148426491 ;
48.2774566474 10.1502890173 11.4046242775 2.64161849711 0.982658959538 18.838150289 2.07514450867 ;
41.4411764706 28.4093137255 4.93137254902 0.397058823529 0.0294117647059 4.03431372549 0.0 ;
61.5193929174 3.84907251265 1.66694772344 0.634907251265 1.0 2.14924114671 0.0 ;
64.3943217666 4.92429022082 3.7665615142 1.21451104101 1.1167192429 9.14826498423 1.1356466877 ;
57.153705398 3.10933211345 3.88289112534 1.79460201281 0.0 26.1797804209 3.85407136322 ;
63.358649789 3.94936708861 6.20675105485 1.51687763713 2.35232067511 2.6223628692 0.0 ;
40.8698630137 6.01141552511 2.03424657534 0.0 0.0 5.44996194825 0.147260273973 ;
58.0617283951 3.79012345679 14.7777777778 3.56790123457 2.32098765432 10.8271604938 1.26543209877 ;
62.3459657702 3.88814180929 2.32029339853 0.781173594132 1.24083129584 2.24572127139 0.0 ;
56.8345086977 3.09026798307 3.96332863188 1.81241184767 0.0 26.8227550541 3.95815702868 ;
64.0967741935 4.87683284457 4.21407624633 1.29032258065 1.22580645161 8.63049853372 1.04692082111 ;
39.3384615385 16.481025641 2.01230769231 0.0 0.0 10.5323076923 0.8 ;
41.3295103661 5.68151742391 1.99294221438 0.0 0.0 4.27657697397 0.0 ;
37.8933333333 11.9911111111 9.88 1.10222222222 0.0577777777778 10.6177777778 0.697777777778 ;
61.0751879699 3.55263157895 8.66541353383 1.94360902256 2.61654135338 2.68796992481 0.0 ;
48.5207100592 10.2899408284 11.3431952663 2.65088757396 0.96449704142 19.2130177515 2.12426035503 ;
40.7895940537 6.01677148847 2.03754526396 0.0 0.0 5.45797598628 0.147512864494 ;
41.4411764706 28.4093137255 4.93137254902 0.397058823529 0.0294117647059 4.03431372549 0.0 ;
56.8079470199 3.09508041627 3.99006622517 1.82166508988 0.0 26.9981078524 3.9853358562 ;
62.5659229209 3.91413116971 1.84178498986 0.700473292765 1.08992562542 2.19810682894 0.0 ;
64.3943217666 4.92429022082 3.7665615142 1.21451104101 1.1167192429 9.14826498423 1.1356466877 ;
61.3650793651 4.09523809524 12.0211640212 2.89947089947 2.54497354497 7.31216931217 0.740740740741 ;
40.75290975 6.01545506583 2.03930547605 0.0 0.0 5.45945430261 0.147300133562 ;
56.8565380997 3.09783631232 3.97742238946 1.81796801505 0.0 26.8805268109 3.96519285042 ;
41.4433497537 28.3891625616 4.84975369458 0.386699507389 0.0295566502463 4.02955665025 0.0 ;
62.5428027901 3.80913126189 2.31515535828 0.778059606848 1.24603677869 2.10843373494 0.0 ;
40.8865979381 15.7216494845 10.3711340206 2.13402061856 0.154639175258 22.7628865979 2.26804123711 ;
63.0054945055 4.92582417582 3.3956043956 1.08516483516 1.0 8.67857142857 0.978021978022 ;
40.8698630137 6.01141552511 2.03424657534 0.0 0.0 5.44996194825 0.147260273973 ;
48.1896551724 10.1034482759 11.4655172414 2.64367816092 0.977011494253 18.7586206897 2.0632183908 ;
57.153705398 3.10933211345 3.88289112534 1.79460201281 0.0 26.1797804209 3.85407136322 ;
63.358649789 3.94936708861 6.20675105485 1.51687763713 2.35232067511 2.6223628692 0.0 ;
41.4619164619 28.4742014742 4.88943488943 0.390663390663 0.029484029484 4.03194103194 0.0 ;
64.3943217666 4.92429022082 3.7665615142 1.21451104101 1.1167192429 9.14826498423 1.1356466877 ;
61.5193929174 3.84907251265 1.66694772344 0.634907251265 1.0 2.14924114671 0.0 ;
37.2790697674 8.89740082079 2.46511627907 0.0588235294118 0.0 14.2544459644 1.2024623803 ;
64.2011661808 4.85131195335 4.30029154519 1.30903790087 1.25072886297 8.49562682216 1.02623906706 ;
57.9 3.80625 14.75625 3.5625 2.29375 11.06875 1.3 ;
41.4617794486 7.46971595656 1.94987468672 0.0 0.0 4.24185463659 0.0 ;
38.0053191489 11.6968085106 10.920212766 1.09574468085 0.0691489361702 6.01595744681 0.164893617021 ;
62.3492063492 3.88644688645 2.31440781441 0.78083028083 1.2380952381 2.24786324786 0.0 ;
56.7328066914 3.0813197026 3.9312267658 1.78996282528 0.0 26.5999070632 3.92565055762 ;
37.8933333333 11.9911111111 9.88 1.10222222222 0.0577777777778 10.6177777778 0.697777777778 ;
64.031884058 4.86376811594 4.29855072464 1.30724637681 1.24347826087 8.57101449275 1.03768115942 ;
56.8345086977 3.09026798307 3.96332863188 1.81241184767 0.0 26.8227550541 3.95815702868 ;
41.3295103661 5.68151742391 1.99294221438 0.0 0.0 4.27657697397 0.0 ;
62.3459657702 3.88814180929 2.32029339853 0.781173594132 1.24083129584 2.24572127139 0.0 ;
58.0506329114 3.79113924051 14.8607594937 3.58860759494 2.31012658228 11.0126582278 1.29113924051 ;
39.3384615385 16.481025641 2.01230769231 0.0 0.0 10.5323076923 0.8 ;
39.3384615385 16.481025641 2.01230769231 0.0 0.0 10.5323076923 0.8 ;
64.031884058 4.86376811594 4.29855072464 1.30724637681 1.24347826087 8.57101449275 1.03768115942 ;
58.0506329114 3.79113924051 14.8607594937 3.58860759494 2.31012658228 11.0126582278 1.29113924051 ;
41.3295103661 5.68151742391 1.99294221438 0.0 0.0 4.27657697397 0.0 ;
37.8933333333 11.9911111111 9.88 1.10222222222 0.0577777777778 10.6177777778 0.697777777778 ;
56.8345086977 3.09026798307 3.96332863188 1.81241184767 0.0 26.8227550541 3.95815702868 ;
62.3459657702 3.88814180929 2.32029339853 0.781173594132 1.24083129584 2.24572127139 0.0 ;
62.3459657702 3.88814180929 2.32029339853 0.781173594132 1.24083129584 2.24572127139 0.0 ;
58.0617283951 3.79012345679 14.7777777778 3.56790123457 2.32098765432 10.8271604938 1.26543209877 ;
41.3295103661 5.68151742391 1.99294221438 0.0 0.0 4.27657697397 0.0 ;
64.0967741935 4.87683284457 4.21407624633 1.29032258065 1.22580645161 8.63049853372 1.04692082111 ;
37.8933333333 11.9911111111 9.88 1.10222222222 0.0577777777778 10.6177777778 0.697777777778 ;
39.3384615385 16.481025641 2.01230769231 0.0 0.0 10.5323076923 0.8 ;
56.8345086977 3.09026798307 3.96332863188 1.81241184767 0.0 26.8227550541 3.95815702868 ;
62.5428027901 3.80913126189 2.31515535828 0.778059606848 1.24603677869 2.10843373494 0.0 ;
40.75290975 6.01545506583 2.03930547605 0.0 0.0 5.45945430261 0.147300133562 ;
40.8865979381 15.7216494845 10.3711340206 2.13402061856 0.154639175258 22.7628865979 2.26804123711 ;
41.4433497537 28.3891625616 4.84975369458 0.386699507389 0.0295566502463 4.02955665025 0.0 ;
56.8565380997 3.09783631232 3.97742238946 1.81796801505 0.0 26.8805268109 3.96519285042 ;
63.0054945055 4.92582417582 3.3956043956 1.08516483516 1.0 8.67857142857 0.978021978022 ;
61.3650793651 4.09523809524 12.0211640212 2.89947089947 2.54497354497 7.31216931217 0.740740740741 ;
64.3943217666 4.92429022082 3.7665615142 1.21451104101 1.1167192429 9.14826498423 1.1356466877 ;
62.6068779501 3.91436277815 1.84423465947 0.70060687795 1.08968307485 2.20026972353 0.0 ;
40.7742612011 6.01811248808 2.03832221163 0.0 0.0 5.45986653956 0.147569113441 ;
56.8079470199 3.09508041627 3.99006622517 1.82166508988 0.0 26.9981078524 3.9853358562 ;
41.4411764706 28.4093137255 4.93137254902 0.397058823529 0.0294117647059 4.03431372549 0.0 ;
48.5207100592 10.2899408284 11.3431952663 2.65088757396 0.96449704142 19.2130177515 2.12426035503 ;
60.9734848485 3.53787878788 8.68939393939 1.94696969697 2.62121212121 2.66666666667 0.0 ;
64.2011661808 4.85131195335 4.30029154519 1.30903790087 1.25072886297 8.49562682216 1.02623906706 ;
37.2790697674 8.89740082079 2.46511627907 0.0588235294118 0.0 14.2544459644 1.2024623803 ;
57.9 3.80625 14.75625 3.5625 2.29375 11.06875 1.3 ;
41.4617794486 7.46971595656 1.94987468672 0.0 0.0 4.24185463659 0.0 ;
38.0053191489 11.6968085106 10.920212766 1.09574468085 0.0691489361702 6.01595744681 0.164893617021 ;
56.7328066914 3.0813197026 3.9312267658 1.78996282528 0.0 26.5999070632 3.92565055762 ;
62.3492063492 3.88644688645 2.31440781441 0.78083028083 1.2380952381 2.24786324786 0.0 ;
62.3459657702 3.88814180929 2.32029339853 0.781173594132 1.24083129584 2.24572127139 0.0 ;
41.3295103661 5.68151742391 1.99294221438 0.0 0.0 4.27657697397 0.0 ;
56.8345086977 3.09026798307 3.96332863188 1.81241184767 0.0 26.8227550541 3.95815702868 ;
64.0967741935 4.87683284457 4.21407624633 1.29032258065 1.22580645161 8.63049853372 1.04692082111 ;
37.8933333333 11.9911111111 9.88 1.10222222222 0.0577777777778 10.6177777778 0.697777777778 ;
39.3384615385 16.481025641 2.01230769231 0.0 0.0 10.5323076923 0.8 ;
58.0617283951 3.79012345679 14.7777777778 3.56790123457 2.32098765432 10.8271604938 1.26543209877 ;
63.358649789 3.94936708861 6.20675105485 1.51687763713 2.35232067511 2.6223628692 0.0 ;
40.8698630137 6.01141552511 2.03424657534 0.0 0.0 5.44996194825 0.147260273973 ;
57.153705398 3.10933211345 3.88289112534 1.79460201281 0.0 26.1797804209 3.85407136322 ;
48.1896551724 10.1034482759 11.4655172414 2.64367816092 0.977011494253 18.7586206897 2.0632183908 ;
61.5193929174 3.84907251265 1.66694772344 0.634907251265 1.0 2.14924114671 0.0 ;
41.4619164619 28.4742014742 4.88943488943 0.390663390663 0.029484029484 4.03194103194 0.0 ;
64.3943217666 4.92429022082 3.7665615142 1.21451104101 1.1167192429 9.14826498423 1.1356466877 ;
41.3295103661 5.68151742391 1.99294221438 0.0 0.0 4.27657697397 0.0 ;
58.0617283951 3.79012345679 14.7777777778 3.56790123457 2.32098765432 10.8271604938 1.26543209877 ;
56.8345086977 3.09026798307 3.96332863188 1.81241184767 0.0 26.8227550541 3.95815702868 ;
64.0967741935 4.87683284457 4.21407624633 1.29032258065 1.22580645161 8.63049853372 1.04692082111 ;
37.8933333333 11.9911111111 9.88 1.10222222222 0.0577777777778 10.6177777778 0.697777777778 ;
39.3384615385 16.481025641 2.01230769231 0.0 0.0 10.5323076923 0.8 ;
62.3459657702 3.88814180929 2.32029339853 0.781173594132 1.24083129584 2.24572127139 0.0 ;
58.3212435233 3.75647668394 13.9222797927 3.36787564767 2.30569948187 10.0362694301 1.14507772021 ;
39.3203285421 16.4948665298 2.01437371663 0.0 0.0 10.5359342916 0.799794661191 ;
64.6710963455 5.05315614618 3.53488372093 1.16279069767 1.08305647841 9.08637873754 1.12624584718 ;
41.3295103661 5.68151742391 1.99294221438 0.0 0.0 4.27657697397 0.0 ;
56.8388914984 3.09018318459 3.96007515265 1.81117895726 0.0 26.8022545796 3.9549084077 ;
37.88 12.0133333333 9.86222222222 1.10222222222 0.0577777777778 10.6533333333 0.706666666667 ;
62.3333333333 3.88321167883 2.35948905109 0.787712895377 1.24878345499 2.24330900243 0.0 ;
56.7328066914 3.0813197026 3.9312267658 1.78996282528 0.0 26.5999070632 3.92565055762 ;
62.3492063492 3.88644688645 2.31440781441 0.78083028083 1.2380952381 2.24786324786 0.0 ;
41.4617794486 7.46971595656 1.94987468672 0.0 0.0 4.24185463659 0.0 ;
64.2011661808 4.85131195335 4.30029154519 1.30903790087 1.25072886297 8.49562682216 1.02623906706 ;
38.0053191489 11.6968085106 10.920212766 1.09574468085 0.0691489361702 6.01595744681 0.164893617021 ;
57.9 3.80625 14.75625 3.5625 2.29375 11.06875 1.3 ;
37.2790697674 8.89740082079 2.46511627907 0.0588235294118 0.0 14.2544459644 1.2024623803 ;
40.75290975 6.01545506583 2.03930547605 0.0 0.0 5.45945430261 0.147300133562 ;
61.3650793651 4.09523809524 12.0211640212 2.89947089947 2.54497354497 7.31216931217 0.740740740741 ;
40.8865979381 15.7216494845 10.3711340206 2.13402061856 0.154639175258 22.7628865979 2.26804123711 ;
62.5389487017 3.81190626979 2.31475617479 0.778340721976 1.2457251425 2.11209626346 0.0 ;
63.0248618785 4.91988950276 3.40331491713 1.08563535912 1.0 8.69889502762 0.983425414365 ;
41.4433497537 28.3891625616 4.84975369458 0.386699507389 0.0295566502463 4.02955665025 0.0 ;
56.8565380997 3.09783631232 3.97742238946 1.81796801505 0.0 26.8805268109 3.96519285042 ;
41.3295103661 5.68151742391 1.99294221438 0.0 0.0 4.27657697397 0.0 ;
56.8345086977 3.09026798307 3.96332863188 1.81241184767 0.0 26.8227550541 3.95815702868 ;
64.031884058 4.86376811594 4.29855072464 1.30724637681 1.24347826087 8.57101449275 1.03768115942 ;
62.3459657702 3.88814180929 2.32029339853 0.781173594132 1.24083129584 2.24572127139 0.0 ;
37.8933333333 11.9911111111 9.88 1.10222222222 0.0577777777778 10.6177777778 0.697777777778 ;
58.0506329114 3.79113924051 14.8607594937 3.58860759494 2.31012658228 11.0126582278 1.29113924051 ;
39.3384615385 16.481025641 2.01230769231 0.0 0.0 10.5323076923 0.8 ;
62.5856793146 3.78702570379 2.29192166463 0.771113831089 1.21481028152 2.13219094247 0.0 ;
58.900990099 4.02475247525 13.0148514851 3.03465346535 2.42574257426 7.71782178218 0.762376237624 ;
56.4073556797 3.32867783985 4.00372439479 1.80959031657 0.0 27.1410614525 3.97905027933 ;
40.7635782748 28.1533546326 6.62619808307 0.600638977636 0.0415335463259 4.69009584665 0.0447284345048 ;
55.0 4.09090909091 17.7272727273 4.81818181818 0.181818181818 24.6363636364 3.36363636364 ;
40.6806361085 6.54742750234 2.03161833489 0.0 0.0 5.46604303087 0.14911131899 ;
64.2334293948 4.99711815562 3.38904899135 1.1469740634 1.0 9.1469740634 1.06340057637 ;
39.3384615385 16.481025641 2.01230769231 0.0 0.0 10.5323076923 0.8 ;
58.0617283951 3.79012345679 14.7777777778 3.56790123457 2.32098765432 10.8271604938 1.26543209877 ;
64.0967741935 4.87683284457 4.21407624633 1.29032258065 1.22580645161 8.63049853372 1.04692082111 ;
37.8933333333 11.9911111111 9.88 1.10222222222 0.0577777777778 10.6177777778 0.697777777778 ;
62.3459657702 3.88814180929 2.32029339853 0.781173594132 1.24083129584 2.24572127139 0.0 ;
56.8345086977 3.09026798307 3.96332863188 1.81241184767 0.0 26.8227550541 3.95815702868 ;
41.3295103661 5.68151742391 1.99294221438 0.0 0.0 4.27657697397 0.0 ;
61.4308510638 4.10106382979 12.0106382979 2.89361702128 2.5585106383 7.29787234043 0.734042553191 ;
62.5424588086 3.81051964512 2.31495564005 0.778200253485 1.24588086185 2.1102661597 0.0 ;
63.0082644628 4.92286501377 3.39944903581 1.08539944904 1.0 8.68870523416 0.980716253444 ;
56.8565380997 3.09783631232 3.97742238946 1.81796801505 0.0 26.8805268109 3.96519285042 ;
40.75290975 6.01545506583 2.03930547605 0.0 0.0 5.45945430261 0.147300133562 ;
41.4433497537 28.3891625616 4.84975369458 0.386699507389 0.0295566502463 4.02955665025 0.0 ;
40.9693877551 15.5918367347 10.4081632653 2.15306122449 0.15306122449 22.6326530612 2.26530612245 ;
56.417132216 3.32867783985 4.0 1.80819366853 0.0 27.124301676 3.97625698324 ;
40.6942210585 6.54610061717 2.03104544604 0.0 0.0 5.46437254535 0.149055545166 ;
62.658008658 3.78107606679 2.30117501546 0.775510204082 1.22016079159 2.10822510823 0.0 ;
40.7781350482 28.2572347267 6.5691318328 0.581993569132 0.0418006430868 4.67202572347 0.0418006430868 ;
63.7486187845 4.95856353591 3.35082872928 1.12154696133 1.0 8.95580110497 1.01933701657 ;
58.3140096618 4.13526570048 12.9951690821 3.02898550725 2.35265700483 7.8115942029 0.768115942029 ;
61.625 4.125 19.875 5.875 0.25 33.625 4.875 ;
64.3943217666 4.92429022082 3.7665615142 1.21451104101 1.1167192429 9.14826498423 1.1356466877 ;
40.8698630137 6.01141552511 2.03424657534 0.0 0.0 5.44996194825 0.147260273973 ;
57.153705398 3.10933211345 3.88289112534 1.79460201281 0.0 26.1797804209 3.85407136322 ;
48.1896551724 10.1034482759 11.4655172414 2.64367816092 0.977011494253 18.7586206897 2.0632183908 ;
63.358649789 3.94936708861 6.20675105485 1.51687763713 2.35232067511 2.6223628692 0.0 ;
41.4619164619 28.4742014742 4.88943488943 0.390663390663 0.029484029484 4.03194103194 0.0 ;
61.5193929174 3.84907251265 1.66694772344 0.634907251265 1.0 2.14924114671 0.0 ;
61.3650793651 4.09523809524 12.0211640212 2.89947089947 2.54497354497 7.31216931217 0.740740740741 ;
63.0054945055 4.92582417582 3.3956043956 1.08516483516 1.0 8.67857142857 0.978021978022 ;
40.75290975 6.01545506583 2.03930547605 0.0 0.0 5.45945430261 0.147300133562 ;
41.4433497537 28.3891625616 4.84975369458 0.386699507389 0.0295566502463 4.02955665025 0.0 ;
62.5428027901 3.80913126189 2.31515535828 0.778059606848 1.24603677869 2.10843373494 0.0 ;
56.8565380997 3.09783631232 3.97742238946 1.81796801505 0.0 26.8805268109 3.96519285042 ;
40.8865979381 15.7216494845 10.3711340206 2.13402061856 0.154639175258 22.7628865979 2.26804123711 ;
41.3295103661 5.68151742391 1.99294221438 0.0 0.0 4.27657697397 0.0 ;
58.3212435233 3.75647668394 13.9222797927 3.36787564767 2.30569948187 10.0362694301 1.14507772021 ;
56.8388914984 3.09018318459 3.96007515265 1.81117895726 0.0 26.8022545796 3.9549084077 ;
62.3333333333 3.88321167883 2.35948905109 0.787712895377 1.24878345499 2.24330900243 0.0 ;
37.88 12.0133333333 9.86222222222 1.10222222222 0.0577777777778 10.6533333333 0.706666666667 ;
39.3203285421 16.4948665298 2.01437371663 0.0 0.0 10.5359342916 0.799794661191 ;
64.6710963455 5.05315614618 3.53488372093 1.16279069767 1.08305647841 9.08637873754 1.12624584718 ;
