cluster 0
size:450
#377eb8
[ 0.89272706  4.72649674  2.56576529  1.40364577  3.75113501  1.15821634
  3.1461466 ]

cluster 1
size:811
#ff7f00
[ 2.88551041  4.52271042  3.22661015  3.45888443  4.46247351  1.92896971
  3.39105713]

cluster 2
size:599
#4daf4a
[ 2.43075303  4.76161064  2.6544152   2.36565254  2.75908034  0.55657375
  2.91685   ]

cluster 3
size:300
#f781bf
[ 1.56129326  4.75285642  2.48799024  2.11311318  0.26665077  0.77367142
  2.64635121]

cluster 4
size:386
#a65628
[ 1.6269622   4.72175292  0.0901395   1.63549575  2.39630672  0.65937484
  2.74541969]

cluster 5
size:463
#984ea3
[ 2.16240236  4.67757206  3.07518924  4.34344672  2.68655992  3.6940696
  2.75812667]

