cluster 0
size:376
#377eb8
[ 1.65910293  4.71694718  0.          1.74387034  2.39602556  0.77489825
  2.79396739]

cluster 1
size:578
#ff7f00
[ 1.7316323   4.74227123  2.70486264  2.01877347  4.07925785  1.20682905
  3.32583953]

cluster 2
size:600
#4daf4a
[ 2.75012158  4.67011999  3.02602236  3.19978911  2.99701394  1.13735152
  3.34979148]

cluster 3
size:309
#f781bf
[ 1.64897698  4.63212902  2.63607808  3.01037971  2.40426324  2.01142724
  1.26799535]

cluster 4
size:664
#a65628
[ 2.72701582  4.52665308  3.31477615  3.90911335  3.91907565  3.0386784
  3.31285309]

cluster 5
size:482
#984ea3
[ 1.45318124  4.78737231  2.43109947  1.78795543  1.67324518  0.63365245
  3.04869207]

