38.2150433944 5.77177756348 1.74734811958 0.0 0.0 4.99453551913 0.0 ;
38.3953488372 32.1395348837 10.5348837209 1.55813953488 0.53488372093 4.93023255814 0.209302325581 ;
37.3122028526 8.19651347068 2.35182250396 0.0 0.0 12.4770206022 1.0 ;
37.4838709677 12.935483871 4.38709677419 0.572580645161 0.0 23.7258064516 2.21774193548 ;
40.3650963597 17.0128479657 3.90364025696 0.0 0.0 3.96895074946 0.0 ;
37.2173913043 4.46376811594 11.8043478261 1.15217391304 0.0 4.94202898551 0.0 ;
43.6581818182 26.1127272727 2.04 0.0 0.0 4.10909090909 0.0 ;
39.0857142857 24.2 9.55714285714 1.31428571429 0.328571428571 8.28571428571 0.514285714286 ;
37.2173913043 4.46376811594 11.8043478261 1.15217391304 0.0 4.94202898551 0.0 ;
38.1976090014 5.98769338959 1.59071729958 0.0 0.0 5.08368495077 0.0 ;
37.2348901099 8.87912087912 2.48901098901 0.0631868131868 0.0 14.3502747253 1.20741758242 ;
36.777265745 3.77112135177 5.27803379416 0.0 0.0 3.88172043011 0.0 ;
37.2348901099 8.87912087912 2.48901098901 0.0631868131868 0.0 14.3502747253 1.20741758242 ;
43.6581818182 26.1127272727 2.04 0.0 0.0 4.10909090909 0.0 ;
39.0857142857 24.2 9.55714285714 1.31428571429 0.328571428571 8.28571428571 0.514285714286 ;
36.777265745 3.77112135177 5.27803379416 0.0 0.0 3.88172043011 0.0 ;
38.1976090014 5.98769338959 1.59071729958 0.0 0.0 5.08368495077 0.0 ;
37.2173913043 4.46376811594 11.8043478261 1.15217391304 0.0 4.94202898551 0.0 ;
38.2250538406 5.9895908112 1.56066044508 0.0 0.0 5.08291457286 0.0 ;
37.2173913043 4.46376811594 11.8043478261 1.15217391304 0.0 4.94202898551 0.0 ;
39.7083333333 23.8194444444 9.40277777778 1.27777777778 0.319444444444 8.33333333333 0.527777777778 ;
43.5721925134 25.8146167558 2.04812834225 0.0 0.0 4.17825311943 0.0 ;
37.1680440771 8.87465564738 2.48484848485 0.0633608815427 0.0 14.3622589532 1.20798898072 ;
36.7464183381 3.83524355301 5.13610315186 0.0 0.0 3.92550143266 0.0 ;
41.0542056075 4.65420560748 4.10934579439 0.0 0.0 4.09345794393 0.0 ;
37.1680440771 8.87465564738 2.48484848485 0.0633608815427 0.0 14.3622589532 1.20798898072 ;
39.8767123288 23.8767123288 9.45205479452 1.2602739726 0.315068493151 8.28767123288 0.520547945205 ;
36.7981540931 6.00601926164 1.57102728732 0.0 0.0 5.20224719101 0.0 ;
37.2173913043 4.46376811594 11.8043478261 1.15217391304 0.0 4.94202898551 0.0 ;
43.3755186722 28.7780082988 1.57053941909 0.0 0.0 3.93360995851 0.0 ;
40.9751838235 4.64981617647 4.09099264706 0.0 0.0 4.109375 0.0 ;
36.7965210356 6.01213592233 1.55703883495 0.0 0.0 5.1998381877 0.0 ;
37.2173913043 4.46376811594 11.8043478261 1.15217391304 0.0 4.94202898551 0.0 ;
43.3760330579 28.7128099174 1.58884297521 0.0 0.0 3.95661157025 0.0 ;
37.2159559835 8.86795048143 2.48280605227 0.0632737276479 0.0 14.3535075653 1.20770288858 ;
39.4305555556 24.1527777778 9.56944444444 1.27777777778 0.319444444444 8.29166666667 0.513888888889 ;
37.2159559835 8.86795048143 2.48280605227 0.0632737276479 0.0 14.3535075653 1.20770288858 ;
40.9751838235 4.64981617647 4.09099264706 0.0 0.0 4.109375 0.0 ;
36.7965210356 6.01213592233 1.55703883495 0.0 0.0 5.1998381877 0.0 ;
37.2173913043 4.46376811594 11.8043478261 1.15217391304 0.0 4.94202898551 0.0 ;
43.3760330579 28.7128099174 1.58884297521 0.0 0.0 3.95661157025 0.0 ;
39.4305555556 24.1527777778 9.56944444444 1.27777777778 0.319444444444 8.29166666667 0.513888888889 ;
37.1631205674 4.48936170213 11.8226950355 1.15602836879 0.0 4.93617021277 0.0 ;
38.170212766 15.6312056738 5.21276595745 0.631205673759 0.0 21.7872340426 2.02127659574 ;
37.5330937406 5.35639412998 2.39053608865 0.0 0.0 4.90685834082 0.0 ;
37.2984126984 8.14603174603 2.35396825397 0.0 0.0 12.4793650794 1.0 ;
36.6 30.7666666667 9.66666666667 1.5 0.766666666667 3.46666666667 0.0 ;
44.3228571429 22.6328571429 1.47857142857 0.0 0.0 4.05142857143 0.0 ;
40.2925736236 6.71446862996 3.54289372599 0.0 0.0 4.64532650448 0.0 ;
41.4615384615 53.1923076923 6.61538461538 0.576923076923 0.5 5.46153846154 0.230769230769 ;
37.2537722908 8.93827160494 2.48422496571 0.0631001371742 0.0 14.3497942387 1.20713305898 ;
36.2786967419 4.81303258145 1.43909774436 0.0 0.0 5.14536340852 0.0 ;
37.3351648352 4.96153846154 11.7582417582 1.2967032967 0.0549450549451 6.1043956044 0.159340659341 ;
43.5790554415 28.1889117043 1.36344969199 0.0 0.0 3.52977412731 0.0 ;
37.1690140845 4.47887323944 11.9014084507 1.17605633803 0.0 4.93661971831 0.0 ;
38.4736842105 35.7368421053 9.47368421053 1.23684210526 0.605263157895 4.44736842105 0.105263157895 ;
37.6538461538 13.0692307692 4.87692307692 0.638461538462 0.0 22.9923076923 2.15384615385 ;
37.54911914 5.37085697223 2.3881755748 0.0 0.0 4.90683786205 0.0 ;
44.3357452967 22.8191027496 1.48480463097 0.0 0.0 4.03617945007 0.0 ;
37.3122028526 8.19651347068 2.35182250396 0.0 0.0 12.4770206022 1.0 ;
37.54911914 5.37085697223 2.3881755748 0.0 0.0 4.90683786205 0.0 ;
38.4736842105 35.7368421053 9.47368421053 1.23684210526 0.605263157895 4.44736842105 0.105263157895 ;
37.6538461538 13.0692307692 4.87692307692 0.638461538462 0.0 22.9923076923 2.15384615385 ;
37.1690140845 4.47887323944 11.9014084507 1.17605633803 0.0 4.93661971831 0.0 ;
37.3122028526 8.19651347068 2.35182250396 0.0 0.0 12.4770206022 1.0 ;
44.3357452967 22.8191027496 1.48480463097 0.0 0.0 4.03617945007 0.0 ;
37.2223858616 8.34462444772 2.37702503682 0.0 0.0 13.1649484536 1.0765832106 ;
36.68 36.2 6.08 0.6 0.92 2.92 0.0 ;
38.2452465356 5.77634547212 1.7418627135 0.0 0.0 5.00386722527 0.0 ;
40.2473460722 16.9023354565 3.9033970276 0.0 0.0 3.94692144374 0.0 ;
39.0227272727 17.6818181818 6.42045454545 1.01136363636 0.0 22.4772727273 2.09090909091 ;
37.1805555556 4.49305555556 12.3541666667 1.34027777778 0.0 4.99305555556 0.0 ;
37.1690140845 4.47887323944 11.9014084507 1.17605633803 0.0 4.93661971831 0.0 ;
36.5517241379 31.724137931 9.20689655172 1.41379310345 0.793103448276 3.41379310345 0.0 ;
44.3454038997 22.2715877437 1.48328690808 0.0 0.0 4.06545961003 0.0 ;
37.4914182475 5.34086118639 2.39445950015 0.0 0.0 4.90846130684 0.0 ;
38.170212766 15.6312056738 5.21276595745 0.631205673759 0.0 21.7872340426 2.02127659574 ;
37.2984126984 8.14603174603 2.35396825397 0.0 0.0 12.4793650794 1.0 ;
36.8099273608 6.00524616626 1.55891848265 0.0 0.0 5.2001614205 0.0 ;
37.2173913043 4.46376811594 11.8043478261 1.15217391304 0.0 4.94202898551 0.0 ;
43.353909465 28.6481481481 1.58847736626 0.0 0.0 3.95061728395 0.0 ;
40.9731481481 4.64259259259 4.10555555556 0.0 0.0 4.10555555556 0.0 ;
37.2159559835 8.86795048143 2.48280605227 0.0632737276479 0.0 14.3535075653 1.20770288858 ;
39.4305555556 24.1527777778 9.56944444444 1.27777777778 0.319444444444 8.29166666667 0.513888888889 ;
37.1723122239 8.38144329897 2.37849779087 0.0 0.0 13.1811487482 1.07805596465 ;
36.6 30.7666666667 9.66666666667 1.5 0.766666666667 3.46666666667 0.0 ;
38.2363002851 5.76686727906 1.77795375356 0.0 0.0 4.97529299968 0.0 ;
37.2158273381 4.52517985612 11.8057553957 1.1726618705 0.0 4.94964028777 0.0 ;
40.4009009009 17.6126126126 3.90653153153 0.0 0.0 3.98423423423 0.0 ;
39.4090909091 17.3977272727 6.40909090909 1.01136363636 0.0 22.3522727273 2.07954545455 ;
37.2214285714 4.51428571429 11.8857142857 1.19285714286 0.0 4.95 0.0 ;
39.9436619718 24.323943662 9.22535211268 1.18309859155 0.323943661972 8.3661971831 0.535211267606 ;
37.1680440771 8.87465564738 2.48484848485 0.0633608815427 0.0 14.3622589532 1.20798898072 ;
44.0597014925 26.4291044776 1.82276119403 0.0 0.0 4.0447761194 0.0 ;
38.1621423331 6.00183418929 1.53228173147 0.0 0.0 5.103081438 0.0 ;
36.9437340153 4.2084398977 5.00639386189 0.0 0.0 4.04219948849 0.0 ;
37.2159559835 8.86795048143 2.48280605227 0.0632737276479 0.0 14.3535075653 1.20770288858 ;
36.922979798 4.21717171717 4.98106060606 0.0 0.0 4.05555555556 0.0 ;
39.4305555556 24.1527777778 9.56944444444 1.27777777778 0.319444444444 8.29166666667 0.513888888889 ;
38.1823529412 6.01213235294 1.52941176471 0.0 0.0 5.10367647059 0.0 ;
37.2173913043 4.46376811594 11.8043478261 1.15217391304 0.0 4.94202898551 0.0 ;
44.0545112782 26.5507518797 1.81203007519 0.0 0.0 4.03383458647 0.0 ;
37.2173913043 4.46376811594 11.8043478261 1.15217391304 0.0 4.94202898551 0.0 ;
39.4305555556 24.1527777778 9.56944444444 1.27777777778 0.319444444444 8.29166666667 0.513888888889 ;
40.9425493716 4.66965888689 4.04937163375 0.0 0.0 4.12028725314 0.0 ;
37.2159559835 8.86795048143 2.48280605227 0.0632737276479 0.0 14.3535075653 1.20770288858 ;
36.7659574468 6.01186579378 1.54909983633 0.0 0.0 5.20867430442 0.0 ;
43.353909465 28.6481481481 1.58847736626 0.0 0.0 3.95061728395 0.0 ;
37.1680440771 8.87465564738 2.48484848485 0.0633608815427 0.0 14.3622589532 1.20798898072 ;
36.6583019657 5.98201589293 1.53492262652 0.0 0.0 5.22040987035 0.0 ;
43.372983871 28.3326612903 1.58870967742 0.0 0.0 3.97983870968 0.0 ;
39.9436619718 24.323943662 9.22535211268 1.18309859155 0.323943661972 8.3661971831 0.535211267606 ;
37.2214285714 4.51428571429 11.8857142857 1.19285714286 0.0 4.95 0.0 ;
40.944684529 4.72082973207 3.985306828 0.0 0.0 4.13483146067 0.0 ;
38.1939564301 5.9873506676 1.59170765987 0.0 0.0 5.08257203092 0.0 ;
39.7083333333 23.8194444444 9.40277777778 1.27777777778 0.319444444444 8.33333333333 0.527777777778 ;
37.1680440771 8.87465564738 2.48484848485 0.0633608815427 0.0 14.3622589532 1.20798898072 ;
37.2173913043 4.46376811594 11.8043478261 1.15217391304 0.0 4.94202898551 0.0 ;
36.7793209877 3.75771604938 5.28395061728 0.0 0.0 3.88425925926 0.0 ;
43.6569872958 26.0816696915 2.04718693285 0.0 0.0 4.10707803993 0.0 ;
37.2173913043 4.46376811594 11.8043478261 1.15217391304 0.0 4.94202898551 0.0 ;
43.3760330579 28.7128099174 1.58884297521 0.0 0.0 3.95661157025 0.0 ;
37.2159559835 8.86795048143 2.48280605227 0.0632737276479 0.0 14.3535075653 1.20770288858 ;
40.9751838235 4.64981617647 4.09099264706 0.0 0.0 4.109375 0.0 ;
36.7965210356 6.01213592233 1.55703883495 0.0 0.0 5.1998381877 0.0 ;
39.4305555556 24.1527777778 9.56944444444 1.27777777778 0.319444444444 8.29166666667 0.513888888889 ;
39.7714285714 24.2714285714 9.17142857143 1.2 0.328571428571 8.41428571429 0.542857142857 ;
37.2269503546 4.57446808511 11.8794326241 1.18439716312 0.0 4.94326241135 0.0 ;
43.5383244207 25.8538324421 2.04278074866 0.0 0.0 4.17468805704 0.0 ;
38.2387630349 5.98741459907 1.55915138439 0.0 0.0 5.08594030924 0.0 ;
37.1680440771 8.87465564738 2.48484848485 0.0633608815427 0.0 14.3622589532 1.20798898072 ;
36.7279202279 3.81481481481 5.11253561254 0.0 0.0 3.9245014245 0.0 ;
38.1823529412 6.01213235294 1.52941176471 0.0 0.0 5.10367647059 0.0 ;
36.9050632911 4.20253164557 4.98101265823 0.0 0.0 4.04430379747 0.0 ;
44.0543071161 26.4887640449 1.82397003745 0.0 0.0 4.05056179775 0.0 ;
37.1680440771 8.87465564738 2.48484848485 0.0633608815427 0.0 14.3622589532 1.20798898072 ;
39.9436619718 24.323943662 9.22535211268 1.18309859155 0.323943661972 8.3661971831 0.535211267606 ;
37.2214285714 4.51428571429 11.8857142857 1.19285714286 0.0 4.95 0.0 ;
37.3122028526 8.19651347068 2.35182250396 0.0 0.0 12.4770206022 1.0 ;
38.4736842105 35.7368421053 9.47368421053 1.23684210526 0.605263157895 4.44736842105 0.105263157895 ;
37.6538461538 13.0692307692 4.87692307692 0.638461538462 0.0 22.9923076923 2.15384615385 ;
44.3257142857 22.6528571429 1.48571428571 0.0 0.0 4.04571428571 0.0 ;
37.5329341317 5.35868263473 2.39041916168 0.0 0.0 4.90718562874 0.0 ;
37.1690140845 4.47887323944 11.9014084507 1.17605633803 0.0 4.93661971831 0.0 ;
44.3357452967 22.8191027496 1.48480463097 0.0 0.0 4.03617945007 0.0 ;
37.54911914 5.37085697223 2.3881755748 0.0 0.0 4.90683786205 0.0 ;
38.4736842105 35.7368421053 9.47368421053 1.23684210526 0.605263157895 4.44736842105 0.105263157895 ;
37.1690140845 4.47887323944 11.9014084507 1.17605633803 0.0 4.93661971831 0.0 ;
37.3122028526 8.19651347068 2.35182250396 0.0 0.0 12.4770206022 1.0 ;
37.6538461538 13.0692307692 4.87692307692 0.638461538462 0.0 22.9923076923 2.15384615385 ;
36.7965210356 6.01213592233 1.55703883495 0.0 0.0 5.1998381877 0.0 ;
37.2173913043 4.46376811594 11.8043478261 1.15217391304 0.0 4.94202898551 0.0 ;
43.3760330579 28.7128099174 1.58884297521 0.0 0.0 3.95661157025 0.0 ;
37.2159559835 8.86795048143 2.48280605227 0.0632737276479 0.0 14.3535075653 1.20770288858 ;
40.9751838235 4.64981617647 4.09099264706 0.0 0.0 4.109375 0.0 ;
39.4305555556 24.1527777778 9.56944444444 1.27777777778 0.319444444444 8.29166666667 0.513888888889 ;
37.2173913043 4.46376811594 11.8043478261 1.15217391304 0.0 4.94202898551 0.0 ;
39.4305555556 24.1527777778 9.56944444444 1.27777777778 0.319444444444 8.29166666667 0.513888888889 ;
37.2159559835 8.86795048143 2.48280605227 0.0632737276479 0.0 14.3535075653 1.20770288858 ;
36.7965210356 6.01213592233 1.55703883495 0.0 0.0 5.1998381877 0.0 ;
43.3760330579 28.7128099174 1.58884297521 0.0 0.0 3.95661157025 0.0 ;
40.9751838235 4.64981617647 4.09099264706 0.0 0.0 4.109375 0.0 ;
38.1976090014 5.98769338959 1.59071729958 0.0 0.0 5.08368495077 0.0 ;
43.6581818182 26.1127272727 2.04 0.0 0.0 4.10909090909 0.0 ;
39.0857142857 24.2 9.55714285714 1.31428571429 0.328571428571 8.28571428571 0.514285714286 ;
37.2348901099 8.87912087912 2.48901098901 0.0631868131868 0.0 14.3502747253 1.20741758242 ;
37.2173913043 4.46376811594 11.8043478261 1.15217391304 0.0 4.94202898551 0.0 ;
36.777265745 3.77112135177 5.27803379416 0.0 0.0 3.88172043011 0.0 ;
38.170212766 15.6312056738 5.21276595745 0.631205673759 0.0 21.7872340426 2.02127659574 ;
37.5330937406 5.35639412998 2.39053608865 0.0 0.0 4.90685834082 0.0 ;
36.6 30.7666666667 9.66666666667 1.5 0.766666666667 3.46666666667 0.0 ;
44.3228571429 22.6328571429 1.47857142857 0.0 0.0 4.05142857143 0.0 ;
37.1631205674 4.48936170213 11.8226950355 1.15602836879 0.0 4.93617021277 0.0 ;
37.2984126984 8.14603174603 2.35396825397 0.0 0.0 12.4793650794 1.0 ;
37.5330937406 5.35639412998 2.39053608865 0.0 0.0 4.90685834082 0.0 ;
36.6 30.7666666667 9.66666666667 1.5 0.766666666667 3.46666666667 0.0 ;
37.2984126984 8.14603174603 2.35396825397 0.0 0.0 12.4793650794 1.0 ;
38.170212766 15.6312056738 5.21276595745 0.631205673759 0.0 21.7872340426 2.02127659574 ;
37.1631205674 4.48936170213 11.8226950355 1.15602836879 0.0 4.93617021277 0.0 ;
44.3228571429 22.6328571429 1.47857142857 0.0 0.0 4.05142857143 0.0 ;
37.3122028526 8.19651347068 2.35182250396 0.0 0.0 12.4770206022 1.0 ;
38.4736842105 35.7368421053 9.47368421053 1.23684210526 0.605263157895 4.44736842105 0.105263157895 ;
37.6538461538 13.0692307692 4.87692307692 0.638461538462 0.0 22.9923076923 2.15384615385 ;
37.54911914 5.37085697223 2.3881755748 0.0 0.0 4.90683786205 0.0 ;
37.1690140845 4.47887323944 11.9014084507 1.17605633803 0.0 4.93661971831 0.0 ;
44.3357452967 22.8191027496 1.48480463097 0.0 0.0 4.03617945007 0.0 ;
37.1690140845 4.47887323944 11.9014084507 1.17605633803 0.0 4.93661971831 0.0 ;
38.4736842105 35.7368421053 9.47368421053 1.23684210526 0.605263157895 4.44736842105 0.105263157895 ;
44.3357452967 22.8191027496 1.48480463097 0.0 0.0 4.03617945007 0.0 ;
37.54911914 5.37085697223 2.3881755748 0.0 0.0 4.90683786205 0.0 ;
37.6538461538 13.0692307692 4.87692307692 0.638461538462 0.0 22.9923076923 2.15384615385 ;
37.3122028526 8.19651347068 2.35182250396 0.0 0.0 12.4770206022 1.0 ;
37.1631205674 4.48936170213 11.8226950355 1.15602836879 0.0 4.93617021277 0.0 ;
44.3228571429 22.6328571429 1.47857142857 0.0 0.0 4.05142857143 0.0 ;
36.6 30.7666666667 9.66666666667 1.5 0.766666666667 3.46666666667 0.0 ;
37.2984126984 8.14603174603 2.35396825397 0.0 0.0 12.4793650794 1.0 ;
38.170212766 15.6312056738 5.21276595745 0.631205673759 0.0 21.7872340426 2.02127659574 ;
37.5330937406 5.35639412998 2.39053608865 0.0 0.0 4.90685834082 0.0 ;
43.6569872958 26.0816696915 2.04718693285 0.0 0.0 4.10707803993 0.0 ;
39.7083333333 23.8194444444 9.40277777778 1.27777777778 0.319444444444 8.33333333333 0.527777777778 ;
36.7793209877 3.75771604938 5.28395061728 0.0 0.0 3.88425925926 0.0 ;
38.1939564301 5.9873506676 1.59170765987 0.0 0.0 5.08257203092 0.0 ;
37.1680440771 8.87465564738 2.48484848485 0.0633608815427 0.0 14.3622589532 1.20798898072 ;
37.2173913043 4.46376811594 11.8043478261 1.15217391304 0.0 4.94202898551 0.0 ;
36.7888198758 3.74378881988 5.29813664596 0.0 0.0 3.8897515528 0.0 ;
43.6416819013 26.2248628885 2.0365630713 0.0 0.0 4.1042047532 0.0 ;
38.2004204625 5.98808689559 1.59635599159 0.0 0.0 5.07883672039 0.0 ;
39.7083333333 23.8194444444 9.40277777778 1.27777777778 0.319444444444 8.33333333333 0.527777777778 ;
37.1680440771 8.87465564738 2.48484848485 0.0633608815427 0.0 14.3622589532 1.20798898072 ;
37.2173913043 4.46376811594 11.8043478261 1.15217391304 0.0 4.94202898551 0.0 ;
38.3346499102 6.06642728905 1.58132854578 0.0 0.0 5.10017953321 0.0 ;
37.1680440771 8.87465564738 2.48484848485 0.0633608815427 0.0 14.3622589532 1.20798898072 ;
39.7714285714 24.2714285714 9.17142857143 1.2 0.328571428571 8.41428571429 0.542857142857 ;
37.2214285714 4.51428571429 11.8857142857 1.19285714286 0.0 4.95 0.0 ;
36.5758426966 3.65449438202 4.93117977528 0.0 0.0 3.9058988764 0.0 ;
43.401459854 26.1843065693 2.1295620438 0.0 0.0 4.12408759124 0.0 ;
44.3229018492 22.5675675676 1.48079658606 0.0 0.0 4.05263157895 0.0 ;
37.1631205674 4.48936170213 11.8226950355 1.15602836879 0.0 4.93617021277 0.0 ;
36.6 30.7666666667 9.66666666667 1.5 0.766666666667 3.46666666667 0.0 ;
37.2984126984 8.14603174603 2.35396825397 0.0 0.0 12.4793650794 1.0 ;
38.170212766 15.6312056738 5.21276595745 0.631205673759 0.0 21.7872340426 2.02127659574 ;
37.5269784173 5.35461630695 2.39088729017 0.0 0.0 4.90737410072 0.0 ;
37.1631205674 4.48936170213 11.8226950355 1.15602836879 0.0 4.93617021277 0.0 ;
36.6 30.7666666667 9.66666666667 1.5 0.766666666667 3.46666666667 0.0 ;
44.3229018492 22.5675675676 1.48079658606 0.0 0.0 4.05263157895 0.0 ;
37.5269784173 5.35461630695 2.39088729017 0.0 0.0 4.90737410072 0.0 ;
37.2984126984 8.14603174603 2.35396825397 0.0 0.0 12.4793650794 1.0 ;
38.170212766 15.6312056738 5.21276595745 0.631205673759 0.0 21.7872340426 2.02127659574 ;
37.6538461538 13.0692307692 4.87692307692 0.638461538462 0.0 22.9923076923 2.15384615385 ;
37.1690140845 4.47887323944 11.9014084507 1.17605633803 0.0 4.93661971831 0.0 ;
44.3357452967 22.8191027496 1.48480463097 0.0 0.0 4.03617945007 0.0 ;
37.54911914 5.37085697223 2.3881755748 0.0 0.0 4.90683786205 0.0 ;
38.4736842105 35.7368421053 9.47368421053 1.23684210526 0.605263157895 4.44736842105 0.105263157895 ;
37.3122028526 8.19651347068 2.35182250396 0.0 0.0 12.4770206022 1.0 ;
36.7965210356 6.01213592233 1.55703883495 0.0 0.0 5.1998381877 0.0 ;
37.2173913043 4.46376811594 11.8043478261 1.15217391304 0.0 4.94202898551 0.0 ;
37.2159559835 8.86795048143 2.48280605227 0.0632737276479 0.0 14.3535075653 1.20770288858 ;
40.9751838235 4.64981617647 4.09099264706 0.0 0.0 4.109375 0.0 ;
43.3760330579 28.7128099174 1.58884297521 0.0 0.0 3.95661157025 0.0 ;
39.4305555556 24.1527777778 9.56944444444 1.27777777778 0.319444444444 8.29166666667 0.513888888889 ;
37.6538461538 13.0692307692 4.87692307692 0.638461538462 0.0 22.9923076923 2.15384615385 ;
37.54911914 5.37085697223 2.3881755748 0.0 0.0 4.90683786205 0.0 ;
38.4736842105 35.7368421053 9.47368421053 1.23684210526 0.605263157895 4.44736842105 0.105263157895 ;
37.1690140845 4.47887323944 11.9014084507 1.17605633803 0.0 4.93661971831 0.0 ;
44.3357452967 22.8191027496 1.48480463097 0.0 0.0 4.03617945007 0.0 ;
37.3122028526 8.19651347068 2.35182250396 0.0 0.0 12.4770206022 1.0 ;
37.5335530258 5.35440383463 2.39065308568 0.0 0.0 4.90713001797 0.0 ;
37.1690140845 4.47887323944 11.9014084507 1.17605633803 0.0 4.93661971831 0.0 ;
44.3034188034 22.6239316239 1.48717948718 0.0 0.0 4.04843304843 0.0 ;
38.4736842105 35.7368421053 9.47368421053 1.23684210526 0.605263157895 4.44736842105 0.105263157895 ;
37.6538461538 13.0692307692 4.87692307692 0.638461538462 0.0 22.9923076923 2.15384615385 ;
37.3122028526 8.19651347068 2.35182250396 0.0 0.0 12.4770206022 1.0 ;
37.5360670458 5.35947321161 2.39000299312 0.0 0.0 4.90631547441 0.0 ;
44.3204577969 22.6738197425 1.48640915594 0.0 0.0 4.04864091559 0.0 ;
38.4736842105 35.7368421053 9.47368421053 1.23684210526 0.605263157895 4.44736842105 0.105263157895 ;
37.3122028526 8.19651347068 2.35182250396 0.0 0.0 12.4770206022 1.0 ;
37.1690140845 4.47887323944 11.9014084507 1.17605633803 0.0 4.93661971831 0.0 ;
37.6538461538 13.0692307692 4.87692307692 0.638461538462 0.0 22.9923076923 2.15384615385 ;
37.2173913043 4.46376811594 11.8043478261 1.15217391304 0.0 4.94202898551 0.0 ;
39.4305555556 24.1527777778 9.56944444444 1.27777777778 0.319444444444 8.29166666667 0.513888888889 ;
36.7965210356 6.01213592233 1.55703883495 0.0 0.0 5.1998381877 0.0 ;
40.9751838235 4.64981617647 4.09099264706 0.0 0.0 4.109375 0.0 ;
43.3760330579 28.7128099174 1.58884297521 0.0 0.0 3.95661157025 0.0 ;
37.2159559835 8.86795048143 2.48280605227 0.0632737276479 0.0 14.3535075653 1.20770288858 ;
36.9567430025 4.22391857506 5.00127226463 0.0 0.0 4.06106870229 0.0 ;
44.0714285714 26.5582706767 1.80639097744 0.0 0.0 4.01691729323 0.0 ;
38.1665443874 6.00476889215 1.53228173147 0.0 0.0 5.103081438 0.0 ;
37.2214285714 4.51428571429 11.8857142857 1.19285714286 0.0 4.95 0.0 ;
37.1680440771 8.87465564738 2.48484848485 0.0633608815427 0.0 14.3622589532 1.20798898072 ;
39.9436619718 24.323943662 9.22535211268 1.18309859155 0.323943661972 8.3661971831 0.535211267606 ;
38.2238079792 5.77262406747 1.72948426857 0.0 0.0 5.01362309439 0.0 ;
37.2223858616 8.34462444772 2.37702503682 0.0 0.0 13.1649484536 1.0765832106 ;
36.7692307692 37.0 6.76923076923 0.653846153846 0.884615384615 3.07692307692 0.0384615384615 ;
38.9642857143 17.630952381 5.66666666667 0.904761904762 0.0 22.869047619 2.08333333333 ;
40.2744282744 16.682952183 3.89812889813 0.0 0.0 3.93762993763 0.0 ;
37.2517006803 4.52380952381 12.5442176871 1.38775510204 0.0 5.23129251701 0.0544217687075 ;
37.2173913043 4.46376811594 11.8043478261 1.15217391304 0.0 4.94202898551 0.0 ;
40.3923337091 17.6290868095 3.90642615558 0.0 0.0 3.98308906426 0.0 ;
39.4090909091 17.3977272727 6.40909090909 1.01136363636 0.0 22.3522727273 2.07954545455 ;
38.2393920203 5.76599113363 1.77865737809 0.0 0.0 4.97530082331 0.0 ;
37.1723122239 8.38144329897 2.37849779087 0.0 0.0 13.1811487482 1.07805596465 ;
36.6129032258 30.1935483871 9.74193548387 1.58064516129 0.741935483871 3.54838709677 0.0 ;
37.3351648352 4.96153846154 11.7582417582 1.2967032967 0.0549450549451 6.1043956044 0.159340659341 ;
43.5790554415 28.1889117043 1.36344969199 0.0 0.0 3.52977412731 0.0 ;
37.2537722908 8.93827160494 2.48422496571 0.0631001371742 0.0 14.3497942387 1.20713305898 ;
36.310617284 4.84641975309 1.44839506173 0.0 0.0 5.15061728395 0.0 ;
40.3289817232 6.70757180157 3.57180156658 0.0 0.0 4.62859007833 0.0 ;
41.4615384615 53.1923076923 6.61538461538 0.576923076923 0.5 5.46153846154 0.230769230769 ;
37.1805555556 4.49305555556 12.3541666667 1.34027777778 0.0 4.99305555556 0.0 ;
39.0227272727 17.6818181818 6.42045454545 1.01136363636 0.0 22.4772727273 2.09090909091 ;
37.2223858616 8.34462444772 2.37702503682 0.0 0.0 13.1649484536 1.0765832106 ;
36.68 36.2 6.08 0.6 0.92 2.92 0.0 ;
40.2950819672 16.5471311475 3.88831967213 0.0 0.0 3.94057377049 0.0 ;
38.2078853047 5.7660475725 1.72271098078 0.0 0.0 5.01759530792 0.0 ;
37.2159559835 8.86795048143 2.48280605227 0.0632737276479 0.0 14.3535075653 1.20770288858 ;
39.4305555556 24.1527777778 9.56944444444 1.27777777778 0.319444444444 8.29166666667 0.513888888889 ;
43.353909465 28.6481481481 1.58847736626 0.0 0.0 3.95061728395 0.0 ;
37.2173913043 4.46376811594 11.8043478261 1.15217391304 0.0 4.94202898551 0.0 ;
40.9797235023 4.64516129032 4.09585253456 0.0 0.0 4.1069124424 0.0 ;
36.7986251516 6.00687424181 1.55802668823 0.0 0.0 5.20177921553 0.0 ;
37.2159559835 8.86795048143 2.48280605227 0.0632737276479 0.0 14.3535075653 1.20770288858 ;
36.7965210356 6.01213592233 1.55703883495 0.0 0.0 5.1998381877 0.0 ;
39.4305555556 24.1527777778 9.56944444444 1.27777777778 0.319444444444 8.29166666667 0.513888888889 ;
40.9751838235 4.64981617647 4.09099264706 0.0 0.0 4.109375 0.0 ;
37.2173913043 4.46376811594 11.8043478261 1.15217391304 0.0 4.94202898551 0.0 ;
43.3760330579 28.7128099174 1.58884297521 0.0 0.0 3.95661157025 0.0 ;
37.6538461538 13.0692307692 4.87692307692 0.638461538462 0.0 22.9923076923 2.15384615385 ;
37.3122028526 8.19651347068 2.35182250396 0.0 0.0 12.4770206022 1.0 ;
37.54911914 5.37085697223 2.3881755748 0.0 0.0 4.90683786205 0.0 ;
38.4736842105 35.7368421053 9.47368421053 1.23684210526 0.605263157895 4.44736842105 0.105263157895 ;
44.3357452967 22.8191027496 1.48480463097 0.0 0.0 4.03617945007 0.0 ;
37.1690140845 4.47887323944 11.9014084507 1.17605633803 0.0 4.93661971831 0.0 ;
38.1653183257 5.97748856841 1.59268378473 0.0 0.0 5.08054871614 0.0 ;
36.8318042813 3.84250764526 5.31345565749 0.0 0.0 3.90519877676 0.0 ;
39.0857142857 24.2 9.55714285714 1.31428571429 0.328571428571 8.28571428571 0.514285714286 ;
37.2348901099 8.87912087912 2.48901098901 0.0631868131868 0.0 14.3502747253 1.20741758242 ;
37.2173913043 4.46376811594 11.8043478261 1.15217391304 0.0 4.94202898551 0.0 ;
43.7883211679 26.1660583942 1.96897810219 0.0 0.0 4.1003649635 0.0 ;
37.1690140845 4.47887323944 11.9014084507 1.17605633803 0.0 4.93661971831 0.0 ;
38.4736842105 35.7368421053 9.47368421053 1.23684210526 0.605263157895 4.44736842105 0.105263157895 ;
44.3357452967 22.8191027496 1.48480463097 0.0 0.0 4.03617945007 0.0 ;
37.3122028526 8.19651347068 2.35182250396 0.0 0.0 12.4770206022 1.0 ;
37.54911914 5.37085697223 2.3881755748 0.0 0.0 4.90683786205 0.0 ;
37.6538461538 13.0692307692 4.87692307692 0.638461538462 0.0 22.9923076923 2.15384615385 ;
38.1809222105 5.98732840549 1.59063709961 0.0 0.0 5.08412530799 0.0 ;
43.7554744526 26.1496350365 1.98722627737 0.0 0.0 4.10583941606 0.0 ;
39.0857142857 24.2 9.55714285714 1.31428571429 0.328571428571 8.28571428571 0.514285714286 ;
37.2173913043 4.46376811594 11.8043478261 1.15217391304 0.0 4.94202898551 0.0 ;
36.7957317073 3.82012195122 5.29573170732 0.0 0.0 3.8887195122 0.0 ;
37.2348901099 8.87912087912 2.48901098901 0.0631868131868 0.0 14.3502747253 1.20741758242 ;
37.2173913043 4.46376811594 11.8043478261 1.15217391304 0.0 4.94202898551 0.0 ;
39.0857142857 24.2 9.55714285714 1.31428571429 0.328571428571 8.28571428571 0.514285714286 ;
37.2348901099 8.87912087912 2.48901098901 0.0631868131868 0.0 14.3502747253 1.20741758242 ;
36.777265745 3.77112135177 5.27803379416 0.0 0.0 3.88172043011 0.0 ;
43.6581818182 26.1127272727 2.04 0.0 0.0 4.10909090909 0.0 ;
38.1976090014 5.98769338959 1.59071729958 0.0 0.0 5.08368495077 0.0 ;
40.3324808184 6.71675191816 3.53772378517 0.0 0.0 4.62595907928 0.0 ;
37.3351648352 4.96153846154 11.7582417582 1.2967032967 0.0549450549451 6.1043956044 0.159340659341 ;
41.4615384615 53.1923076923 6.61538461538 0.576923076923 0.5 5.46153846154 0.230769230769 ;
43.5351239669 28.3099173554 1.35743801653 0.0 0.0 3.53099173554 0.0 ;
37.2537722908 8.93827160494 2.48422496571 0.0631001371742 0.0 14.3497942387 1.20713305898 ;
36.2650300601 4.81513026052 1.44238476954 0.0 0.0 5.15831663327 0.0 ;
38.4221580467 6.41270674718 2.29456550276 0.0 0.0 4.82357574166 0.0 ;
37.0 4.49006622517 12.3377483444 1.27814569536 0.0 4.99337748344 0.0 ;
46.3333333333 58.6666666667 25.6666666667 3.33333333333 0.0 6.66666666667 0.333333333333 ;
38.8773274918 16.8214676889 2.03723986857 0.0 0.0 10.8313253012 0.81161007667 ;
37.275862069 35.5517241379 5.79310344828 0.379310344828 0.793103448276 3.06896551724 0.0 ;
38.3552631579 12.5131578947 6.36842105263 1.09210526316 0.0 24.0657894737 2.27631578947 ;
39.0227272727 17.6818181818 6.42045454545 1.01136363636 0.0 22.4772727273 2.09090909091 ;
37.2223858616 8.34462444772 2.37702503682 0.0 0.0 13.1649484536 1.0765832106 ;
36.68 36.2 6.08 0.6 0.92 2.92 0.0 ;
40.2468085106 16.929787234 3.90319148936 0.0 0.0 3.95 0.0 ;
38.2466988728 5.77520128824 1.74331723027 0.0 0.0 5.00225442834 0.0 ;
37.1805555556 4.49305555556 12.3541666667 1.34027777778 0.0 4.99305555556 0.0 ;
37.2173913043 4.46376811594 11.8043478261 1.15217391304 0.0 4.94202898551 0.0 ;
36.8099273608 6.00524616626 1.55891848265 0.0 0.0 5.2001614205 0.0 ;
39.4305555556 24.1527777778 9.56944444444 1.27777777778 0.319444444444 8.29166666667 0.513888888889 ;
40.9731481481 4.64259259259 4.10555555556 0.0 0.0 4.10555555556 0.0 ;
37.2159559835 8.86795048143 2.48280605227 0.0632737276479 0.0 14.3535075653 1.20770288858 ;
43.353909465 28.6481481481 1.58847736626 0.0 0.0 3.95061728395 0.0 ;
38.1744022504 5.98312236287 1.5935302391 0.0 0.0 5.08333333333 0.0 ;
43.7783882784 26.2124542125 1.96336996337 0.0 0.0 4.08424908425 0.0 ;
37.2173913043 4.46376811594 11.8043478261 1.15217391304 0.0 4.94202898551 0.0 ;
37.2348901099 8.87912087912 2.48901098901 0.0631868131868 0.0 14.3502747253 1.20741758242 ;
39.0857142857 24.2 9.55714285714 1.31428571429 0.328571428571 8.28571428571 0.514285714286 ;
36.8198473282 3.84427480916 5.30992366412 0.0 0.0 3.90534351145 0.0 ;
39.0227272727 17.6818181818 6.42045454545 1.01136363636 0.0 22.4772727273 2.09090909091 ;
36.68 36.2 6.08 0.6 0.92 2.92 0.0 ;
40.2473460722 16.9023354565 3.9033970276 0.0 0.0 3.94692144374 0.0 ;
37.1805555556 4.49305555556 12.3541666667 1.34027777778 0.0 4.99305555556 0.0 ;
38.2452465356 5.77634547212 1.7418627135 0.0 0.0 5.00386722527 0.0 ;
37.2223858616 8.34462444772 2.37702503682 0.0 0.0 13.1649484536 1.0765832106 ;
37.1631205674 4.48936170213 11.8226950355 1.15602836879 0.0 4.93617021277 0.0 ;
44.3228571429 22.6328571429 1.47857142857 0.0 0.0 4.05142857143 0.0 ;
36.6 30.7666666667 9.66666666667 1.5 0.766666666667 3.46666666667 0.0 ;
38.170212766 15.6312056738 5.21276595745 0.631205673759 0.0 21.7872340426 2.02127659574 ;
37.2984126984 8.14603174603 2.35396825397 0.0 0.0 12.4793650794 1.0 ;
37.5330937406 5.35639412998 2.39053608865 0.0 0.0 4.90685834082 0.0 ;
38.1744022504 5.98312236287 1.5935302391 0.0 0.0 5.08333333333 0.0 ;
39.0857142857 24.2 9.55714285714 1.31428571429 0.328571428571 8.28571428571 0.514285714286 ;
37.2173913043 4.46376811594 11.8043478261 1.15217391304 0.0 4.94202898551 0.0 ;
43.7783882784 26.2124542125 1.96336996337 0.0 0.0 4.08424908425 0.0 ;
37.2348901099 8.87912087912 2.48901098901 0.0631868131868 0.0 14.3502747253 1.20741758242 ;
36.8198473282 3.84427480916 5.30992366412 0.0 0.0 3.90534351145 0.0 ;
44.31 22.66 1.48714285714 0.0 0.0 4.05142857143 0.0 ;
37.1690140845 4.47887323944 11.9014084507 1.17605633803 0.0 4.93661971831 0.0 ;
38.4736842105 35.7368421053 9.47368421053 1.23684210526 0.605263157895 4.44736842105 0.105263157895 ;
37.5362275449 5.35718562874 2.39011976048 0.0 0.0 4.90598802395 0.0 ;
37.6538461538 13.0692307692 4.87692307692 0.638461538462 0.0 22.9923076923 2.15384615385 ;
37.3122028526 8.19651347068 2.35182250396 0.0 0.0 12.4770206022 1.0 ;
40.9751838235 4.64981617647 4.09099264706 0.0 0.0 4.109375 0.0 ;
36.7965210356 6.01213592233 1.55703883495 0.0 0.0 5.1998381877 0.0 ;
39.4305555556 24.1527777778 9.56944444444 1.27777777778 0.319444444444 8.29166666667 0.513888888889 ;
37.2159559835 8.86795048143 2.48280605227 0.0632737276479 0.0 14.3535075653 1.20770288858 ;
37.2173913043 4.46376811594 11.8043478261 1.15217391304 0.0 4.94202898551 0.0 ;
43.3760330579 28.7128099174 1.58884297521 0.0 0.0 3.95661157025 0.0 ;
37.3122028526 8.19651347068 2.35182250396 0.0 0.0 12.4770206022 1.0 ;
38.1428571429 32.8333333333 10.4523809524 1.5 0.547619047619 4.80952380952 0.166666666667 ;
37.2173913043 4.46376811594 11.8043478261 1.15217391304 0.0 4.94202898551 0.0 ;
38.2393920203 5.76599113363 1.77865737809 0.0 0.0 4.97530082331 0.0 ;
37.576 12.856 4.464 0.6 0.0 23.616 2.216 ;
40.3923337091 17.6290868095 3.90642615558 0.0 0.0 3.98308906426 0.0 ;
36.9237611182 4.20711562897 4.99237611182 0.0 0.0 4.05209656925 0.0 ;
37.2214285714 4.51428571429 11.8857142857 1.19285714286 0.0 4.95 0.0 ;
39.9436619718 24.323943662 9.22535211268 1.18309859155 0.323943661972 8.3661971831 0.535211267606 ;
44.0373831776 26.4654205607 1.82429906542 0.0 0.0 4.04859813084 0.0 ;
37.1680440771 8.87465564738 2.48484848485 0.0633608815427 0.0 14.3622589532 1.20798898072 ;
38.1767083027 6.00587803086 1.52975753123 0.0 0.0 5.1010286554 0.0 ;
37.2214285714 4.51428571429 11.8857142857 1.19285714286 0.0 4.95 0.0 ;
39.9436619718 24.323943662 9.22535211268 1.18309859155 0.323943661972 8.3661971831 0.535211267606 ;
38.0251645374 5.61053039102 1.48586914441 0.0 0.0 5.07549361208 0.0 ;
37.2653061224 5.18820861678 4.85034013605 0.0 0.0 4.34467120181 0.0 ;
43.9533678756 25.4749568221 1.64594127807 0.0 0.0 3.9689119171 0.0 ;
37.1680440771 8.87465564738 2.48484848485 0.0633608815427 0.0 14.3622589532 1.20798898072 ;
37.1631205674 4.48936170213 11.8226950355 1.15602836879 0.0 4.93617021277 0.0 ;
44.3210749646 22.5261669024 1.48939179632 0.0 0.0 4.06364922207 0.0 ;
37.1519174041 8.36873156342 2.37168141593 0.0 0.0 13.1828908555 1.07817109145 ;
36.6 30.7666666667 9.66666666667 1.5 0.766666666667 3.46666666667 0.0 ;
37.5196519652 5.34923492349 2.39153915392 0.0 0.0 4.90519051905 0.0 ;
39.6956521739 17.7717391304 6.55434782609 0.967391304348 0.0 21.6739130435 2.0 ;
37.6538461538 13.0692307692 4.87692307692 0.638461538462 0.0 22.9923076923 2.15384615385 ;
37.1690140845 4.47887323944 11.9014084507 1.17605633803 0.0 4.93661971831 0.0 ;
38.4736842105 35.7368421053 9.47368421053 1.23684210526 0.605263157895 4.44736842105 0.105263157895 ;
44.3357452967 22.8191027496 1.48480463097 0.0 0.0 4.03617945007 0.0 ;
37.54911914 5.37085697223 2.3881755748 0.0 0.0 4.90683786205 0.0 ;
37.3122028526 8.19651347068 2.35182250396 0.0 0.0 12.4770206022 1.0 ;
44.3228571429 22.6328571429 1.47857142857 0.0 0.0 4.05142857143 0.0 ;
37.2984126984 8.14603174603 2.35396825397 0.0 0.0 12.4793650794 1.0 ;
36.6 30.7666666667 9.66666666667 1.5 0.766666666667 3.46666666667 0.0 ;
37.5330937406 5.35639412998 2.39053608865 0.0 0.0 4.90685834082 0.0 ;
37.1631205674 4.48936170213 11.8226950355 1.15602836879 0.0 4.93617021277 0.0 ;
38.170212766 15.6312056738 5.21276595745 0.631205673759 0.0 21.7872340426 2.02127659574 ;
37.1690140845 4.47887323944 11.9014084507 1.17605633803 0.0 4.93661971831 0.0 ;
44.2793696275 22.717765043 1.48710601719 0.0 0.0 4.05730659026 0.0 ;
37.3939393939 30.303030303 10.4545454545 1.63636363636 0.69696969697 4.12121212121 0.151515151515 ;
37.1506646972 8.33825701625 2.37223042836 0.0 0.0 13.1742983752 1.07680945347 ;
39.5056179775 17.797752809 5.92134831461 0.85393258427 0.0 22.202247191 2.03370786517 ;
37.5466786355 5.35547576302 2.38958707361 0.0 0.0 4.90424895272 0.0 ;
36.8069908815 3.8358662614 5.29483282675 0.0 0.0 3.89665653495 0.0 ;
39.0857142857 24.2 9.55714285714 1.31428571429 0.328571428571 8.28571428571 0.514285714286 ;
38.1840253343 5.9869809993 1.59254046446 0.0 0.0 5.08585503167 0.0 ;
37.2348901099 8.87912087912 2.48901098901 0.0631868131868 0.0 14.3502747253 1.20741758242 ;
43.7614678899 26.2513761468 1.96697247706 0.0 0.0 4.08623853211 0.0 ;
37.2173913043 4.46376811594 11.8043478261 1.15217391304 0.0 4.94202898551 0.0 ;
37.2159559835 8.86795048143 2.48280605227 0.0632737276479 0.0 14.3535075653 1.20770288858 ;
37.2173913043 4.46376811594 11.8043478261 1.15217391304 0.0 4.94202898551 0.0 ;
39.4305555556 24.1527777778 9.56944444444 1.27777777778 0.319444444444 8.29166666667 0.513888888889 ;
43.3760330579 28.7128099174 1.58884297521 0.0 0.0 3.95661157025 0.0 ;
36.7965210356 6.01213592233 1.55703883495 0.0 0.0 5.1998381877 0.0 ;
40.9751838235 4.64981617647 4.09099264706 0.0 0.0 4.109375 0.0 ;
36.7562893082 3.6965408805 5.28773584906 0.0 0.0 3.85377358491 0.0 ;
39.7083333333 23.8194444444 9.40277777778 1.27777777778 0.319444444444 8.33333333333 0.527777777778 ;
37.1680440771 8.87465564738 2.48484848485 0.0633608815427 0.0 14.3622589532 1.20798898072 ;
37.2173913043 4.46376811594 11.8043478261 1.15217391304 0.0 4.94202898551 0.0 ;
43.563963964 25.9855855856 2.0990990991 0.0 0.0 4.14414414414 0.0 ;
38.2035739313 5.98213034338 1.59565522074 0.0 0.0 5.07848633497 0.0 ;
36.5921787709 3.68994413408 4.94134078212 0.0 0.0 3.89804469274 0.0 ;
37.2173913043 4.46376811594 11.8043478261 1.15217391304 0.0 4.94202898551 0.0 ;
43.4515539305 26.2120658135 2.11334552102 0.0 0.0 4.12614259598 0.0 ;
39.7083333333 23.8194444444 9.40277777778 1.27777777778 0.319444444444 8.33333333333 0.527777777778 ;
38.324946082 6.0625449317 1.57728253055 0.0 0.0 5.10316319195 0.0 ;
37.1680440771 8.87465564738 2.48484848485 0.0633608815427 0.0 14.3622589532 1.20798898072 ;
43.3760330579 28.7128099174 1.58884297521 0.0 0.0 3.95661157025 0.0 ;
37.2173913043 4.46376811594 11.8043478261 1.15217391304 0.0 4.94202898551 0.0 ;
36.7965210356 6.01213592233 1.55703883495 0.0 0.0 5.1998381877 0.0 ;
40.9751838235 4.64981617647 4.09099264706 0.0 0.0 4.109375 0.0 ;
39.4305555556 24.1527777778 9.56944444444 1.27777777778 0.319444444444 8.29166666667 0.513888888889 ;
37.2159559835 8.86795048143 2.48280605227 0.0632737276479 0.0 14.3535075653 1.20770288858 ;
40.9751838235 4.64981617647 4.09099264706 0.0 0.0 4.109375 0.0 ;
39.4305555556 24.1527777778 9.56944444444 1.27777777778 0.319444444444 8.29166666667 0.513888888889 ;
36.7965210356 6.01213592233 1.55703883495 0.0 0.0 5.1998381877 0.0 ;
37.2173913043 4.46376811594 11.8043478261 1.15217391304 0.0 4.94202898551 0.0 ;
43.3760330579 28.7128099174 1.58884297521 0.0 0.0 3.95661157025 0.0 ;
37.2159559835 8.86795048143 2.48280605227 0.0632737276479 0.0 14.3535075653 1.20770288858 ;
39.7083333333 23.8194444444 9.40277777778 1.27777777778 0.319444444444 8.33333333333 0.527777777778 ;
38.2004204625 5.98808689559 1.59635599159 0.0 0.0 5.07883672039 0.0 ;
37.2173913043 4.46376811594 11.8043478261 1.15217391304 0.0 4.94202898551 0.0 ;
43.6416819013 26.2248628885 2.0365630713 0.0 0.0 4.1042047532 0.0 ;
36.7888198758 3.74378881988 5.29813664596 0.0 0.0 3.8897515528 0.0 ;
37.1680440771 8.87465564738 2.48484848485 0.0633608815427 0.0 14.3622589532 1.20798898072 ;
37.3562828033 5.21735103427 2.4158690954 0.0 0.0 4.87434393331 0.0 ;
37.4 29.0285714286 10.8571428571 1.77142857143 0.657142857143 4.2 0.142857142857 ;
37.2173913043 4.46376811594 11.8043478261 1.15217391304 0.0 4.94202898551 0.0 ;
39.0 18.0681818182 5.97727272727 0.863636363636 0.0 22.25 2.03409090909 ;
44.1633416459 20.9887780549 1.5187032419 0.0 0.0 4.28927680798 0.0 ;
37.2223858616 8.34462444772 2.37702503682 0.0 0.0 13.1649484536 1.0765832106 ;
39.0857142857 24.2 9.55714285714 1.31428571429 0.328571428571 8.28571428571 0.514285714286 ;
37.2348901099 8.87912087912 2.48901098901 0.0631868131868 0.0 14.3502747253 1.20741758242 ;
37.2173913043 4.46376811594 11.8043478261 1.15217391304 0.0 4.94202898551 0.0 ;
38.1720619282 5.98064743139 1.59183673469 0.0 0.0 5.08268824771 0.0 ;
36.8198473282 3.84427480916 5.30992366412 0.0 0.0 3.90534351145 0.0 ;
43.7700729927 26.151459854 1.97080291971 0.0 0.0 4.09124087591 0.0 ;
44.3357452967 22.8191027496 1.48480463097 0.0 0.0 4.03617945007 0.0 ;
38.4736842105 35.7368421053 9.47368421053 1.23684210526 0.605263157895 4.44736842105 0.105263157895 ;
37.54911914 5.37085697223 2.3881755748 0.0 0.0 4.90683786205 0.0 ;
37.3122028526 8.19651347068 2.35182250396 0.0 0.0 12.4770206022 1.0 ;
37.1690140845 4.47887323944 11.9014084507 1.17605633803 0.0 4.93661971831 0.0 ;
37.6538461538 13.0692307692 4.87692307692 0.638461538462 0.0 22.9923076923 2.15384615385 ;
37.2159559835 8.86795048143 2.48280605227 0.0632737276479 0.0 14.3535075653 1.20770288858 ;
43.3760330579 28.7128099174 1.58884297521 0.0 0.0 3.95661157025 0.0 ;
36.7965210356 6.01213592233 1.55703883495 0.0 0.0 5.1998381877 0.0 ;
37.2173913043 4.46376811594 11.8043478261 1.15217391304 0.0 4.94202898551 0.0 ;
39.4305555556 24.1527777778 9.56944444444 1.27777777778 0.319444444444 8.29166666667 0.513888888889 ;
40.9751838235 4.64981617647 4.09099264706 0.0 0.0 4.109375 0.0 ;
36.7673343606 3.75963020031 5.28043143297 0.0 0.0 3.8844375963 0.0 ;
38.1971880492 5.98769771529 1.59121265378 0.0 0.0 5.08295254833 0.0 ;
39.7083333333 23.8194444444 9.40277777778 1.27777777778 0.319444444444 8.33333333333 0.527777777778 ;
37.1680440771 8.87465564738 2.48484848485 0.0633608815427 0.0 14.3622589532 1.20798898072 ;
43.6569872958 26.0816696915 2.04718693285 0.0 0.0 4.10707803993 0.0 ;
37.2173913043 4.46376811594 11.8043478261 1.15217391304 0.0 4.94202898551 0.0 ;
39.0857142857 24.2 9.55714285714 1.31428571429 0.328571428571 8.28571428571 0.514285714286 ;
37.2173913043 4.46376811594 11.8043478261 1.15217391304 0.0 4.94202898551 0.0 ;
36.7825421133 3.79173047473 5.28637059724 0.0 0.0 3.88973966309 0.0 ;
37.2348901099 8.87912087912 2.48901098901 0.0631868131868 0.0 14.3502747253 1.20741758242 ;
38.1954992968 5.98699015471 1.5917721519 0.0 0.0 5.08438818565 0.0 ;
43.6879562044 26.1733576642 2.01277372263 0.0 0.0 4.09671532847 0.0 ;
37.3122028526 8.19651347068 2.35182250396 0.0 0.0 12.4770206022 1.0 ;
44.3357452967 22.8191027496 1.48480463097 0.0 0.0 4.03617945007 0.0 ;
38.4736842105 35.7368421053 9.47368421053 1.23684210526 0.605263157895 4.44736842105 0.105263157895 ;
37.54911914 5.37085697223 2.3881755748 0.0 0.0 4.90683786205 0.0 ;
37.1690140845 4.47887323944 11.9014084507 1.17605633803 0.0 4.93661971831 0.0 ;
37.6538461538 13.0692307692 4.87692307692 0.638461538462 0.0 22.9923076923 2.15384615385 ;
43.401459854 26.1843065693 2.1295620438 0.0 0.0 4.12408759124 0.0 ;
38.3346499102 6.06642728905 1.58132854578 0.0 0.0 5.10017953321 0.0 ;
37.2214285714 4.51428571429 11.8857142857 1.19285714286 0.0 4.95 0.0 ;
36.5758426966 3.65449438202 4.93117977528 0.0 0.0 3.9058988764 0.0 ;
39.7714285714 24.2714285714 9.17142857143 1.2 0.328571428571 8.41428571429 0.542857142857 ;
37.1680440771 8.87465564738 2.48484848485 0.0633608815427 0.0 14.3622589532 1.20798898072 ;
37.1631205674 4.48936170213 11.8226950355 1.15602836879 0.0 4.93617021277 0.0 ;
36.6 30.7666666667 9.66666666667 1.5 0.766666666667 3.46666666667 0.0 ;
44.3228571429 22.6328571429 1.47857142857 0.0 0.0 4.05142857143 0.0 ;
37.2984126984 8.14603174603 2.35396825397 0.0 0.0 12.4793650794 1.0 ;
38.170212766 15.6312056738 5.21276595745 0.631205673759 0.0 21.7872340426 2.02127659574 ;
37.5330937406 5.35639412998 2.39053608865 0.0 0.0 4.90685834082 0.0 ;
40.9283795882 4.68218442256 4.04744852283 0.0 0.0 4.12444046553 0.0 ;
36.7602459016 6.00942622951 1.54672131148 0.0 0.0 5.20860655738 0.0 ;
39.4305555556 24.1527777778 9.56944444444 1.27777777778 0.319444444444 8.29166666667 0.513888888889 ;
37.2159559835 8.86795048143 2.48280605227 0.0632737276479 0.0 14.3535075653 1.20770288858 ;
37.2173913043 4.46376811594 11.8043478261 1.15217391304 0.0 4.94202898551 0.0 ;
43.3757700205 28.5934291581 1.58932238193 0.0 0.0 3.95071868583 0.0 ;
37.2348901099 8.87912087912 2.48901098901 0.0631868131868 0.0 14.3502747253 1.20741758242 ;
36.7825421133 3.79173047473 5.28637059724 0.0 0.0 3.88973966309 0.0 ;
39.0857142857 24.2 9.55714285714 1.31428571429 0.328571428571 8.28571428571 0.514285714286 ;
38.1954992968 5.98699015471 1.5917721519 0.0 0.0 5.08438818565 0.0 ;
43.6879562044 26.1733576642 2.01277372263 0.0 0.0 4.09671532847 0.0 ;
37.2173913043 4.46376811594 11.8043478261 1.15217391304 0.0 4.94202898551 0.0 ;
37.2223858616 8.34462444772 2.37702503682 0.0 0.0 13.1649484536 1.0765832106 ;
40.3265720081 16.4736308316 3.88438133874 0.0 0.0 3.95638945233 0.0 ;
36.68 36.2 6.08 0.6 0.92 2.92 0.0 ;
37.1805555556 4.49305555556 12.3541666667 1.34027777778 0.0 4.99305555556 0.0 ;
39.0227272727 17.6818181818 6.42045454545 1.01136363636 0.0 22.4772727273 2.09090909091 ;
38.1909120628 5.75449493298 1.71690094802 0.0 0.0 5.01601830664 0.0 ;
37.2173913043 4.46376811594 11.8043478261 1.15217391304 0.0 4.94202898551 0.0 ;
39.0857142857 24.2 9.55714285714 1.31428571429 0.328571428571 8.28571428571 0.514285714286 ;
36.7969465649 3.8106870229 5.29312977099 0.0 0.0 3.88854961832 0.0 ;
38.1816901408 5.98450704225 1.59084507042 0.0 0.0 5.08521126761 0.0 ;
37.2348901099 8.87912087912 2.48901098901 0.0631868131868 0.0 14.3502747253 1.20741758242 ;
43.7272727273 26.0981818182 1.99454545455 0.0 0.0 4.10181818182 0.0 ;
40.9751838235 4.64981617647 4.09099264706 0.0 0.0 4.109375 0.0 ;
37.2159559835 8.86795048143 2.48280605227 0.0632737276479 0.0 14.3535075653 1.20770288858 ;
39.4305555556 24.1527777778 9.56944444444 1.27777777778 0.319444444444 8.29166666667 0.513888888889 ;
43.3760330579 28.7128099174 1.58884297521 0.0 0.0 3.95661157025 0.0 ;
36.7965210356 6.01213592233 1.55703883495 0.0 0.0 5.1998381877 0.0 ;
37.2173913043 4.46376811594 11.8043478261 1.15217391304 0.0 4.94202898551 0.0 ;
36.5510791367 3.59856115108 4.9654676259 0.0 0.0 3.88201438849 0.0 ;
38.3282087951 6.06185198427 1.58598498391 0.0 0.0 5.09831962817 0.0 ;
37.2173913043 4.46376811594 11.8043478261 1.15217391304 0.0 4.94202898551 0.0 ;
39.7083333333 23.8194444444 9.40277777778 1.27777777778 0.319444444444 8.33333333333 0.527777777778 ;
43.3652802893 26.0216998192 2.1609403255 0.0 0.0 4.1356238698 0.0 ;
37.1680440771 8.87465564738 2.48484848485 0.0633608815427 0.0 14.3622589532 1.20798898072 ;
37.2173913043 4.46376811594 11.8043478261 1.15217391304 0.0 4.94202898551 0.0 ;
39.0857142857 24.2 9.55714285714 1.31428571429 0.328571428571 8.28571428571 0.514285714286 ;
37.2348901099 8.87912087912 2.48901098901 0.0631868131868 0.0 14.3502747253 1.20741758242 ;
38.1712979247 5.98170946184 1.59268378473 0.0 0.0 5.08265916286 0.0 ;
43.7842778793 26.1828153565 1.96709323583 0.0 0.0 4.08957952468 0.0 ;
36.8198473282 3.84427480916 5.30992366412 0.0 0.0 3.90534351145 0.0 ;
37.1690140845 4.47887323944 11.9014084507 1.17605633803 0.0 4.93661971831 0.0 ;
38.4736842105 35.7368421053 9.47368421053 1.23684210526 0.605263157895 4.44736842105 0.105263157895 ;
37.5360670458 5.35947321161 2.39000299312 0.0 0.0 4.90631547441 0.0 ;
44.3204577969 22.6738197425 1.48640915594 0.0 0.0 4.04864091559 0.0 ;
37.6538461538 13.0692307692 4.87692307692 0.638461538462 0.0 22.9923076923 2.15384615385 ;
37.3122028526 8.19651347068 2.35182250396 0.0 0.0 12.4770206022 1.0 ;
37.2159559835 8.86795048143 2.48280605227 0.0632737276479 0.0 14.3535075653 1.20770288858 ;
39.4305555556 24.1527777778 9.56944444444 1.27777777778 0.319444444444 8.29166666667 0.513888888889 ;
36.7965210356 6.01213592233 1.55703883495 0.0 0.0 5.1998381877 0.0 ;
43.3760330579 28.7128099174 1.58884297521 0.0 0.0 3.95661157025 0.0 ;
40.9751838235 4.64981617647 4.09099264706 0.0 0.0 4.109375 0.0 ;
37.2173913043 4.46376811594 11.8043478261 1.15217391304 0.0 4.94202898551 0.0 ;
37.2348901099 8.87912087912 2.48901098901 0.0631868131868 0.0 14.3502747253 1.20741758242 ;
43.6581818182 26.1127272727 2.04 0.0 0.0 4.10909090909 0.0 ;
39.0857142857 24.2 9.55714285714 1.31428571429 0.328571428571 8.28571428571 0.514285714286 ;
36.777265745 3.77112135177 5.27803379416 0.0 0.0 3.88172043011 0.0 ;
38.1976090014 5.98769338959 1.59071729958 0.0 0.0 5.08368495077 0.0 ;
37.2173913043 4.46376811594 11.8043478261 1.15217391304 0.0 4.94202898551 0.0 ;
36.2950819672 4.83358171883 1.44510680576 0.0 0.0 5.15300546448 0.0 ;
37.2537722908 8.93827160494 2.48422496571 0.0631001371742 0.0 14.3497942387 1.20713305898 ;
41.4615384615 53.1923076923 6.61538461538 0.576923076923 0.5 5.46153846154 0.230769230769 ;
43.5351239669 28.3099173554 1.35743801653 0.0 0.0 3.53099173554 0.0 ;
40.338073691 6.71363930187 3.55720749838 0.0 0.0 4.62702003878 0.0 ;
37.3351648352 4.96153846154 11.7582417582 1.2967032967 0.0549450549451 6.1043956044 0.159340659341 ;
