0.0 4.74738819599 2.67693119453 2.49678113887 2.9085222696 1.64489910445 2.86457995146 ;
2.42760567608 4.77003782415 3.20226298658 4.49428770077 2.92609886333 3.85691934369 3.19957867983 ;
2.54349814782 4.4929949245 3.00892199963 3.08745375392 3.32645029344 1.51400229423 2.03205181261 ;
1.67607942729 4.74509504264 0.0 1.93350914094 2.26741084691 0.843504672805 2.73364397829 ;
2.99426213822 4.48550358652 3.48590372059 3.44554704342 4.70638107933 2.37445862608 3.50378697712 ;
1.51880057966 4.75470167771 2.57829825452 2.06236681868 0.0 0.952429419912 2.72297590324 ;
2.36718805443 4.77912631013 2.68869638807 2.52555526839 3.25565545659 1.03063063467 3.2608882486 ;
2.09212297607 4.73012206729 2.71417021502 2.43799885788 3.21880638877 0.0 3.20518284143 ;
1.48561018829 4.76772769774 2.57579417103 2.08672000279 0.0 0.950304850182 2.69508975329 ;
2.19497787637 4.77066282245 3.19502425955 4.49630850353 2.91936975828 3.85518996688 3.18293115316 ;
2.00713488526 4.76646252904 2.69539108607 2.49001780813 3.34371491835 1.72623014619 3.27062129853 ;
2.12499870656 4.56063046561 2.83381789318 2.96829916201 2.68425077375 2.23072632152 1.39521692811 ;
2.99255215098 4.48187848726 3.48611599071 3.44197633036 4.69879241289 2.34745098469 3.50504573547 ;
1.67607942729 4.74509504264 0.0 1.93350914094 2.26741084691 0.843504672805 2.73364397829 ;
1.67607942729 4.74509504264 0.0 1.93350914094 2.26741084691 0.843504672805 2.73364397829 ;
2.19497787637 4.77066282245 3.19502425955 4.49630850353 2.91936975828 3.85518996688 3.18293115316 ;
2.40139723158 4.76784605328 2.72289205472 2.63505628911 3.41597203587 1.76483136467 3.29760993387 ;
2.09976295714 4.72951167995 2.71669896667 2.4412514483 3.2271363473 0.0 3.2136973469 ;
1.48988037905 4.76871040342 2.57162090507 2.08727133705 0.0 0.946155047343 2.69746309716 ;
1.38536012323 4.63090242889 2.7596776068 2.6226151173 2.86326733766 1.99602242454 2.02183296458 ;
3.00747340505 4.46915469132 3.50281149635 3.41042891505 4.70101355209 2.34873297474 3.5022039578 ;
1.23172734056 4.76478509612 2.64753248838 1.7020160242 3.12703788572 0.904893014992 3.0618197261 ;
2.54558583604 4.73334724272 2.67923575238 2.86910127898 3.11612209601 1.27997298729 3.26857758113 ;
1.74981293528 4.69447690187 2.15692635216 2.58829940361 1.99358145636 1.54010753421 0.0 ;
2.18083196553 4.76845550541 3.19807293871 4.49523232234 2.9155860475 3.86067925324 3.16872302369 ;
2.93026121889 4.50358822765 3.42166334551 3.51270739345 4.67824940045 1.93310096542 3.48041218965 ;
1.52302059478 4.75725999684 2.57790768764 2.07843885332 0.0 0.970510713603 3.05183772731 ;
1.6979405937 4.74819651588 0.0 1.94745911473 2.28779765745 0.84521621834 3.01424981712 ;
2.00258205788 4.76654034033 2.69357153081 2.48301660086 3.33833777605 1.7251128392 3.26896373392 ;
2.19423685581 4.77053211445 3.1950272699 4.49639858828 2.91517773935 3.85557053949 3.18204994686 ;
2.12499870656 4.56063046561 2.83381789318 2.96829916201 2.68425077375 2.23072632152 1.39521692811 ;
1.48988037905 4.76871040342 2.57162090507 2.08727133705 0.0 0.946155047343 2.69746309716 ;
2.99074099183 4.48492234537 3.48195874493 3.44804846321 4.69717166898 2.34777428942 3.5060604088 ;
1.67607942729 4.74509504264 0.0 1.93350914094 2.26741084691 0.843504672805 2.73364397829 ;
2.09137275203 4.72959147086 2.71638042502 2.43845345043 3.22530902794 0.0 3.20511536131 ;
2.97785718279 4.4849965278 3.46578182831 3.45852412615 4.68973849787 2.32441096631 3.50355778927 ;
1.01824062036 4.76875059494 2.68805895228 1.87609642314 2.70273210693 1.40463760781 3.18040917621 ;
2.19423685581 4.77053211445 3.1950272699 4.49639858828 2.91517773935 3.85557053949 3.18204994686 ;
2.46892091151 4.76989044593 2.66177985759 2.6984451292 2.9778053249 1.85368165396 3.28370079138 ;
1.67607942729 4.74509504264 0.0 1.93350914094 2.26741084691 0.843504672805 2.73364397829 ;
1.96601703871 4.60709197827 2.77805323083 2.9074433028 2.0927699638 2.17598532689 1.32342909548 ;
1.99537691597 4.73777037831 2.69089512451 2.35038331446 2.71057380107 0.0 3.17607749593 ;
2.1852857159 4.76757164865 3.19718182127 4.49176947268 2.92448244638 3.85872050117 3.16948867583 ;
1.51289390843 4.7670143771 2.54125481894 1.91098265412 3.16784399056 1.04580145641 3.08635643121 ;
2.62643317797 4.68315255011 2.89509156446 3.15580238372 3.21743308882 0.900626703403 3.28823022552 ;
1.6979405937 4.74819651588 0.0 1.94745911473 2.28779765745 0.84521621834 3.01424981712 ;
1.52302059478 4.75725999684 2.57790768764 2.07843885332 0.0 0.970510713603 3.05183772731 ;
1.74981293528 4.69447690187 2.15692635216 2.58829940361 1.99358145636 1.54010753421 0.0 ;
2.85314030251 4.53374446703 3.36185080401 3.24759711489 4.63302508481 2.34557950989 3.49833327691 ;
2.19497787637 4.77066282245 3.19502425955 4.49630850353 2.91936975828 3.85518996688 3.18293115316 ;
2.00660704382 4.76616504285 2.69498062341 2.49227016952 3.34633246431 1.72960328262 3.269945293 ;
1.42670093217 4.76559212777 2.54578537371 1.98518265837 0.0 1.23811146195 2.54625389597 ;
1.67607942729 4.74509504264 0.0 1.93350914094 2.26741084691 0.843504672805 2.73364397829 ;
2.99264998995 4.48156635007 3.48800492075 3.44036497204 4.6993661257 2.34789270722 3.50580878572 ;
2.13141093714 4.56277250974 2.83475401361 2.95053316741 2.68967897205 2.20713372932 1.40956121545 ;
2.05217758866 4.73443351545 2.71018243074 2.44089895791 2.90710207418 0.0 3.2059805498 ;
2.18074763969 4.76511198555 3.19229750031 4.48709487401 2.91999040134 3.85709297888 3.16788383074 ;
1.6979405937 4.74819651588 0.0 1.94745911473 2.28779765745 0.84521621834 3.01424981712 ;
1.4565177595 4.76255152906 2.55449979323 1.90459506739 3.18989029561 1.09455521732 3.07287099208 ;
2.85480392637 4.53556825392 3.36215718719 3.2477798473 4.63113449959 2.34392866667 3.50026136088 ;
1.52302059478 4.75725999684 2.57790768764 2.07843885332 0.0 0.970510713603 3.05183772731 ;
1.74981293528 4.69447690187 2.15692635216 2.58829940361 1.99358145636 1.54010753421 0.0 ;
2.6020367618 4.69405624286 2.8581469082 3.07010554943 3.19362214753 0.847074218046 3.28545286051 ;
2.19291517519 4.76901709938 3.19427558242 4.49353764893 2.91446094356 3.85647103022 3.18135463878 ;
1.64070472961 4.76234088049 2.54472674979 2.04042609309 3.54581026179 1.14321090251 3.28754567029 ;
2.99174495844 4.48403663687 3.48499471128 3.44495650426 4.70381904296 2.37990127115 3.50841858619 ;
1.71311351147 4.74894935226 0.0 1.98415133111 2.35444252821 0.848337222797 3.05662890243 ;
2.53086317921 4.71821244674 2.85545729304 2.85830934933 2.49267922632 0.795805056193 3.2107617609 ;
1.47901339168 4.75921158675 0.0 1.53354384371 1.60756432364 0.820107318099 0.714150496908 ;
1.42674760016 4.67753682216 2.66960987124 2.51632918749 1.55530407819 1.65731423525 1.59139290894 ;
2.99213649228 4.48229976337 3.47616205088 3.45117506664 4.69139560827 2.33288749613 3.50377822563 ;
1.99537691597 4.73777037831 2.69089512451 2.35038331446 2.71057380107 0.0 3.17607749593 ;
2.46904421685 4.77063720988 2.66980677361 2.6653782116 3.00723887987 1.85262272507 3.27433478826 ;
2.19423685581 4.77053211445 3.1950272699 4.49639858828 2.91517773935 3.85557053949 3.18204994686 ;
1.67607942729 4.74509504264 0.0 1.93350914094 2.26741084691 0.843504672805 2.73364397829 ;
0.922642870813 4.7654059992 2.68584585667 1.93214712989 2.67463091174 1.3933561386 3.20115213789 ;
1.97836524514 4.60246187041 2.78307377064 2.90715167546 2.12843912848 2.16539239976 1.34057874866 ;
2.99110575027 4.48387572427 3.48252477113 3.44662136571 4.69803150136 2.35007676786 3.50590220737 ;
2.12499870656 4.56063046561 2.83381789318 2.96829916201 2.68425077375 2.23072632152 1.39521692811 ;
2.19423685581 4.77053211445 3.1950272699 4.49639858828 2.91517773935 3.85557053949 3.18204994686 ;
1.48988037905 4.76871040342 2.57162090507 2.08727133705 0.0 0.946155047343 2.69746309716 ;
2.09137275203 4.72959147086 2.71638042502 2.43845345043 3.22530902794 0.0 3.20511536131 ;
1.67607942729 4.74509504264 0.0 1.93350914094 2.26741084691 0.843504672805 2.73364397829 ;
2.00400987423 4.76673546305 2.69453505561 2.48554992677 3.34007239385 1.72468883859 3.26946325194 ;
1.45946634658 4.7616274572 2.55258729298 1.91036699771 3.19380715026 1.09036953771 3.07219453144 ;
2.60333024533 4.69465434133 2.86092330174 3.06891781439 3.19009701579 0.850000208436 3.28679820187 ;
1.74981293528 4.69447690187 2.15692635216 2.58829940361 1.99358145636 1.54010753421 0.0 ;
2.85480392637 4.53556825392 3.36215718719 3.2477798473 4.63113449959 2.34392866667 3.50026136088 ;
1.52302059478 4.75725999684 2.57790768764 2.07843885332 0.0 0.970510713603 3.05183772731 ;
1.6979405937 4.74819651588 0.0 1.94745911473 2.28779765745 0.84521621834 3.01424981712 ;
2.18074763969 4.76511198555 3.19229750031 4.48709487401 2.91999040134 3.85709297888 3.16788383074 ;
3.01011704988 4.47320083509 3.48468329451 3.43426314998 4.68688295671 1.99886165491 3.48144759313 ;
2.20806240979 4.51093957238 2.64448200127 3.23011841936 2.64627327691 2.4124594172 2.01378808678 ;
1.45460763483 4.77967530476 2.60861424767 1.97969124996 0.746737747193 0.708516981988 2.44548411985 ;
2.19132347922 4.76960510508 3.19437145247 4.49619202644 2.90868826448 3.85589764227 3.18013419016 ;
1.5600149734 4.76446685607 0.0 1.66075624737 1.68794253982 0.824373631427 0.582089952598 ;
2.04265897915 4.77421540831 2.68944128882 2.4456814023 3.3577841531 1.06817003337 3.27863673297 ;
1.69762932079 4.7500475978 0.0 1.96130461178 2.33240716833 0.842793472475 3.06558021725 ;
2.99255215098 4.48187848726 3.48611599071 3.44197633036 4.69879241289 2.34745098469 3.50504573547 ;
1.48561018829 4.76772769774 2.57579417103 2.08672000279 0.0 0.950304850182 2.69508975329 ;
2.09212297607 4.73012206729 2.71417021502 2.43799885788 3.21880638877 0.0 3.20518284143 ;
2.00713488526 4.76646252904 2.69539108607 2.49001780813 3.34371491835 1.72623014619 3.27062129853 ;
2.12499870656 4.56063046561 2.83381789318 2.96829916201 2.68425077375 2.23072632152 1.39521692811 ;
1.67607942729 4.74509504264 0.0 1.93350914094 2.26741084691 0.843504672805 2.73364397829 ;
2.19497787637 4.77066282245 3.19502425955 4.49630850353 2.91936975828 3.85518996688 3.18293115316 ;
0.0 4.70584016858 3.02274308542 4.35290579855 2.88581076419 3.30586277728 2.6941026024 ;
1.43683178509 4.77967368466 2.59043276796 1.81244894657 0.434654574592 0.712194412022 2.4728559779 ;
2.9603359115 4.50275413591 3.43212844585 3.50488971911 4.67363911882 1.95162456432 3.48016615567 ;
2.35535511979 4.51998739212 2.82766555234 3.35394916045 2.63663880926 2.2275563543 1.9691311117 ;
1.9947337725 4.78198372106 2.63911744684 2.29468905794 3.19318746316 1.02000195512 3.25177484869 ;
1.67607942729 4.74509504264 0.0 1.93350914094 2.26741084691 0.843504672805 2.73364397829 ;
2.4423434229 4.77256808799 3.20414273357 4.49868064 2.92504488033 3.85789920759 3.20667793853 ;
1.96056666188 4.73996279767 2.84791914901 2.57129785531 4.28753871562 1.44322878655 3.43199825577 ;
2.19009820935 4.76894912322 3.19500942729 4.49482408783 2.91057683825 3.85837211281 3.18031491367 ;
1.48988037905 4.76871040342 2.57162090507 2.08727133705 0.0 0.946155047343 2.69746309716 ;
1.41166405084 4.62776578496 2.73275046438 2.59204691841 2.49574401518 1.5610266271 1.96159645713 ;
2.48917964861 4.79829358905 2.60548147074 2.58610538935 2.66900717978 0.898468632236 3.14126616034 ;
2.97028583435 4.41802383089 3.51236850323 3.32646505097 4.66984081734 2.01033877277 3.45353847492 ;
1.67607942729 4.74509504264 0.0 1.93350914094 2.26741084691 0.843504672805 2.73364397829 ;
2.99074099183 4.48492234537 3.48195874493 3.44804846321 4.69717166898 2.34777428942 3.5060604088 ;
2.12499870656 4.56063046561 2.83381789318 2.96829916201 2.68425077375 2.23072632152 1.39521692811 ;
1.67607942729 4.74509504264 0.0 1.93350914094 2.26741084691 0.843504672805 2.73364397829 ;
2.19423685581 4.77053211445 3.1950272699 4.49639858828 2.91517773935 3.85557053949 3.18204994686 ;
2.00258205788 4.76654034033 2.69357153081 2.48301660086 3.33833777605 1.7251128392 3.26896373392 ;
2.09137275203 4.72959147086 2.71638042502 2.43845345043 3.22530902794 0.0 3.20511536131 ;
1.48988037905 4.76871040342 2.57162090507 2.08727133705 0.0 0.946155047343 2.69746309716 ;
1.42040330294 4.71810870116 2.61728060619 2.39275215231 2.47329224295 1.46186285554 1.91094089547 ;
2.19108384887 4.76923504571 3.19635738947 4.49492230664 2.91736807921 3.85869456808 3.18140099807 ;
2.56627491768 4.72185985647 2.8224522601 2.8562740058 2.99676382936 0.859989464222 3.21758722148 ;
3.00171388046 4.47634700197 3.50325762845 3.41847467786 4.71107213588 2.38735643536 3.50212316828 ;
1.67607942729 4.74509504264 0.0 1.93350914094 2.26741084691 0.843504672805 2.73364397829 ;
1.50581937813 4.75431694999 2.57864236227 2.08132695138 0.0 0.971269866222 2.69970260493 ;
1.72228475812 4.72607450207 2.6725074431 2.22508590113 4.19820503936 1.38656039832 3.38126360806 ;
2.99166260759 4.46510008489 3.51086587695 3.39326466551 4.71132270326 2.38922868499 3.49845711968 ;
1.89168529935 4.73252474571 2.76796046805 2.37643755656 4.17752527261 1.37478838419 3.39436589842 ;
1.69402742038 4.7490096663 0.0 1.94852276589 2.28362068284 0.847432896803 3.04172849442 ;
2.69881189468 4.65550048258 3.0138424177 3.4043481358 3.03411085458 1.20088288106 3.18348922795 ;
2.18567597856 4.77382660444 3.20289874487 4.50345989666 2.92350165612 3.86039875456 3.18292138197 ;
1.60769495128 4.80053174773 2.42964933085 1.91060872264 1.60988382375 0.706954895619 3.08611824711 ;
1.74318113338 4.65955093126 2.25150495543 2.50570999731 2.15096124002 1.67235024216 0.571810744966 ;
1.74981293528 4.69447690187 2.15692635216 2.58829940361 1.99358145636 1.54010753421 0.0 ;
2.92955974597 4.50332008648 3.41874657603 3.51375247902 4.67598229747 1.93030197099 3.47937678053 ;
2.18083196553 4.76845550541 3.19807293871 4.49523232234 2.9155860475 3.86067925324 3.16872302369 ;
1.6979405937 4.74819651588 0.0 1.94745911473 2.28779765745 0.84521621834 3.01424981712 ;
2.53144470713 4.73609462238 2.68255049257 2.84507669268 3.12181618058 1.27504070947 3.26957185778 ;
1.20293315827 4.7632348142 2.6412957319 1.69021370191 3.11428417522 0.898453851792 3.0528436681 ;
1.52302059478 4.75725999684 2.57790768764 2.07843885332 0.0 0.970510713603 3.05183772731 ;
2.99786781687 4.48456218843 3.47172514834 3.45878684347 4.68581869912 1.99822658482 3.48088087541 ;
2.36144898298 4.54921969674 2.84255919487 2.98114489692 2.86005287034 1.94271621336 1.68620977823 ;
2.44098377271 4.77022047904 3.20187388874 4.49496968356 2.92350366038 3.85708255333 3.20218473751 ;
0.0 4.75000127018 2.68100572396 2.49882199815 2.91913265537 1.64373039786 2.86438304963 ;
1.67607942729 4.74509504264 0.0 1.93350914094 2.26741084691 0.843504672805 2.73364397829 ;
1.51880057966 4.75470167771 2.57829825452 2.06236681868 0.0 0.952429419912 2.72297590324 ;
2.34639964516 4.77903945796 2.67651121397 2.4934640015 3.23404482029 1.05093938621 3.26128525088 ;
2.18083196553 4.76845550541 3.19807293871 4.49523232234 2.9155860475 3.86067925324 3.16872302369 ;
1.22435595489 4.76367093019 2.64643512473 1.6995692875 3.13779327547 0.91308209205 3.06175371008 ;
2.92926978454 4.50445714977 3.4198291653 3.51407937758 4.67694084057 1.93221266834 3.48035783973 ;
1.6979405937 4.74819651588 0.0 1.94745911473 2.28779765745 0.84521621834 3.01424981712 ;
1.74981293528 4.69447690187 2.15692635216 2.58829940361 1.99358145636 1.54010753421 0.0 ;
1.52302059478 4.75725999684 2.57790768764 2.07843885332 0.0 0.970510713603 3.05183772731 ;
2.54134613775 4.73474710131 2.67769943032 2.85923807847 3.10218661671 1.26939759649 3.26633783328 ;
2.4606508179 4.77421450987 3.2092092608 4.50414066321 2.9340474547 3.8607985813 3.20154074887 ;
1.72929387936 4.79905703981 2.48009452851 1.95746866007 1.73740298367 0.732407503204 3.05674467495 ;
2.97474911397 4.42024971423 3.51549617907 3.33228464122 4.67388873087 2.00806405203 3.45494791762 ;
1.74981293528 4.69447690187 2.15692635216 2.58829940361 1.99358145636 1.54010753421 0.0 ;
2.11435192303 4.72213927783 2.84091154749 2.52505774578 4.15656252904 1.40073480276 3.42242956882 ;
2.01018953025 4.68282441932 2.99550764207 4.06197218904 2.58194594274 2.25144897488 3.01950187812 ;
1.6979405937 4.74819651588 0.0 1.94745911473 2.28779765745 0.84521621834 3.01424981712 ;
2.97007154845 4.42027439536 3.51317471853 3.32844588532 4.66857040561 2.01349369757 3.45401631645 ;
2.50463712189 4.79535351773 2.62963369358 2.5865144441 2.74681511204 0.879880552113 3.128506044 ;
1.13930483294 4.78724721367 2.57445951802 2.07700473725 0.649665659995 0.915068884121 3.11671603681 ;
2.19000235648 4.76808574493 3.19361801384 4.4933196918 2.90798191473 3.85680117821 3.17943996708 ;
1.69402742038 4.7490096663 0.0 1.94852276589 2.28362068284 0.847432896803 3.04172849442 ;
1.93754952324 4.74122651411 2.84834558976 2.56817142699 4.29934305261 1.4472255578 3.436163264 ;
1.8375019983 4.59615965639 2.32694689161 2.59780147488 2.21747665667 1.63512005131 1.14703038934 ;
1.52302059478 4.75725999684 2.57790768764 2.07843885332 0.0 0.970510713603 3.05183772731 ;
1.23172734056 4.76478509612 2.64753248838 1.7020160242 3.12703788572 0.904893014992 3.0618197261 ;
2.54558583604 4.73334724272 2.67923575238 2.86910127898 3.11612209601 1.27997298729 3.26857758113 ;
2.93026121889 4.50358822765 3.42166334551 3.51270739345 4.67824940045 1.93310096542 3.48041218965 ;
2.18083196553 4.76845550541 3.19807293871 4.49523232234 2.9155860475 3.86067925324 3.16872302369 ;
1.74981293528 4.69447690187 2.15692635216 2.58829940361 1.99358145636 1.54010753421 0.0 ;
1.6979405937 4.74819651588 0.0 1.94745911473 2.28779765745 0.84521621834 3.01424981712 ;
2.99174495844 4.48403663687 3.48499471128 3.44495650426 4.70381904296 2.37990127115 3.50841858619 ;
2.19291517519 4.76901709938 3.19427558242 4.49353764893 2.91446094356 3.85647103022 3.18135463878 ;
1.52800848435 4.71279939742 0.0 1.80964673518 2.13367970044 0.811096824817 0.191946720228 ;
1.4246462861 4.68901848557 2.70987814197 2.5089474346 1.5213409049 1.6520735277 1.61511978146 ;
1.64737228971 4.76198906084 2.54492154669 2.03219632207 3.54420778851 1.14739530944 3.28360187893 ;
2.53589794306 4.71562755107 2.85176965566 2.87367328265 2.49998342558 0.794378613168 3.21606438004 ;
1.69402742038 4.7490096663 0.0 1.94852276589 2.28362068284 0.847432896803 3.04172849442 ;
2.19199894117 4.76936065445 3.19458623147 4.49501094729 2.91519999217 3.85728084825 3.18197291686 ;
1.67607942729 4.74509504264 0.0 1.93350914094 2.26741084691 0.843504672805 2.73364397829 ;
1.49654429272 4.76340854173 2.57452636046 2.09869249075 0.0 0.970119044824 2.69615549121 ;
2.56627937812 4.73560647838 2.76421355137 2.79107625288 3.01604418806 0.814789487876 3.20677108627 ;
1.37745751033 4.67436965143 2.72701255222 2.49502941556 2.42309698521 1.55147990572 1.88267406807 ;
3.00224220801 4.47420425157 3.50301060719 3.41614152976 4.70551169051 2.38335326361 3.50459155079 ;
1.67901267852 4.73076597912 2.68421177316 2.20555834231 4.2117071624 1.42996341266 3.38916617236 ;
2.97046825759 4.42255308703 3.51499721634 3.32700249742 4.67527558317 2.02020603087 3.45648381962 ;
2.10690807942 4.80499120357 2.57070592184 2.43619689229 2.51649811717 0.840874381268 3.11331353865 ;
1.67607942729 4.74509504264 0.0 1.93350914094 2.26741084691 0.843504672805 2.73364397829 ;
2.19132347922 4.76960510508 3.19437145247 4.49619202644 2.90868826448 3.85589764227 3.18013419016 ;
2.02849519721 4.7412941475 2.85869239937 2.61404245626 4.24433049404 1.43060729347 3.42961192505 ;
1.4924031445 4.75753247781 2.57710916461 2.09025968507 0.0 0.96755711368 2.69795567148 ;
2.06195010913 4.54059319967 2.81362427589 2.94980083071 2.78033841067 1.92618540962 1.46680792652 ;
0.0 4.75083277899 2.1468188581 2.24968187201 2.32000580046 1.33408283012 3.05369828555 ;
2.41654245636 4.76887413689 3.20149248841 4.49083439007 2.86272970692 3.85908374292 3.19018082876 ;
2.13697007359 4.70371041619 2.28571597167 2.13469762524 4.18211288583 1.56785883146 3.36797490583 ;
1.74981293528 4.69447690187 2.15692635216 2.58829940361 1.99358145636 1.54010753421 0.0 ;
2.99667483702 4.48244331306 3.48776811027 3.43795021948 4.70486917996 2.37931120132 3.50594569616 ;
2.55508014966 4.70542232801 2.90177662743 2.98592098119 3.12522160501 0.920194831711 3.23176623359 ;
2.15340694064 4.78216124153 1.43235983903 1.93906899635 1.5343016685 0.734382058558 2.96362340345 ;
2.99187719364 4.47519833521 3.49065490247 3.43373560311 4.6984339751 2.34929288042 3.50453764036 ;
2.40574731253 4.77342648659 2.66816880436 2.52402500975 2.94345597688 1.77064767847 3.26975794016 ;
1.67607942729 4.74509504264 0.0 1.93350914094 2.26741084691 0.843504672805 2.73364397829 ;
2.17856231879 4.76879468216 3.19056788784 4.49491241522 2.90610976942 3.85497110062 3.04643046464 ;
1.53811049783 4.61098028441 2.60560128367 2.5811743932 1.44525324725 1.64507410644 1.70056000892 ;
1.18022865973 4.73722450097 2.89842590205 2.36943287599 3.6956609187 1.88655259739 3.06996711102 ;
1.99537691597 4.73777037831 2.69089512451 2.35038331446 2.71057380107 0.0 3.17607749593 ;
2.46555320277 4.76136308734 2.81699744147 2.6428635723 2.21574048754 0.904128873622 3.13690212793 ;
2.97053370721 4.49171350666 3.45161544598 3.48058324107 4.68050439289 1.9642088952 3.48331743921 ;
1.62681603628 4.75754646261 2.51864736278 2.09266797908 3.56484908042 1.14211540843 3.30561349301 ;
1.27420147485 4.67529766204 3.12747718068 4.33425906902 2.52903769686 3.90424819824 2.24275340272 ;
1.67607942729 4.74509504264 0.0 1.93350914094 2.26741084691 0.843504672805 2.73364397829 ;
1.21365188716 4.69591695022 2.46950637219 2.00208409113 1.1775790516 0.962711977172 1.74234861969 ;
2.47369003455 4.78163187713 3.21603060902 4.511605657 2.94885064467 3.86038665498 3.23810861167 ;
2.04265897915 4.77421540831 2.68944128882 2.4456814023 3.3577841531 1.06817003337 3.27863673297 ;
2.19132347922 4.76960510508 3.19437145247 4.49619202644 2.90868826448 3.85589764227 3.18013419016 ;
3.01011704988 4.47320083509 3.48468329451 3.43426314998 4.68688295671 1.99886165491 3.48144759313 ;
1.5600149734 4.76446685607 0.0 1.66075624737 1.68794253982 0.824373631427 0.582089952598 ;
1.45460763483 4.77967530476 2.60861424767 1.97969124996 0.746737747193 0.708516981988 2.44548411985 ;
2.20806240979 4.51093957238 2.64448200127 3.23011841936 2.64627327691 2.4124594172 2.01378808678 ;
1.69762932079 4.7500475978 0.0 1.96130461178 2.33240716833 0.842793472475 3.06558021725 ;
1.67607942729 4.74509504264 0.0 1.93350914094 2.26741084691 0.843504672805 2.73364397829 ;
2.12499870656 4.56063046561 2.83381789318 2.96829916201 2.68425077375 2.23072632152 1.39521692811 ;
2.19423685581 4.77053211445 3.1950272699 4.49639858828 2.91517773935 3.85557053949 3.18204994686 ;
1.48988037905 4.76871040342 2.57162090507 2.08727133705 0.0 0.946155047343 2.69746309716 ;
2.99074099183 4.48492234537 3.48195874493 3.44804846321 4.69717166898 2.34777428942 3.5060604088 ;
2.00258205788 4.76654034033 2.69357153081 2.48301660086 3.33833777605 1.7251128392 3.26896373392 ;
2.09137275203 4.72959147086 2.71638042502 2.43845345043 3.22530902794 0.0 3.20511536131 ;
2.19497787637 4.77066282245 3.19502425955 4.49630850353 2.91936975828 3.85518996688 3.18293115316 ;
1.48561018829 4.76772769774 2.57579417103 2.08672000279 0.0 0.950304850182 2.69508975329 ;
2.99264998995 4.48156635007 3.48800492075 3.44036497204 4.6993661257 2.34789270722 3.50580878572 ;
1.67607942729 4.74509504264 0.0 1.93350914094 2.26741084691 0.843504672805 2.73364397829 ;
2.00872122273 4.76618289617 2.69552568007 2.49262287376 3.3456202051 1.72699123844 3.27053353522 ;
2.09212297607 4.73012206729 2.71417021502 2.43799885788 3.21880638877 0.0 3.20518284143 ;
2.12499870656 4.56063046561 2.83381789318 2.96829916201 2.68425077375 2.23072632152 1.39521692811 ;
1.35769369835 4.6773344766 2.72897988137 2.48419216887 2.38188873199 1.56720975792 1.85659925652 ;
3.00129146474 4.47350045315 3.50456750592 3.4146160091 4.70579732384 2.38435685344 3.50455725164 ;
2.19199894117 4.76936065445 3.19458623147 4.49501094729 2.91519999217 3.85728084825 3.18197291686 ;
1.67725525787 4.73141852852 2.69462450681 2.21086439694 4.21562026201 1.42832133653 3.39198103186 ;
1.48988037905 4.76871040342 2.57162090507 2.08727133705 0.0 0.946155047343 2.69746309716 ;
1.67607942729 4.74509504264 0.0 1.93350914094 2.26741084691 0.843504672805 2.73364397829 ;
2.56884230509 4.73191929095 2.75836132865 2.79538820729 3.01505448298 0.82378517018 3.20328078834 ;
1.67607942729 4.74509504264 0.0 1.93350914094 2.26741084691 0.843504672805 2.73364397829 ;
2.19423685581 4.77053211445 3.1950272699 4.49639858828 2.91517773935 3.85557053949 3.18204994686 ;
2.09137275203 4.72959147086 2.71638042502 2.43845345043 3.22530902794 0.0 3.20511536131 ;
2.99074099183 4.48492234537 3.48195874493 3.44804846321 4.69717166898 2.34777428942 3.5060604088 ;
2.12499870656 4.56063046561 2.83381789318 2.96829916201 2.68425077375 2.23072632152 1.39521692811 ;
1.48988037905 4.76871040342 2.57162090507 2.08727133705 0.0 0.946155047343 2.69746309716 ;
2.00258205788 4.76654034033 2.69357153081 2.48301660086 3.33833777605 1.7251128392 3.26896373392 ;
1.96056666188 4.73996279767 2.84791914901 2.57129785531 4.28753871562 1.44322878655 3.43199825577 ;
2.19009820935 4.76894912322 3.19500942729 4.49482408783 2.91057683825 3.85837211281 3.18031491367 ;
2.48917964861 4.79829358905 2.60548147074 2.58610538935 2.66900717978 0.898468632236 3.14126616034 ;
1.41166405084 4.62776578496 2.73275046438 2.59204691841 2.49574401518 1.5610266271 1.96159645713 ;
2.97028583435 4.41802383089 3.51236850323 3.32646505097 4.66984081734 2.01033877277 3.45353847492 ;
1.48988037905 4.76871040342 2.57162090507 2.08727133705 0.0 0.946155047343 2.69746309716 ;
1.67607942729 4.74509504264 0.0 1.93350914094 2.26741084691 0.843504672805 2.73364397829 ;
1.42285379332 4.71797999976 2.59291878075 2.41356511976 2.50302647828 1.46784090559 1.91607861834 ;
2.18814524823 4.76829878862 3.1957043758 4.49470874753 2.91086072851 3.85903602068 3.17947457732 ;
1.67607942729 4.74509504264 0.0 1.93350914094 2.26741084691 0.843504672805 2.73364397829 ;
2.56614747334 4.72284823652 2.818866287 2.83649212822 2.9902754421 0.862892157062 3.21466171351 ;
1.50581937813 4.75431694999 2.57864236227 2.08132695138 0.0 0.971269866222 2.69970260493 ;
1.74599711026 4.72969165553 2.71079634577 2.29204955559 4.22371898704 1.42124524014 3.39330790887 ;
2.9961398804 4.46546378123 3.50837573364 3.39476982116 4.710361281 2.38857209279 3.49786291256 ;
1.98146276881 4.64785455195 2.79501867036 2.73601307953 1.94722251729 1.9469447248 1.17982473657 ;
2.60652325039 4.71585067553 2.91373517625 3.14089104247 2.93635331397 0.837943317648 3.28568148402 ;
0.0 4.70584016858 3.02274308542 4.35290579855 2.88581076419 3.30586277728 2.6941026024 ;
2.83058883709 4.53305937684 3.3586057455 3.22682712097 4.62368290181 2.34430478731 3.4968984588 ;
2.44220211062 4.77094257007 3.20375346369 4.49495523037 2.93312648662 3.85815205882 3.20431642002 ;
1.67607942729 4.74509504264 0.0 1.93350914094 2.26741084691 0.843504672805 2.73364397829 ;
1.33883484738 4.77510192185 2.41958492109 1.61907470364 2.50482542055 0.86079349766 3.13441751215 ;
2.18074763969 4.76511198555 3.19229750031 4.48709487401 2.91999040134 3.85709297888 3.16788383074 ;
1.52302059478 4.75725999684 2.57790768764 2.07843885332 0.0 0.970510713603 3.05183772731 ;
1.45114061443 4.76280329424 2.55684294417 1.89816954306 3.18744493609 1.09381630965 3.07274901513 ;
1.74981293528 4.69447690187 2.15692635216 2.58829940361 1.99358145636 1.54010753421 0.0 ;
2.85263463569 4.53595759272 3.35973652528 3.24572235301 4.6299219666 2.34245486269 3.49973106158 ;
2.60217551814 4.69415366939 2.85552302603 3.07111467168 3.19425418579 0.847584423419 3.28451184135 ;
1.6979405937 4.74819651588 0.0 1.94745911473 2.28779765745 0.84521621834 3.01424981712 ;
2.12499870656 4.56063046561 2.83381789318 2.96829916201 2.68425077375 2.23072632152 1.39521692811 ;
2.99110575027 4.48387572427 3.48252477113 3.44662136571 4.69803150136 2.35007676786 3.50590220737 ;
1.67607942729 4.74509504264 0.0 1.93350914094 2.26741084691 0.843504672805 2.73364397829 ;
2.19423685581 4.77053211445 3.1950272699 4.49639858828 2.91517773935 3.85557053949 3.18204994686 ;
2.00400987423 4.76673546305 2.69453505561 2.48554992677 3.34007239385 1.72468883859 3.26946325194 ;
2.09137275203 4.72959147086 2.71638042502 2.43845345043 3.22530902794 0.0 3.20511536131 ;
1.48988037905 4.76871040342 2.57162090507 2.08727133705 0.0 0.946155047343 2.69746309716 ;
1.77425469372 4.72003095115 2.72321669856 2.28737082943 4.20168595892 1.37464744032 3.38245775404 ;
1.69402742038 4.7490096663 0.0 1.94852276589 2.28362068284 0.847432896803 3.04172849442 ;
1.78937513985 4.6375137094 2.25203299351 2.5859430354 2.12642752728 1.71034162948 0.773841276783 ;
2.18796306198 4.76864447276 3.19724485384 4.49565650163 2.91259650586 3.85973349013 3.1797659156 ;
2.78429580471 4.68517881488 3.02950266944 3.28031875272 3.45141885225 0.973036731782 3.32954161242 ;
1.67178313354 4.79488778215 2.50338624675 2.07811650029 1.53579296447 0.840158396102 3.03664631816 ;
2.99126958044 4.46346032612 3.50855942135 3.39435360163 4.71217742479 2.39517338203 3.49724671428 ;
1.67607942729 4.74509504264 0.0 1.93350914094 2.26741084691 0.843504672805 2.73364397829 ;
2.19108384887 4.76923504571 3.19635738947 4.49492230664 2.91736807921 3.85869456808 3.18140099807 ;
1.38371221642 4.71697652252 2.66146226098 2.4143938883 2.46771269156 1.47193120427 1.86977220965 ;
3.00343379191 4.47538936145 3.50144338134 3.41857640865 4.70969266057 2.38393492389 3.50152484545 ;
2.56263684179 4.72234115624 2.80456898335 2.84024941959 2.9899590367 0.858720816452 3.21456845969 ;
1.72198025597 4.72679635932 2.66908153533 2.22533594081 4.20111485633 1.40053875348 3.38087490927 ;
1.50581937813 4.75431694999 2.57864236227 2.08132695138 0.0 0.971269866222 2.69970260493 ;
2.51519579945 4.72121030058 2.72432087029 2.81430587559 3.20189207948 0.844948576003 3.24946811679 ;
2.46941259033 4.7797107588 3.21676527155 4.50880904793 2.94998433281 3.85954719126 3.23577636697 ;
1.50581937813 4.75431694999 2.57864236227 2.08132695138 0.0 0.971269866222 2.69970260493 ;
2.82156747137 4.54024849835 3.34559719086 3.22262371605 4.618032654 2.33588180995 3.49767857479 ;
1.25581499547 4.6580665734 3.1631417468 4.30154444517 2.87017520761 3.92054969679 2.13554938257 ;
1.67607942729 4.74509504264 0.0 1.93350914094 2.26741084691 0.843504672805 2.73364397829 ;
0.993785892309 4.74572781114 2.61327024768 1.72498667917 2.98429081966 0.968657743351 2.53365433535 ;
2.53534722777 4.71597007012 2.85306602452 2.87204457139 2.49603739005 0.796149189617 3.21456944516 ;
2.19291517519 4.76901709938 3.19427558242 4.49353764893 2.91446094356 3.85647103022 3.18135463878 ;
1.43183311005 4.68807538884 2.70715864417 2.50550514651 1.52256721187 1.65675608956 1.61127532733 ;
2.99087372738 4.48508001744 3.48400667536 3.44573115068 4.70306935769 2.37994839844 3.50853532329 ;
1.52800848435 4.71279939742 0.0 1.80964673518 2.13367970044 0.811096824817 0.191946720228 ;
1.69402742038 4.7490096663 0.0 1.94852276589 2.28362068284 0.847432896803 3.04172849442 ;
1.64390807772 4.76169479612 2.54468456033 2.03492688915 3.54114388879 1.14142766499 3.28365296103 ;
2.74542863381 4.65620547463 3.0390051344 3.4457424626 3.19441867842 1.17194709678 3.24879904083 ;
2.97290450627 4.45339670978 3.5132823442 3.37567379576 4.70745208837 2.38817054487 3.49174753983 ;
1.66976266967 4.79894981014 2.45590437132 1.95954214358 1.64620565066 0.722097958891 3.06308245364 ;
1.87077585187 4.73123183631 2.77053368175 2.37324903694 4.20754907655 1.43301597414 3.40315243705 ;
2.18639623248 4.77311161324 3.20228459518 4.50262375721 2.9216022629 3.8596196505 3.18362880201 ;
1.76104068565 4.65493604514 2.26681648468 2.58335007566 2.14664893481 1.68960986435 0.653620517101 ;
1.69402742038 4.7490096663 0.0 1.94852276589 2.28362068284 0.847432896803 3.04172849442 ;
2.3538879352 4.51193979486 2.83535553257 3.39510743257 2.62039059591 2.30650165302 1.99625584635 ;
1.67607942729 4.74509504264 0.0 1.93350914094 2.26741084691 0.843504672805 2.73364397829 ;
2.96448447765 4.49725314048 3.44119130245 3.49336037961 4.6802900521 1.95513849031 3.48216315623 ;
1.44173557739 4.78155748972 2.58980995468 1.82067072958 0.505657794402 0.696041193002 2.45525955309 ;
2.44427481936 4.77244135009 3.20468287987 4.49826624121 2.92712260493 3.85852241438 3.20946030573 ;
0.0 4.70584016858 3.02274308542 4.35290579855 2.88581076419 3.30586277728 2.6941026024 ;
2.00961993909 4.78151240062 2.64361901914 2.31661857044 3.21314524166 1.02987568663 3.25323812101 ;
2.1819323752 4.77299059527 3.20138608988 4.50230099495 2.92357173581 3.86022982075 3.17306748076 ;
1.6979405937 4.74819651588 0.0 1.94745911473 2.28779765745 0.84521621834 3.01424981712 ;
2.96629789408 4.43812646866 3.51400483009 3.35344635726 4.70340207789 2.38016333788 3.48370280697 ;
2.65074166704 4.63965511468 2.98598596408 3.35036841898 3.04869939179 1.20797462581 3.2230110763 ;
1.96372636959 4.74275543752 2.80414113701 2.48479638929 4.22377595475 1.5038424755 3.41900815212 ;
1.74981293528 4.69447690187 2.15692635216 2.58829940361 1.99358145636 1.54010753421 0.0 ;
1.62984093516 4.79435677018 2.45934028486 1.9208871313 1.5799871467 0.716387315463 2.9953108215 ;
2.18074763969 4.76511198555 3.19229750031 4.48709487401 2.91999040134 3.85709297888 3.16788383074 ;
2.6020367618 4.69405624286 2.8581469082 3.07010554943 3.19362214753 0.847074218046 3.28545286051 ;
1.4565177595 4.76255152906 2.55449979323 1.90459506739 3.18989029561 1.09455521732 3.07287099208 ;
2.85480392637 4.53556825392 3.36215718719 3.2477798473 4.63113449959 2.34392866667 3.50026136088 ;
1.52302059478 4.75725999684 2.57790768764 2.07843885332 0.0 0.970510713603 3.05183772731 ;
1.74981293528 4.69447690187 2.15692635216 2.58829940361 1.99358145636 1.54010753421 0.0 ;
1.6979405937 4.74819651588 0.0 1.94745911473 2.28779765745 0.84521621834 3.01424981712 ;
3.00343379191 4.47538936145 3.50144338134 3.41857640865 4.70969266057 2.38393492389 3.50152484545 ;
2.19108384887 4.76923504571 3.19635738947 4.49492230664 2.91736807921 3.85869456808 3.18140099807 ;
1.3919917745 4.71725476486 2.6590825272 2.41237371674 2.47156690374 1.46975420742 1.8728718801 ;
1.72382863656 4.72670068716 2.66895913429 2.22818485487 4.20032062485 1.39890236559 3.38115038764 ;
1.50581937813 4.75431694999 2.57864236227 2.08132695138 0.0 0.971269866222 2.69970260493 ;
1.67607942729 4.74509504264 0.0 1.93350914094 2.26741084691 0.843504672805 2.73364397829 ;
2.56129913396 4.72228734565 2.80603437845 2.84096651111 2.98781312427 0.858798383355 3.21496890805 ;
1.67607942729 4.74509504264 0.0 1.93350914094 2.26741084691 0.843504672805 2.73364397829 ;
2.99074099183 4.48492234537 3.48195874493 3.44804846321 4.69717166898 2.34777428942 3.5060604088 ;
2.00258205788 4.76654034033 2.69357153081 2.48301660086 3.33833777605 1.7251128392 3.26896373392 ;
2.12499870656 4.56063046561 2.83381789318 2.96829916201 2.68425077375 2.23072632152 1.39521692811 ;
2.09137275203 4.72959147086 2.71638042502 2.43845345043 3.22530902794 0.0 3.20511536131 ;
1.48988037905 4.76871040342 2.57162090507 2.08727133705 0.0 0.946155047343 2.69746309716 ;
2.19423685581 4.77053211445 3.1950272699 4.49639858828 2.91517773935 3.85557053949 3.18204994686 ;
1.69470563172 4.74923250813 0.0 1.94273061982 2.28089225355 0.841764449333 3.03132977244 ;
2.18567597856 4.77382660444 3.20289874487 4.50345989666 2.92350165612 3.86039875456 3.18292138197 ;
1.62559119634 4.80220238809 2.43736743455 1.92166768093 1.63302499366 0.709280448501 3.08368435388 ;
2.7238536262 4.64571297838 3.03203422932 3.47933676022 3.04783080654 1.213772421 3.19308853559 ;
1.89270466433 4.73175520604 2.76832118608 2.36531474941 4.15892645386 1.36141359983 3.39073755506 ;
2.99867116781 4.46936564351 3.5073119134 3.40342015295 4.71356309252 2.39052903598 3.50074872686 ;
1.75079362438 4.65587027404 2.28116702131 2.5132859098 2.16672855781 1.69442778072 0.591318925604 ;
1.93971088735 4.74099140388 2.85174053244 2.57236333734 4.30219231329 1.4507911295 3.43688602415 ;
2.19000235648 4.76808574493 3.19361801384 4.4933196918 2.90798191473 3.85680117821 3.17943996708 ;
2.50591084757 4.79550470982 2.6300798621 2.58562865437 2.7485353904 0.881498887005 3.12897470186 ;
1.13919192175 4.78703006137 2.57970039146 2.0778129286 0.645519140465 0.916612148831 3.11673517024 ;
2.96960710078 4.41846895553 3.51255157771 3.32867237548 4.66874824543 2.01135907783 3.45337511149 ;
1.83491312668 4.59714906837 2.32197575719 2.59485991682 2.2160713111 1.63057086377 1.15467287113 ;
1.69402742038 4.7490096663 0.0 1.94852276589 2.28362068284 0.847432896803 3.04172849442 ;
1.74981293528 4.69447690187 2.15692635216 2.58829940361 1.99358145636 1.54010753421 0.0 ;
1.5083250201 4.76594573072 2.54784730246 1.91401528391 3.1763850829 1.06111928324 3.08587883003 ;
2.1852857159 4.76757164865 3.19718182127 4.49176947268 2.92448244638 3.85872050117 3.16948867583 ;
1.52302059478 4.75725999684 2.57790768764 2.07843885332 0.0 0.970510713603 3.05183772731 ;
2.85225812654 4.53328137792 3.36242958957 3.24707237606 4.63205643132 2.34505813224 3.4989729439 ;
2.62327550375 4.68550230105 2.88448729432 3.14391417997 3.20660792453 0.883911840312 3.28633662518 ;
1.6979405937 4.74819651588 0.0 1.94745911473 2.28779765745 0.84521621834 3.01424981712 ;
1.74981293528 4.69447690187 2.15692635216 2.58829940361 1.99358145636 1.54010753421 0.0 ;
2.65042755646 4.64256750925 2.9879545012 3.34059790505 3.05343784148 1.1943689926 3.22519030965 ;
1.95957146361 4.74229975597 2.80334317542 2.48077293752 4.22454700032 1.51036673786 3.41907367359 ;
1.63034485526 4.79330343011 2.45692728053 1.92812109462 1.57703197588 0.722074463983 2.9942274247 ;
2.1819323752 4.77299059527 3.20138608988 4.50230099495 2.92357173581 3.86022982075 3.17306748076 ;
1.6979405937 4.74819651588 0.0 1.94745911473 2.28779765745 0.84521621834 3.01424981712 ;
2.96651495275 4.43810528828 3.51408267922 3.35376543929 4.70350242864 2.37674504101 3.48309249634 ;
1.74981293528 4.69447690187 2.15692635216 2.58829940361 1.99358145636 1.54010753421 0.0 ;
2.8497493063 4.53660671554 3.35885351896 3.24330344384 4.6301163443 2.34237981517 3.50022905123 ;
1.44777510832 4.76267249395 2.55650646417 1.89706168013 3.18376017892 1.09358244216 3.07130215688 ;
2.18074763969 4.76511198555 3.19229750031 4.48709487401 2.91999040134 3.85709297888 3.16788383074 ;
2.60302636934 4.69426948685 2.85462202927 3.06966221107 3.19487679976 0.846133080228 3.28430850008 ;
1.6979405937 4.74819651588 0.0 1.94745911473 2.28779765745 0.84521621834 3.01424981712 ;
1.52302059478 4.75725999684 2.57790768764 2.07843885332 0.0 0.970510713603 3.05183772731 ;
1.84034371716 4.72744860982 2.70873967531 2.30368959713 4.17769528245 1.48429476224 3.38506961719 ;
1.50488672846 4.7878332288 2.61527883859 1.9737757867 1.3015954811 0.780900298402 2.95379055523 ;
2.1817311582 4.76807163341 3.19930641516 4.49458617048 2.91753431444 3.86377100957 3.16803958442 ;
3.00113674136 4.47265615242 3.50188103882 3.41338694972 4.71004793354 2.38916423252 3.50076309433 ;
1.74981293528 4.69447690187 2.15692635216 2.58829940361 1.99358145636 1.54010753421 0.0 ;
1.6979405937 4.74819651588 0.0 1.94745911473 2.28779765745 0.84521621834 3.01424981712 ;
2.64120544306 4.67828490861 2.80226002294 3.11414845136 3.11531454689 0.989023810431 3.24902496299 ;
2.96324560939 4.43660250058 3.51556481538 3.34715081719 4.69882149406 2.38343977049 3.48160387708 ;
2.66958767703 4.65759245991 2.97137562757 3.21915653481 3.25608330728 0.983273098785 3.26469360195 ;
2.18074421982 4.76889692751 3.19985726466 4.49590591394 2.91844463801 3.86419681813 3.16864720584 ;
1.63190085073 4.79019430266 2.4824833168 2.02504077074 1.47703773552 0.846861669513 2.98545862623 ;
1.74981293528 4.69447690187 2.15692635216 2.58829940361 1.99358145636 1.54010753421 0.0 ;
1.6979405937 4.74819651588 0.0 1.94745911473 2.28779765745 0.84521621834 3.01424981712 ;
1.93266088719 4.73567035076 2.78452782836 2.4384796369 4.23730963889 1.52558134633 3.41004095859 ;
3.00776215935 4.47058972376 3.50424423237 3.41018804916 4.70491128562 2.37752499507 3.50471519222 ;
0.0 4.74903189988 2.64747197449 2.31507367043 2.30675904141 1.45686834933 2.81074203915 ;
1.67607942729 4.74509504264 0.0 1.93350914094 2.26741084691 0.843504672805 2.73364397829 ;
2.44373782495 4.77030157133 3.20313787775 4.49432853997 2.92976851665 3.85758118549 3.20560402055 ;
2.42310343068 4.74136048878 2.72250487155 2.59718290693 2.39759662425 0.759980513475 3.1727435157 ;
2.26988388041 4.62190961 2.86352288713 3.01484845627 2.03254325038 2.23497594757 1.28023133137 ;
2.25490694386 4.74355785907 2.71152498909 2.44310029121 4.16853487632 1.38951576882 3.40014348649 ;
2.12499870656 4.56063046561 2.83381789318 2.96829916201 2.68425077375 2.23072632152 1.39521692811 ;
2.00713488526 4.76646252904 2.69539108607 2.49001780813 3.34371491835 1.72623014619 3.27062129853 ;
2.19497787637 4.77066282245 3.19502425955 4.49630850353 2.91936975828 3.85518996688 3.18293115316 ;
1.67607942729 4.74509504264 0.0 1.93350914094 2.26741084691 0.843504672805 2.73364397829 ;
1.48561018829 4.76772769774 2.57579417103 2.08672000279 0.0 0.950304850182 2.69508975329 ;
2.99255215098 4.48187848726 3.48611599071 3.44197633036 4.69879241289 2.34745098469 3.50504573547 ;
2.09212297607 4.73012206729 2.71417021502 2.43799885788 3.21880638877 0.0 3.20518284143 ;
2.09137275203 4.72959147086 2.71638042502 2.43845345043 3.22530902794 0.0 3.20511536131 ;
2.99110575027 4.48387572427 3.48252477113 3.44662136571 4.69803150136 2.35007676786 3.50590220737 ;
1.67607942729 4.74509504264 0.0 1.93350914094 2.26741084691 0.843504672805 2.73364397829 ;
2.19423685581 4.77053211445 3.1950272699 4.49639858828 2.91517773935 3.85557053949 3.18204994686 ;
2.00400987423 4.76673546305 2.69453505561 2.48554992677 3.34007239385 1.72468883859 3.26946325194 ;
2.12499870656 4.56063046561 2.83381789318 2.96829916201 2.68425077375 2.23072632152 1.39521692811 ;
1.48988037905 4.76871040342 2.57162090507 2.08727133705 0.0 0.946155047343 2.69746309716 ;
1.41471517418 4.6865516294 2.63197334678 2.46517437962 2.41832749708 1.56119293178 1.91707669969 ;
3.00000106929 4.47575372513 3.5033490687 3.41908603106 4.70968311528 2.38447984474 3.50342126713 ;
2.19172825692 4.77018422955 3.19683435513 4.49650803463 2.91799416988 3.85893570478 3.18226478636 ;
2.56849098849 4.73133997571 2.81032690587 2.81263688816 3.0033780491 0.828443635677 3.21533502161 ;
1.70697680833 4.7252679849 2.67883637721 2.22275661694 4.20781874705 1.39397166809 3.38510530953 ;
1.48988037905 4.76871040342 2.57162090507 2.08727133705 0.0 0.946155047343 2.69746309716 ;
1.67607942729 4.74509504264 0.0 1.93350914094 2.26741084691 0.843504672805 2.73364397829 ;
2.00400987423 4.76673546305 2.69453505561 2.48554992677 3.34007239385 1.72468883859 3.26946325194 ;
2.99110575027 4.48387572427 3.48252477113 3.44662136571 4.69803150136 2.35007676786 3.50590220737 ;
1.67607942729 4.74509504264 0.0 1.93350914094 2.26741084691 0.843504672805 2.73364397829 ;
2.12499870656 4.56063046561 2.83381789318 2.96829916201 2.68425077375 2.23072632152 1.39521692811 ;
2.19423685581 4.77053211445 3.1950272699 4.49639858828 2.91517773935 3.85557053949 3.18204994686 ;
1.48988037905 4.76871040342 2.57162090507 2.08727133705 0.0 0.946155047343 2.69746309716 ;
2.09137275203 4.72959147086 2.71638042502 2.43845345043 3.22530902794 0.0 3.20511536131 ;
1.92632176862 4.73619442047 2.78200436642 2.43262941523 4.23459262876 1.51967491955 3.40864267734 ;
2.18074421982 4.76889692751 3.19985726466 4.49590591394 2.91844463801 3.86419681813 3.16864720584 ;
2.96458099994 4.43751176004 3.51354577346 3.35026452275 4.70199271307 2.38414512434 3.48297150828 ;
1.63043012854 4.79018375555 2.48172893079 2.02168724571 1.47476070682 0.843097659115 2.98550988059 ;
1.6979405937 4.74819651588 0.0 1.94745911473 2.28779765745 0.84521621834 3.01424981712 ;
2.66576474905 4.65856597516 2.97037793764 3.21573694829 3.25145150688 0.990340378835 3.26375809219 ;
1.74981293528 4.69447690187 2.15692635216 2.58829940361 1.99358145636 1.54010753421 0.0 ;
2.19423685581 4.77053211445 3.1950272699 4.49639858828 2.91517773935 3.85557053949 3.18204994686 ;
2.00258205788 4.76654034033 2.69357153081 2.48301660086 3.33833777605 1.7251128392 3.26896373392 ;
1.48988037905 4.76871040342 2.57162090507 2.08727133705 0.0 0.946155047343 2.69746309716 ;
2.12499870656 4.56063046561 2.83381789318 2.96829916201 2.68425077375 2.23072632152 1.39521692811 ;
1.67607942729 4.74509504264 0.0 1.93350914094 2.26741084691 0.843504672805 2.73364397829 ;
2.99074099183 4.48492234537 3.48195874493 3.44804846321 4.69717166898 2.34777428942 3.5060604088 ;
2.09137275203 4.72959147086 2.71638042502 2.43845345043 3.22530902794 0.0 3.20511536131 ;
2.53064496536 4.71780091742 2.85625934014 2.86361597839 2.49768111671 0.796523223593 3.21791858461 ;
1.63696987934 4.76214766889 2.54183749315 2.03137016875 3.53792011268 1.13985727868 3.28238695374 ;
1.43513044133 4.6785999658 2.67240923627 2.51849897628 1.56064644213 1.65524826545 1.59091860725 ;
2.99087372738 4.48508001744 3.48400667536 3.44573115068 4.70306935769 2.37994839844 3.50853532329 ;
1.70852035584 4.74856028096 0.0 1.97046752882 2.33820499353 0.847946709193 3.05763314854 ;
1.50060876403 4.76254546545 0.0 1.61022103589 1.68794253982 0.821527046493 0.589745792352 ;
2.19291517519 4.76901709938 3.19427558242 4.49353764893 2.91446094356 3.85647103022 3.18135463878 ;
2.97325753436 4.4219678037 3.51368222406 3.32942310857 4.67856236079 2.01547363834 3.45216932184 ;
1.97814151617 4.73533024489 2.84915809225 2.56577042145 4.2759583621 1.44601313287 3.43212183782 ;
2.42300757693 4.80067736736 2.58603710775 2.50337580866 2.15256508058 0.862929096163 3.16596528254 ;
2.10747671156 4.47271291615 3.02798678282 3.69883970516 2.49041076049 2.89124962389 1.99916692129 ;
0.927217590331 4.76163583363 2.54154461671 1.84693349391 1.54179144867 0.697817531217 2.12335467121 ;
2.19034326174 4.77082587273 3.19680282666 4.49722185323 2.91251696545 3.85852373945 3.18802904076 ;
1.67607942729 4.74509504264 0.0 1.93350914094 2.26741084691 0.843504672805 2.73364397829 ;
0.958200870793 4.74904141774 2.54252410026 1.94937645931 1.54729819387 0.778883080964 2.01721763952 ;
2.97102974142 4.42058297096 3.51440655972 3.32637429465 4.67235483292 2.01707647195 3.45574296566 ;
2.4086408302 4.75392992732 2.59326737063 2.52266353158 2.24462974607 0.906008583921 3.16551557961 ;
2.4675905944 4.78051716903 3.21496111246 4.51135711803 2.94363692505 3.85867969597 3.23072543332 ;
1.67607942729 4.74509504264 0.0 1.93350914094 2.26741084691 0.843504672805 2.73364397829 ;
1.3344646753 4.65240848087 3.1419325463 4.29382979636 2.5260159458 3.89870605777 2.22395832389 ;
1.97102902432 4.75219383065 2.86919269525 2.56300548224 4.26642680923 1.43633676761 3.43994548077 ;
1.74981293528 4.69447690187 2.15692635216 2.58829940361 1.99358145636 1.54010753421 0.0 ;
1.95957146361 4.74229975597 2.80334317542 2.48077293752 4.22454700032 1.51036673786 3.41907367359 ;
2.1819323752 4.77299059527 3.20138608988 4.50230099495 2.92357173581 3.86022982075 3.17306748076 ;
2.65042755646 4.64256750925 2.9879545012 3.34059790505 3.05343784148 1.1943689926 3.22519030965 ;
2.96651495275 4.43810528828 3.51408267922 3.35376543929 4.70350242864 2.37674504101 3.48309249634 ;
1.6979405937 4.74819651588 0.0 1.94745911473 2.28779765745 0.84521621834 3.01424981712 ;
1.63034485526 4.79330343011 2.45692728053 1.92812109462 1.57703197588 0.722074463983 2.9942274247 ;
2.99074099183 4.48492234537 3.48195874493 3.44804846321 4.69717166898 2.34777428942 3.5060604088 ;
2.09137275203 4.72959147086 2.71638042502 2.43845345043 3.22530902794 0.0 3.20511536131 ;
2.12499870656 4.56063046561 2.83381789318 2.96829916201 2.68425077375 2.23072632152 1.39521692811 ;
1.48988037905 4.76871040342 2.57162090507 2.08727133705 0.0 0.946155047343 2.69746309716 ;
2.19423685581 4.77053211445 3.1950272699 4.49639858828 2.91517773935 3.85557053949 3.18204994686 ;
2.00258205788 4.76654034033 2.69357153081 2.48301660086 3.33833777605 1.7251128392 3.26896373392 ;
1.67607942729 4.74509504264 0.0 1.93350914094 2.26741084691 0.843504672805 2.73364397829 ;
1.71042788957 4.76298709641 2.55559067557 2.06284412581 3.48991140449 1.11017150069 3.2719751639 ;
2.19094754817 4.77076532456 3.20041688671 4.49783666768 2.9217248385 3.86007556865 3.18313516945 ;
2.57142320083 4.70019303964 2.89553101483 3.07117773206 2.49799313701 0.890877664837 3.22174862036 ;
1.46310935459 4.7148806904 0.0 1.79760939629 2.06880385384 0.826830906618 0.0 ;
2.9906467274 4.48438641505 3.48431290039 3.44470548223 4.70493943262 2.38005513305 3.50723593961 ;
1.42960054894 4.7046783607 2.66924749093 2.27268478993 1.45862114356 1.51399514169 1.65843445615 ;
1.6979405937 4.74819651588 0.0 1.94745911473 2.28779765745 0.84521621834 3.01424981712 ;
2.18074421982 4.76889692751 3.19985726466 4.49590591394 2.91844463801 3.86419681813 3.16864720584 ;
1.93266088719 4.73567035076 2.78452782836 2.4384796369 4.23730963889 1.52558134633 3.41004095859 ;
2.66958767703 4.65759245991 2.97137562757 3.21915653481 3.25608330728 0.983273098785 3.26469360195 ;
1.6979405937 4.74819651588 0.0 1.94745911473 2.28779765745 0.84521621834 3.01424981712 ;
2.96324560939 4.43660250058 3.51556481538 3.34715081719 4.69882149406 2.38343977049 3.48160387708 ;
1.63190085073 4.79019430266 2.4824833168 2.02504077074 1.47703773552 0.846861669513 2.98545862623 ;
1.74981293528 4.69447690187 2.15692635216 2.58829940361 1.99358145636 1.54010753421 0.0 ;
2.09137275203 4.72959147086 2.71638042502 2.43845345043 3.22530902794 0.0 3.20511536131 ;
2.19423685581 4.77053211445 3.1950272699 4.49639858828 2.91517773935 3.85557053949 3.18204994686 ;
1.48988037905 4.76871040342 2.57162090507 2.08727133705 0.0 0.946155047343 2.69746309716 ;
1.67607942729 4.74509504264 0.0 1.93350914094 2.26741084691 0.843504672805 2.73364397829 ;
2.00400987423 4.76673546305 2.69453505561 2.48554992677 3.34007239385 1.72468883859 3.26946325194 ;
2.99110575027 4.48387572427 3.48252477113 3.44662136571 4.69803150136 2.35007676786 3.50590220737 ;
2.12499870656 4.56063046561 2.83381789318 2.96829916201 2.68425077375 2.23072632152 1.39521692811 ;
2.52633575563 4.73641158269 2.6833603681 2.83836106835 3.12904459387 1.27119274633 3.27027033714 ;
2.18083196553 4.76845550541 3.19807293871 4.49523232234 2.9155860475 3.86067925324 3.16872302369 ;
1.6979405937 4.74819651588 0.0 1.94745911473 2.28779765745 0.84521621834 3.01424981712 ;
2.92955974597 4.50332008648 3.41874657603 3.51375247902 4.67598229747 1.93030197099 3.47937678053 ;
1.19192943735 4.76313521004 2.63947611391 1.6841189637 3.1031474407 0.898996566427 3.04871091979 ;
1.52302059478 4.75725999684 2.57790768764 2.07843885332 0.0 0.970510713603 3.05183772731 ;
1.74981293528 4.69447690187 2.15692635216 2.58829940361 1.99358145636 1.54010753421 0.0 ;
2.19423685581 4.77053211445 3.1950272699 4.49639858828 2.91517773935 3.85557053949 3.18204994686 ;
2.09212297607 4.73012206729 2.71417021502 2.43799885788 3.21880638877 0.0 3.20518284143 ;
2.12499870656 4.56063046561 2.83381789318 2.96829916201 2.68425077375 2.23072632152 1.39521692811 ;
1.67607942729 4.74509504264 0.0 1.93350914094 2.26741084691 0.843504672805 2.73364397829 ;
2.00258205788 4.76654034033 2.69357153081 2.48301660086 3.33833777605 1.7251128392 3.26896373392 ;
1.48561018829 4.76772769774 2.57579417103 2.08672000279 0.0 0.950304850182 2.69508975329 ;
2.99074099183 4.48492234537 3.48195874493 3.44804846321 4.69717166898 2.34777428942 3.5060604088 ;
2.53144470713 4.73609462238 2.68255049257 2.84507669268 3.12181618058 1.27504070947 3.26957185778 ;
2.18083196553 4.76845550541 3.19807293871 4.49523232234 2.9155860475 3.86067925324 3.16872302369 ;
2.92955974597 4.50332008648 3.41874657603 3.51375247902 4.67598229747 1.93030197099 3.47937678053 ;
1.6979405937 4.74819651588 0.0 1.94745911473 2.28779765745 0.84521621834 3.01424981712 ;
1.20293315827 4.7632348142 2.6412957319 1.69021370191 3.11428417522 0.898453851792 3.0528436681 ;
1.74981293528 4.69447690187 2.15692635216 2.58829940361 1.99358145636 1.54010753421 0.0 ;
1.52302059478 4.75725999684 2.57790768764 2.07843885332 0.0 0.970510713603 3.05183772731 ;
2.54160475311 4.71253394771 2.85916362822 2.89932372296 2.48739477238 0.796787467298 3.22721019238 ;
0.0 4.70176630207 3.0361299603 4.37472484129 2.91062142088 3.57273161461 2.75474192233 ;
1.67607942729 4.74509504264 0.0 1.93350914094 2.26741084691 0.843504672805 2.73364397829 ;
2.44399099434 4.77044746293 3.20311597011 4.49423309113 2.93439719039 3.85715333895 3.2065301354 ;
1.47352412882 4.6932226714 2.71040616687 2.47592255211 1.52642661522 1.61689955434 1.64306938952 ;
2.98639611843 4.48833706693 3.47881747316 3.45309891943 4.70269120644 2.37959655111 3.50963203555 ;
1.68321242009 4.76644416918 2.53974790843 1.98785266746 3.49138513106 1.10002789238 3.27073685933 ;
1.69402742038 4.7490096663 0.0 1.94852276589 2.28362068284 0.847432896803 3.04172849442 ;
2.19291517519 4.76901709938 3.19427558242 4.49353764893 2.91446094356 3.85647103022 3.18135463878 ;
2.53678960657 4.71558654606 2.85124944198 2.87497310787 2.50120457479 0.795285774527 3.216115578 ;
1.4246462861 4.68901848557 2.70987814197 2.5089474346 1.5213409049 1.6520735277 1.61511978146 ;
1.64492250312 4.7621110113 2.54495682796 2.02939164834 3.54467214723 1.14702623012 3.28366147824 ;
1.52800848435 4.71279939742 0.0 1.80964673518 2.13367970044 0.811096824817 0.191946720228 ;
2.99174495844 4.48403663687 3.48499471128 3.44495650426 4.70381904296 2.37990127115 3.50841858619 ;
2.65042755646 4.64256750925 2.9879545012 3.34059790505 3.05343784148 1.1943689926 3.22519030965 ;
2.1819323752 4.77299059527 3.20138608988 4.50230099495 2.92357173581 3.86022982075 3.17306748076 ;
1.6979405937 4.74819651588 0.0 1.94745911473 2.28779765745 0.84521621834 3.01424981712 ;
1.95957146361 4.74229975597 2.80334317542 2.48077293752 4.22454700032 1.51036673786 3.41907367359 ;
2.96651495275 4.43810528828 3.51408267922 3.35376543929 4.70350242864 2.37674504101 3.48309249634 ;
1.74981293528 4.69447690187 2.15692635216 2.58829940361 1.99358145636 1.54010753421 0.0 ;
1.63034485526 4.79330343011 2.45692728053 1.92812109462 1.57703197588 0.722074463983 2.9942274247 ;
2.19081537653 4.76833469107 3.19503322555 4.49335739839 2.91657597162 3.85837283477 3.18113191358 ;
2.56563130194 4.72732949713 2.79236470259 2.81744908001 2.99666349478 0.841483168373 3.21279292161 ;
1.67607942729 4.74509504264 0.0 1.93350914094 2.26741084691 0.843504672805 2.73364397829 ;
1.34685050618 4.70569056118 2.68424075911 2.45412584598 2.44735880338 1.5142220044 1.83475646055 ;
3.00091037025 4.47425369893 3.50335267628 3.41588110957 4.7085204771 2.38416227332 3.5022990361 ;
1.71136620622 4.72762712332 2.66960380421 2.22323605332 4.20698849207 1.41318592845 3.38043804977 ;
1.50581937813 4.75431694999 2.57864236227 2.08132695138 0.0 0.971269866222 2.69970260493 ;
1.67607942729 4.74509504264 0.0 1.93350914094 2.26741084691 0.843504672805 2.73364397829 ;
1.3344646753 4.65240848087 3.1419325463 4.29382979636 2.5260159458 3.89870605777 2.22395832389 ;
2.4675905944 4.78051716903 3.21496111246 4.51135711803 2.94363692505 3.85867969597 3.23072543332 ;
0.958200870793 4.74904141774 2.54252410026 1.94937645931 1.54729819387 0.778883080964 2.01721763952 ;
2.40935456732 4.7541690022 2.59386235049 2.52343261682 2.24200423288 0.907321639839 3.16503491868 ;
1.97091000739 4.75183976217 2.86770362491 2.56176684717 4.2659708592 1.43322106963 3.44006961557 ;
2.97102974142 4.42058297096 3.51440655972 3.32637429465 4.67235483292 2.01707647195 3.45574296566 ;
1.22435595489 4.76367093019 2.64643512473 1.6995692875 3.13779327547 0.91308209205 3.06175371008 ;
2.18083196553 4.76845550541 3.19807293871 4.49523232234 2.9155860475 3.86067925324 3.16872302369 ;
2.54134613775 4.73474710131 2.67769943032 2.85923807847 3.10218661671 1.26939759649 3.26633783328 ;
2.92926978454 4.50445714977 3.4198291653 3.51407937758 4.67694084057 1.93221266834 3.48035783973 ;
1.52302059478 4.75725999684 2.57790768764 2.07843885332 0.0 0.970510713603 3.05183772731 ;
1.6979405937 4.74819651588 0.0 1.94745911473 2.28779765745 0.84521621834 3.01424981712 ;
1.74981293528 4.69447690187 2.15692635216 2.58829940361 1.99358145636 1.54010753421 0.0 ;
2.98715507161 4.49040847047 3.47724489845 3.45449166253 4.70238108507 2.37251592349 3.50640384954 ;
1.67607942729 4.74509504264 0.0 1.93350914094 2.26741084691 0.843504672805 2.73364397829 ;
1.48988037905 4.76871040342 2.57162090507 2.08727133705 0.0 0.946155047343 2.69746309716 ;
2.44208229378 4.77057730631 3.20258556729 4.49465196745 2.93232657546 3.85654037214 3.20378622027 ;
2.03139420609 4.77983581788 2.67738621445 2.40132321878 3.21588491135 1.00444142307 3.26191094603 ;
2.32144594705 4.51198854763 2.89898699119 2.91092046067 3.14518303217 1.47505602698 1.99128488609 ;
0.0 4.70497409327 3.03686582533 4.34364150279 2.99084289123 3.26002456794 2.75625641903 ;
2.04265897915 4.77421540831 2.68944128882 2.4456814023 3.3577841531 1.06817003337 3.27863673297 ;
2.19132347922 4.76960510508 3.19437145247 4.49619202644 2.90868826448 3.85589764227 3.18013419016 ;
2.20806240979 4.51093957238 2.64448200127 3.23011841936 2.64627327691 2.4124594172 2.01378808678 ;
1.69762932079 4.7500475978 0.0 1.96130461178 2.33240716833 0.842793472475 3.06558021725 ;
3.01011704988 4.47320083509 3.48468329451 3.43426314998 4.68688295671 1.99886165491 3.48144759313 ;
1.45460763483 4.77967530476 2.60861424767 1.97969124996 0.746737747193 0.708516981988 2.44548411985 ;
1.5600149734 4.76446685607 0.0 1.66075624737 1.68794253982 0.824373631427 0.582089952598 ;
0.993785892309 4.74572781114 2.61327024768 1.72498667917 2.98429081966 0.968657743351 2.53365433535 ;
1.50581937813 4.75431694999 2.57864236227 2.08132695138 0.0 0.971269866222 2.69970260493 ;
2.46941259033 4.7797107588 3.21676527155 4.50880904793 2.94998433281 3.85954719126 3.23577636697 ;
2.51519579945 4.72121030058 2.72432087029 2.81430587559 3.20189207948 0.844948576003 3.24946811679 ;
1.67607942729 4.74509504264 0.0 1.93350914094 2.26741084691 0.843504672805 2.73364397829 ;
1.25581499547 4.6580665734 3.1631417468 4.30154444517 2.87017520761 3.92054969679 2.13554938257 ;
2.82156747137 4.54024849835 3.34559719086 3.22262371605 4.618032654 2.33588180995 3.49767857479 ;
2.83058883709 4.53305937684 3.3586057455 3.22682712097 4.62368290181 2.34430478731 3.4968984588 ;
1.33883484738 4.77510192185 2.41958492109 1.61907470364 2.50482542055 0.86079349766 3.13441751215 ;
2.44220211062 4.77094257007 3.20375346369 4.49495523037 2.93312648662 3.85815205882 3.20431642002 ;
1.98146276881 4.64785455195 2.79501867036 2.73601307953 1.94722251729 1.9469447248 1.17982473657 ;
1.67607942729 4.74509504264 0.0 1.93350914094 2.26741084691 0.843504672805 2.73364397829 ;
0.0 4.70584016858 3.02274308542 4.35290579855 2.88581076419 3.30586277728 2.6941026024 ;
2.60652325039 4.71585067553 2.91373517625 3.14089104247 2.93635331397 0.837943317648 3.28568148402 ;
1.72731252977 4.72661505157 2.66954700573 2.22743849621 4.19865311982 1.40390922808 3.37985633871 ;
2.19108384887 4.76923504571 3.19635738947 4.49492230664 2.91736807921 3.85869456808 3.18140099807 ;
1.50581937813 4.75431694999 2.57864236227 2.08132695138 0.0 0.971269866222 2.69970260493 ;
1.67607942729 4.74509504264 0.0 1.93350914094 2.26741084691 0.843504672805 2.73364397829 ;
2.5614006698 4.72237713629 2.80247195883 2.83845753216 2.98680830718 0.853707763586 3.21437297418 ;
1.3807522536 4.71710307109 2.66649214212 2.41881316646 2.46793531068 1.47759247813 1.86533253617 ;
3.00343379191 4.47538936145 3.50144338134 3.41857640865 4.70969266057 2.38393492389 3.50152484545 ;
1.67358430076 4.74001698993 2.54441020384 2.1844621935 3.65865577605 1.20847628663 3.32342656609 ;
2.47721655014 4.78011044837 3.21316913474 4.51002269882 2.94163846479 3.85776746931 3.24148693945 ;
2.45892979813 4.81680941316 2.81413230615 2.61866795523 2.18440384697 0.828939526145 3.15636173526 ;
3.0026444059 4.46796899053 3.48276359115 3.43051734218 4.68711188865 2.0116327457 3.48031085375 ;
1.24102237072 4.68824835503 3.12041807088 4.35104083708 2.56972638089 3.89724731872 2.25038512165 ;
1.38237635163 4.62261939875 2.54056882439 2.18933927285 1.52825033002 1.07311192978 1.92993223547 ;
1.67607942729 4.74509504264 0.0 1.93350914094 2.26741084691 0.843504672805 2.73364397829 ;
1.64411493225 4.7614830073 2.5469622855 2.02739355046 3.54565263136 1.14403147249 3.28290973538 ;
2.99071941786 4.48671609746 3.48324660508 3.44868766176 4.70228352189 2.37894622952 3.50942088389 ;
1.46310935459 4.7148806904 0.0 1.79760939629 2.06880385384 0.826830906618 0.0 ;
2.19291517519 4.76901709938 3.19427558242 4.49353764893 2.91446094356 3.85647103022 3.18135463878 ;
2.53741932959 4.71509235567 2.84695803068 2.87366577113 2.49463064458 0.791806331119 3.21371426027 ;
1.42231203221 4.6892851729 2.71357462006 2.50879823431 1.5132344303 1.65787027692 1.6127612151 ;
1.6979405937 4.74819651588 0.0 1.94745911473 2.28779765745 0.84521621834 3.01424981712 ;
2.95700458103 4.50087200548 3.42481300275 3.50643456213 4.6695119748 1.94889878287 3.48061598427 ;
2.01123583346 4.59326214591 2.78357297827 2.75055593575 2.20343528616 1.72051775648 1.60642923737 ;
1.78043238039 4.77276408143 0.642683064139 1.67560678143 2.05040307014 1.07325316486 1.62667793703 ;
0.0 4.70920666282 3.04031626356 4.39320001513 2.92049882141 3.57057784944 2.74851074242 ;
1.68989263879 4.74258261279 0.0 1.95457957964 2.29628050772 0.843858119532 2.98460145826 ;
1.89344206838 4.78424426116 2.66745597266 2.26874277777 2.65744530852 0.966016500965 3.23249996236 ;
2.44098377271 4.77022047904 3.20187388874 4.49496968356 2.92350366038 3.85708255333 3.20218473751 ;
2.93026121889 4.50358822765 3.42166334551 3.51270739345 4.67824940045 1.93310096542 3.48041218965 ;
1.6979405937 4.74819651588 0.0 1.94745911473 2.28779765745 0.84521621834 3.01424981712 ;
1.23172734056 4.76478509612 2.64753248838 1.7020160242 3.12703788572 0.904893014992 3.0618197261 ;
2.54558583604 4.73334724272 2.67923575238 2.86910127898 3.11612209601 1.27997298729 3.26857758113 ;
2.18083196553 4.76845550541 3.19807293871 4.49523232234 2.9155860475 3.86067925324 3.16872302369 ;
1.52302059478 4.75725999684 2.57790768764 2.07843885332 0.0 0.970510713603 3.05183772731 ;
1.74981293528 4.69447690187 2.15692635216 2.58829940361 1.99358145636 1.54010753421 0.0 ;
2.97028583435 4.41802383089 3.51236850323 3.32646505097 4.66984081734 2.01033877277 3.45353847492 ;
1.48988037905 4.76871040342 2.57162090507 2.08727133705 0.0 0.946155047343 2.69746309716 ;
2.19009820935 4.76894912322 3.19500942729 4.49482408783 2.91057683825 3.85837211281 3.18031491367 ;
2.48917964861 4.79829358905 2.60548147074 2.58610538935 2.66900717978 0.898468632236 3.14126616034 ;
1.67607942729 4.74509504264 0.0 1.93350914094 2.26741084691 0.843504672805 2.73364397829 ;
1.96056666188 4.73996279767 2.84791914901 2.57129785531 4.28753871562 1.44322878655 3.43199825577 ;
1.41166405084 4.62776578496 2.73275046438 2.59204691841 2.49574401518 1.5610266271 1.96159645713 ;
1.41166405084 4.62776578496 2.73275046438 2.59204691841 2.49574401518 1.5610266271 1.96159645713 ;
2.97028583435 4.41802383089 3.51236850323 3.32646505097 4.66984081734 2.01033877277 3.45353847492 ;
2.48917964861 4.79829358905 2.60548147074 2.58610538935 2.66900717978 0.898468632236 3.14126616034 ;
2.19009820935 4.76894912322 3.19500942729 4.49482408783 2.91057683825 3.85837211281 3.18031491367 ;
1.96056666188 4.73996279767 2.84791914901 2.57129785531 4.28753871562 1.44322878655 3.43199825577 ;
1.67607942729 4.74509504264 0.0 1.93350914094 2.26741084691 0.843504672805 2.73364397829 ;
1.48988037905 4.76871040342 2.57162090507 2.08727133705 0.0 0.946155047343 2.69746309716 ;
1.48988037905 4.76871040342 2.57162090507 2.08727133705 0.0 0.946155047343 2.69746309716 ;
2.99110575027 4.48387572427 3.48252477113 3.44662136571 4.69803150136 2.35007676786 3.50590220737 ;
2.00400987423 4.76673546305 2.69453505561 2.48554992677 3.34007239385 1.72468883859 3.26946325194 ;
1.67607942729 4.74509504264 0.0 1.93350914094 2.26741084691 0.843504672805 2.73364397829 ;
2.19423685581 4.77053211445 3.1950272699 4.49639858828 2.91517773935 3.85557053949 3.18204994686 ;
2.09137275203 4.72959147086 2.71638042502 2.43845345043 3.22530902794 0.0 3.20511536131 ;
2.12499870656 4.56063046561 2.83381789318 2.96829916201 2.68425077375 2.23072632152 1.39521692811 ;
1.63190085073 4.79019430266 2.4824833168 2.02504077074 1.47703773552 0.846861669513 2.98545862623 ;
2.96324560939 4.43660250058 3.51556481538 3.34715081719 4.69882149406 2.38343977049 3.48160387708 ;
1.6979405937 4.74819651588 0.0 1.94745911473 2.28779765745 0.84521621834 3.01424981712 ;
2.18074421982 4.76889692751 3.19985726466 4.49590591394 2.91844463801 3.86419681813 3.16864720584 ;
1.93266088719 4.73567035076 2.78452782836 2.4384796369 4.23730963889 1.52558134633 3.41004095859 ;
2.66958767703 4.65759245991 2.97137562757 3.21915653481 3.25608330728 0.983273098785 3.26469360195 ;
1.74981293528 4.69447690187 2.15692635216 2.58829940361 1.99358145636 1.54010753421 0.0 ;
2.19108384887 4.76923504571 3.19635738947 4.49492230664 2.91736807921 3.85869456808 3.18140099807 ;
2.56118856252 4.72149491387 2.80203631405 2.83863288879 2.98421603368 0.857823204704 3.21321196666 ;
3.00343379191 4.47538936145 3.50144338134 3.41857640865 4.70969266057 2.38393492389 3.50152484545 ;
1.37672608106 4.71929677959 2.66706044055 2.41675283373 2.47243764574 1.46967297229 1.86303761127 ;
1.50581937813 4.75431694999 2.57864236227 2.08132695138 0.0 0.971269866222 2.69970260493 ;
1.72731252977 4.72661505157 2.66954700573 2.22743849621 4.19865311982 1.40390922808 3.37985633871 ;
1.67607942729 4.74509504264 0.0 1.93350914094 2.26741084691 0.843504672805 2.73364397829 ;
2.82261262886 4.53648089235 3.35218337532 3.22058348264 4.62588681918 2.34317107864 3.49543936938 ;
1.50581937813 4.75431694999 2.57864236227 2.08132695138 0.0 0.971269866222 2.69970260493 ;
1.25581499547 4.6580665734 3.1631417468 4.30154444517 2.87017520761 3.92054969679 2.13554938257 ;
2.51597208327 4.72106131053 2.72861771152 2.81304300539 3.21453306109 0.859749683512 3.25300809814 ;
0.987055957051 4.74553302763 2.61349594836 1.73427995411 2.98818920519 0.97373260966 2.53017293214 ;
1.67607942729 4.74509504264 0.0 1.93350914094 2.26741084691 0.843504672805 2.73364397829 ;
2.46941259033 4.7797107588 3.21676527155 4.50880904793 2.94998433281 3.85954719126 3.23577636697 ;
2.00501449742 4.76644511495 2.69484488906 2.48966014118 3.34442517583 1.72884529599 3.27003221658 ;
2.19497787637 4.77066282245 3.19502425955 4.49630850353 2.91936975828 3.85518996688 3.18293115316 ;
2.13141093714 4.56277250974 2.83475401361 2.95053316741 2.68967897205 2.20713372932 1.40956121545 ;
2.06975562608 4.7347547314 2.7135019987 2.45070599795 2.97218644897 0.0 3.20869538044 ;
1.67607942729 4.74509504264 0.0 1.93350914094 2.26741084691 0.843504672805 2.73364397829 ;
1.41645436436 4.76267194006 2.54682000612 1.98631646656 0.0 1.15866045905 2.58080774958 ;
2.99255215098 4.48187848726 3.48611599071 3.44197633036 4.69879241289 2.34745098469 3.50504573547 ;
2.19291517519 4.76901709938 3.19427558242 4.49353764893 2.91446094356 3.85647103022 3.18135463878 ;
1.6979405937 4.74819651588 0.0 1.94745911473 2.28779765745 0.84521621834 3.01424981712 ;
2.53741932959 4.71509235567 2.84695803068 2.87366577113 2.49463064458 0.791806331119 3.21371426027 ;
1.42231203221 4.6892851729 2.71357462006 2.50879823431 1.5132344303 1.65787027692 1.6127612151 ;
2.98953515606 4.48741992919 3.48191385551 3.4496466973 4.70201441851 2.37786635297 3.50975229433 ;
1.64258642746 4.76150367905 2.54622044643 2.02438845862 3.54386841628 1.14262586302 3.28231830423 ;
1.46310935459 4.7148806904 0.0 1.79760939629 2.06880385384 0.826830906618 0.0 ;
