cluster 0
size:560
#377eb8
[ 1.69850629  4.74786304  2.67717835  1.92144115  4.06868204  1.16547032
  3.32611398]

cluster 1
size:374
#ff7f00
[ 2.12690209  4.69010442  3.11321668  4.40056412  2.78711372  3.8266414
  2.81505029]

cluster 2
size:376
#4daf4a
[ 1.65910293  4.71694718  0.          1.74387034  2.39602556  0.77489825
  2.79396739]

cluster 3
size:477
#f781bf
[ 3.00486828  4.39494288  3.4444292   3.53488991  4.74962284  2.04172426
  3.42399692]

cluster 4
size:404
#a65628
[ 1.16424294  4.70314864  2.37429054  2.02370287  2.02185049  0.93736792
  1.96244682]

cluster 5
size:818
#984ea3
[ 2.47110139  4.74117551  2.81247486  2.74919459  2.32819925  1.08577712
  3.24168343]

