2.46796983596 4.7260313839 3.15361614105 4.44483908768 2.8580096571 3.80140133012 2.95377177477 ;
1.48766389748 4.76417177126 2.62251254797 1.54792070319 3.85116772461 1.39068173974 3.29380779521 ;
1.40134534334 4.78762512301 2.29074489037 2.03429973816 0.408339044778 0.735092585124 3.09090799046 ;
2.91566997114 4.55737904311 3.28010478541 3.65116704045 4.45631796807 2.27220840476 3.47260412056 ;
1.7820803968 4.76090109752 0.0421886660248 1.9773846261 2.65817784984 0.815960354475 3.06117396025 ;
2.54502549798 4.72275270835 2.83556278044 3.0300827041 3.13781672683 0.411095120202 3.21241299215 ;
1.70204901239 4.68542497621 2.14096560264 2.26248089679 2.0067677424 0.772831922792 0.0292393000449 ;
0.0828645891875 4.71390666156 3.007775711 4.38594722601 2.7994815697 3.49192782329 2.79659781392 ;
2.47590795877 4.74596298987 2.79375243691 2.56311648807 3.39199586791 0.328754291998 3.25357407149 ;
2.21247643567 4.74187482824 3.15125224219 4.48306189833 2.95000264711 3.85458143671 2.94443243843 ;
1.79870817163 4.75546610223 0.0381751444565 1.99911721949 3.00571628192 0.821262733366 3.05615341259 ;
2.04221857679 4.67693897939 2.82565264212 3.62140851071 1.35356610892 1.86906964487 2.95301835101 ;
2.83063574739 4.57868237944 3.21913327965 3.5293337037 4.4114077706 2.24982228742 3.46655801865 ;
1.32115257532 4.79868596944 1.89994609883 1.67311965063 0.347724185967 0.538681608594 3.09277845159 ;
0.871416005776 4.75869744051 2.52267556477 1.20747986634 3.9858716003 1.52568171106 3.28734819524 ;
1.64345260038 4.68013376878 2.13788275258 2.26201184044 2.01221060826 0.83800191426 0.0 ;
2.21045583968 4.73915995623 3.1450866872 4.47773879129 2.89474532746 3.82568826308 3.15713778539 ;
2.09894317407 4.68426013936 2.82138052146 3.52557343002 1.69626182869 1.36311265498 2.84972982031 ;
2.4884328581 4.7557574041 2.78444830215 2.36877831871 3.72163110087 0.787118564112 3.27774756301 ;
0.5238454331 4.75380113354 2.45546235527 1.06132496131 3.79639854632 1.31537751973 2.9884657834 ;
2.39707289117 4.65453302791 3.02118788145 3.98906336354 2.9548489858 3.31314838656 0.0174074369944 ;
2.85594332236 4.54626357078 3.29375154518 3.72492714537 4.54116902882 2.26586117795 3.47265628966 ;
1.39851443599 4.78788490709 1.90685235973 1.74436461743 0.343474425806 0.561242829609 2.74137178157 ;
1.83877226044 4.75196337267 0.0449047413775 2.00471666358 3.02742632113 0.783686977779 2.93255210691 ;
2.39376557059 4.73817569833 2.74906620349 2.73226624568 2.99671227543 0.559016370997 2.94312220226 ;
2.8556389149 4.58609626439 3.20031942337 3.44450170379 4.4210012174 2.09068611841 3.47370600369 ;
0.777902896817 4.75672336341 2.52067315291 1.20097108231 4.02605986863 1.41808533722 3.13480228688 ;
0.139684832518 4.704008532 3.00856772037 4.39136781524 2.75034319016 3.52995754494 2.75079495654 ;
2.47837343291 4.72665442516 3.15124641844 4.44592061713 2.87144425322 3.79987571595 2.9607659138 ;
1.87761276234 4.75330527303 0.0475810074583 2.06559811312 3.05827283182 0.818814057684 2.96867888292 ;
1.4460078701 4.7787745717 2.13306602959 2.57070794447 0.229386326421 0.761852203313 2.77554874841 ;
1.2918517861 4.7907529616 1.79153885345 0.340728605651 0.936482242094 0.66054845165 2.45480616035 ;
1.93962323351 4.78277227158 2.26039948802 2.77441648541 0.323152849506 0.706356268515 2.89809458733 ;
2.85350193808 4.57067727955 3.23622940403 3.57610350735 4.36867502875 2.25885138335 3.46382402342 ;
0.255959675959 4.78219170974 0.240114757517 1.77882339584 3.0130955388 0.781724738431 3.08168166333 ;
2.18039361218 4.73037976043 3.12229144288 4.44378438207 2.81548235482 3.77323497744 2.90145444064 ;
2.48066893166 4.73337616859 2.78545710321 2.66327715804 3.25994517691 0.50911023001 3.0367552922 ;
2.39754044206 4.74083462357 0.0404537679226 2.08405799499 3.11832059556 0.816798858656 2.94837268291 ;
0.934957818563 4.75813940597 2.61944990609 1.27051640063 4.01137999177 1.55735566194 3.14373776683 ;
0.787532311158 4.76895098349 1.87722078743 1.19541946229 0.663223290347 0.728039151298 2.41509460575 ;
2.17852397809 4.73581958008 3.13276244028 4.47134908508 2.83439943313 3.80595835895 3.14525256245 ;
2.26263355667 4.74993977679 2.78755625695 3.10595688459 1.93404903788 0.910002344437 2.95017281553 ;
2.85188561705 4.58618272222 3.20069105453 3.43791621292 4.38024092338 2.26683369486 3.46120803807 ;
1.81025660154 4.75339601168 0.036627503465 1.972804961 2.99899851587 0.805868498607 2.93225530127 ;
2.56238080652 4.72438084458 2.82875211593 2.60755811022 3.93765929808 0.150813897954 3.19242998352 ;
1.24766752779 4.77774994515 1.90268493996 1.78974756079 0.265157389402 0.652919484313 2.72458408296 ;
2.21146373034 4.64651379502 3.00878897302 3.91138746919 2.7695465268 3.39763756945 0.0616224419554 ;
0.807369550184 4.7505161785 2.5091739945 1.22487578825 3.92088861532 1.44545568337 3.09047626971 ;
1.92169899892 4.65559917921 2.73237620666 3.35332297895 2.37690850414 2.05178022975 0.108586367899 ;
1.05813715574 4.78175776826 1.74872977338 1.4601585032 0.300036606579 0.622660635168 2.80816614765 ;
2.20656692283 4.73532380036 3.15319114047 4.46950194917 2.87513048774 3.8218988949 3.12059164553 ;
2.5925140148 4.73832797373 2.82547076298 2.5531457882 3.71708207606 0.380456865163 3.29007976729 ;
2.10574516057 4.7542285478 2.70246982378 3.06184376843 1.37294318876 0.903464656404 3.11776490539 ;
0.86511839193 4.75809746141 2.51583218204 1.21588663329 3.9499834185 1.48638548105 3.2528978124 ;
2.82313658779 4.57921576477 3.22023592758 3.548378975 4.37526662301 2.25879131391 3.46088228468 ;
1.81740164015 4.75341082709 0.0361391367522 1.97676026909 2.959011869 0.824333039872 2.93654628273 ;
2.46802171528 4.72563095043 3.16810142944 4.4609755069 2.87650809878 3.84355168835 2.96600898613 ;
1.99230271675 4.78457400547 2.67329885887 1.91476753907 3.42310970643 0.0766004353305 3.11049988194 ;
1.50400214501 4.75747864682 2.60488553797 1.58068751826 3.92747779863 1.9177499387 3.16251802293 ;
1.78380343823 4.74633177661 0.0334384677677 1.97895517983 3.00034074323 0.887848305845 2.91093384113 ;
2.90155697908 4.5532639773 3.27842210215 3.6380131735 4.55211320164 2.03503208956 3.47465262059 ;
1.29750455322 4.78151932189 1.96395552112 1.85564937428 0.333412565937 0.665471808357 2.6839128993 ;
2.49589795967 4.71174765765 2.86515299193 3.5643986731 2.17907259041 1.18842985718 2.81795552995 ;
0.15804123722 4.70519278325 3.01864862114 4.39774275113 2.75140794937 3.57103321955 2.75021206499 ;
1.93692559409 4.66094801038 2.71765530168 3.30655087024 2.38143391668 2.00824666391 0.107448768429 ;
2.18371242106 4.73750557127 3.14091043902 4.46682727365 2.84162784285 3.80544889364 3.11005757821 ;
1.4712974346 4.7837095426 2.24230450407 2.20383248 0.422695035716 0.7203389095 2.98574662529 ;
1.96131130303 4.74809377733 0.0484781181181 2.3519996776 3.09327043412 0.82643166353 3.03216811193 ;
2.4974234064 4.74407023721 2.78982683698 2.68031196177 3.31869779725 0.750022657283 3.25575223723 ;
2.87068236699 4.55051673121 3.28819949972 3.66413910495 4.47619194638 2.30360047152 3.47588953573 ;
0.74845065252 4.7548045954 2.59132512074 1.18950765787 4.01725628494 1.4217691086 3.2724012994 ;
1.11376268436 4.76422341184 0.259644897802 0.453746349821 1.81472176703 0.68559146276 2.64433471209 ;
2.18844382828 4.73408375049 3.13411557595 4.46167113372 2.83375371537 3.80639548766 2.93335125186 ;
0.0764543544033 4.75114152957 2.03774283011 2.11616202693 0.58018785164 0.879910681627 3.07953300011 ;
2.51891316661 4.73741212713 2.80075903778 2.75781044994 3.18952654846 0.63346118047 3.2235428228 ;
2.85580596334 4.56364928627 3.25129767298 3.58176448087 4.44501152031 2.27259901032 3.47410406887 ;
0.917955474797 4.76404475028 2.53752375193 1.23211378665 4.02120453887 1.43184610072 3.29336458318 ;
1.66113589377 4.6741717058 2.16993610954 2.33194327362 2.01019737561 0.885965731503 0.0280209958763 ;
2.02856488286 4.79845472161 2.16038754147 2.07209769248 0.359031157598 0.684677233959 3.08654876092 ;
1.80113240132 4.75446237173 0.0455284183411 1.99767844804 2.99383092332 0.809856306514 3.0603676616 ;
2.11135185999 4.63579214351 3.06877902364 4.2925781998 2.8042604375 3.85114769346 0.138582777456 ;
1.39674953288 4.78531748579 1.99636625564 2.0784450155 0.191031625237 0.779436153952 3.07960254846 ;
1.33022540915 4.75521022399 2.62938422377 1.56159690912 3.9318781346 1.70910247061 3.29966934689 ;
2.86806970991 4.56624569874 3.24053339149 3.66523173846 4.36984113699 1.99362098996 3.4485176609 ;
1.68178316517 4.69009734281 2.17507877738 2.24796188605 1.98929721935 0.725657604837 0.0505965557291 ;
2.2565247296 4.7765746652 2.72949175571 2.40822887658 2.92286201265 0.310578393557 3.19675225372 ;
1.75409829274 4.75627750625 0.0659858267025 1.95857501477 3.05261734234 0.833060307784 3.06296761714 ;
2.21483203007 4.7306173797 3.13332351644 4.44449670995 2.82135706733 3.76043257657 3.15375082887 ;
2.18952031044 4.73555644053 3.13462296252 4.46055784211 2.81695325401 3.79289522295 3.11950784342 ;
2.41307901146 4.76535591395 2.30613218274 3.01692196778 2.51654348291 0.527149559431 3.10341097707 ;
1.3112403151 4.78076845194 1.63386675262 1.85852508937 0.555977740947 0.689211089293 2.88066784503 ;
2.20567486436 4.7402918928 2.23151926613 1.67029312605 3.97084856877 0.159489931895 3.26420017557 ;
2.95107323698 4.53387843662 3.32457989341 3.74525921413 4.49715668562 2.14023756409 3.47395837574 ;
2.02918130217 4.66439969651 2.6393940362 3.3523051347 2.4498924852 2.03303376149 0.0867256531411 ;
0.143979146019 4.74787953776 2.0781994296 1.50983166599 3.81132169938 1.37527549342 3.17814200775 ;
2.46765655724 4.76323277203 2.41446667614 2.10849819307 3.74548529939 1.95014684246 3.32793403915 ;
1.27783077279 4.75829015144 2.62547359738 1.49407929898 3.97383810265 1.17980367791 3.18446955902 ;
2.19368600493 4.72723767442 3.13141975756 4.46012472926 2.83883704911 3.81007138416 3.14716212038 ;
1.46818918036 4.78607093757 2.20789373966 2.00537386435 0.359609151033 0.700516505847 2.69306805449 ;
0.380340512404 4.78332790614 0.196497346138 1.75418364311 1.86402612883 0.64769522817 2.92861132924 ;
2.83220342527 4.56370419393 3.24174363194 3.56732439428 4.53689529607 2.04277917325 3.46933699672 ;
2.56119537903 4.75005504863 2.80887858991 2.99745405208 2.65092009603 0.808624630786 3.02579279985 ;
2.4044421529 4.73484549317 0.096725296138 1.9678412613 3.32807397889 0.855325439058 2.89150276163 ;
2.31560725424 4.64873641474 3.04171549254 3.99081456652 2.77134277906 3.47890668545 0.0353469069897 ;
2.84940485967 4.57203872851 3.24874046037 3.58185983895 4.45355716492 2.24574035671 3.47097709559 ;
0.532777789008 4.77647807519 1.02339716156 1.49967287894 0.88008781569 0.745556308117 2.58289746137 ;
1.42006786475 4.62227044676 2.82358845868 4.22759756611 2.33509048142 3.43239722633 2.26635573214 ;
2.50761525229 4.73503001768 2.77946163774 2.59599369533 3.34015471494 0.608386591168 3.09134302765 ;
1.8701364737 4.79427423647 2.52405905956 2.42085131953 0.456201627217 0.645871200944 2.76906322307 ;
2.15397719722 4.74607677837 0.0541825805051 2.04718335512 3.22201619085 0.795925827954 2.97235828012 ;
2.5394234688 4.76148466792 3.25464059277 4.50959928707 3.03997195903 3.85015264617 3.20267089754 ;
0.727053235355 4.75622436973 2.49628502654 1.21834294747 3.99476321141 1.46599963055 3.13019418768 ;
1.39056833834 4.78518787542 1.97419636503 2.0321091347 0.183120294638 0.747023459503 2.86818861064 ;
2.50224446054 4.7377195322 3.17529919598 4.47229344743 2.98819327838 3.83001241515 3.16034988987 ;
2.83197501141 4.59093046902 3.16994448092 3.48677233555 4.30369797344 1.98755532594 3.43497687862 ;
2.30728217937 4.77523758245 2.73622705728 2.43364955812 2.84646283832 0.448852923794 3.18255497986 ;
0.813709007574 4.75627886635 2.52282768069 1.15457999391 4.02897795468 1.4583924882 3.2349888368 ;
2.0006903211 4.65810955339 2.78578076277 3.49082910793 2.49004046276 2.13832243527 0.099559213778 ;
0.613248216427 4.67623613228 2.997144806 4.35303891117 2.25158246105 3.5557974931 2.95026655712 ;
1.80283308961 4.75353667748 0.0437072816074 1.9611983196 2.99231807325 0.795123585292 2.91717236234 ;
2.92148959884 4.54989392662 3.28936536855 3.66843388504 4.43531738267 2.31816007876 3.47282575921 ;
0.256287019956 4.75935141405 2.60102563134 2.09718341488 0.772296895993 0.936759828407 2.63262584853 ;
1.86620380114 4.75438314232 0.0322806795765 2.02952742441 3.1513044452 0.840247893916 2.9910916715 ;
2.17082514789 4.73306365093 3.12828434651 4.46415097857 2.84856242068 3.82831603371 2.91183873435 ;
2.47704708571 4.73024483069 2.82659793961 2.53142750034 3.90782620258 0.167026859541 3.20927936998 ;
2.36019045258 4.73773163132 2.78195602528 3.23290573566 1.7728599571 0.963105555697 2.81599458862 ;
1.61200055676 4.77879623195 1.31164539408 1.48329042769 0.333407819255 0.462526998267 2.75241711956 ;
1.34025589658 4.75796274586 2.57902592627 1.46206650429 3.90016717587 1.68573315123 3.09445906101 ;
1.7525043192 4.69305704297 2.19140171539 2.32052294721 1.99257658953 0.810380500502 0.0292393000449 ;
2.52650104834 4.76087280691 3.25259745988 4.51417080629 3.05556669505 3.86996550332 3.16864719923 ;
2.41384380762 4.7646850778 2.73451579925 2.28830325124 3.29613113708 0.61651574976 3.23414470078 ;
1.41145021394 4.79668027844 2.07885165795 1.99635929233 0.444522509103 0.640785222132 3.08692672428 ;
0.515967029983 4.74910560183 2.58144346321 1.4618481859 4.04523039596 1.63442710662 3.30190182628 ;
2.8675809734 4.56961366744 3.237997922 3.58845278996 4.41935900416 2.05668304963 3.46521066693 ;
1.49628243762 4.62934628782 2.81261670951 4.21345957149 2.14084635861 3.2932523916 2.43509701921 ;
1.77772118624 4.76149530014 0.0509253015263 1.93561062523 3.04215176083 0.810850905084 3.0425355869 ;
2.80808563903 4.58647875415 3.21522570615 3.57155299969 4.29539886407 2.21415890172 3.45391450757 ;
1.04056747136 4.77917650165 0.136711634125 1.62300130894 0.900509159413 0.693693586891 2.74554439802 ;
2.28536708747 4.63204185326 2.96364465972 3.97167495984 2.62463154301 2.76445424009 0.142730453585 ;
2.18717747602 4.73233583878 3.12733225793 4.46568681334 2.83689081046 3.81481356917 3.1447918422 ;
2.50120395226 4.74962622265 2.79617949104 2.28052222177 3.65377803301 0.623028217062 3.2372342403 ;
2.22071955538 4.73457702416 0.0752510124727 2.03080143326 3.47379850415 0.832180628394 2.96385195137 ;
0.313420718227 4.74391641416 2.42877903883 1.2699815163 3.80757266303 1.32864744635 2.89792821967 ;
1.68573199915 4.77632836527 2.62209418428 2.43680302813 0.894485240013 0.712099917223 2.93641724707 ;
1.66664426955 4.75752832677 0.0376405272901 1.85046934824 2.38252885303 0.789031979529 2.87857120747 ;
2.17181553946 4.73684371805 3.13142157718 4.47464038737 2.914686108 3.84025790428 2.9182220974 ;
2.1347244426 4.77448090777 2.65556931418 1.76335567656 3.65730698307 0.187959809336 3.08994603541 ;
2.94404566037 4.5395249342 3.29617475996 3.67853509011 4.4900783379 2.08884053057 3.47245845132 ;
1.78602806922 4.70796187593 2.59174785451 3.4672568821 0.115162038651 1.67555711016 2.67448588368 ;
1.34210709841 4.76065018078 2.612778249 1.78330660502 4.04375220473 1.91800048524 3.2751905026 ;
1.24153504195 4.79757371401 2.45319055166 1.4195430921 0.55695388461 0.44074319114 2.73951830483 ;
2.34532672563 4.72786297305 2.79176038532 3.25635148762 2.45708032577 0.96027298625 2.80233883765 ;
2.79266783731 4.57717242694 3.21653270231 3.48138698691 4.52120440632 2.02582414491 3.47286593013 ;
0.35086400318 4.75440002311 2.42935449018 2.04595309868 0.539812646552 0.865661443216 2.30652774784 ;
2.19063132112 4.72427392786 3.1535467894 4.45883001173 2.84335133681 3.82543396842 2.93468195623 ;
2.15147079043 4.8048505403 2.52308633572 2.03708887369 0.92754446487 0.514527297273 2.91103378303 ;
2.63910446625 4.73687406072 2.80477492103 3.09625385779 2.80464765168 0.981088624035 2.89952728784 ;
1.07598710997 4.75316047338 2.57288750936 1.42058196887 4.03000162864 1.0976902087 3.15576287768 ;
0.617768394431 4.78791894276 0.0403583741266 1.44979710889 1.63173541089 0.630918749322 3.02305603419 ;
2.38136462413 4.72595267449 0.0372600494024 2.17948214177 2.97109763122 0.989605345225 2.86338670815 ;
2.3139801914 4.74950827763 2.79720878019 3.32272436796 2.14861862759 0.777332467819 2.96091448075 ;
2.18578552952 4.73250532663 3.12523444304 4.4614058343 2.82946398152 3.80870263441 3.14702998404 ;
2.52409958483 4.76602195863 2.07427361643 2.10256293233 3.7432251553 0.91555525857 3.15736891732 ;
1.21973096612 4.77343399522 0.0463095376225 1.74767597372 1.43498173761 0.672204488898 2.7692383077 ;
1.32778129988 4.78632749796 2.52484856867 1.88018851651 0.512168896935 0.652595829481 2.67782370763 ;
2.84606564715 4.55078364369 3.28775796476 3.65366281127 4.49356445746 2.08574153927 3.47789781112 ;
0.545340058998 4.7440061276 2.32500941054 1.08442433258 3.98241540935 1.39014867848 3.08576935325 ;
2.1972641451 4.62709759617 3.03147354207 4.12050147224 2.7314584482 3.52131153832 0.0666528453803 ;
0.863583295372 4.77485756633 2.14386737032 0.49783309633 2.04992961945 0.892193821279 2.62136616713 ;
3.02936201108 4.61152736592 3.39216833262 3.99629199742 4.28640117222 2.74005795134 3.48111681839 ;
2.04520687113 4.67827759046 2.81644170024 2.38212769787 4.09023717148 1.96806520446 3.2406196229 ;
2.07569011691 4.72042316865 3.07924564557 4.44355711363 2.72934267532 3.81087565127 2.86181389561 ;
2.28153393857 4.74742144104 2.79185126697 3.19667838523 2.02024660083 0.863251638968 2.92097794689 ;
2.32129751938 4.72141497421 2.80747769726 2.43138711939 4.00965238728 0.0595953176991 3.19638707182 ;
1.77849919983 4.75659049154 0.0923120190948 2.01381633334 3.13037566202 0.827293889535 2.97633568415 ;
1.37054757021 4.77040523002 1.93564951265 2.36023273954 0.0550766405398 0.698695092725 2.69840398129 ;
2.94498976835 4.55116851026 3.27432968335 3.68281901148 4.34301852256 2.28945337599 3.44642349295 ;
1.36811297922 4.79780659682 1.91789828333 1.64860850972 0.528098257477 0.554809893598 3.02225679724 ;
1.66751439173 4.64739656416 2.27787808066 2.33149849063 2.37712110639 1.12483602383 0.0135317855811 ;
1.25023055455 4.76087752923 2.63049409644 1.6512438385 3.97721034098 1.73058368549 3.30907234288 ;
2.19671816791 4.74602362475 3.1495012854 4.49077094215 2.94602864365 3.84533888839 2.97788967677 ;
2.50473607605 4.74056959492 2.82993645978 2.53834384398 3.5724408733 0.217170816686 3.27908785918 ;
1.75482213696 4.75339690962 0.0669671469666 1.9642131925 3.02786748 0.835640319915 3.05503730161 ;
2.00186528933 4.69117777439 2.81437928399 3.6697450045 1.07845004225 1.69456760209 2.83489306017 ;
2.18804280553 4.73862745649 3.14386018456 4.47199242198 2.84998424163 3.81014415896 3.11943027047 ;
2.51517239579 4.75158631217 2.64277751582 2.3768216318 3.45431750547 1.90215996683 3.3092184126 ;
0.716764921743 4.75365153222 2.07634996301 1.19401954596 3.9095629931 1.14471330601 3.21392369756 ;
1.50289834689 4.7851882774 2.58057668884 2.19166046544 0.434201075889 0.736473228057 3.01010871304 ;
2.88976702803 4.5387703232 3.31534362868 3.76188469796 4.49579569064 2.31827786864 3.47287427344 ;
1.56486522429 4.75216830325 0.0497365934715 1.85566904282 1.76600334982 0.699173526699 2.7716724069 ;
1.9466792009 4.65626272364 2.71365245812 3.34451201572 2.37391560351 2.07478285691 0.126423299122 ;
2.49597499609 4.73699742889 2.6933784176 2.82281887265 3.37923037005 0.127708697131 3.24900856928 ;
1.17845616125 4.76180545527 2.5968350764 1.42334395336 4.01346226704 1.28428955873 3.16928020314 ;
2.47456363773 4.72566229425 3.14946044651 4.444547593 2.86900866529 3.80082804825 2.95378898705 ;
2.44588210172 4.74922870154 2.73985609427 2.67651707524 2.71130251932 0.609919026384 2.89695234849 ;
1.93216533778 4.75077464604 0.0463385148789 2.0840001753 3.17870863938 0.855271790909 2.99690852101 ;
0.084048369033 4.72358656475 3.01170006097 4.39786833614 2.83947416355 3.49568216961 2.79709294901 ;
2.88626411453 4.57716101056 3.22203421658 3.56154835194 4.41661464568 2.00219707605 3.45888587776 ;
1.15907742933 4.78254029818 0.967610617616 0.901652166727 0.650038400537 0.640836169721 2.65615378111 ;
1.3986600143 4.76323625622 2.52821017857 2.72230107467 0.21537136592 0.834423907223 2.66622606903 ;
2.86758421976 4.56485770707 3.24491399284 3.64927649075 4.38192119546 1.99352216391 3.45395392136 ;
1.45572437083 4.77503637634 2.60424828653 2.36313026079 0.185569829792 0.772550039969 2.67708307056 ;
1.48535659482 4.75387284562 2.08771798709 1.63400548961 3.9365155279 1.91834667142 3.12880855599 ;
1.87101969371 4.58191420586 2.83150786792 4.17408520675 2.23858639114 3.62829890526 1.31459317611 ;
1.77171614065 4.74468992509 1.89000587479 1.75706226117 3.83109851047 0.0598621150314 3.0961864673 ;
2.26230401631 4.75307531172 3.18758102732 4.49429089126 2.96243442276 3.81984065339 3.21191566955 ;
1.12580201257 4.78128741289 0.185243491771 1.69171447234 1.105518232 0.691853487618 2.81461175633 ;
2.41981258538 4.76740100663 2.71331062592 2.68215309683 2.46388923645 0.64669266552 2.91496726349 ;
0.656622363542 4.73103243283 2.59465058154 2.2943947605 3.69196854326 0.487513930084 2.98308386787 ;
2.17607853425 4.72861673651 3.11864571877 4.45220936479 2.81547116621 3.79696321489 2.90681775779 ;
2.54895922592 4.73595059822 2.82311873278 2.86810137996 3.20305948786 0.1352282954 3.02312164855 ;
1.43382092073 4.78053729772 2.05495711132 2.04973103844 0.311452851352 0.735478610894 2.7181377291 ;
2.94166391239 4.53640851015 3.32437309028 3.75319543256 4.51665224003 2.30698272125 3.4786172857 ;
0.609679696387 4.76342280123 2.49696176686 0.697352743299 3.94547017653 1.63060810715 3.15173337563 ;
2.51014683932 4.73477081174 2.74861134385 2.41219295726 3.40138601068 1.86561093013 3.15582325884 ;
1.82463944618 4.7584786721 0.0372338684418 1.94889403695 3.01009091953 0.787400722763 2.93489355103 ;
1.47111802969 4.77566746715 2.58498649802 2.2331307549 0.307407912354 0.823094398088 2.98278668957 ;
2.21411886543 4.73279395238 3.15067614573 4.46058405968 2.86644726296 3.80133959553 3.12637729794 ;
2.35883101015 4.77009721207 2.73297252504 2.51625443143 2.99103535754 0.506491258183 3.18793901772 ;
0.802519803972 4.75458103088 2.52990307705 1.21420621158 4.0210021583 1.50539830796 3.27368878527 ;
1.0323384396 4.78120524367 0.091130298887 1.60232329883 0.969562992069 0.675633892113 2.75335010062 ;
2.17553701782 4.73129958403 0.0635895707152 2.09842814871 3.44356976175 0.867884427378 2.97760517631 ;
1.95616275676 4.66124963882 2.75687743471 3.34659234931 2.41618142534 2.05162605133 0.108669777161 ;
2.82927790425 4.58092289967 3.20594120716 3.5229041029 4.38706121899 2.05130918077 3.46353817131 ;
2.81168189415 4.57048136766 3.23144899 3.54519204845 4.42080140082 2.2577983514 3.46782384781 ;
2.08790888676 4.73136635827 0.0479683925825 2.14567049125 3.24359619122 0.936740870963 2.98350114948 ;
2.17545038386 4.74077181273 3.13995590753 4.46650681013 2.82309040786 3.7888238891 3.14505524825 ;
0.916608153058 4.75882787572 2.53311810896 1.15057814131 3.91483188068 1.29922316458 3.06235259971 ;
2.24128015258 4.6367945708 2.94932744352 3.91064581786 2.64412761933 2.75034769427 0.112233198183 ;
2.54404695391 4.73978873963 2.80215204754 2.76896133932 3.18618406999 0.584423153352 3.2037705658 ;
0.944842755871 4.7726948869 0.0879303167655 1.46860749834 0.778191611243 0.621557320433 2.68421206995 ;
1.45278562695 4.78784878832 2.57036531541 2.19436142168 0.50380686202 0.719628407795 2.8486580348 ;
2.24915381095 4.70205759019 2.85776392002 3.49949853852 1.56429805293 1.74525537555 3.15872632739 ;
0.844149635978 4.75947310099 2.5654088847 1.0940439706 3.95989241561 1.43403842961 3.24833720245 ;
2.22031984697 4.73912444526 3.16292268445 4.48408332417 2.95547735372 3.8442560156 3.13029402221 ;
2.48410804047 4.73509136138 2.80456069573 2.60593873325 3.51196181449 0.214842402973 3.2627576783 ;
2.77947048991 4.59009556606 3.18011992856 3.44519228569 4.4294864545 2.22726378595 3.45046383196 ;
1.74073884745 4.7598608241 0.0505732844074 1.93785193876 3.06025805769 0.817291353016 2.98007928613 ;
1.30636072725 4.79006138734 1.88239111113 1.73016627961 0.357959904794 0.563242631987 2.89190524381 ;
1.92075393104 4.65890109875 2.67834565186 3.28824789657 2.38438391425 2.05651396358 0.0849127297918 ;
1.27866658877 4.78241257833 1.82211269035 1.84778326377 0.110642999433 0.66377514403 2.74769062532 ;
2.19582815474 4.73836287091 3.15199673597 4.48215656745 2.9421515705 3.85316543357 2.94936086378 ;
2.59571632959 4.70395889492 2.8645362798 2.75591986091 4.03815845442 0.134283633832 3.28186478969 ;
0.690161105623 4.74940790049 2.52652386361 1.21434213695 3.99871434212 1.45771972959 3.1277722213 ;
2.82549750583 4.58598285072 3.19901805993 3.45432147057 4.4257185373 2.26856296756 3.46190038002 ;
1.81097643191 4.75829633191 0.051912742218 1.96222505084 3.04319106233 0.79282013324 2.94587663207 ;
2.09698968094 4.7809922979 2.66786138081 2.14810679378 2.40947058543 0.625291161246 2.71164796987 ;
2.31146900611 4.65579924506 2.85837069837 3.83874674969 1.53392401076 1.91608385521 2.73885840024 ;
2.42452240495 4.76111208436 2.51062688511 2.24950740178 3.72290705304 1.93509052041 3.33579574152 ;
2.19367539713 4.74423089803 3.14631594506 4.48073428433 2.891386061 3.82388115835 3.12057989471 ;
1.69406260829 4.76329956845 2.65214116524 2.58406453335 0.831643472342 0.911991532132 3.08377174975 ;
2.01519519084 4.66319958373 2.71588285487 3.34083504953 2.3017817889 2.02420735475 0.106254893224 ;
0.487394805784 4.75682832721 2.34697472097 0.986105381514 3.80384248706 1.20279171491 3.13542906958 ;
1.58143903742 4.75382646354 0.14225191142 1.8481038499 2.01313700593 0.641538394766 2.8392866299 ;
2.90010414895 4.53781144092 3.31069369865 3.7625538092 4.44277346127 2.31956768318 3.46908098163 ;
2.51092740509 4.7300944359 2.82998583683 2.63160351813 3.66803656535 0.0526128102915 3.27341321639 ;
2.42298120353 4.77111563763 2.75730036458 2.04825884046 3.62097263125 1.92145424022 3.2724961497 ;
1.52538837948 4.76850161851 2.61377345418 2.41024568391 0.220258523629 0.885969048391 2.76635799931 ;
2.19869681397 4.73116081218 3.15008939569 4.46021888459 2.86148371916 3.805084658 2.92507259914 ;
2.86654164389 4.54362535389 3.28087618047 3.75648896803 4.4506220374 2.01729463786 3.46038592465 ;
2.31665862824 4.76226635361 2.71208043554 2.54178286894 2.92434495955 0.265036800769 2.90659523677 ;
0.957851035629 4.77232336805 0.190569013571 1.56549901836 0.818553888148 0.631534670789 2.66024575181 ;
2.22951171424 4.72459625688 0.0449705913474 2.08306777684 3.29613507063 0.9491771972 2.94412645806 ;
0.244408289764 4.74514412572 2.41289131424 1.28911651067 3.83243515575 1.18541146908 2.97892998525 ;
2.49051609801 4.73637106022 3.16620569533 4.45977807186 2.91359486665 3.81168824298 3.16349951862 ;
2.10550242647 4.74296661023 2.71454510656 3.25815440955 1.33706472891 0.935760449868 2.69045563702 ;
2.14825066689 4.7500284633 2.7291079508 2.18220894179 3.60642170074 0.0984660613937 3.12975680053 ;
2.89724706573 4.56282991718 3.26397567978 3.69845395916 4.41563339906 2.08779314287 3.45807337469 ;
1.78758372948 4.75657660965 0.0473921178078 1.94781125684 2.88168611574 0.840726196828 2.94631900669 ;
1.57583182934 4.75938497751 2.63817803328 1.6254386252 3.90728475055 1.90843198141 3.15975290647 ;
0.878701805037 4.66690744039 2.95314448394 4.32517511006 2.58229149705 3.64407771543 1.8564622108 ;
1.07634366174 4.78365547038 1.88297051451 1.40242297859 0.399324650275 0.590361430774 2.74746783573 ;
2.89093692845 4.56794577481 3.24081389025 3.44285130811 4.44241054126 2.35241821958 3.48548111126 ;
0.892071818187 4.7489436322 2.53902123451 1.25233424111 3.96257757201 1.32702135984 3.11456027399 ;
0.362084521017 4.68062434609 2.99408338947 4.35227552668 2.4205507675 3.55087523459 2.78466454043 ;
2.4586862309 4.73602172423 3.13838456571 4.45884047779 2.90056090465 3.8100345831 2.94570751864 ;
2.43885872779 4.76711249246 2.70240917877 2.49724320469 2.72968918618 0.663244699888 2.88315846736 ;
1.34178996175 4.78152998351 2.0162191233 2.07253231524 0.246553500581 0.71990090203 2.6851785339 ;
2.6719138014 4.63920419262 3.0751655967 3.71808892491 3.96276621516 0.577784920053 3.32280305934 ;
1.81285311578 4.75785128272 0.0498999598849 1.95100429761 3.0181608204 0.785768901469 2.93943548365 ;
2.86972379407 4.56031589789 3.26474413292 3.61669991186 4.41416045415 2.3055786223 3.47119999984 ;
1.85263869242 4.75809062781 0.0336700031853 1.98202111741 2.74792853251 0.786233196728 2.96813914448 ;
2.16958419705 4.74056146829 3.14146138171 4.47904890619 2.93306259306 3.84091144117 2.9356948291 ;
2.54497705537 4.73210950133 2.78321337307 2.69570377918 3.52215660806 0.551008025493 3.07861587279 ;
2.28844586967 4.66217167043 2.83264334557 3.89936129783 1.02373315849 1.91074077903 2.48764064059 ;
2.14415961338 4.80196589694 2.57696836809 1.85616909092 1.08493773802 0.479595991731 3.04230178761 ;
0.854394747423 4.75372913349 2.54044802577 1.2831318698 4.02188683091 1.46677911971 3.15392108319 ;
0.487578060652 4.76503306989 1.78549213016 1.74712570336 0.464222852956 0.792263732476 2.45123592513 ;
1.22840963178 4.76350714073 2.62010466972 1.35317298576 3.98344640632 1.42827554568 3.30577283522 ;
2.47524222551 4.72660846058 3.15909054765 4.44199353841 2.8588472976 3.79641113843 2.9805652294 ;
1.40427976063 4.789427722 2.02866950061 2.02767888764 0.249652710814 0.725182095172 3.08254602663 ;
2.4269006162 4.75692768585 2.76077879551 2.75338983734 2.91164732897 0.584406772273 3.18355396997 ;
2.90085158848 4.55807232343 3.25736271289 3.61814397801 4.49540497944 2.09798430056 3.47290919432 ;
1.73116271883 4.66806508446 2.17620531334 2.34730941017 1.9973534079 0.900708861314 0.0471310382134 ;
1.75458195092 4.75753957752 0.0551696922603 1.97430773642 3.03634217106 0.845047199954 3.06383863376 ;
0.101977971146 4.70648903102 3.01084785921 4.39537347545 2.76675221662 3.52480668202 2.79438025386 ;
1.42697798924 4.78358268606 2.0290039105 2.03416186116 0.192596541061 0.753353047786 2.90087816939 ;
2.21875396269 4.72769465371 3.1519374568 4.45325709342 2.84920536133 3.79345734145 3.13049368422 ;
0.480959686134 4.75205657862 2.47745662554 1.06620739667 3.8404973967 1.16859538044 3.06270772832 ;
2.46082862299 4.76845498684 2.76921609563 2.13589492709 3.74604660031 1.94149296781 3.33226687512 ;
1.77208878969 4.75145500047 0.0356636217949 1.94173012332 2.9425584959 0.784661432854 2.91482025041 ;
2.34221578793 4.77424263437 2.72151837956 2.66893075628 2.89028589588 0.356222553667 3.17641820227 ;
2.86175962455 4.53911920077 3.2970570948 3.74686871218 4.51826150671 2.05436005183 3.46373868089 ;
1.97092802124 4.63978990471 2.76687695638 3.64891251639 2.41486110449 2.20922319603 0.144026543304 ;
2.17508292647 4.73237630165 3.12232491818 4.46677883029 2.84893454576 3.83764972704 2.91006363502 ;
0.715184730074 4.75559460082 2.49926284836 1.18986543841 3.9956582967 1.4879879234 3.1276541818 ;
2.53527459346 4.73633817399 2.78033259447 2.41435007714 3.7141833511 0.481442291607 3.11352780567 ;
1.04207526924 4.78285388092 0.0492434491076 1.65880522782 0.940306122688 0.668933382008 2.78405686069 ;
1.29658517513 4.78269460598 2.52475439033 1.86764133435 0.449189712997 0.61035957954 2.58828786616 ;
2.84780117589 4.55982435629 3.25917646043 3.58744594242 4.47501595181 2.30848147808 3.47342039025 ;
2.31057285696 4.73060851058 2.83101527417 3.37719084747 1.91945085964 1.20320491247 2.97136888817 ;
2.19858062125 4.73715681907 0.075045019585 2.06696602199 3.42430541096 0.832995873373 2.97041892651 ;
0.482533313224 4.747088286 2.48476215739 1.05798891006 3.84253032447 1.27027973959 2.95360116465 ;
2.16816272959 4.73186401127 3.12708909346 4.46749354043 2.8455051232 3.84004294711 2.91610467691 ;
2.96839513213 4.53144843797 3.3407515168 3.76272052315 4.54069944871 2.34527903004 3.48481444125 ;
2.52066083657 4.74195380336 2.82063075317 2.48700986991 3.66570013858 0.0710203534196 3.16383636726 ;
1.29891211404 4.7796274011 1.97182048808 1.83796574967 0.407691017052 0.634435543175 2.74788963963 ;
2.38847876688 4.70808181863 2.86514233978 3.6183160304 1.91849517354 1.23767301241 2.8201151091 ;
1.81025660154 4.75339601168 0.036627503465 1.972804961 2.99899851587 0.805868498607 2.93225530127 ;
2.32431131425 4.74597045506 2.73767947295 2.27009162362 3.91823474311 1.97595564179 3.2614343669 ;
2.84616277017 4.56584828585 3.25020474547 3.59108612131 4.40437158148 2.285099971 3.47213606457 ;
2.50350262566 4.74180917537 2.78604928587 2.48036440658 3.45162017639 0.508010952332 3.21184698269 ;
0.725816606852 4.75646448613 2.49898625479 1.21758983179 4.01164143624 1.4926543408 3.15580270119 ;
2.18617264284 4.74780521563 3.13865535546 4.48857730533 2.91985710984 3.82695745286 3.14846763283 ;
1.27744126025 4.78341593326 1.89806847029 1.53759692906 0.447144415414 0.56448774843 2.72309078793 ;
2.22411733389 4.63637856004 2.94898052143 3.90955315359 2.89704185468 3.05364100987 0.0861211178721 ;
1.98802429443 4.71851411265 2.74793953647 3.61690320368 1.06486219841 1.46966052229 2.81893929002 ;
1.82856012542 4.75015603848 0.0557555224709 1.98429016131 2.97876166387 0.786837264282 2.92596350672 ;
2.88810103533 4.57810330133 3.22331023916 3.58322314658 4.29742698514 2.26701078033 3.44905548165 ;
1.42062208377 4.76990781372 2.59514685343 2.64170094046 0.210229419777 0.779643146342 2.71340138615 ;
1.99006252163 4.73766267574 0.0403815091822 2.11725366992 3.19886688384 0.924521698549 2.95657934579 ;
1.07901983393 4.75417942006 2.57446818695 1.41750581857 4.0558408449 1.53712364192 3.17804527764 ;
2.16763062264 4.73367623887 3.14096574285 4.46240845707 2.8321634518 3.79905706969 2.91925708383 ;
0.962576211154 4.76432717448 0.138643177372 1.39543754836 0.5993449376 0.667258848836 2.63895123002 ;
1.99163275638 4.79451128977 2.65827007682 1.48154757547 1.82281463206 0.864135029694 2.92689806135 ;
2.4728604639 4.71510915664 2.81042704133 2.91460878337 3.41060455411 0.284651776321 2.96550495573 ;
2.17898306139 4.73346763499 3.15305779601 4.45315451278 2.82639251072 3.78770754571 2.91581450609 ;
1.0966483347 4.77853856373 0.0939649335139 1.66695514776 1.2476853987 0.610368176652 2.79983851975 ;
2.39711752833 4.76210102529 2.73229901173 2.60298211638 3.00041915993 0.421915469828 2.91863480946 ;
1.49896333421 4.77930048125 2.57498438133 2.23151758691 0.410758111388 0.756224092793 2.78003881517 ;
2.65742749268 4.68417590654 2.90214306135 2.67398007469 4.06768455602 1.51639886055 3.40297419397 ;
0.531576125011 4.74816194439 2.42658054465 1.22657998855 3.89063696523 1.36464355343 3.03474571799 ;
2.42266682587 4.70670773257 0.0314724861329 2.23891387283 3.4575511526 1.13230308272 2.85336494025 ;
2.90201950195 4.53891132459 3.32781284064 3.79055812783 4.46643271075 2.36607799256 3.46929765391 ;
1.14677750353 4.78377496885 1.3331824711 1.57374835735 0.57059803297 0.611639328011 2.72440470405 ;
1.15769536459 4.64183654394 2.89402737077 4.29718819873 2.57774301972 3.70618466206 1.95830754232 ;
2.04673318373 4.76651303359 2.7467023759 2.99473154479 1.53918415648 0.699332075339 2.79170505368 ;
0.889290457595 4.77494728445 2.50384730734 0.787112912813 3.83574373869 1.55410885839 3.11787045249 ;
2.85725165709 4.54357771578 3.3296303392 3.60295469 4.66982920999 2.37972168914 3.52028711911 ;
2.49156256604 4.74318662075 3.19931041977 4.49327804578 2.93107852124 3.83227553164 3.21774194327 ;
1.86330234389 4.73692646954 1.27483645128 2.09718443328 3.70584771187 0.651232500217 2.9512072554 ;
2.81042180088 4.70267272547 2.92434324108 3.05576785685 3.64928168566 1.18574513553 3.2636273277 ;
0.836187530509 4.74988694193 2.53653588409 1.29788614509 3.97866522047 1.50574269497 3.07534165135 ;
2.52253296085 4.69957385238 2.88366070503 3.68876951803 2.40428042063 1.18529543368 2.82175767629 ;
2.49920219946 4.74105789357 3.19421624243 4.48641134015 2.97692830005 3.85807946601 3.15060460545 ;
1.31892691813 4.78392297545 1.99659666029 2.04348581026 0.222532374411 0.694159627249 2.69818178148 ;
1.75894917453 4.75418406792 0.0276818179833 1.92245359933 2.98163979777 0.816042604457 2.91435237574 ;
0.946384788899 4.64922895864 2.87796077476 4.30027885388 2.3776363749 3.65229261158 2.08105236985 ;
2.83996392457 4.57439218889 3.21469452999 3.47252494391 4.5144180825 2.03867344699 3.47456456724 ;
2.37069812208 4.7903346177 2.70055263185 1.97805418771 3.09144564816 0.356490960215 3.10649505486 ;
1.50083517607 4.77416672714 2.16283057243 0.161304760639 3.45871734869 0.937886501393 3.06065617814 ;
2.19463727271 4.73214697797 3.13138954194 4.44956633892 2.82768450011 3.77367504879 2.94671208672 ;
2.30094760563 4.75218725551 2.72389508217 2.6461431319 3.0429059899 0.444280665961 3.19940826844 ;
1.37906279691 4.75877466909 2.63977854746 1.97374589656 4.09841279872 1.90007187971 3.36877923623 ;
2.9435684406 4.54188486278 3.29904273548 3.71178481963 4.46521689484 2.16642661899 3.4687953224 ;
1.62294197264 4.66326800476 2.19952010904 2.443250433 1.96450769185 0.922574534233 0.0477856359664 ;
1.38062985225 4.78669863365 2.37169732606 2.23553323041 0.218085449907 0.782288098544 3.08832282848 ;
1.75388616168 4.76094439663 0.0 2.01916662748 2.42587338124 0.809875726454 3.06426077317 ;
2.504774988 4.74015394629 3.18648049234 4.46724685964 2.94912826803 3.80117987277 3.1722830573 ;
1.46990592587 4.79011856031 2.09578483297 2.03954609367 0.406496994286 0.725848512341 3.09486979643 ;
0.948327436431 4.7590346346 2.53308398001 1.22414716622 3.9496536857 1.3461246574 3.26866271659 ;
1.81229247526 4.7481616158 0.0452144292491 2.02137403946 3.00463661411 0.856684170996 3.05286702451 ;
2.84710515048 4.58481556254 3.21575181805 3.48924731636 4.43654253074 2.24962695343 3.46758129465 ;
0.985728299566 4.66090832712 2.98171661415 4.34516981455 2.40899603137 3.65681223961 2.04401943027 ;
2.50382694133 4.73249434087 2.82530351262 2.84473441782 3.19664737526 0.53209213051 3.23443659026 ;
1.70813437321 4.68497138493 2.15355527596 2.29002014134 2.00932712376 0.782572482573 0.0491509398512 ;
2.21219019842 4.6417455772 3.08464576292 4.27407773822 2.79985652356 3.76984763344 0.0759532424102 ;
2.60908668623 4.7227290477 2.28544454782 2.51998490113 3.78202584448 0.356556627196 3.22789894791 ;
2.81218557055 4.57855593115 3.2050022493 3.53088447409 4.34024957121 2.25734738689 3.4589205612 ;
2.17547961114 4.73702300019 3.12208005612 4.46554658088 2.82700084643 3.80206648537 3.14172418219 ;
1.15579440834 4.79137010317 1.32892452826 1.54170871852 0.598117413686 0.617873728506 3.03928981971 ;
2.05591675795 4.77277797732 2.62864772056 2.97141169918 1.57164380119 0.862580164934 3.11832513231 ;
0.945408443426 4.76236514595 1.9128695113 1.21140739458 3.89689939339 1.44922340521 3.25900996097 ;
1.65995665245 4.69159082963 2.14359477253 2.16995275483 1.97898118995 0.680008653207 0.017506856005 ;
2.20686844358 4.7426673802 0.0474689575334 2.03817545054 3.40973182608 0.857117605764 2.99202186433 ;
2.17791113404 4.72941118358 3.11807132639 4.44943159602 2.81971236577 3.78920897738 2.9011041569 ;
2.43209932742 4.76508393466 2.73297232764 2.07000144651 3.66876938606 1.89653771689 3.20378013322 ;
1.60105782326 4.78347318323 2.60212671258 2.25023389078 0.391700405905 0.755979928146 2.76807685641 ;
0.435010456715 4.74971587913 2.49213875922 1.09595465992 3.80507241774 1.16160511814 2.97177147256 ;
2.89636930713 4.53761341438 3.30743906764 3.75254787686 4.46020743617 2.29761606166 3.47173873195 ;
2.39348585188 4.72938596394 2.79543154247 2.90994304335 3.20955223721 0.269910744277 3.05193223489 ;
0.918157197254 4.77161355777 0.212097811254 1.57332202634 0.920979851125 0.654903695934 2.68846891621 ;
1.20817874245 4.76056598213 2.6069230943 1.41065461665 3.97459010811 1.13976914404 3.1402210471 ;
2.54570627567 4.75379033487 3.24712803134 4.50134714224 3.04089045919 3.85019229218 3.18678987165 ;
1.48583124082 4.78962275681 2.5831559321 2.21708848921 0.3888434978 0.721049360537 2.72617112498 ;
2.86158780531 4.56322662828 3.2451127408 3.55392488274 4.51936473634 2.0660045374 3.47160755213 ;
1.2550520514 4.63210556532 2.82331794601 4.29222913284 2.35052798135 3.66957989701 2.23925496007 ;
2.53147307641 4.74567427567 2.77811453734 2.92152422333 2.8029205529 0.808618950838 2.94789942034 ;
2.13242315334 4.73616335545 0.0494134761781 2.06546563646 3.55046367862 0.899396764279 2.97867261935 ;
1.07504273424 4.78009350888 0.20810979694 1.571719765 1.08648295637 0.650877363366 2.76389058474 ;
2.50790860549 4.74294792551 3.21884154636 4.48832058307 3.00186989526 3.84861711084 3.18478089379 ;
2.42420685852 4.70151845956 2.85006441619 3.72270898826 1.99081607333 1.0835383885 2.69446581463 ;
2.41704116007 4.77849772576 2.71029716405 2.00517121146 3.56661436719 0.78435705778 3.16689410716 ;
1.36331810875 4.78878467616 1.96205206295 1.80506104536 0.347427766384 0.626860042925 2.77067672942 ;
1.79250997409 4.75866499032 0.0341821371433 1.93790801286 3.01567789917 0.803586822607 2.93735614431 ;
2.84778659924 4.56234560293 3.25858851921 3.6073612488 4.52762839545 2.08757496245 3.47407550202 ;
0.249344842016 4.73780100224 2.51468237306 1.40796813088 3.74075668564 1.37906555682 2.9630653822 ;
1.13061528977 4.64177314003 2.81345878133 4.31072990429 2.30787987932 3.72954090111 2.07860529888 ;
2.56483395721 4.74838382369 2.75785558284 2.64451694245 3.08405043104 0.520301404138 3.09894063199 ;
1.43756472214 4.78871277901 1.79040794366 1.48009170522 0.281024344258 0.616273860502 2.88080942925 ;
2.50092157592 4.73578308904 3.16999122556 4.45793650782 2.9145949467 3.80183357603 3.11652525271 ;
1.69632045265 4.7512002593 0.110920103362 1.90499744575 3.03630803694 0.810185622491 2.90284970132 ;
0.729118692769 4.66246773931 2.96767307875 4.33290120525 2.57576755793 3.61708282 2.1269280443 ;
1.28139065573 4.75931017055 2.64348331155 1.45627271501 4.00010037569 1.55869686057 3.17047004851 ;
1.40289415893 4.73226356339 2.69102933643 3.39890592991 0.971663765651 0.980913661959 2.24651273844 ;
2.90995060763 4.55362872477 3.28351763282 3.67856327518 4.52235732358 2.14067765734 3.47398253641 ;
0.185152907635 4.74091726307 2.39035111501 1.47148363642 3.95543777308 1.37054445787 3.04887633648 ;
2.1779997439 4.73230984911 3.13789747872 4.45488143364 2.82754253146 3.75866667737 2.89725005306 ;
2.43585088801 4.72931568799 2.79964646139 2.62029626724 3.53548381939 0.0639132046518 3.11196311145 ;
2.94146336271 4.53619951806 3.30676037147 3.75552250565 4.4344071482 2.30009810213 3.46815050929 ;
2.1618306719 4.73168160084 0.0336338114004 2.37000275662 2.61256065458 0.928189733022 2.94803377152 ;
1.63854335337 4.78097971165 2.60786411227 2.40370336643 0.553770330229 0.7388902118 2.77235657549 ;
0.686147737048 4.76430633766 0.500454204699 0.930762225999 1.45939361332 0.565896290047 2.50490181182 ;
2.45586776625 4.76515612039 2.72666472743 2.10744112889 3.53216937996 1.87420491234 3.20805853461 ;
2.44820696022 4.75484052003 2.74868798307 2.09839187498 3.77789290279 0.710929936311 3.26024097432 ;
0.141624899636 4.70411384092 3.01219183289 4.39475126024 2.75229733782 3.56536172516 2.7482307115 ;
1.36659088091 4.78639663564 2.3134504089 1.95607506615 0.384238459931 0.653856983295 2.75534628948 ;
2.88025610007 4.56448832231 3.26654619949 3.60076446443 4.5485940917 2.24527298472 3.4789905713 ;
2.47512010917 4.72618883617 3.1702699856 4.4581480939 2.87560417114 3.83173205506 2.96333377272 ;
1.83498390698 4.74365692839 0.0209937058309 1.93863211252 2.47803764629 0.859360341014 2.84707390404 ;
2.43879673439 4.71805114548 2.84659663638 3.52161433293 2.2386938746 1.03184976058 2.86368291844 ;
0.332072322433 4.74089218406 2.38223076884 1.31409269159 3.74228318657 1.35491694942 2.81176030493 ;
2.86576463992 4.56843997161 3.24074799171 3.52285255415 4.51940232566 2.07769121963 3.47618986022 ;
2.37560106729 4.77031673636 2.70400617852 2.12533305104 3.27016618936 0.254969682417 3.0087288761 ;
2.17366084171 4.72887963099 3.12391965907 4.46296103143 2.8457025067 3.8433528859 2.91568888961 ;
1.09399233385 4.78049813576 0.067523813755 1.64671854122 1.04616846225 0.662571871961 2.77359832592 ;
0.74084494598 4.74794837341 2.51305296067 1.40683631207 3.95914604335 1.58330294173 3.06728424964 ;
2.49988100307 4.71109515457 2.90001793941 3.49780048966 2.2768536908 1.45332433685 2.9840376939 ;
1.3929422021 4.78356754584 2.54144027531 2.15123442737 0.273921210129 0.702644320186 2.69395255204 ;
2.22898930111 4.7342801139 0.0778343163575 2.07416373718 3.53828348841 0.869295502376 2.97022667712 ;
2.17047269667 4.73212430127 3.12748288681 4.46319245878 2.83896753775 3.83429139382 2.91017250495 ;
0.826350338112 4.78139301376 2.28202542076 0.874909537891 1.08622326964 0.545565277517 2.5612617681 ;
2.92175344133 4.548495468 3.28761782963 3.66907885321 4.44663036979 2.31750446282 3.46946138628 ;
2.49098292605 4.7295021103 2.82004596885 2.48119852016 3.84638527565 0.150299141473 3.19534953717 ;
2.33622614662 4.73579695284 2.79675146457 3.31390355501 1.91845297367 1.0390040185 2.88644395011 ;
1.46673036251 4.77097859235 1.69760309153 2.28701864493 0.0649381668846 0.690521208087 2.70950633606 ;
1.80765501093 4.75476591005 0.0499249099858 1.99512774385 3.07183062673 0.851082278232 2.96637774006 ;
1.31855538522 4.75665364077 2.61747539656 1.58504029795 3.97325366126 1.73044831747 3.13649397494 ;
0.686551200118 4.75311528676 2.13804151742 1.08159867509 3.89736763001 1.34868194179 3.02512429242 ;
2.16921075417 4.73508664227 3.12114157283 4.47002036556 2.83284038915 3.81656397833 3.14087973674 ;
2.52225019625 4.72800614385 2.0244115834 2.39086810519 3.64327532058 0.189711471747 3.03373289549 ;
2.44864074988 4.7266668711 2.74857075425 2.88332838834 3.0402694082 1.61676046157 3.11543135557 ;
2.27054123556 4.64960754956 3.06607171841 4.18606305197 2.86325387448 3.70465322599 0.0201768019708 ;
2.86596910226 4.55052913771 3.30979630504 3.66119637632 4.57923375331 2.21654230144 3.49907596949 ;
1.12306476379 4.77733083577 0.141290656336 1.70742054751 1.11598776511 0.7269616496 2.75303197522 ;
1.59621939258 4.79416414186 2.61348116179 2.30388351626 0.605940344176 0.630616437877 2.79285624727 ;
2.18819234693 4.73625014411 3.13870022319 4.47101796138 2.83901434558 3.80729281925 2.99334977564 ;
2.41490328598 4.74118721691 2.82089834284 2.65524405098 3.4373196519 0.0670459888626 3.26086864742 ;
1.43539400993 4.78854969414 2.07102560413 2.06703828333 0.333373706007 0.700140993193 3.06450993392 ;
0.203363278545 4.74462193716 2.41387210263 1.33445617675 3.9126397819 1.35259438937 3.26233219053 ;
1.83079166146 4.75205399039 0.0509253015263 1.96224393202 3.00652371488 0.782451158458 2.97228937239 ;
2.44202355738 4.76082768755 2.75656356244 2.18945620473 3.38469795527 1.84795305711 3.29809539473 ;
1.72894960023 4.65029206427 2.39302822918 2.70688708751 1.9955297219 1.32795243311 0.107100754364 ;
2.89359553222 4.54131071621 3.29429549692 3.75470368896 4.43294080872 2.29144017929 3.46261608019 ;
2.23095635081 4.76062644606 3.18659467997 4.50562002039 2.97359834933 3.84895509231 3.15994165171 ;
2.42106028629 4.76544479668 2.7255143079 2.32193284597 3.02437370247 0.447429592637 3.00001524699 ;
1.36992490228 4.78848535574 1.97602187882 2.01167791271 0.219472968567 0.66823804077 2.76764553737 ;
3.12256192415 4.55326746367 3.56567349226 3.75357945775 4.79047672672 2.84577305127 3.53459530427 ;
1.88965498617 4.75443571662 0.0618667977592 2.01757291472 3.04476235483 0.783938607444 2.93703580421 ;
0.475760514707 4.75360847846 2.40355013385 1.20401715749 3.70742639745 1.27470452253 2.99321571838 ;
2.67624349564 4.60878395425 3.04617142732 3.32841711221 4.18990082824 1.76325898665 3.39756730107 ;
1.98855211179 4.59913401765 2.73580782848 4.06295881174 1.78878725746 2.85799954414 1.90741691309 ;
2.60018215783 4.76979366167 3.28361862995 4.5247421754 3.12056448145 3.87221177403 3.24391093012 ;
2.51440124199 4.76324401772 2.79597510041 2.41594131943 3.54131462112 1.53007200468 3.33108640707 ;
1.63238216399 4.6430655386 2.88342844203 4.28630884579 2.28652303031 3.52156355146 2.45253723557 ;
1.95611997583 4.77669984312 1.3066029932 2.36187190299 2.5235655137 0.5625943021 3.07247382794 ;
1.69087710716 4.68876955144 2.17245039091 2.24202449213 2.00412264585 0.731833261173 0.0296692897514 ;
1.038400521 4.75730902601 2.33427175542 1.27574205825 3.96274035687 0.878685239301 3.26176453835 ;
1.37407309345 4.78706244005 1.94562473094 1.95324377642 0.142294990422 0.695456935852 3.07208806505 ;
2.86402049573 4.54617986375 3.29452330309 3.7565902238 4.49694336232 1.96210761104 3.46040896912 ;
2.20333443866 4.73237864638 3.14670733934 4.46969818772 2.8935497552 3.84286329553 2.92395247219 ;
0.799792282326 4.7497644535 2.54718613695 1.29762519806 3.9768986567 1.41241918396 3.29007663251 ;
1.72060579475 4.75371405234 0.0204863230529 1.86850886782 2.73708060832 0.869515542126 3.0620015002 ;
2.29554388112 4.69052622379 2.88564465204 3.50235208183 1.89918411102 1.5692288256 3.11329306705 ;
2.81454459883 4.5802782104 3.21473879272 3.49554411504 4.50381581662 2.06635003316 3.46999655012 ;
1.31548343188 4.7887957553 2.11144116323 1.94789886956 0.201394999759 0.62954905391 3.06329880136 ;
2.47621211571 4.78341584639 2.69365420998 2.28130535075 3.24531607218 0.297240991163 3.21100041653 ;
1.69251088695 4.68734463905 2.11944476846 2.21068155835 1.99988445295 0.759309545247 0.0 ;
2.19776426742 4.73644776289 3.13228428885 4.45942463059 2.82288602426 3.7891922194 3.1533140276 ;
2.47631477519 4.74477897386 2.78702840416 2.6030974039 3.25562722726 0.565628630988 3.22684003342 ;
1.43414542522 4.78561343689 2.08369762512 2.06786543586 0.412834368582 0.729824235584 3.07683785029 ;
2.87487680929 4.57170641704 3.2409566965 3.59677692954 4.37291496798 2.2263039842 3.46823741344 ;
1.77829275195 4.75675530218 0.0512765105024 1.96267685395 3.04325218242 0.832344562667 3.06399818587 ;
1.65995665245 4.69159082963 2.14359477253 2.16995275483 1.97898118995 0.680008653207 0.017506856005 ;
2.07102934692 4.63835497026 3.0573420314 4.27322481334 2.75713434719 3.67643345752 0.248456925286 ;
0.769403612176 4.75234366684 2.57449669922 1.34336385624 4.0206697553 1.51108959893 3.29999543102 ;
2.19998491376 4.75147134768 3.16698817311 4.50002835211 2.9580454504 3.85161352273 2.99942424153 ;
1.55391104647 4.7945588369 2.57305171949 1.99339586743 0.85026452439 0.504981308876 2.91707531982 ;
2.53242635878 4.74186852408 2.81038023956 2.56574802267 3.65292861593 0.85108894888 3.23292694868 ;
1.04622832393 4.77577425931 0.099901449403 1.62577288164 0.971241308118 0.64244086898 2.75391301433 ;
2.19023255184 4.72197070756 0.0641894723258 2.12246203604 3.4655904663 0.964913887459 2.97237773004 ;
0.706274279316 4.7485922416 2.50772578861 1.08285790072 3.90428070303 1.30128640473 2.95331336892 ;
2.04026486001 4.63636447486 2.7786194263 3.88042554324 1.37077704648 2.03262778952 2.15180005282 ;
2.89835514099 4.54032409372 3.30900405138 3.72730942156 4.47356133658 2.33009568884 3.47976197592 ;
2.17830913596 4.73639196969 3.1366859686 4.47070809784 2.84264123498 3.81130203999 2.97554749777 ;
1.63325181448 4.78580519058 2.60831220426 2.34106247808 0.783203078013 0.789379565605 3.10256380992 ;
1.80434796312 4.65298193813 2.50419882798 2.69476423242 2.11597186865 1.27888852836 0.0735842288128 ;
2.81433349151 4.59109132526 3.17982943215 3.47638736139 4.25213522472 2.2428890778 3.44555462894 ;
2.51618375152 4.73619049475 2.84372837465 2.66688690862 3.50884978298 0.272116805795 3.265588975 ;
2.10199534111 4.73745516059 0.0768545905711 2.1012863493 3.24043576978 0.849052080895 3.02221107064 ;
0.822427972728 4.75942720681 2.51705317083 1.14461054496 3.96090396897 1.45429869531 3.27356944502 ;
0.863356361009 4.77197408611 0.140773450849 1.49850805114 0.692828773885 0.649892927736 2.74571728469 ;
0.08059432647 4.71601820552 3.00381585422 4.3650856511 2.77480308474 3.41636722595 2.79351453181 ;
1.03306202975 4.7623312166 2.58023423204 1.27125512805 3.94629879543 1.20699207058 3.28967096509 ;
2.45504370738 4.73196976202 3.15294546326 4.45856578008 2.8545051871 3.80946774895 2.96914329065 ;
1.74078506286 4.75630241305 0.0407995108702 1.9511067888 2.9602229833 0.820225874947 3.05568542655 ;
1.48553830206 4.78788330452 2.1104151271 2.06878551279 0.331534630061 0.747900160363 3.08569101309 ;
2.57443371173 4.73339720922 2.8017522048 2.83179907742 3.18105949241 0.751785475338 3.23460831742 ;
2.88576414569 4.55648321659 3.275207652 3.62088530484 4.51314503704 2.30069781345 3.47369737834 ;
1.72565075285 4.66826496639 2.16445479358 2.32171331843 1.99473436582 0.893014941229 0.0280209958763 ;
2.29199406064 4.75553118919 2.79177794629 3.1929101138 1.85948691588 0.922853196701 3.11709982466 ;
2.01371828334 4.61536929501 3.02299053714 4.26343634815 2.68161604194 3.80030695447 0.77929953239 ;
1.18400475105 4.78399873259 1.79012463101 1.58102296383 0.473900429156 0.608779978725 3.04972423756 ;
1.81797685427 4.75400566469 0.062254670196 2.00214325745 3.14789797325 0.897488939419 3.09077047572 ;
1.74051533314 4.76325490602 2.66872651086 1.75635571016 3.92609782829 1.09617377792 3.29853781626 ;
1.66446274666 4.6927802028 2.14091210817 2.16424096565 1.97863954769 0.699052044314 0.0 ;
2.19589027731 4.74656434648 3.14131687743 4.48232170308 2.86319707663 3.81250286279 3.20061761792 ;
2.89643912426 4.55067002565 3.2792408876 3.66934642732 4.47863271233 2.07260697608 3.46634668811 ;
2.94022096576 4.55311869637 3.28938134767 3.70056279691 4.43340697454 2.20685070416 3.46782813928 ;
0.956813108893 4.77578384574 0.106055531611 1.58902657648 0.904758298608 0.705003862473 2.70328236594 ;
2.17391852425 4.72994192204 3.12171235969 4.45803789596 2.82973133625 3.82331092034 2.91178894176 ;
0.169480656843 4.73508211282 2.41124924913 1.49499567572 3.89784960082 1.43540613694 3.01292208695 ;
2.31408286975 4.74862781823 2.74569410802 2.96928624578 2.31569822266 0.780324056626 2.80535089113 ;
1.42735867177 4.77906590314 2.56717605996 2.19482640158 0.25289831992 0.732512134483 2.70968125329 ;
2.41949298649 4.74869802808 2.76559404365 2.0248102255 3.9689376847 0.912873423224 3.28858288314 ;
2.24707851185 4.74100169621 0.0582787196576 2.01709998557 3.35136976865 0.798717928729 2.96772215158 ;
0.463516975451 4.79128429782 0.136108535561 1.84932549015 2.4439662364 0.642920844419 2.97520435618 ;
2.22071997183 4.74296803028 3.16851074983 4.49245085933 2.92296123708 3.85053879964 3.00107911515 ;
2.51296864896 4.74052488695 2.81932611628 2.61770835631 3.45492776797 0.252523878527 3.18844710858 ;
1.37427557262 4.79000122474 1.98755106496 1.83264125064 0.324595589515 0.634421696692 2.8052520168 ;
0.793798304772 4.75615464514 2.5802339464 1.11883306274 3.85504780713 1.36555117528 2.96287159999 ;
2.77947239831 4.59134818141 3.18720698959 3.42712776374 4.43292383019 2.239000286 3.4630653411 ;
2.19616153143 4.63708132956 2.78194004734 3.57808834773 1.81409067043 1.82277804935 2.40047730578 ;
2.45010968802 4.74068831103 0.0930710489023 1.96574233803 3.31492028512 0.879130900563 2.92135922199 ;
2.63111570312 4.72466493576 2.86442448411 2.61448708763 3.91559060289 0.242907368019 3.24020344746 ;
1.22741115256 4.76291676673 2.34519937493 1.37672445725 2.62607704729 0.256556985476 2.57361808287 ;
2.17107840375 4.73737987113 3.15352262645 4.47523419051 2.85618587791 3.84118311009 2.91753838449 ;
1.26006785259 4.77610805161 1.80247490344 1.8946484845 0.13874322222 0.666105133644 2.75317511076 ;
2.03069674752 4.7384129886 0.0538976638915 2.14858128758 3.110960446 0.954152062123 2.93832066125 ;
1.07582745034 4.75983247509 2.50312894259 1.41838818733 4.06596545693 1.8694232091 3.16242331672 ;
2.38224834578 4.72300014446 2.85072470529 3.41449978765 1.94664577601 1.27419755048 2.94227357825 ;
2.86728735809 4.56268389872 3.25214963527 3.58354590945 4.45777966771 2.30900065029 3.46662512659 ;
2.52162234462 4.74527257574 3.20219221938 4.47766813573 3.00002136502 3.82771186026 3.11160647254 ;
1.71999615535 4.75935725074 0.0203409938704 1.81380926313 2.31811092642 0.7846493028 2.89028200952 ;
1.72115254646 4.77950632297 2.58914762566 2.43625151586 0.904264326239 0.646072205589 2.79951451357 ;
2.53125172975 4.72237250925 2.81329824756 2.58808559444 3.83319566288 0.0404018854301 3.1691307109 ;
2.42800492875 4.78040677814 2.74038407205 1.95278220717 3.68824932855 1.91315210144 3.25582694033 ;
0.160284528612 4.7388993523 2.36873010108 1.3437794447 3.74620409202 1.20247579246 2.85527494848 ;
1.11424071377 4.62613851287 2.83182620721 4.25779173836 2.24910578645 3.43713499193 2.24656513088 ;
2.88496663436 4.54598171185 3.28201795687 3.75855202378 4.43300512382 2.25512161701 3.45135187807 ;
2.88136883968 4.54491536939 3.30785433435 3.75964356891 4.49424278297 2.19810672021 3.47765857736 ;
1.0834721086 4.78065251583 0.0682199355463 1.64371804616 1.0364249607 0.648464613173 2.76818719996 ;
2.17893945261 4.7283979329 3.11928610125 4.45228268362 2.82251937593 3.79910145559 2.90618720566 ;
1.50028536879 4.78480706463 2.57236082324 2.23125087377 0.399943153534 0.736473392961 2.76369896333 ;
2.50598151427 4.74915400645 2.76294235546 2.29474244 3.44623346234 1.91273703062 3.21520243577 ;
2.41414255083 4.73356221442 2.77097775002 2.80246532703 3.1895564398 0.171555252024 2.96898501479 ;
0.528761156689 4.75223772195 2.51510864103 1.14007735846 3.85729869799 1.19541069756 3.00798629366 ;
2.21171576303 4.73519039125 0.0653502204761 2.043711918 3.53403778662 0.8971044232 2.97478456617 ;
2.1799177327 4.73885923995 3.13266484568 4.47563176839 2.87953114393 3.84271883569 2.90921394488 ;
2.14178195526 4.74261159145 0.0776652126278 2.01528801984 3.37799142573 0.878437145153 2.9916161736 ;
2.55736582017 4.73024828283 2.83246699271 2.61008114054 3.62665781554 0.179161959432 3.18986448374 ;
1.00365542605 4.775376632 0.0482715975169 1.66040502755 0.865115546839 0.697148202362 2.75833938108 ;
1.21914966547 4.75457898089 2.60254066329 1.45164640104 3.87791231412 1.55318168876 3.05254219237 ;
1.32814198662 4.79892155174 2.52173389097 1.80928000172 0.559676601334 0.557051246463 2.68468660336 ;
2.25291338645 4.69111335 2.83257269252 3.60736115281 1.6520709441 1.40718834494 2.84704491099 ;
2.88550502852 4.55841158479 3.25693896576 3.6157752624 4.43067811139 2.30565715982 3.46787318876 ;
2.47473911889 4.74020077387 2.80477634806 2.75208230858 3.25797150003 0.407334844105 3.22108044947 ;
2.58643820449 4.73264397706 3.17852076405 4.43612452419 2.93293893798 3.76553356024 3.03040746003 ;
1.27766561079 4.76293282827 2.62959034307 1.44750105914 3.9460958524 1.60501372147 3.30103063759 ;
1.44844907862 4.79146154086 2.08456655746 2.0391037435 0.404361174738 0.719121518816 3.08286736657 ;
1.73752762158 4.75612044469 0.0564858128125 1.96955681042 3.0364334507 0.847170898633 3.05944090133 ;
2.90391173612 4.55465838161 3.2721426504 3.67231076429 4.45842505682 2.24940923351 3.46346690405 ;
1.68238164517 4.68492144399 2.12465821085 2.24075134846 1.97694113279 0.784197098127 0.0296692897514 ;
0.989660643107 4.68464096877 3.00107016878 4.38837226622 2.51988043774 3.66387639098 2.67838604708 ;
1.80283308961 4.75353667748 0.0437072816074 1.9611983196 2.99231807325 0.795123585292 2.91717236234 ;
2.84349671155 4.58066297993 3.22192334433 3.50081890847 4.4717309064 2.13412770573 3.47542038467 ;
0.785737586431 4.75947577588 2.51627967438 1.1863676211 3.8384533326 1.32924713025 3.08648287809 ;
2.49575105883 4.74299116903 2.76480121443 2.68334456677 3.08229002902 0.571009955539 3.10046949906 ;
0.126922132101 4.71416529163 3.01830051904 4.40530104537 2.76749294956 3.51843621396 2.95305929158 ;
2.12112885229 4.65564419179 2.92400105706 3.87524247476 2.50426994625 2.73306298424 0.092927475792 ;
1.45346956975 4.78909582991 2.04117979315 2.03944617004 0.293335875523 0.713305497542 2.86980326059 ;
2.47611939458 4.72699225768 3.15469185561 4.44471888687 2.85688827802 3.78214169478 3.17594771466 ;
0.632619202937 4.75615418084 2.50653521994 1.03588225583 3.93861300477 1.33654621404 3.26742823415 ;
2.52705180877 4.72889085736 2.8060649089 2.49449072397 3.97696259157 0.911419881013 3.33429890734 ;
2.12509847586 4.7329557402 3.13092249729 4.46757527805 2.80969815332 3.83316739932 2.92046548733 ;
1.2183039368 4.78620644166 1.85451444112 1.6847870035 0.26108011014 0.609599078952 3.07157790312 ;
1.81229247526 4.7481616158 0.0452144292491 2.02137403946 3.00463661411 0.856684170996 3.05286702451 ;
2.24467419334 4.7549182715 2.79204823201 3.12368489826 1.82414392065 0.960661758143 3.12546217742 ;
1.69547040416 4.67147160365 2.16600478576 2.32722869217 1.99744215728 0.889765599816 0.0280209958763 ;
2.93416463081 4.55853101873 3.33637259003 3.81499734105 4.42977180471 2.47827195488 3.46065159655 ;
2.46910683205 4.72849543102 3.16377434809 4.46143467311 2.87744092506 3.82178457764 2.94862537168 ;
2.40117289695 4.75688533388 2.28765889476 2.45475136017 3.21929664119 0.0529741541114 2.99566012497 ;
0.0852664613379 4.72024674688 3.01319596223 4.41208423218 2.84694793304 3.53044980388 2.79099014909 ;
1.35461883132 4.77310935133 2.62296351588 2.63835908866 0.360212447736 0.821100830877 2.69128553418 ;
2.89700551428 4.5535957209 3.30738310769 3.68307657255 4.56291074783 2.06233811693 3.49074017466 ;
0.599160998037 4.74434918374 2.11870700006 1.08410442508 3.95608446629 1.34463052156 3.09124674125 ;
2.50506470572 4.72211475333 2.41059279499 2.60414224888 3.1873517713 1.81674641478 3.07416107875 ;
1.33839223699 4.79013453612 0.566695447569 1.36782743324 1.05217036441 0.65465064469 2.7326263717 ;
1.82196584228 4.65379681394 2.38160400402 2.71618602189 1.98531312278 1.26982852155 0.0681225209812 ;
2.49756072477 4.73302307216 2.81316458201 2.81856159815 3.22936401685 0.598421079386 3.22535289385 ;
2.18394441301 4.73722952275 3.13379278164 4.46597136767 2.84637847824 3.80750762731 2.98714156114 ;
0.854524882168 4.75842073078 2.50731796778 1.18313269779 4.054950041 1.3850982421 3.26546604494 ;
1.65996256704 4.76931903848 1.98027097644 2.76034923506 0.0870049118169 0.823537928804 3.07127454584 ;
1.21871240552 4.79818370931 2.26480008278 1.15361165997 0.93537166166 0.666841518717 3.06162168564 ;
2.8257426834 4.57286178132 3.23742558756 3.53086537506 4.4259098908 2.28850394598 3.47378399343 ;
1.79871234716 4.75853144903 0.0452144292491 1.96394972743 3.02126156427 0.779990873037 2.99698943807 ;
1.04509016122 4.77255122915 1.52015787288 1.5613188929 0.162023468051 0.700498744105 2.71005838059 ;
2.84384854584 4.58778447644 3.1901114214 3.48133374812 4.30533050431 2.25183059099 3.45286732221 ;
2.19295380878 4.7406505625 3.14680085448 4.4740284731 2.85742044281 3.81678013341 3.07898024429 ;
1.84640931728 4.75228498223 0.0381751444565 2.02066520338 3.0607809665 0.807664128896 2.97923913606 ;
1.85342920081 4.62739253291 2.708032905 3.42509886675 2.34622682194 1.8687997782 0.663367344452 ;
2.1303600457 4.79381126355 2.72853431101 2.60850163915 1.49893071581 0.709110239101 3.17489892349 ;
2.53720369363 4.71604567422 2.83934823585 2.60623124153 3.94785072321 0.1681731547 3.29532745969 ;
0.799068984403 4.75795273169 2.50579932021 1.18497626562 3.98301144117 1.52198355286 3.2386145192 ;
0.908746181152 4.66126614343 2.96992542745 4.34099380854 2.57387031686 3.64931634032 1.91518251697 ;
2.48611703966 4.73296305954 3.16311864893 4.45233722957 2.89108895598 3.78694147166 3.18017807928 ;
1.45260279658 4.78834930394 2.46606607797 2.23128406779 0.424812446431 0.703670169706 2.87030563415 ;
1.00114064433 4.76085832189 2.53435109827 1.28225311893 3.94035754914 1.49271638666 3.29019098919 ;
2.85446804355 4.57088757543 3.23603275848 3.57505002895 4.43714679197 2.22910387457 3.46275064374 ;
2.52872559772 4.74353583565 2.78412503106 2.7220070476 3.241516558 0.497238630458 3.23759221145 ;
1.65980038004 4.7582659396 0.0376897884104 1.83114046076 2.35298004146 0.792259716392 2.9781882109 ;
1.97334983088 4.69026206291 2.46864122458 2.42026925225 2.67734629002 0.809209675002 0.0674620743055 ;
1.35130941458 4.60097029103 2.62240753152 3.43449414173 2.69852271253 1.56496022363 1.12681736138 ;
1.63220299611 4.78061770985 2.60678404642 2.25061350657 0.331105603716 0.808283346006 2.8867724096 ;
0.788589430199 4.75874540004 2.50517059711 1.03725015723 3.9379040951 1.46012998163 3.17858213413 ;
2.23621487591 4.73632972198 3.1558315018 4.46628642102 2.86362018489 3.81592161686 2.99138792916 ;
2.04443325196 4.74527494497 0.0450501613099 2.08503395534 3.20321926357 0.877525829956 2.99265500763 ;
2.85398601889 4.58543800947 3.20776065609 3.46985613651 4.39065276186 2.07142362715 3.47422168473 ;
0.924474024937 4.76819903998 0.286745253784 1.41726672032 0.653070034338 0.585975409936 2.57699321685 ;
2.37969964285 4.76737453299 2.74382083881 2.54811361689 3.09005413501 0.476480498618 3.20999676453 ;
2.84841530591 4.55436783492 3.29648939919 3.6900670076 4.56626100604 2.11190807165 3.49257924174 ;
2.45950345042 4.73308237564 2.73424992885 2.48555427291 3.23166469702 1.82979332597 3.1473359913 ;
2.19777041773 4.72699652669 3.13103196511 4.45734255922 2.83216651271 3.79291134098 3.14750483931 ;
1.81231080127 4.75832208252 0.0369822882496 1.935725834 2.99821152014 0.782080447609 2.9150631892 ;
0.492615145569 4.74458473164 2.49062663809 1.0771382713 3.89402793173 1.24820794641 2.99669267195 ;
2.35044947341 4.76278435654 2.75041865838 2.66281184212 3.11238009574 0.0800385396109 3.00330156512 ;
2.25053545707 4.64384977675 3.08676188303 4.2184695385 2.71381955017 3.6034145169 0.0384205510758 ;
1.39032323735 4.78222867135 2.03190960204 2.05117084718 0.252582616456 0.725434163611 2.76531355745 ;
2.17772212358 4.73069875067 3.13049661439 4.46632639787 2.85167501471 3.84478783434 2.91546905679 ;
1.78682842842 4.75485431853 0.0417210085732 1.93361016045 3.01652473501 0.824861545335 2.93788418381 ;
2.53028461973 4.68327129622 2.90088093874 3.79075979559 2.31181506031 1.33745765663 2.86895392527 ;
2.4675604407 4.76186109169 2.71980049184 2.23769376417 3.4095891894 0.595700461158 3.11150295217 ;
0.719634964644 4.74982560235 2.56955226114 1.21914618375 4.01219066164 1.47412021375 3.11431910177 ;
2.82554773105 4.56075725181 3.26335820022 3.56763167524 4.56117905181 2.168578738 3.48885902546 ;
2.04799186377 4.79885165177 2.0579129673 1.95405976466 0.336671235657 0.601091635279 2.77074552821 ;
0.0578202496513 4.75520115479 2.06691028497 2.04233824873 0.596190195621 0.794445372551 2.53481068248 ;
1.57668831714 4.78862215726 2.50234113319 2.25419713958 0.627093118999 0.707332984211 2.90883144692 ;
2.47986830567 4.72786027046 3.15899561094 4.44229741725 2.86811021796 3.77674911658 3.15490041725 ;
0.759774710016 4.76333304421 2.47192618853 1.09313072331 3.88762119747 1.43161959509 3.10560648073 ;
2.8466114553 4.58717519216 3.21333926179 3.50270573476 4.39705770554 2.23223444141 3.47596752359 ;
2.50339126239 4.74028867399 2.81025137704 2.60295910992 3.48000037913 0.421675183801 3.26837997874 ;
1.70948389475 4.75253750984 0.0394837153333 1.84694584759 2.38605393691 0.780149277204 2.89235225908 ;
0.11987090254 4.70369430297 2.97138557698 4.37508665853 2.72099991018 3.48780996504 2.85547898049 ;
2.21527867485 4.63676870336 2.79534040876 3.66062611728 2.5431412463 2.14071229115 0.449998289508 ;
2.88905741862 4.56073670754 3.25486737653 3.61648176791 4.46773601848 2.02853728691 3.46710448596 ;
0.103909355197 4.71489864044 3.0097530357 4.40273364742 2.83483547267 3.53112906641 2.78550505844 ;
1.9231117048 4.73788210728 2.69946210978 3.20796434972 0.406597366834 1.18091491278 2.64320586729 ;
2.47980721872 4.73350929574 3.17345461702 4.45782569942 2.91203703529 3.80777819057 2.96910427394 ;
2.45023103771 4.75855742005 2.72901807744 2.57269180775 2.93703558292 0.602678677547 2.94848320671 ;
1.93439203617 4.74253376567 0.046497108093 2.06614886369 3.1182982028 0.910903696615 2.94293270992 ;
1.09562016434 4.75474063676 2.58791148676 1.38274064323 4.04333503184 1.44535668275 3.21190710989 ;
0.969444315405 4.78236236457 1.50648307259 1.3660940833 0.50421032858 0.587161851728 2.67151386282 ;
2.8306794339 4.58838582056 3.20038002558 3.45851744254 4.40945978445 2.11856131126 3.46779300774 ;
2.43930597971 4.75193761936 2.74753218497 2.62481147258 3.13902437436 0.511785901626 3.2098945165 ;
2.51636685085 4.73554412496 3.17781035138 4.46025276822 2.95565880985 3.80432934672 3.16629344803 ;
1.6734295438 4.75760656921 0.0378484076706 1.86381964081 2.30237473573 0.774084401293 2.90114943348 ;
1.48439303558 4.78856008962 2.55763217817 2.17362850751 0.382530088711 0.715171175076 2.99007338112 ;
0.704846472855 4.75984271294 2.47855628065 1.08086921901 3.87850884333 1.38796107199 3.15641137708 ;
2.11085696483 4.66710949995 2.72424459624 3.39519620261 2.40628371836 2.04728024489 0.0971601965786 ;
0.523723926394 4.6726720024 2.94942137223 4.3519101616 2.40642355223 3.5380667562 2.86332085645 ;
2.39888446376 4.76697509917 1.88739032168 1.87613730112 3.68302526276 0.744826674397 3.20231247387 ;
0.860923586623 4.67651471783 3.02465754805 4.37495838048 2.62580129131 3.69071372706 1.96875124149 ;
2.496310894 4.73412467775 3.16203875625 4.46936791553 2.92927010108 3.83312702787 3.16722642003 ;
0.181614484247 4.75370809374 1.95988831323 1.39089673086 3.65915717084 1.23917034196 3.22563656238 ;
1.31461414896 4.79368820965 1.60438749682 1.81418767908 0.446920041866 0.598691370587 3.05045820002 ;
2.3145821669 4.74744142772 2.77575867301 3.19228626803 1.94110553408 1.08344771367 3.14520176289 ;
1.70204901239 4.68542497621 2.14096560264 2.26248089679 2.0067677424 0.772831922792 0.0292393000449 ;
2.82092844217 4.57836119276 3.22469160981 3.49493186298 4.47727938708 1.99561220896 3.4614000914 ;
2.57055971233 4.75953522954 3.24917876626 4.49559429235 2.98830259449 3.8087766674 3.2693103004 ;
2.50275614965 4.74043223423 2.78740574523 2.73873361842 3.1636930142 0.504485758001 3.09381296319 ;
2.86739904056 4.57092429496 3.24296453021 3.57173751352 4.46678710888 2.20963862916 3.46974260351 ;
1.43473289011 4.78087525908 2.0512531491 2.08070463494 0.278258954489 0.730164182005 2.71638750003 ;
1.58848384873 4.76717816324 2.57559985405 0.692513228176 3.76136504579 1.5153459554 2.96528322221 ;
1.78680662807 4.76032689771 0.030640755375 1.91901598334 3.01384391253 0.78853818934 2.91774872154 ;
1.47413297786 4.63570528796 2.87297937424 4.28395057596 2.46561971999 3.6375192576 2.17971867752 ;
0.268204698881 4.73688309022 2.54471926767 2.26888808698 3.76474664489 1.3264568496 3.07422122765 ;
2.93811157861 4.54704789152 3.28821001606 3.66467859265 4.45019388551 2.30422033737 3.47198533978 ;
1.08146852302 4.76384779595 2.5035505537 1.66104778313 4.1227830286 1.96825491728 3.35195423226 ;
1.45899352754 4.79865033309 2.51232094935 2.13491493112 0.431751809841 0.665746668348 2.87026957086 ;
2.5824919532 4.74122027901 2.81577288002 2.76653194266 3.30234086227 0.521063006115 3.2212318533 ;
2.20489321459 4.76096216536 3.19453611689 4.50843904696 2.97153687568 3.85548784186 3.15230372927 ;
1.15202560392 4.72861652476 2.49545669754 1.18705016056 3.30338977609 0.425315662365 2.26908195439 ;
1.70312914043 4.76049364741 0.0298190981079 1.85843589936 2.27885637399 0.75300468875 2.90376131782 ;
2.10324036314 4.58249052224 2.73279300342 4.04750882946 1.80310005639 2.86621552185 1.73292569615 ;
2.17942199762 4.73820397044 3.13266484568 4.47529956759 2.87887079048 3.84264199782 2.91498479896 ;
1.73732105836 4.67633459151 2.20746723571 2.48706094358 2.03318924853 0.717728459424 0.270314885531 ;
2.87108724727 4.5543740772 3.26902402954 3.6312755228 4.47722941356 2.30824092305 3.4651708899 ;
2.29408427517 4.72053421453 2.84072415308 3.31506318244 1.72461209816 1.41225234533 3.16709599367 ;
1.24555547304 4.78759488999 1.90938394529 1.74021230003 0.304639524995 0.571095158787 3.04769403109 ;
1.77516293289 4.76252050612 0.0536995320262 1.93468945507 3.02973489359 0.810850905084 3.03767738089 ;
2.49008717469 4.74792044322 2.78142966871 2.37767782029 3.70979972863 0.511445913281 3.29995936443 ;
0.684434550161 4.75174941073 2.56953216862 1.243639243 4.05024996769 1.58421150178 3.26894099908 ;
2.85046308342 4.56542653574 3.24756971528 3.67321501733 4.40731510333 1.98315100836 3.45259150524 ;
1.70732104415 4.68995449382 2.31102120096 2.35449764153 1.94767370837 0.771011205139 0.0537588404622 ;
2.21393258243 4.72820666648 3.12852017588 4.43265988123 2.81856605691 3.72740524322 3.14713308711 ;
1.85380981298 4.76664093585 2.69239649355 1.9533156059 3.53500291797 0.981997685958 3.25762454853 ;
2.10039100891 4.73390991539 0.111301267673 2.0231120056 3.41746645768 0.89833960774 3.0346768957 ;
0.928054695472 4.78385129053 0.114498526069 1.58402814354 0.991930845313 0.697013890811 2.95923429982 ;
1.57308859747 4.79294512877 2.58892927447 2.31456956924 0.536733234342 0.682275903297 3.09447974732 ;
2.21434463364 4.64086629319 3.09976375351 4.29661198956 2.82783710687 3.86375523597 0.058205447826 ;
2.46824923989 4.72661603343 3.17179114661 4.46386168682 2.87809529256 3.83853693292 2.98140706181 ;
2.46704926144 4.73390648329 2.81020423553 2.71645777922 3.41126851315 0.0589829522955 3.07700812954 ;
2.85222829848 4.56000695374 3.28907203341 3.59788658444 4.59446908347 2.27016691528 3.50572958236 ;
1.8248161786 4.74551007524 0.045796907198 2.00472862074 2.98082992797 0.85808668002 2.90760802945 ;
1.42098839339 4.78322788391 2.0563655679 2.08148424178 0.299433190038 0.685797453302 2.72601852447 ;
0.771562552541 4.76158181646 2.52255580075 1.11990664726 3.83908195855 1.36635300014 3.03646104385 ;
0.204371959177 4.69904116808 3.00140401872 4.37125698398 2.70846360279 3.50185433463 2.67850785949 ;
2.61314193026 4.71934961763 2.76633267432 2.89105855187 2.92314807669 1.77386991109 2.99734205617 ;
1.68105851445 4.70443861382 2.68135219726 3.59696372686 0.598915766488 1.53693702807 2.80249351561 ;
2.85776131237 4.56165183959 3.26035927171 3.64061322789 4.37684593053 2.28207130274 3.46324840144 ;
2.53311863371 4.73330909765 2.76592748341 2.47838793144 3.83464534289 0.660961573647 3.29344830122 ;
2.20450770257 4.73716737746 3.14236481997 4.46447603255 2.91737974908 3.81908271128 2.92650563626 ;
1.75956003174 4.80043099941 2.60261180013 1.95145634204 1.35090501405 0.52271003303 3.15638241046 ;
1.68134274029 4.69185920917 2.06846749551 2.04842916183 2.12686124361 0.732415106962 0.0182342846777 ;
0.606499050815 4.75500404303 2.44663545022 1.15432593918 4.05604195487 1.51299867483 3.29276342619 ;
1.69639077756 4.75830522674 0.0225511695463 1.88471476411 2.33750605081 0.787568059363 3.05452749052 ;
2.12472245168 4.78638186627 2.73321155045 2.81354514748 1.64552651321 0.675542589833 3.12898994053 ;
2.65386959765 4.76863117913 3.28678481221 4.5264401236 3.15693011992 3.86922392163 3.24750890627 ;
1.51736522171 4.65740604831 2.92221496917 4.32383903904 2.40578455679 3.64070194722 2.961964921 ;
2.06879051619 4.64576868784 2.83661794317 3.6484320926 2.63451433237 2.31888307188 0.10752395088 ;
1.73593009539 4.76437458832 2.67291322013 1.71195676655 3.90983830667 1.10738925587 3.26682302794 ;
1.09590995911 4.77240226219 1.62490553593 1.56744358448 0.219974682254 0.697132798741 2.5570862628 ;
1.75123164336 4.75786106985 0.08129406342 1.92912411156 3.10064187583 0.8265404631 2.99238567248 ;
2.87835316187 4.56420399129 3.24608333576 3.65902280202 4.41177511704 1.97958152228 3.45355107929 ;
1.82875521908 4.75472161993 0.0521740353144 1.94460624959 3.01402145985 0.813819422468 2.94048608257 ;
3.06097951816 4.71047905393 3.44422474934 4.2130653559 4.19634854383 3.15572998317 3.57721444672 ;
2.69043730606 4.57841304998 3.05746332659 3.15411230693 4.22069809002 1.83045890055 3.37623739014 ;
2.06655267234 4.72462771406 3.08388611708 4.44027750629 2.69728083944 3.75436203923 3.09071731378 ;
1.42165477671 4.78069237981 1.99856735061 2.02500675268 0.202780075449 0.739393885904 2.76833879019 ;
0.578928033543 4.74857143775 2.52742577034 1.23540126028 3.82074493506 1.26795948826 3.03213022121 ;
2.31560725424 4.64873641474 3.04171549254 3.99081456652 2.77134277906 3.47890668545 0.0353469069897 ;
2.34268713592 4.76810220808 2.72979227041 2.64074065264 2.85476410142 0.389266460161 2.96774998204 ;
0.231350120342 4.74068933919 2.35755213023 1.14982605445 3.71391251544 1.16584810355 2.8505495624 ;
2.44904391338 4.75560188915 3.23640457542 4.50606613276 3.01507932881 3.85959772807 3.19866521919 ;
2.85741496262 4.55586398633 3.27567813601 3.72358946945 4.35952426729 2.27807669186 3.45997247528 ;
1.48463283183 4.78901887013 2.09247882791 2.07719594142 0.397360344909 0.660643757458 2.78899412992 ;
1.84980688681 4.75739880994 0.0452144292491 2.00482510582 3.02037206485 0.773190133182 2.93605997682 ;
2.50057134337 4.72831392506 2.83606047461 2.94088333838 3.35668604068 0.195425659865 3.09458090562 ;
2.32434899213 4.7686899257 2.71137994645 1.85909332988 3.64200570578 1.69984767321 3.20717707548 ;
1.43465472554 4.61152139839 2.77057810079 4.22762123214 2.18489558927 3.47312522155 1.98241050303 ;
2.5010415871 4.73013293278 2.75471801261 2.57096080994 3.24980111371 1.82668948582 3.09938907205 ;
2.173516191 4.72974700592 3.12118082445 4.45840684713 2.82679053866 3.81925977063 2.91162178267 ;
1.5601136655 4.78872114024 2.59983828331 2.22368038636 0.365862017095 0.723198234153 2.73903013737 ;
2.39185415498 4.7327633833 2.8015796563 2.79661530886 3.35940704842 0.0812886521582 3.07801156358 ;
0.582547620187 4.75490569915 2.510038673 1.07369573242 3.86541343782 1.30547473601 3.01526780849 ;
2.88266774563 4.54056248131 3.31399356542 3.74539223873 4.52171472732 2.32254688547 3.47713561842 ;
0.990079799996 4.77760461116 0.139258124314 1.61065703168 0.971871170628 0.675922957821 2.76249087704 ;
2.21897113185 4.73685900129 0.0412392779794 2.06767715085 3.46218081119 0.852457972493 2.97710571408 ;
1.03036073072 4.7797920935 0.164848639742 1.58270150759 1.00572532975 0.623932995704 2.75324590262 ;
1.10279135542 4.76153372408 2.58177577571 1.43190658322 3.9931544885 1.61314327533 3.28856010334 ;
2.18984994811 4.73710327213 3.13559552593 4.45889179425 2.83393090318 3.79043020767 3.1214241449 ;
1.54025963838 4.79064740598 2.58158127177 2.2162860712 0.528576418801 0.724213681031 3.02345322104 ;
2.23897364938 4.73616547002 0.0825606289415 2.05248443018 3.53449427187 0.910696408775 2.98015866845 ;
2.90543233714 4.55539670971 3.27177991697 3.65596226582 4.39828234238 2.28374040416 3.46911702155 ;
1.91269247327 4.65734352695 2.74585530354 3.33750623798 2.3855839998 2.06176373908 0.126423299122 ;
2.48144764908 4.73683941401 2.80383227173 2.70914888584 3.28878562901 0.446811719545 3.23944494629 ;
2.8150556514 4.57197100058 3.23269466066 3.52880176402 4.48829559042 2.08288596507 3.47575048865 ;
2.21256484139 4.73392361631 3.16474989929 4.47045106338 2.86925762822 3.82017076307 3.0556599077 ;
0.924550659897 4.77429321134 0.0803753492144 1.62963132132 0.851402701686 0.673399955059 2.80714314888 ;
1.52822350896 4.79194160353 2.59011815115 2.17861686606 0.336678426258 0.748223268891 3.08624718174 ;
0.78536907434 4.75866160332 2.52205211328 1.15640006328 3.96956034434 1.3781201981 3.25584729194 ;
2.41896147925 4.75748027012 2.75107966724 2.68040041297 3.00729921016 0.702772411268 3.19650426265 ;
2.16348315478 4.73029873606 0.0692225611689 2.08667301458 3.33010773731 0.901467280863 2.99107878377 ;
1.82996552035 4.65468560098 2.59953668442 2.98811199076 2.15739098054 1.64519308959 0.0812539540928 ;
2.82637993756 4.57896724293 3.21535119409 3.5047474714 4.3676919992 2.26908825742 3.46313594522 ;
1.08561161568 4.78154070213 0.0494268204448 1.66226921952 1.02557209994 0.638010026584 2.82646482523 ;
2.18923075272 4.73832982596 3.13788372784 4.46367520256 2.83839969991 3.79727785706 2.97364697048 ;
2.48741670802 4.73300887474 2.81115599313 2.7502925209 3.26351644938 0.508506603306 3.23365486331 ;
1.50008388299 4.79221607323 2.57439190593 2.19086402868 0.527873180715 0.735427530722 3.0959042236 ;
2.19676653499 4.73223315571 0.0829520268169 2.09948857502 3.51994019302 0.925547306951 3.03550859841 ;
1.72448097307 4.64357519165 2.47901978393 2.61982768529 2.07527594185 1.24237527524 0.0477856359664 ;
0.817607553224 4.7607098293 2.52098842951 1.1348197012 3.98335794463 1.41878167101 3.27457815799 ;
1.7742912386 4.75481933389 0.0358998047207 1.93361016045 2.99864274121 0.816042604457 2.9152853855 ;
2.88696879011 4.54738303705 3.29213264645 3.66520581175 4.52790978075 2.3352569126 3.4748161549 ;
1.88386110657 4.74900286797 2.67563282533 2.6128211442 2.1442763236 0.399563399 2.18034266069 ;
2.6545017335 4.69872459807 2.92404259276 3.52795391676 1.92197530655 1.67573227949 3.19448065849 ;
2.16302690995 4.73563915964 3.13062181953 4.47237173761 2.86432044676 3.84278740121 2.91431189727 ;
1.26422886052 4.7780995787 1.87538173406 1.76853197646 0.176299848979 0.681379272745 2.83017025117 ;
2.57475664381 4.72737111692 2.8345239847 2.58070705831 3.96471038152 0.204963349626 3.3227835068 ;
1.20989442778 4.75868928207 2.57643482289 1.4698654924 3.95829655913 1.62928069467 3.17963284797 ;
