32.7987496675 4.57990822027 1.69353551476 0.0 0.0 5.03913939878 0.122206703911 107.855912477 3669.61206438 43.1321827614 3.85904591135 1.6891344251 2.96298947073 4.8468264312 34.1712223996 ;
41.2564972687 10.2216106605 1.74983446449 0.0 0.0 4.30313689786 0.0725045522265 291.361695084 11864.7877421 67.7286873034 9.36734972731 1.77377344514 4.56408569722 7.87668681807 48.5894305579 ;
58.4427416322 3.35755923279 3.21389620158 1.34580669425 0.463238059421 16.9150056412 2.39159458443 185.382098533 11401.8962956 104.63115833 15.6487006714 1.95247967299 2.6685683012 5.04204345109 69.767675818 ;
49.4988523336 9.46518745218 6.39785768936 1.15091813313 0.731254781943 7.62107880643 0.588752869166 233.524674828 13101.7278118 85.7125095639 13.0457579968 2.01774944322 5.09632318127 9.39093936611 65.3770084162 ;
32.7987496675 4.57990822027 1.69353551476 0.0 0.0 5.03913939878 0.122206703911 107.855912477 3669.61206438 43.1321827614 3.85904591135 1.6891344251 2.96298947073 4.8468264312 34.1712223996 ;
41.2564972687 10.2216106605 1.74983446449 0.0 0.0 4.30313689786 0.0725045522265 291.361695084 11864.7877421 67.7286873034 9.36734972731 1.77377344514 4.56408569722 7.87668681807 48.5894305579 ;
58.4427416322 3.35755923279 3.21389620158 1.34580669425 0.463238059421 16.9150056412 2.39159458443 185.382098533 11401.8962956 104.63115833 15.6487006714 1.95247967299 2.6685683012 5.04204345109 69.767675818 ;
49.4988523336 9.46518745218 6.39785768936 1.15091813313 0.731254781943 7.62107880643 0.588752869166 233.524674828 13101.7278118 85.7125095639 13.0457579968 2.01774944322 5.09632318127 9.39093936611 65.3770084162 ;
32.7997273846 4.57957378902 1.69350709798 0.0 0.0 5.03936301074 0.122244755477 107.897835699 3671.19551847 43.135376841 3.85975490122 1.68908044782 2.96324149037 4.84708810602 34.172678613 ;
49.4958883152 9.45706636068 6.3977816026 1.15069803022 0.731114935934 7.62688850641 0.589405240008 233.45534519 13096.8123924 85.7014725569 13.0436089784 2.01768807666 5.09567990973 9.38986856255 65.3685217059 ;
58.4439116126 3.35768688293 3.21410437236 1.3459332393 0.463281617301 16.9161259991 2.39181946403 185.394734368 11402.745275 104.635166902 15.6496497335 1.95236572305 2.66870715917 5.04216293793 69.7698166432 ;
41.2582274289 10.2251107339 1.74967918202 0.0 0.0 4.30127913234 0.0722771867368 291.370120462 11865.8106967 67.7332450221 9.36821818383 1.77392592804 4.56421345862 7.8772381158 48.5928716314 ;
32.7978447416 4.57975786603 1.69334131577 0.0 0.0 5.0381826648 0.122164571277 107.817933879 3668.17504823 43.1290826848 3.85823280269 1.68928002614 2.96252221729 4.84635056709 34.1696933413 ;
41.2544062888 10.2209350434 1.75014480761 0.0 0.0 4.30554406289 0.0726520479934 291.366942491 11864.4952834 67.7254447662 9.36663952535 1.77351555359 4.56438569081 7.87662369737 48.586429458 ;
58.4392742997 3.35692799398 3.21338597481 1.3455536755 0.463150968227 16.9129535627 2.39123895469 185.341511562 11398.8868208 104.617785298 15.6459482463 1.95278996928 2.66797462942 5.04125756476 69.7606692987 ;
49.5076540375 9.46632223498 6.39973210869 1.15135859166 0.73153463452 7.61691542289 0.58840413318 233.609261385 13108.7154612 85.7370838117 13.0520031358 2.01740068148 5.09792325965 9.39375449165 65.395713739 ;
49.5100440023 9.46508513488 6.39869906256 1.15132963459 0.731585995791 7.61584082648 0.588291563038 233.755117658 13118.2037498 85.7455519418 13.0532653831 2.01737760657 5.09774242871 9.39346428223 65.3983164339 ;
32.7975651943 4.57966338478 1.69335417775 0.0 0.0 5.03795236828 0.12213943587 107.809340075 3667.84030734 43.1281599255 3.85798712437 1.68928353551 2.96247525846 4.84627356713 34.1691724321 ;
41.2540542777 10.2205858018 1.75012411054 0.0 0.0 4.30589111369 0.0726874069171 291.36244415 11864.2334519 67.7245573391 9.36648932096 1.77350421913 4.56431155723 7.87646874042 48.5858844945 ;
58.4389395506 3.35696154931 3.21359405848 1.34558616151 0.463100498261 16.9143555514 2.39146375858 185.265300367 11394.0635518 104.615399079 15.6455718411 1.9527952341 2.66783504633 5.04099098845 69.7598006957 ;
32.7975651943 4.57966338478 1.69335417775 0.0 0.0 5.03795236828 0.12213943587 107.809340075 3667.84030734 43.1281599255 3.85798712437 1.68928353551 2.96247525846 4.84627356713 34.1691724321 ;
41.2540542777 10.2205858018 1.75012411054 0.0 0.0 4.30589111369 0.0726874069171 291.36244415 11864.2334519 67.7245573391 9.36648932096 1.77350421913 4.56431155723 7.87646874042 48.5858844945 ;
58.4389395506 3.35696154931 3.21359405848 1.34558616151 0.463100498261 16.9143555514 2.39146375858 185.265300367 11394.0635518 104.615399079 15.6455718411 1.9527952341 2.66783504633 5.04099098845 69.7598006957 ;
49.5100440023 9.46508513488 6.39869906256 1.15132963459 0.731585995791 7.61584082648 0.588291563038 233.755117658 13118.2037498 85.7455519418 13.0532653831 2.01737760657 5.09774242871 9.39346428223 65.3983164339 ;
32.7978447416 4.57975786603 1.69334131577 0.0 0.0 5.0381826648 0.122164571277 107.817933879 3668.17504823 43.1290826848 3.85823280269 1.68928002614 2.96252221729 4.84635056709 34.1696933413 ;
41.2544062888 10.2209350434 1.75014480761 0.0 0.0 4.30554406289 0.0726520479934 291.366942491 11864.4952834 67.7254447662 9.36663952535 1.77351555359 4.56438569081 7.87662369737 48.586429458 ;
58.4392742997 3.35692799398 3.21338597481 1.3455536755 0.463150968227 16.9129535627 2.39123895469 185.341511562 11398.8868208 104.617785298 15.6459482463 1.95278996928 2.66797462942 5.04125756476 69.7606692987 ;
49.5076540375 9.46632223498 6.39973210869 1.15135859166 0.73153463452 7.61691542289 0.58840413318 233.609261385 13108.7154612 85.7370838117 13.0520031358 2.01740068148 5.09792325965 9.39375449165 65.395713739 ;
58.4389395506 3.35696154931 3.21359405848 1.34558616151 0.463100498261 16.9143555514 2.39146375858 185.265300367 11394.0635518 104.615399079 15.6455718411 1.9527952341 2.66783504633 5.04099098845 69.7598006957 ;
32.7975651943 4.57966338478 1.69335417775 0.0 0.0 5.03795236828 0.12213943587 107.809340075 3667.84030734 43.1281599255 3.85798712437 1.68928353551 2.96247525846 4.84627356713 34.1691724321 ;
41.2540542777 10.2205858018 1.75012411054 0.0 0.0 4.30589111369 0.0726874069171 291.36244415 11864.2334519 67.7245573391 9.36648932096 1.77350421913 4.56431155723 7.87646874042 48.5858844945 ;
49.5100440023 9.46508513488 6.39869906256 1.15132963459 0.731585995791 7.61584082648 0.588291563038 233.755117658 13118.2037498 85.7455519418 13.0532653831 2.01737760657 5.09774242871 9.39346428223 65.3983164339 ;
41.2582274289 10.2251107339 1.74967918202 0.0 0.0 4.30127913234 0.0722771867368 291.370120462 11865.8106967 67.7332450221 9.36821818383 1.77392592804 4.56421345862 7.8772381158 48.5928716314 ;
58.4439116126 3.35768688293 3.21410437236 1.3459332393 0.463281617301 16.9161259991 2.39181946403 185.394734368 11402.745275 104.635166902 15.6496497335 1.95236572305 2.66870715917 5.04216293793 69.7698166432 ;
49.4958883152 9.45706636068 6.3977816026 1.15069803022 0.731114935934 7.62688850641 0.589405240008 233.45534519 13096.8123924 85.7014725569 13.0436089784 2.01768807666 5.09567990973 9.38986856255 65.3685217059 ;
32.7997273846 4.57957378902 1.69350709798 0.0 0.0 5.03936301074 0.122244755477 107.897835699 3671.19551847 43.135376841 3.85975490122 1.68908044782 2.96324149037 4.84708810602 34.172678613 ;
32.7997273846 4.57957378902 1.69350709798 0.0 0.0 5.03936301074 0.122244755477 107.897835699 3671.19551847 43.135376841 3.85975490122 1.68908044782 2.96324149037 4.84708810602 34.172678613 ;
41.2582274289 10.2251107339 1.74967918202 0.0 0.0 4.30127913234 0.0722771867368 291.370120462 11865.8106967 67.7332450221 9.36821818383 1.77392592804 4.56421345862 7.8772381158 48.5928716314 ;
49.4958883152 9.45706636068 6.3977816026 1.15069803022 0.731114935934 7.62688850641 0.589405240008 233.45534519 13096.8123924 85.7014725569 13.0436089784 2.01768807666 5.09567990973 9.38986856255 65.3685217059 ;
58.4439116126 3.35768688293 3.21410437236 1.3459332393 0.463281617301 16.9161259991 2.39181946403 185.394734368 11402.745275 104.635166902 15.6496497335 1.95236572305 2.66870715917 5.04216293793 69.7698166432 ;
32.7997273846 4.57957378902 1.69350709798 0.0 0.0 5.03936301074 0.122244755477 107.897835699 3671.19551847 43.135376841 3.85975490122 1.68908044782 2.96324149037 4.84708810602 34.172678613 ;
49.4958883152 9.45706636068 6.3977816026 1.15069803022 0.731114935934 7.62688850641 0.589405240008 233.45534519 13096.8123924 85.7014725569 13.0436089784 2.01768807666 5.09567990973 9.38986856255 65.3685217059 ;
41.2582274289 10.2251107339 1.74967918202 0.0 0.0 4.30127913234 0.0722771867368 291.370120462 11865.8106967 67.7332450221 9.36821818383 1.77392592804 4.56421345862 7.8772381158 48.5928716314 ;
58.4439116126 3.35768688293 3.21410437236 1.3459332393 0.463281617301 16.9161259991 2.39181946403 185.394734368 11402.745275 104.635166902 15.6496497335 1.95236572305 2.66870715917 5.04216293793 69.7698166432 ;
32.7975651943 4.57966338478 1.69335417775 0.0 0.0 5.03795236828 0.12213943587 107.809340075 3667.84030734 43.1281599255 3.85798712437 1.68928353551 2.96247525846 4.84627356713 34.1691724321 ;
41.2540542777 10.2205858018 1.75012411054 0.0 0.0 4.30589111369 0.0726874069171 291.36244415 11864.2334519 67.7245573391 9.36648932096 1.77350421913 4.56431155723 7.87646874042 48.5858844945 ;
58.4389395506 3.35696154931 3.21359405848 1.34558616151 0.463100498261 16.9143555514 2.39146375858 185.265300367 11394.0635518 104.615399079 15.6455718411 1.9527952341 2.66783504633 5.04099098845 69.7598006957 ;
49.5100440023 9.46508513488 6.39869906256 1.15132963459 0.731585995791 7.61584082648 0.588291563038 233.755117658 13118.2037498 85.7455519418 13.0532653831 2.01737760657 5.09774242871 9.39346428223 65.3983164339 ;
41.2564972687 10.2216106605 1.74983446449 0.0 0.0 4.30313689786 0.0725045522265 291.361695084 11864.7877421 67.7286873034 9.36734972731 1.77377344514 4.56408569722 7.87668681807 48.5894305579 ;
32.7987496675 4.57990822027 1.69353551476 0.0 0.0 5.03913939878 0.122206703911 107.855912477 3669.61206438 43.1321827614 3.85904591135 1.6891344251 2.96298947073 4.8468264312 34.1712223996 ;
49.4988523336 9.46518745218 6.39785768936 1.15091813313 0.731254781943 7.62107880643 0.588752869166 233.524674828 13101.7278118 85.7125095639 13.0457579968 2.01774944322 5.09632318127 9.39093936611 65.3770084162 ;
58.4427416322 3.35755923279 3.21389620158 1.34580669425 0.463238059421 16.9150056412 2.39159458443 185.382098533 11401.8962956 104.63115833 15.6487006714 1.95247967299 2.6685683012 5.04204345109 69.767675818 ;
32.7975651943 4.57966338478 1.69335417775 0.0 0.0 5.03795236828 0.12213943587 107.809340075 3667.84030734 43.1281599255 3.85798712437 1.68928353551 2.96247525846 4.84627356713 34.1691724321 ;
41.2540542777 10.2205858018 1.75012411054 0.0 0.0 4.30589111369 0.0726874069171 291.36244415 11864.2334519 67.7245573391 9.36648932096 1.77350421913 4.56431155723 7.87646874042 48.5858844945 ;
58.4389395506 3.35696154931 3.21359405848 1.34558616151 0.463100498261 16.9143555514 2.39146375858 185.265300367 11394.0635518 104.615399079 15.6455718411 1.9527952341 2.66783504633 5.04099098845 69.7598006957 ;
49.5100440023 9.46508513488 6.39869906256 1.15132963459 0.731585995791 7.61584082648 0.588291563038 233.755117658 13118.2037498 85.7455519418 13.0532653831 2.01737760657 5.09774242871 9.39346428223 65.3983164339 ;
32.7975651943 4.57966338478 1.69335417775 0.0 0.0 5.03795236828 0.12213943587 107.809340075 3667.84030734 43.1281599255 3.85798712437 1.68928353551 2.96247525846 4.84627356713 34.1691724321 ;
41.2540542777 10.2205858018 1.75012411054 0.0 0.0 4.30589111369 0.0726874069171 291.36244415 11864.2334519 67.7245573391 9.36648932096 1.77350421913 4.56431155723 7.87646874042 48.5858844945 ;
58.4389395506 3.35696154931 3.21359405848 1.34558616151 0.463100498261 16.9143555514 2.39146375858 185.265300367 11394.0635518 104.615399079 15.6455718411 1.9527952341 2.66783504633 5.04099098845 69.7598006957 ;
49.5100440023 9.46508513488 6.39869906256 1.15132963459 0.731585995791 7.61584082648 0.588291563038 233.755117658 13118.2037498 85.7455519418 13.0532653831 2.01737760657 5.09774242871 9.39346428223 65.3983164339 ;
58.4427416322 3.35755923279 3.21389620158 1.34580669425 0.463238059421 16.9150056412 2.39159458443 185.382098533 11401.8962956 104.63115833 15.6487006714 1.95247967299 2.6685683012 5.04204345109 69.767675818 ;
49.4988523336 9.46518745218 6.39785768936 1.15091813313 0.731254781943 7.62107880643 0.588752869166 233.524674828 13101.7278118 85.7125095639 13.0457579968 2.01774944322 5.09632318127 9.39093936611 65.3770084162 ;
32.7987496675 4.57990822027 1.69353551476 0.0 0.0 5.03913939878 0.122206703911 107.855912477 3669.61206438 43.1321827614 3.85904591135 1.6891344251 2.96298947073 4.8468264312 34.1712223996 ;
41.2564972687 10.2216106605 1.74983446449 0.0 0.0 4.30313689786 0.0725045522265 291.361695084 11864.7877421 67.7286873034 9.36734972731 1.77377344514 4.56408569722 7.87668681807 48.5894305579 ;
32.7978447416 4.57975786603 1.69334131577 0.0 0.0 5.0381826648 0.122164571277 107.817933879 3668.17504823 43.1290826848 3.85823280269 1.68928002614 2.96252221729 4.84635056709 34.1696933413 ;
41.2544062888 10.2209350434 1.75014480761 0.0 0.0 4.30554406289 0.0726520479934 291.366942491 11864.4952834 67.7254447662 9.36663952535 1.77351555359 4.56438569081 7.87662369737 48.586429458 ;
58.4392742997 3.35692799398 3.21338597481 1.3455536755 0.463150968227 16.9129535627 2.39123895469 185.341511562 11398.8868208 104.617785298 15.6459482463 1.95278996928 2.66797462942 5.04125756476 69.7606692987 ;
49.5076540375 9.46632223498 6.39973210869 1.15135859166 0.73153463452 7.61691542289 0.58840413318 233.609261385 13108.7154612 85.7370838117 13.0520031358 2.01740068148 5.09792325965 9.39375449165 65.395713739 ;
32.7975651943 4.57966338478 1.69335417775 0.0 0.0 5.03795236828 0.12213943587 107.809340075 3667.84030734 43.1281599255 3.85798712437 1.68928353551 2.96247525846 4.84627356713 34.1691724321 ;
41.2540542777 10.2205858018 1.75012411054 0.0 0.0 4.30589111369 0.0726874069171 291.36244415 11864.2334519 67.7245573391 9.36648932096 1.77350421913 4.56431155723 7.87646874042 48.5858844945 ;
49.5100440023 9.46508513488 6.39869906256 1.15132963459 0.731585995791 7.61584082648 0.588291563038 233.755117658 13118.2037498 85.7455519418 13.0532653831 2.01737760657 5.09774242871 9.39346428223 65.3983164339 ;
58.4389395506 3.35696154931 3.21359405848 1.34558616151 0.463100498261 16.9143555514 2.39146375858 185.265300367 11394.0635518 104.615399079 15.6455718411 1.9527952341 2.66783504633 5.04099098845 69.7598006957 ;
41.2564972687 10.2216106605 1.74983446449 0.0 0.0 4.30313689786 0.0725045522265 291.361695084 11864.7877421 67.7286873034 9.36734972731 1.77377344514 4.56408569722 7.87668681807 48.5894305579 ;
32.7987496675 4.57990822027 1.69353551476 0.0 0.0 5.03913939878 0.122206703911 107.855912477 3669.61206438 43.1321827614 3.85904591135 1.6891344251 2.96298947073 4.8468264312 34.1712223996 ;
58.4427416322 3.35755923279 3.21389620158 1.34580669425 0.463238059421 16.9150056412 2.39159458443 185.382098533 11401.8962956 104.63115833 15.6487006714 1.95247967299 2.6685683012 5.04204345109 69.767675818 ;
49.4988523336 9.46518745218 6.39785768936 1.15091813313 0.731254781943 7.62107880643 0.588752869166 233.524674828 13101.7278118 85.7125095639 13.0457579968 2.01774944322 5.09632318127 9.39093936611 65.3770084162 ;
49.5100440023 9.46508513488 6.39869906256 1.15132963459 0.731585995791 7.61584082648 0.588291563038 233.755117658 13118.2037498 85.7455519418 13.0532653831 2.01737760657 5.09774242871 9.39346428223 65.3983164339 ;
32.7975651943 4.57966338478 1.69335417775 0.0 0.0 5.03795236828 0.12213943587 107.809340075 3667.84030734 43.1281599255 3.85798712437 1.68928353551 2.96247525846 4.84627356713 34.1691724321 ;
58.4389395506 3.35696154931 3.21359405848 1.34558616151 0.463100498261 16.9143555514 2.39146375858 185.265300367 11394.0635518 104.615399079 15.6455718411 1.9527952341 2.66783504633 5.04099098845 69.7598006957 ;
41.2540542777 10.2205858018 1.75012411054 0.0 0.0 4.30589111369 0.0726874069171 291.36244415 11864.2334519 67.7245573391 9.36648932096 1.77350421913 4.56431155723 7.87646874042 48.5858844945 ;
32.7975651943 4.57966338478 1.69335417775 0.0 0.0 5.03795236828 0.12213943587 107.809340075 3667.84030734 43.1281599255 3.85798712437 1.68928353551 2.96247525846 4.84627356713 34.1691724321 ;
49.5100440023 9.46508513488 6.39869906256 1.15132963459 0.731585995791 7.61584082648 0.588291563038 233.755117658 13118.2037498 85.7455519418 13.0532653831 2.01737760657 5.09774242871 9.39346428223 65.3983164339 ;
58.4389395506 3.35696154931 3.21359405848 1.34558616151 0.463100498261 16.9143555514 2.39146375858 185.265300367 11394.0635518 104.615399079 15.6455718411 1.9527952341 2.66783504633 5.04099098845 69.7598006957 ;
41.2540542777 10.2205858018 1.75012411054 0.0 0.0 4.30589111369 0.0726874069171 291.36244415 11864.2334519 67.7245573391 9.36648932096 1.77350421913 4.56431155723 7.87646874042 48.5858844945 ;
58.4389395506 3.35696154931 3.21359405848 1.34558616151 0.463100498261 16.9143555514 2.39146375858 185.265300367 11394.0635518 104.615399079 15.6455718411 1.9527952341 2.66783504633 5.04099098845 69.7598006957 ;
32.7975651943 4.57966338478 1.69335417775 0.0 0.0 5.03795236828 0.12213943587 107.809340075 3667.84030734 43.1281599255 3.85798712437 1.68928353551 2.96247525846 4.84627356713 34.1691724321 ;
49.5100440023 9.46508513488 6.39869906256 1.15132963459 0.731585995791 7.61584082648 0.588291563038 233.755117658 13118.2037498 85.7455519418 13.0532653831 2.01737760657 5.09774242871 9.39346428223 65.3983164339 ;
41.2540542777 10.2205858018 1.75012411054 0.0 0.0 4.30589111369 0.0726874069171 291.36244415 11864.2334519 67.7245573391 9.36648932096 1.77350421913 4.56431155723 7.87646874042 48.5858844945 ;
58.4427416322 3.35755923279 3.21389620158 1.34580669425 0.463238059421 16.9150056412 2.39159458443 185.382098533 11401.8962956 104.63115833 15.6487006714 1.95247967299 2.6685683012 5.04204345109 69.767675818 ;
49.4988523336 9.46518745218 6.39785768936 1.15091813313 0.731254781943 7.62107880643 0.588752869166 233.524674828 13101.7278118 85.7125095639 13.0457579968 2.01774944322 5.09632318127 9.39093936611 65.3770084162 ;
32.7987496675 4.57990822027 1.69353551476 0.0 0.0 5.03913939878 0.122206703911 107.855912477 3669.61206438 43.1321827614 3.85904591135 1.6891344251 2.96298947073 4.8468264312 34.1712223996 ;
41.2564972687 10.2216106605 1.74983446449 0.0 0.0 4.30313689786 0.0725045522265 291.361695084 11864.7877421 67.7286873034 9.36734972731 1.77377344514 4.56408569722 7.87668681807 48.5894305579 ;
32.7997273846 4.57957378902 1.69350709798 0.0 0.0 5.03936301074 0.122244755477 107.897835699 3671.19551847 43.135376841 3.85975490122 1.68908044782 2.96324149037 4.84708810602 34.172678613 ;
41.2582274289 10.2251107339 1.74967918202 0.0 0.0 4.30127913234 0.0722771867368 291.370120462 11865.8106967 67.7332450221 9.36821818383 1.77392592804 4.56421345862 7.8772381158 48.5928716314 ;
49.4958883152 9.45706636068 6.3977816026 1.15069803022 0.731114935934 7.62688850641 0.589405240008 233.45534519 13096.8123924 85.7014725569 13.0436089784 2.01768807666 5.09567990973 9.38986856255 65.3685217059 ;
58.4439116126 3.35768688293 3.21410437236 1.3459332393 0.463281617301 16.9161259991 2.39181946403 185.394734368 11402.745275 104.635166902 15.6496497335 1.95236572305 2.66870715917 5.04216293793 69.7698166432 ;
41.2582274289 10.2251107339 1.74967918202 0.0 0.0 4.30127913234 0.0722771867368 291.370120462 11865.8106967 67.7332450221 9.36821818383 1.77392592804 4.56421345862 7.8772381158 48.5928716314 ;
32.7997273846 4.57957378902 1.69350709798 0.0 0.0 5.03936301074 0.122244755477 107.897835699 3671.19551847 43.135376841 3.85975490122 1.68908044782 2.96324149037 4.84708810602 34.172678613 ;
49.4958883152 9.45706636068 6.3977816026 1.15069803022 0.731114935934 7.62688850641 0.589405240008 233.45534519 13096.8123924 85.7014725569 13.0436089784 2.01768807666 5.09567990973 9.38986856255 65.3685217059 ;
58.4439116126 3.35768688293 3.21410437236 1.3459332393 0.463281617301 16.9161259991 2.39181946403 185.394734368 11402.745275 104.635166902 15.6496497335 1.95236572305 2.66870715917 5.04216293793 69.7698166432 ;
49.4988523336 9.46518745218 6.39785768936 1.15091813313 0.731254781943 7.62107880643 0.588752869166 233.524674828 13101.7278118 85.7125095639 13.0457579968 2.01774944322 5.09632318127 9.39093936611 65.3770084162 ;
58.4427416322 3.35755923279 3.21389620158 1.34580669425 0.463238059421 16.9150056412 2.39159458443 185.382098533 11401.8962956 104.63115833 15.6487006714 1.95247967299 2.6685683012 5.04204345109 69.767675818 ;
41.2564972687 10.2216106605 1.74983446449 0.0 0.0 4.30313689786 0.0725045522265 291.361695084 11864.7877421 67.7286873034 9.36734972731 1.77377344514 4.56408569722 7.87668681807 48.5894305579 ;
32.7987496675 4.57990822027 1.69353551476 0.0 0.0 5.03913939878 0.122206703911 107.855912477 3669.61206438 43.1321827614 3.85904591135 1.6891344251 2.96298947073 4.8468264312 34.1712223996 ;
41.2544062888 10.2209350434 1.75014480761 0.0 0.0 4.30554406289 0.0726520479934 291.366942491 11864.4952834 67.7254447662 9.36663952535 1.77351555359 4.56438569081 7.87662369737 48.586429458 ;
32.7978447416 4.57975786603 1.69334131577 0.0 0.0 5.0381826648 0.122164571277 107.817933879 3668.17504823 43.1290826848 3.85823280269 1.68928002614 2.96252221729 4.84635056709 34.1696933413 ;
58.4392742997 3.35692799398 3.21338597481 1.3455536755 0.463150968227 16.9129535627 2.39123895469 185.341511562 11398.8868208 104.617785298 15.6459482463 1.95278996928 2.66797462942 5.04125756476 69.7606692987 ;
49.5076540375 9.46632223498 6.39973210869 1.15135859166 0.73153463452 7.61691542289 0.58840413318 233.609261385 13108.7154612 85.7370838117 13.0520031358 2.01740068148 5.09792325965 9.39375449165 65.395713739 ;
32.7997273846 4.57957378902 1.69350709798 0.0 0.0 5.03936301074 0.122244755477 107.897835699 3671.19551847 43.135376841 3.85975490122 1.68908044782 2.96324149037 4.84708810602 34.172678613 ;
49.4958883152 9.45706636068 6.3977816026 1.15069803022 0.731114935934 7.62688850641 0.589405240008 233.45534519 13096.8123924 85.7014725569 13.0436089784 2.01768807666 5.09567990973 9.38986856255 65.3685217059 ;
41.2582274289 10.2251107339 1.74967918202 0.0 0.0 4.30127913234 0.0722771867368 291.370120462 11865.8106967 67.7332450221 9.36821818383 1.77392592804 4.56421345862 7.8772381158 48.5928716314 ;
58.4439116126 3.35768688293 3.21410437236 1.3459332393 0.463281617301 16.9161259991 2.39181946403 185.394734368 11402.745275 104.635166902 15.6496497335 1.95236572305 2.66870715917 5.04216293793 69.7698166432 ;
41.2540542777 10.2205858018 1.75012411054 0.0 0.0 4.30589111369 0.0726874069171 291.36244415 11864.2334519 67.7245573391 9.36648932096 1.77350421913 4.56431155723 7.87646874042 48.5858844945 ;
32.7975651943 4.57966338478 1.69335417775 0.0 0.0 5.03795236828 0.12213943587 107.809340075 3667.84030734 43.1281599255 3.85798712437 1.68928353551 2.96247525846 4.84627356713 34.1691724321 ;
58.4389395506 3.35696154931 3.21359405848 1.34558616151 0.463100498261 16.9143555514 2.39146375858 185.265300367 11394.0635518 104.615399079 15.6455718411 1.9527952341 2.66783504633 5.04099098845 69.7598006957 ;
49.5100440023 9.46508513488 6.39869906256 1.15132963459 0.731585995791 7.61584082648 0.588291563038 233.755117658 13118.2037498 85.7455519418 13.0532653831 2.01737760657 5.09774242871 9.39346428223 65.3983164339 ;
58.443034405 3.35739800714 3.21347997744 1.3455536755 0.463244970859 16.912107539 2.39114495206 185.365106223 11400.9478285 104.629817635 15.6488089187 1.95266910532 2.66828249102 5.04173375814 69.7680955067 ;
49.5 9.46536548029 6.39954075775 1.15135859166 0.731343283582 7.61863758132 0.588595484118 233.5612323 13104.5200918 85.7125908917 13.0461799759 2.01764671112 5.09729657928 9.39278515656 65.3805970149 ;
32.798230736 4.58009910539 1.69340516811 0.0 0.0 5.03854468057 0.122185639695 107.821843094 3668.34643653 43.1299677409 3.85851302561 1.68926429723 2.96265175647 4.8465132023 34.1702417772 ;
41.2549757934 10.2212107419 1.75007241279 0.0 0.0 4.30500268962 0.0726196880043 291.384863657 11865.2994993 67.7273968635 9.36697465992 1.77354558046 4.56442336519 7.87679751047 48.5875367236 ;
32.7975651943 4.57966338478 1.69335417775 0.0 0.0 5.03795236828 0.12213943587 107.809340075 3667.84030734 43.1281599255 3.85798712437 1.68928353551 2.96247525846 4.84627356713 34.1691724321 ;
58.4389395506 3.35696154931 3.21359405848 1.34558616151 0.463100498261 16.9143555514 2.39146375858 185.265300367 11394.0635518 104.615399079 15.6455718411 1.9527952341 2.66783504633 5.04099098845 69.7598006957 ;
49.5100440023 9.46508513488 6.39869906256 1.15132963459 0.731585995791 7.61584082648 0.588291563038 233.755117658 13118.2037498 85.7455519418 13.0532653831 2.01737760657 5.09774242871 9.39346428223 65.3983164339 ;
41.2540542777 10.2205858018 1.75012411054 0.0 0.0 4.30589111369 0.0726874069171 291.36244415 11864.2334519 67.7245573391 9.36648932096 1.77350421913 4.56431155723 7.87646874042 48.5858844945 ;
32.7987496675 4.57990822027 1.69353551476 0.0 0.0 5.03913939878 0.122206703911 107.855912477 3669.61206438 43.1321827614 3.85904591135 1.6891344251 2.96298947073 4.8468264312 34.1712223996 ;
58.4427416322 3.35755923279 3.21389620158 1.34580669425 0.463238059421 16.9150056412 2.39159458443 185.382098533 11401.8962956 104.63115833 15.6487006714 1.95247967299 2.6685683012 5.04204345109 69.767675818 ;
49.4988523336 9.46518745218 6.39785768936 1.15091813313 0.731254781943 7.62107880643 0.588752869166 233.524674828 13101.7278118 85.7125095639 13.0457579968 2.01774944322 5.09632318127 9.39093936611 65.3770084162 ;
41.2564972687 10.2216106605 1.74983446449 0.0 0.0 4.30313689786 0.0725045522265 291.361695084 11864.7877421 67.7286873034 9.36734972731 1.77377344514 4.56408569722 7.87668681807 48.5894305579 ;
32.7987496675 4.57990822027 1.69353551476 0.0 0.0 5.03913939878 0.122206703911 107.855912477 3669.61206438 43.1321827614 3.85904591135 1.6891344251 2.96298947073 4.8468264312 34.1712223996 ;
49.4988523336 9.46518745218 6.39785768936 1.15091813313 0.731254781943 7.62107880643 0.588752869166 233.524674828 13101.7278118 85.7125095639 13.0457579968 2.01774944322 5.09632318127 9.39093936611 65.3770084162 ;
58.4427416322 3.35755923279 3.21389620158 1.34580669425 0.463238059421 16.9150056412 2.39159458443 185.382098533 11401.8962956 104.63115833 15.6487006714 1.95247967299 2.6685683012 5.04204345109 69.767675818 ;
41.2564972687 10.2216106605 1.74983446449 0.0 0.0 4.30313689786 0.0725045522265 291.361695084 11864.7877421 67.7286873034 9.36734972731 1.77377344514 4.56408569722 7.87668681807 48.5894305579 ;
58.4427416322 3.35755923279 3.21389620158 1.34580669425 0.463238059421 16.9150056412 2.39159458443 185.382098533 11401.8962956 104.63115833 15.6487006714 1.95247967299 2.6685683012 5.04204345109 69.767675818 ;
49.4988523336 9.46518745218 6.39785768936 1.15091813313 0.731254781943 7.62107880643 0.588752869166 233.524674828 13101.7278118 85.7125095639 13.0457579968 2.01774944322 5.09632318127 9.39093936611 65.3770084162 ;
41.2564972687 10.2216106605 1.74983446449 0.0 0.0 4.30313689786 0.0725045522265 291.361695084 11864.7877421 67.7286873034 9.36734972731 1.77377344514 4.56408569722 7.87668681807 48.5894305579 ;
32.7987496675 4.57990822027 1.69353551476 0.0 0.0 5.03913939878 0.122206703911 107.855912477 3669.61206438 43.1321827614 3.85904591135 1.6891344251 2.96298947073 4.8468264312 34.1712223996 ;
58.4439116126 3.35768688293 3.21410437236 1.3459332393 0.463281617301 16.9161259991 2.39181946403 185.394734368 11402.745275 104.635166902 15.6496497335 1.95236572305 2.66870715917 5.04216293793 69.7698166432 ;
49.4958883152 9.45706636068 6.3977816026 1.15069803022 0.731114935934 7.62688850641 0.589405240008 233.45534519 13096.8123924 85.7014725569 13.0436089784 2.01768807666 5.09567990973 9.38986856255 65.3685217059 ;
41.2582274289 10.2251107339 1.74967918202 0.0 0.0 4.30127913234 0.0722771867368 291.370120462 11865.8106967 67.7332450221 9.36821818383 1.77392592804 4.56421345862 7.8772381158 48.5928716314 ;
32.7997273846 4.57957378902 1.69350709798 0.0 0.0 5.03936301074 0.122244755477 107.897835699 3671.19551847 43.135376841 3.85975490122 1.68908044782 2.96324149037 4.84708810602 34.172678613 ;
32.7987496675 4.57990822027 1.69353551476 0.0 0.0 5.03913939878 0.122206703911 107.855912477 3669.61206438 43.1321827614 3.85904591135 1.6891344251 2.96298947073 4.8468264312 34.1712223996 ;
41.2564972687 10.2216106605 1.74983446449 0.0 0.0 4.30313689786 0.0725045522265 291.361695084 11864.7877421 67.7286873034 9.36734972731 1.77377344514 4.56408569722 7.87668681807 48.5894305579 ;
49.4988523336 9.46518745218 6.39785768936 1.15091813313 0.731254781943 7.62107880643 0.588752869166 233.524674828 13101.7278118 85.7125095639 13.0457579968 2.01774944322 5.09632318127 9.39093936611 65.3770084162 ;
58.4427416322 3.35755923279 3.21389620158 1.34580669425 0.463238059421 16.9150056412 2.39159458443 185.382098533 11401.8962956 104.63115833 15.6487006714 1.95247967299 2.6685683012 5.04204345109 69.767675818 ;
58.4439116126 3.35768688293 3.21410437236 1.3459332393 0.463281617301 16.9161259991 2.39181946403 185.394734368 11402.745275 104.635166902 15.6496497335 1.95236572305 2.66870715917 5.04216293793 69.7698166432 ;
41.2582274289 10.2251107339 1.74967918202 0.0 0.0 4.30127913234 0.0722771867368 291.370120462 11865.8106967 67.7332450221 9.36821818383 1.77392592804 4.56421345862 7.8772381158 48.5928716314 ;
49.4958883152 9.45706636068 6.3977816026 1.15069803022 0.731114935934 7.62688850641 0.589405240008 233.45534519 13096.8123924 85.7014725569 13.0436089784 2.01768807666 5.09567990973 9.38986856255 65.3685217059 ;
32.7997273846 4.57957378902 1.69350709798 0.0 0.0 5.03936301074 0.122244755477 107.897835699 3671.19551847 43.135376841 3.85975490122 1.68908044782 2.96324149037 4.84708810602 34.172678613 ;
32.7987496675 4.57990822027 1.69353551476 0.0 0.0 5.03913939878 0.122206703911 107.855912477 3669.61206438 43.1321827614 3.85904591135 1.6891344251 2.96298947073 4.8468264312 34.1712223996 ;
49.4988523336 9.46518745218 6.39785768936 1.15091813313 0.731254781943 7.62107880643 0.588752869166 233.524674828 13101.7278118 85.7125095639 13.0457579968 2.01774944322 5.09632318127 9.39093936611 65.3770084162 ;
41.2564972687 10.2216106605 1.74983446449 0.0 0.0 4.30313689786 0.0725045522265 291.361695084 11864.7877421 67.7286873034 9.36734972731 1.77377344514 4.56408569722 7.87668681807 48.5894305579 ;
58.4427416322 3.35755923279 3.21389620158 1.34580669425 0.463238059421 16.9150056412 2.39159458443 185.382098533 11401.8962956 104.63115833 15.6487006714 1.95247967299 2.6685683012 5.04204345109 69.767675818 ;
32.7975651943 4.57966338478 1.69335417775 0.0 0.0 5.03795236828 0.12213943587 107.809340075 3667.84030734 43.1281599255 3.85798712437 1.68928353551 2.96247525846 4.84627356713 34.1691724321 ;
49.5100440023 9.46508513488 6.39869906256 1.15132963459 0.731585995791 7.61584082648 0.588291563038 233.755117658 13118.2037498 85.7455519418 13.0532653831 2.01737760657 5.09774242871 9.39346428223 65.3983164339 ;
41.2540542777 10.2205858018 1.75012411054 0.0 0.0 4.30589111369 0.0726874069171 291.36244415 11864.2334519 67.7245573391 9.36648932096 1.77350421913 4.56431155723 7.87646874042 48.5858844945 ;
58.4389395506 3.35696154931 3.21359405848 1.34558616151 0.463100498261 16.9143555514 2.39146375858 185.265300367 11394.0635518 104.615399079 15.6455718411 1.9527952341 2.66783504633 5.04099098845 69.7598006957 ;
32.7975651943 4.57966338478 1.69335417775 0.0 0.0 5.03795236828 0.12213943587 107.809340075 3667.84030734 43.1281599255 3.85798712437 1.68928353551 2.96247525846 4.84627356713 34.1691724321 ;
41.2540542777 10.2205858018 1.75012411054 0.0 0.0 4.30589111369 0.0726874069171 291.36244415 11864.2334519 67.7245573391 9.36648932096 1.77350421913 4.56431155723 7.87646874042 48.5858844945 ;
58.4389395506 3.35696154931 3.21359405848 1.34558616151 0.463100498261 16.9143555514 2.39146375858 185.265300367 11394.0635518 104.615399079 15.6455718411 1.9527952341 2.66783504633 5.04099098845 69.7598006957 ;
49.5100440023 9.46508513488 6.39869906256 1.15132963459 0.731585995791 7.61584082648 0.588291563038 233.755117658 13118.2037498 85.7455519418 13.0532653831 2.01737760657 5.09774242871 9.39346428223 65.3983164339 ;
58.4389395506 3.35696154931 3.21359405848 1.34558616151 0.463100498261 16.9143555514 2.39146375858 185.265300367 11394.0635518 104.615399079 15.6455718411 1.9527952341 2.66783504633 5.04099098845 69.7598006957 ;
32.7975651943 4.57966338478 1.69335417775 0.0 0.0 5.03795236828 0.12213943587 107.809340075 3667.84030734 43.1281599255 3.85798712437 1.68928353551 2.96247525846 4.84627356713 34.1691724321 ;
49.5100440023 9.46508513488 6.39869906256 1.15132963459 0.731585995791 7.61584082648 0.588291563038 233.755117658 13118.2037498 85.7455519418 13.0532653831 2.01737760657 5.09774242871 9.39346428223 65.3983164339 ;
41.2540542777 10.2205858018 1.75012411054 0.0 0.0 4.30589111369 0.0726874069171 291.36244415 11864.2334519 67.7245573391 9.36648932096 1.77350421913 4.56431155723 7.87646874042 48.5858844945 ;
32.7987496675 4.57990822027 1.69353551476 0.0 0.0 5.03913939878 0.122206703911 107.855912477 3669.61206438 43.1321827614 3.85904591135 1.6891344251 2.96298947073 4.8468264312 34.1712223996 ;
41.2564972687 10.2216106605 1.74983446449 0.0 0.0 4.30313689786 0.0725045522265 291.361695084 11864.7877421 67.7286873034 9.36734972731 1.77377344514 4.56408569722 7.87668681807 48.5894305579 ;
58.4427416322 3.35755923279 3.21389620158 1.34580669425 0.463238059421 16.9150056412 2.39159458443 185.382098533 11401.8962956 104.63115833 15.6487006714 1.95247967299 2.6685683012 5.04204345109 69.767675818 ;
49.4988523336 9.46518745218 6.39785768936 1.15091813313 0.731254781943 7.62107880643 0.588752869166 233.524674828 13101.7278118 85.7125095639 13.0457579968 2.01774944322 5.09632318127 9.39093936611 65.3770084162 ;
49.4958883152 9.45706636068 6.3977816026 1.15069803022 0.731114935934 7.62688850641 0.589405240008 233.45534519 13096.8123924 85.7014725569 13.0436089784 2.01768807666 5.09567990973 9.38986856255 65.3685217059 ;
58.4439116126 3.35768688293 3.21410437236 1.3459332393 0.463281617301 16.9161259991 2.39181946403 185.394734368 11402.745275 104.635166902 15.6496497335 1.95236572305 2.66870715917 5.04216293793 69.7698166432 ;
41.2582274289 10.2251107339 1.74967918202 0.0 0.0 4.30127913234 0.0722771867368 291.370120462 11865.8106967 67.7332450221 9.36821818383 1.77392592804 4.56421345862 7.8772381158 48.5928716314 ;
32.7997273846 4.57957378902 1.69350709798 0.0 0.0 5.03936301074 0.122244755477 107.897835699 3671.19551847 43.135376841 3.85975490122 1.68908044782 2.96324149037 4.84708810602 34.172678613 ;
32.7997273846 4.57957378902 1.69350709798 0.0 0.0 5.03936301074 0.122244755477 107.897835699 3671.19551847 43.135376841 3.85975490122 1.68908044782 2.96324149037 4.84708810602 34.172678613 ;
49.4958883152 9.45706636068 6.3977816026 1.15069803022 0.731114935934 7.62688850641 0.589405240008 233.45534519 13096.8123924 85.7014725569 13.0436089784 2.01768807666 5.09567990973 9.38986856255 65.3685217059 ;
41.2582274289 10.2251107339 1.74967918202 0.0 0.0 4.30127913234 0.0722771867368 291.370120462 11865.8106967 67.7332450221 9.36821818383 1.77392592804 4.56421345862 7.8772381158 48.5928716314 ;
58.4439116126 3.35768688293 3.21410437236 1.3459332393 0.463281617301 16.9161259991 2.39181946403 185.394734368 11402.745275 104.635166902 15.6496497335 1.95236572305 2.66870715917 5.04216293793 69.7698166432 ;
58.4427416322 3.35755923279 3.21389620158 1.34580669425 0.463238059421 16.9150056412 2.39159458443 185.382098533 11401.8962956 104.63115833 15.6487006714 1.95247967299 2.6685683012 5.04204345109 69.767675818 ;
49.4988523336 9.46518745218 6.39785768936 1.15091813313 0.731254781943 7.62107880643 0.588752869166 233.524674828 13101.7278118 85.7125095639 13.0457579968 2.01774944322 5.09632318127 9.39093936611 65.3770084162 ;
32.7987496675 4.57990822027 1.69353551476 0.0 0.0 5.03913939878 0.122206703911 107.855912477 3669.61206438 43.1321827614 3.85904591135 1.6891344251 2.96298947073 4.8468264312 34.1712223996 ;
41.2564972687 10.2216106605 1.74983446449 0.0 0.0 4.30313689786 0.0725045522265 291.361695084 11864.7877421 67.7286873034 9.36734972731 1.77377344514 4.56408569722 7.87668681807 48.5894305579 ;
58.4439116126 3.35768688293 3.21410437236 1.3459332393 0.463281617301 16.9161259991 2.39181946403 185.394734368 11402.745275 104.635166902 15.6496497335 1.95236572305 2.66870715917 5.04216293793 69.7698166432 ;
41.2582274289 10.2251107339 1.74967918202 0.0 0.0 4.30127913234 0.0722771867368 291.370120462 11865.8106967 67.7332450221 9.36821818383 1.77392592804 4.56421345862 7.8772381158 48.5928716314 ;
32.7997273846 4.57957378902 1.69350709798 0.0 0.0 5.03936301074 0.122244755477 107.897835699 3671.19551847 43.135376841 3.85975490122 1.68908044782 2.96324149037 4.84708810602 34.172678613 ;
49.4958883152 9.45706636068 6.3977816026 1.15069803022 0.731114935934 7.62688850641 0.589405240008 233.45534519 13096.8123924 85.7014725569 13.0436089784 2.01768807666 5.09567990973 9.38986856255 65.3685217059 ;
49.4988523336 9.46518745218 6.39785768936 1.15091813313 0.731254781943 7.62107880643 0.588752869166 233.524674828 13101.7278118 85.7125095639 13.0457579968 2.01774944322 5.09632318127 9.39093936611 65.3770084162 ;
58.4427416322 3.35755923279 3.21389620158 1.34580669425 0.463238059421 16.9150056412 2.39159458443 185.382098533 11401.8962956 104.63115833 15.6487006714 1.95247967299 2.6685683012 5.04204345109 69.767675818 ;
41.2564972687 10.2216106605 1.74983446449 0.0 0.0 4.30313689786 0.0725045522265 291.361695084 11864.7877421 67.7286873034 9.36734972731 1.77377344514 4.56408569722 7.87668681807 48.5894305579 ;
32.7987496675 4.57990822027 1.69353551476 0.0 0.0 5.03913939878 0.122206703911 107.855912477 3669.61206438 43.1321827614 3.85904591135 1.6891344251 2.96298947073 4.8468264312 34.1712223996 ;
32.7997273846 4.57957378902 1.69350709798 0.0 0.0 5.03936301074 0.122244755477 107.897835699 3671.19551847 43.135376841 3.85975490122 1.68908044782 2.96324149037 4.84708810602 34.172678613 ;
49.4958883152 9.45706636068 6.3977816026 1.15069803022 0.731114935934 7.62688850641 0.589405240008 233.45534519 13096.8123924 85.7014725569 13.0436089784 2.01768807666 5.09567990973 9.38986856255 65.3685217059 ;
41.2582274289 10.2251107339 1.74967918202 0.0 0.0 4.30127913234 0.0722771867368 291.370120462 11865.8106967 67.7332450221 9.36821818383 1.77392592804 4.56421345862 7.8772381158 48.5928716314 ;
58.4439116126 3.35768688293 3.21410437236 1.3459332393 0.463281617301 16.9161259991 2.39181946403 185.394734368 11402.745275 104.635166902 15.6496497335 1.95236572305 2.66870715917 5.04216293793 69.7698166432 ;
32.7997273846 4.57957378902 1.69350709798 0.0 0.0 5.03936301074 0.122244755477 107.897835699 3671.19551847 43.135376841 3.85975490122 1.68908044782 2.96324149037 4.84708810602 34.172678613 ;
41.2582274289 10.2251107339 1.74967918202 0.0 0.0 4.30127913234 0.0722771867368 291.370120462 11865.8106967 67.7332450221 9.36821818383 1.77392592804 4.56421345862 7.8772381158 48.5928716314 ;
49.4958883152 9.45706636068 6.3977816026 1.15069803022 0.731114935934 7.62688850641 0.589405240008 233.45534519 13096.8123924 85.7014725569 13.0436089784 2.01768807666 5.09567990973 9.38986856255 65.3685217059 ;
58.4439116126 3.35768688293 3.21410437236 1.3459332393 0.463281617301 16.9161259991 2.39181946403 185.394734368 11402.745275 104.635166902 15.6496497335 1.95236572305 2.66870715917 5.04216293793 69.7698166432 ;
32.7978447416 4.57975786603 1.69334131577 0.0 0.0 5.0381826648 0.122164571277 107.817933879 3668.17504823 43.1290826848 3.85823280269 1.68928002614 2.96252221729 4.84635056709 34.1696933413 ;
41.2544062888 10.2209350434 1.75014480761 0.0 0.0 4.30554406289 0.0726520479934 291.366942491 11864.4952834 67.7254447662 9.36663952535 1.77351555359 4.56438569081 7.87662369737 48.586429458 ;
49.5076540375 9.46632223498 6.39973210869 1.15135859166 0.73153463452 7.61691542289 0.58840413318 233.609261385 13108.7154612 85.7370838117 13.0520031358 2.01740068148 5.09792325965 9.39375449165 65.395713739 ;
58.4392742997 3.35692799398 3.21338597481 1.3455536755 0.463150968227 16.9129535627 2.39123895469 185.341511562 11398.8868208 104.617785298 15.6459482463 1.95278996928 2.66797462942 5.04125756476 69.7606692987 ;
32.7978447416 4.57975786603 1.69334131577 0.0 0.0 5.0381826648 0.122164571277 107.817933879 3668.17504823 43.1290826848 3.85823280269 1.68928002614 2.96252221729 4.84635056709 34.1696933413 ;
58.4392742997 3.35692799398 3.21338597481 1.3455536755 0.463150968227 16.9129535627 2.39123895469 185.341511562 11398.8868208 104.617785298 15.6459482463 1.95278996928 2.66797462942 5.04125756476 69.7606692987 ;
41.2544062888 10.2209350434 1.75014480761 0.0 0.0 4.30554406289 0.0726520479934 291.366942491 11864.4952834 67.7254447662 9.36663952535 1.77351555359 4.56438569081 7.87662369737 48.586429458 ;
49.5076540375 9.46632223498 6.39973210869 1.15135859166 0.73153463452 7.61691542289 0.58840413318 233.609261385 13108.7154612 85.7370838117 13.0520031358 2.01740068148 5.09792325965 9.39375449165 65.395713739 ;
58.4439116126 3.35768688293 3.21410437236 1.3459332393 0.463281617301 16.9161259991 2.39181946403 185.394734368 11402.745275 104.635166902 15.6496497335 1.95236572305 2.66870715917 5.04216293793 69.7698166432 ;
49.4958883152 9.45706636068 6.3977816026 1.15069803022 0.731114935934 7.62688850641 0.589405240008 233.45534519 13096.8123924 85.7014725569 13.0436089784 2.01768807666 5.09567990973 9.38986856255 65.3685217059 ;
32.7997273846 4.57957378902 1.69350709798 0.0 0.0 5.03936301074 0.122244755477 107.897835699 3671.19551847 43.135376841 3.85975490122 1.68908044782 2.96324149037 4.84708810602 34.172678613 ;
41.2582274289 10.2251107339 1.74967918202 0.0 0.0 4.30127913234 0.0722771867368 291.370120462 11865.8106967 67.7332450221 9.36821818383 1.77392592804 4.56421345862 7.8772381158 48.5928716314 ;
32.7997273846 4.57957378902 1.69350709798 0.0 0.0 5.03936301074 0.122244755477 107.897835699 3671.19551847 43.135376841 3.85975490122 1.68908044782 2.96324149037 4.84708810602 34.172678613 ;
49.4958883152 9.45706636068 6.3977816026 1.15069803022 0.731114935934 7.62688850641 0.589405240008 233.45534519 13096.8123924 85.7014725569 13.0436089784 2.01768807666 5.09567990973 9.38986856255 65.3685217059 ;
58.4439116126 3.35768688293 3.21410437236 1.3459332393 0.463281617301 16.9161259991 2.39181946403 185.394734368 11402.745275 104.635166902 15.6496497335 1.95236572305 2.66870715917 5.04216293793 69.7698166432 ;
41.2582274289 10.2251107339 1.74967918202 0.0 0.0 4.30127913234 0.0722771867368 291.370120462 11865.8106967 67.7332450221 9.36821818383 1.77392592804 4.56421345862 7.8772381158 48.5928716314 ;
32.7987496675 4.57990822027 1.69353551476 0.0 0.0 5.03913939878 0.122206703911 107.855912477 3669.61206438 43.1321827614 3.85904591135 1.6891344251 2.96298947073 4.8468264312 34.1712223996 ;
49.4988523336 9.46518745218 6.39785768936 1.15091813313 0.731254781943 7.62107880643 0.588752869166 233.524674828 13101.7278118 85.7125095639 13.0457579968 2.01774944322 5.09632318127 9.39093936611 65.3770084162 ;
41.2564972687 10.2216106605 1.74983446449 0.0 0.0 4.30313689786 0.0725045522265 291.361695084 11864.7877421 67.7286873034 9.36734972731 1.77377344514 4.56408569722 7.87668681807 48.5894305579 ;
58.4427416322 3.35755923279 3.21389620158 1.34580669425 0.463238059421 16.9150056412 2.39159458443 185.382098533 11401.8962956 104.63115833 15.6487006714 1.95247967299 2.6685683012 5.04204345109 69.767675818 ;
32.7978447416 4.57975786603 1.69334131577 0.0 0.0 5.0381826648 0.122164571277 107.817933879 3668.17504823 43.1290826848 3.85823280269 1.68928002614 2.96252221729 4.84635056709 34.1696933413 ;
41.2544062888 10.2209350434 1.75014480761 0.0 0.0 4.30554406289 0.0726520479934 291.366942491 11864.4952834 67.7254447662 9.36663952535 1.77351555359 4.56438569081 7.87662369737 48.586429458 ;
58.4392742997 3.35692799398 3.21338597481 1.3455536755 0.463150968227 16.9129535627 2.39123895469 185.341511562 11398.8868208 104.617785298 15.6459482463 1.95278996928 2.66797462942 5.04125756476 69.7606692987 ;
49.5076540375 9.46632223498 6.39973210869 1.15135859166 0.73153463452 7.61691542289 0.58840413318 233.609261385 13108.7154612 85.7370838117 13.0520031358 2.01740068148 5.09792325965 9.39375449165 65.395713739 ;
41.2564972687 10.2216106605 1.74983446449 0.0 0.0 4.30313689786 0.0725045522265 291.361695084 11864.7877421 67.7286873034 9.36734972731 1.77377344514 4.56408569722 7.87668681807 48.5894305579 ;
32.7987496675 4.57990822027 1.69353551476 0.0 0.0 5.03913939878 0.122206703911 107.855912477 3669.61206438 43.1321827614 3.85904591135 1.6891344251 2.96298947073 4.8468264312 34.1712223996 ;
49.4988523336 9.46518745218 6.39785768936 1.15091813313 0.731254781943 7.62107880643 0.588752869166 233.524674828 13101.7278118 85.7125095639 13.0457579968 2.01774944322 5.09632318127 9.39093936611 65.3770084162 ;
58.4427416322 3.35755923279 3.21389620158 1.34580669425 0.463238059421 16.9150056412 2.39159458443 185.382098533 11401.8962956 104.63115833 15.6487006714 1.95247967299 2.6685683012 5.04204345109 69.767675818 ;
32.7975651943 4.57966338478 1.69335417775 0.0 0.0 5.03795236828 0.12213943587 107.809340075 3667.84030734 43.1281599255 3.85798712437 1.68928353551 2.96247525846 4.84627356713 34.1691724321 ;
41.2540542777 10.2205858018 1.75012411054 0.0 0.0 4.30589111369 0.0726874069171 291.36244415 11864.2334519 67.7245573391 9.36648932096 1.77350421913 4.56431155723 7.87646874042 48.5858844945 ;
58.4389395506 3.35696154931 3.21359405848 1.34558616151 0.463100498261 16.9143555514 2.39146375858 185.265300367 11394.0635518 104.615399079 15.6455718411 1.9527952341 2.66783504633 5.04099098845 69.7598006957 ;
49.5100440023 9.46508513488 6.39869906256 1.15132963459 0.731585995791 7.61584082648 0.588291563038 233.755117658 13118.2037498 85.7455519418 13.0532653831 2.01737760657 5.09774242871 9.39346428223 65.3983164339 ;
32.7975651943 4.57966338478 1.69335417775 0.0 0.0 5.03795236828 0.12213943587 107.809340075 3667.84030734 43.1281599255 3.85798712437 1.68928353551 2.96247525846 4.84627356713 34.1691724321 ;
41.2540542777 10.2205858018 1.75012411054 0.0 0.0 4.30589111369 0.0726874069171 291.36244415 11864.2334519 67.7245573391 9.36648932096 1.77350421913 4.56431155723 7.87646874042 48.5858844945 ;
58.4389395506 3.35696154931 3.21359405848 1.34558616151 0.463100498261 16.9143555514 2.39146375858 185.265300367 11394.0635518 104.615399079 15.6455718411 1.9527952341 2.66783504633 5.04099098845 69.7598006957 ;
49.5100440023 9.46508513488 6.39869906256 1.15132963459 0.731585995791 7.61584082648 0.588291563038 233.755117658 13118.2037498 85.7455519418 13.0532653831 2.01737760657 5.09774242871 9.39346428223 65.3983164339 ;
58.4439116126 3.35768688293 3.21410437236 1.3459332393 0.463281617301 16.9161259991 2.39181946403 185.394734368 11402.745275 104.635166902 15.6496497335 1.95236572305 2.66870715917 5.04216293793 69.7698166432 ;
49.4958883152 9.45706636068 6.3977816026 1.15069803022 0.731114935934 7.62688850641 0.589405240008 233.45534519 13096.8123924 85.7014725569 13.0436089784 2.01768807666 5.09567990973 9.38986856255 65.3685217059 ;
41.2582274289 10.2251107339 1.74967918202 0.0 0.0 4.30127913234 0.0722771867368 291.370120462 11865.8106967 67.7332450221 9.36821818383 1.77392592804 4.56421345862 7.8772381158 48.5928716314 ;
32.7997273846 4.57957378902 1.69350709798 0.0 0.0 5.03936301074 0.122244755477 107.897835699 3671.19551847 43.135376841 3.85975490122 1.68908044782 2.96324149037 4.84708810602 34.172678613 ;
32.7975651943 4.57966338478 1.69335417775 0.0 0.0 5.03795236828 0.12213943587 107.809340075 3667.84030734 43.1281599255 3.85798712437 1.68928353551 2.96247525846 4.84627356713 34.1691724321 ;
41.2540542777 10.2205858018 1.75012411054 0.0 0.0 4.30589111369 0.0726874069171 291.36244415 11864.2334519 67.7245573391 9.36648932096 1.77350421913 4.56431155723 7.87646874042 48.5858844945 ;
58.4389395506 3.35696154931 3.21359405848 1.34558616151 0.463100498261 16.9143555514 2.39146375858 185.265300367 11394.0635518 104.615399079 15.6455718411 1.9527952341 2.66783504633 5.04099098845 69.7598006957 ;
49.5100440023 9.46508513488 6.39869906256 1.15132963459 0.731585995791 7.61584082648 0.588291563038 233.755117658 13118.2037498 85.7455519418 13.0532653831 2.01737760657 5.09774242871 9.39346428223 65.3983164339 ;
58.4439116126 3.35768688293 3.21410437236 1.3459332393 0.463281617301 16.9161259991 2.39181946403 185.394734368 11402.745275 104.635166902 15.6496497335 1.95236572305 2.66870715917 5.04216293793 69.7698166432 ;
49.4958883152 9.45706636068 6.3977816026 1.15069803022 0.731114935934 7.62688850641 0.589405240008 233.45534519 13096.8123924 85.7014725569 13.0436089784 2.01768807666 5.09567990973 9.38986856255 65.3685217059 ;
41.2582274289 10.2251107339 1.74967918202 0.0 0.0 4.30127913234 0.0722771867368 291.370120462 11865.8106967 67.7332450221 9.36821818383 1.77392592804 4.56421345862 7.8772381158 48.5928716314 ;
32.7997273846 4.57957378902 1.69350709798 0.0 0.0 5.03936301074 0.122244755477 107.897835699 3671.19551847 43.135376841 3.85975490122 1.68908044782 2.96324149037 4.84708810602 34.172678613 ;
58.4439116126 3.35768688293 3.21410437236 1.3459332393 0.463281617301 16.9161259991 2.39181946403 185.394734368 11402.745275 104.635166902 15.6496497335 1.95236572305 2.66870715917 5.04216293793 69.7698166432 ;
49.4958883152 9.45706636068 6.3977816026 1.15069803022 0.731114935934 7.62688850641 0.589405240008 233.45534519 13096.8123924 85.7014725569 13.0436089784 2.01768807666 5.09567990973 9.38986856255 65.3685217059 ;
41.2582274289 10.2251107339 1.74967918202 0.0 0.0 4.30127913234 0.0722771867368 291.370120462 11865.8106967 67.7332450221 9.36821818383 1.77392592804 4.56421345862 7.8772381158 48.5928716314 ;
32.7997273846 4.57957378902 1.69350709798 0.0 0.0 5.03936301074 0.122244755477 107.897835699 3671.19551847 43.135376841 3.85975490122 1.68908044782 2.96324149037 4.84708810602 34.172678613 ;
32.7975651943 4.57966338478 1.69335417775 0.0 0.0 5.03795236828 0.12213943587 107.809340075 3667.84030734 43.1281599255 3.85798712437 1.68928353551 2.96247525846 4.84627356713 34.1691724321 ;
41.2540542777 10.2205858018 1.75012411054 0.0 0.0 4.30589111369 0.0726874069171 291.36244415 11864.2334519 67.7245573391 9.36648932096 1.77350421913 4.56431155723 7.87646874042 48.5858844945 ;
58.4389395506 3.35696154931 3.21359405848 1.34558616151 0.463100498261 16.9143555514 2.39146375858 185.265300367 11394.0635518 104.615399079 15.6455718411 1.9527952341 2.66783504633 5.04099098845 69.7598006957 ;
49.5100440023 9.46508513488 6.39869906256 1.15132963459 0.731585995791 7.61584082648 0.588291563038 233.755117658 13118.2037498 85.7455519418 13.0532653831 2.01737760657 5.09774242871 9.39346428223 65.3983164339 ;
58.4439116126 3.35768688293 3.21410437236 1.3459332393 0.463281617301 16.9161259991 2.39181946403 185.394734368 11402.745275 104.635166902 15.6496497335 1.95236572305 2.66870715917 5.04216293793 69.7698166432 ;
49.4958883152 9.45706636068 6.3977816026 1.15069803022 0.731114935934 7.62688850641 0.589405240008 233.45534519 13096.8123924 85.7014725569 13.0436089784 2.01768807666 5.09567990973 9.38986856255 65.3685217059 ;
41.2582274289 10.2251107339 1.74967918202 0.0 0.0 4.30127913234 0.0722771867368 291.370120462 11865.8106967 67.7332450221 9.36821818383 1.77392592804 4.56421345862 7.8772381158 48.5928716314 ;
32.7997273846 4.57957378902 1.69350709798 0.0 0.0 5.03936301074 0.122244755477 107.897835699 3671.19551847 43.135376841 3.85975490122 1.68908044782 2.96324149037 4.84708810602 34.172678613 ;
58.4389395506 3.35696154931 3.21359405848 1.34558616151 0.463100498261 16.9143555514 2.39146375858 185.265300367 11394.0635518 104.615399079 15.6455718411 1.9527952341 2.66783504633 5.04099098845 69.7598006957 ;
32.7975651943 4.57966338478 1.69335417775 0.0 0.0 5.03795236828 0.12213943587 107.809340075 3667.84030734 43.1281599255 3.85798712437 1.68928353551 2.96247525846 4.84627356713 34.1691724321 ;
41.2540542777 10.2205858018 1.75012411054 0.0 0.0 4.30589111369 0.0726874069171 291.36244415 11864.2334519 67.7245573391 9.36648932096 1.77350421913 4.56431155723 7.87646874042 48.5858844945 ;
49.5100440023 9.46508513488 6.39869906256 1.15132963459 0.731585995791 7.61584082648 0.588291563038 233.755117658 13118.2037498 85.7455519418 13.0532653831 2.01737760657 5.09774242871 9.39346428223 65.3983164339 ;
58.4439116126 3.35768688293 3.21410437236 1.3459332393 0.463281617301 16.9161259991 2.39181946403 185.394734368 11402.745275 104.635166902 15.6496497335 1.95236572305 2.66870715917 5.04216293793 69.7698166432 ;
49.4958883152 9.45706636068 6.3977816026 1.15069803022 0.731114935934 7.62688850641 0.589405240008 233.45534519 13096.8123924 85.7014725569 13.0436089784 2.01768807666 5.09567990973 9.38986856255 65.3685217059 ;
32.7997273846 4.57957378902 1.69350709798 0.0 0.0 5.03936301074 0.122244755477 107.897835699 3671.19551847 43.135376841 3.85975490122 1.68908044782 2.96324149037 4.84708810602 34.172678613 ;
41.2582274289 10.2251107339 1.74967918202 0.0 0.0 4.30127913234 0.0722771867368 291.370120462 11865.8106967 67.7332450221 9.36821818383 1.77392592804 4.56421345862 7.8772381158 48.5928716314 ;
49.4958883152 9.45706636068 6.3977816026 1.15069803022 0.731114935934 7.62688850641 0.589405240008 233.45534519 13096.8123924 85.7014725569 13.0436089784 2.01768807666 5.09567990973 9.38986856255 65.3685217059 ;
58.4439116126 3.35768688293 3.21410437236 1.3459332393 0.463281617301 16.9161259991 2.39181946403 185.394734368 11402.745275 104.635166902 15.6496497335 1.95236572305 2.66870715917 5.04216293793 69.7698166432 ;
41.2582274289 10.2251107339 1.74967918202 0.0 0.0 4.30127913234 0.0722771867368 291.370120462 11865.8106967 67.7332450221 9.36821818383 1.77392592804 4.56421345862 7.8772381158 48.5928716314 ;
32.7997273846 4.57957378902 1.69350709798 0.0 0.0 5.03936301074 0.122244755477 107.897835699 3671.19551847 43.135376841 3.85975490122 1.68908044782 2.96324149037 4.84708810602 34.172678613 ;
32.7997273846 4.57957378902 1.69350709798 0.0 0.0 5.03936301074 0.122244755477 107.897835699 3671.19551847 43.135376841 3.85975490122 1.68908044782 2.96324149037 4.84708810602 34.172678613 ;
41.2582274289 10.2251107339 1.74967918202 0.0 0.0 4.30127913234 0.0722771867368 291.370120462 11865.8106967 67.7332450221 9.36821818383 1.77392592804 4.56421345862 7.8772381158 48.5928716314 ;
49.4958883152 9.45706636068 6.3977816026 1.15069803022 0.731114935934 7.62688850641 0.589405240008 233.45534519 13096.8123924 85.7014725569 13.0436089784 2.01768807666 5.09567990973 9.38986856255 65.3685217059 ;
58.4439116126 3.35768688293 3.21410437236 1.3459332393 0.463281617301 16.9161259991 2.39181946403 185.394734368 11402.745275 104.635166902 15.6496497335 1.95236572305 2.66870715917 5.04216293793 69.7698166432 ;
32.7975651943 4.57966338478 1.69335417775 0.0 0.0 5.03795236828 0.12213943587 107.809340075 3667.84030734 43.1281599255 3.85798712437 1.68928353551 2.96247525846 4.84627356713 34.1691724321 ;
41.2540542777 10.2205858018 1.75012411054 0.0 0.0 4.30589111369 0.0726874069171 291.36244415 11864.2334519 67.7245573391 9.36648932096 1.77350421913 4.56431155723 7.87646874042 48.5858844945 ;
58.4389395506 3.35696154931 3.21359405848 1.34558616151 0.463100498261 16.9143555514 2.39146375858 185.265300367 11394.0635518 104.615399079 15.6455718411 1.9527952341 2.66783504633 5.04099098845 69.7598006957 ;
49.5100440023 9.46508513488 6.39869906256 1.15132963459 0.731585995791 7.61584082648 0.588291563038 233.755117658 13118.2037498 85.7455519418 13.0532653831 2.01737760657 5.09774242871 9.39346428223 65.3983164339 ;
32.7987496675 4.57990822027 1.69353551476 0.0 0.0 5.03913939878 0.122206703911 107.855912477 3669.61206438 43.1321827614 3.85904591135 1.6891344251 2.96298947073 4.8468264312 34.1712223996 ;
49.4988523336 9.46518745218 6.39785768936 1.15091813313 0.731254781943 7.62107880643 0.588752869166 233.524674828 13101.7278118 85.7125095639 13.0457579968 2.01774944322 5.09632318127 9.39093936611 65.3770084162 ;
41.2564972687 10.2216106605 1.74983446449 0.0 0.0 4.30313689786 0.0725045522265 291.361695084 11864.7877421 67.7286873034 9.36734972731 1.77377344514 4.56408569722 7.87668681807 48.5894305579 ;
58.4427416322 3.35755923279 3.21389620158 1.34580669425 0.463238059421 16.9150056412 2.39159458443 185.382098533 11401.8962956 104.63115833 15.6487006714 1.95247967299 2.6685683012 5.04204345109 69.767675818 ;
32.7975651943 4.57966338478 1.69335417775 0.0 0.0 5.03795236828 0.12213943587 107.809340075 3667.84030734 43.1281599255 3.85798712437 1.68928353551 2.96247525846 4.84627356713 34.1691724321 ;
41.2540542777 10.2205858018 1.75012411054 0.0 0.0 4.30589111369 0.0726874069171 291.36244415 11864.2334519 67.7245573391 9.36648932096 1.77350421913 4.56431155723 7.87646874042 48.5858844945 ;
58.4389395506 3.35696154931 3.21359405848 1.34558616151 0.463100498261 16.9143555514 2.39146375858 185.265300367 11394.0635518 104.615399079 15.6455718411 1.9527952341 2.66783504633 5.04099098845 69.7598006957 ;
49.5100440023 9.46508513488 6.39869906256 1.15132963459 0.731585995791 7.61584082648 0.588291563038 233.755117658 13118.2037498 85.7455519418 13.0532653831 2.01737760657 5.09774242871 9.39346428223 65.3983164339 ;
32.7987496675 4.57990822027 1.69353551476 0.0 0.0 5.03913939878 0.122206703911 107.855912477 3669.61206438 43.1321827614 3.85904591135 1.6891344251 2.96298947073 4.8468264312 34.1712223996 ;
41.2564972687 10.2216106605 1.74983446449 0.0 0.0 4.30313689786 0.0725045522265 291.361695084 11864.7877421 67.7286873034 9.36734972731 1.77377344514 4.56408569722 7.87668681807 48.5894305579 ;
58.4427416322 3.35755923279 3.21389620158 1.34580669425 0.463238059421 16.9150056412 2.39159458443 185.382098533 11401.8962956 104.63115833 15.6487006714 1.95247967299 2.6685683012 5.04204345109 69.767675818 ;
49.4988523336 9.46518745218 6.39785768936 1.15091813313 0.731254781943 7.62107880643 0.588752869166 233.524674828 13101.7278118 85.7125095639 13.0457579968 2.01774944322 5.09632318127 9.39093936611 65.3770084162 ;
32.7978447416 4.57975786603 1.69334131577 0.0 0.0 5.0381826648 0.122164571277 107.817933879 3668.17504823 43.1290826848 3.85823280269 1.68928002614 2.96252221729 4.84635056709 34.1696933413 ;
49.5076540375 9.46632223498 6.39973210869 1.15135859166 0.73153463452 7.61691542289 0.58840413318 233.609261385 13108.7154612 85.7370838117 13.0520031358 2.01740068148 5.09792325965 9.39375449165 65.395713739 ;
58.4392742997 3.35692799398 3.21338597481 1.3455536755 0.463150968227 16.9129535627 2.39123895469 185.341511562 11398.8868208 104.617785298 15.6459482463 1.95278996928 2.66797462942 5.04125756476 69.7606692987 ;
41.2544062888 10.2209350434 1.75014480761 0.0 0.0 4.30554406289 0.0726520479934 291.366942491 11864.4952834 67.7254447662 9.36663952535 1.77351555359 4.56438569081 7.87662369737 48.586429458 ;
58.4439116126 3.35768688293 3.21410437236 1.3459332393 0.463281617301 16.9161259991 2.39181946403 185.394734368 11402.745275 104.635166902 15.6496497335 1.95236572305 2.66870715917 5.04216293793 69.7698166432 ;
49.4958883152 9.45706636068 6.3977816026 1.15069803022 0.731114935934 7.62688850641 0.589405240008 233.45534519 13096.8123924 85.7014725569 13.0436089784 2.01768807666 5.09567990973 9.38986856255 65.3685217059 ;
41.2582274289 10.2251107339 1.74967918202 0.0 0.0 4.30127913234 0.0722771867368 291.370120462 11865.8106967 67.7332450221 9.36821818383 1.77392592804 4.56421345862 7.8772381158 48.5928716314 ;
32.7997273846 4.57957378902 1.69350709798 0.0 0.0 5.03936301074 0.122244755477 107.897835699 3671.19551847 43.135376841 3.85975490122 1.68908044782 2.96324149037 4.84708810602 34.172678613 ;
32.7978447416 4.57975786603 1.69334131577 0.0 0.0 5.0381826648 0.122164571277 107.817933879 3668.17504823 43.1290826848 3.85823280269 1.68928002614 2.96252221729 4.84635056709 34.1696933413 ;
41.2544062888 10.2209350434 1.75014480761 0.0 0.0 4.30554406289 0.0726520479934 291.366942491 11864.4952834 67.7254447662 9.36663952535 1.77351555359 4.56438569081 7.87662369737 48.586429458 ;
58.4392742997 3.35692799398 3.21338597481 1.3455536755 0.463150968227 16.9129535627 2.39123895469 185.341511562 11398.8868208 104.617785298 15.6459482463 1.95278996928 2.66797462942 5.04125756476 69.7606692987 ;
49.5076540375 9.46632223498 6.39973210869 1.15135859166 0.73153463452 7.61691542289 0.58840413318 233.609261385 13108.7154612 85.7370838117 13.0520031358 2.01740068148 5.09792325965 9.39375449165 65.395713739 ;
32.7978447416 4.57975786603 1.69334131577 0.0 0.0 5.0381826648 0.122164571277 107.817933879 3668.17504823 43.1290826848 3.85823280269 1.68928002614 2.96252221729 4.84635056709 34.1696933413 ;
58.4392742997 3.35692799398 3.21338597481 1.3455536755 0.463150968227 16.9129535627 2.39123895469 185.341511562 11398.8868208 104.617785298 15.6459482463 1.95278996928 2.66797462942 5.04125756476 69.7606692987 ;
49.5076540375 9.46632223498 6.39973210869 1.15135859166 0.73153463452 7.61691542289 0.58840413318 233.609261385 13108.7154612 85.7370838117 13.0520031358 2.01740068148 5.09792325965 9.39375449165 65.395713739 ;
41.2544062888 10.2209350434 1.75014480761 0.0 0.0 4.30554406289 0.0726520479934 291.366942491 11864.4952834 67.7254447662 9.36663952535 1.77351555359 4.56438569081 7.87662369737 48.586429458 ;
32.7997273846 4.57957378902 1.69350709798 0.0 0.0 5.03936301074 0.122244755477 107.897835699 3671.19551847 43.135376841 3.85975490122 1.68908044782 2.96324149037 4.84708810602 34.172678613 ;
41.2582274289 10.2251107339 1.74967918202 0.0 0.0 4.30127913234 0.0722771867368 291.370120462 11865.8106967 67.7332450221 9.36821818383 1.77392592804 4.56421345862 7.8772381158 48.5928716314 ;
49.4958883152 9.45706636068 6.3977816026 1.15069803022 0.731114935934 7.62688850641 0.589405240008 233.45534519 13096.8123924 85.7014725569 13.0436089784 2.01768807666 5.09567990973 9.38986856255 65.3685217059 ;
58.4439116126 3.35768688293 3.21410437236 1.3459332393 0.463281617301 16.9161259991 2.39181946403 185.394734368 11402.745275 104.635166902 15.6496497335 1.95236572305 2.66870715917 5.04216293793 69.7698166432 ;
58.4439116126 3.35768688293 3.21410437236 1.3459332393 0.463281617301 16.9161259991 2.39181946403 185.394734368 11402.745275 104.635166902 15.6496497335 1.95236572305 2.66870715917 5.04216293793 69.7698166432 ;
49.4958883152 9.45706636068 6.3977816026 1.15069803022 0.731114935934 7.62688850641 0.589405240008 233.45534519 13096.8123924 85.7014725569 13.0436089784 2.01768807666 5.09567990973 9.38986856255 65.3685217059 ;
32.7997273846 4.57957378902 1.69350709798 0.0 0.0 5.03936301074 0.122244755477 107.897835699 3671.19551847 43.135376841 3.85975490122 1.68908044782 2.96324149037 4.84708810602 34.172678613 ;
41.2582274289 10.2251107339 1.74967918202 0.0 0.0 4.30127913234 0.0722771867368 291.370120462 11865.8106967 67.7332450221 9.36821818383 1.77392592804 4.56421345862 7.8772381158 48.5928716314 ;
58.4439116126 3.35768688293 3.21410437236 1.3459332393 0.463281617301 16.9161259991 2.39181946403 185.394734368 11402.745275 104.635166902 15.6496497335 1.95236572305 2.66870715917 5.04216293793 69.7698166432 ;
49.4958883152 9.45706636068 6.3977816026 1.15069803022 0.731114935934 7.62688850641 0.589405240008 233.45534519 13096.8123924 85.7014725569 13.0436089784 2.01768807666 5.09567990973 9.38986856255 65.3685217059 ;
32.7997273846 4.57957378902 1.69350709798 0.0 0.0 5.03936301074 0.122244755477 107.897835699 3671.19551847 43.135376841 3.85975490122 1.68908044782 2.96324149037 4.84708810602 34.172678613 ;
41.2582274289 10.2251107339 1.74967918202 0.0 0.0 4.30127913234 0.0722771867368 291.370120462 11865.8106967 67.7332450221 9.36821818383 1.77392592804 4.56421345862 7.8772381158 48.5928716314 ;
32.7978447416 4.57975786603 1.69334131577 0.0 0.0 5.0381826648 0.122164571277 107.817933879 3668.17504823 43.1290826848 3.85823280269 1.68928002614 2.96252221729 4.84635056709 34.1696933413 ;
41.2544062888 10.2209350434 1.75014480761 0.0 0.0 4.30554406289 0.0726520479934 291.366942491 11864.4952834 67.7254447662 9.36663952535 1.77351555359 4.56438569081 7.87662369737 48.586429458 ;
58.4392742997 3.35692799398 3.21338597481 1.3455536755 0.463150968227 16.9129535627 2.39123895469 185.341511562 11398.8868208 104.617785298 15.6459482463 1.95278996928 2.66797462942 5.04125756476 69.7606692987 ;
49.5076540375 9.46632223498 6.39973210869 1.15135859166 0.73153463452 7.61691542289 0.58840413318 233.609261385 13108.7154612 85.7370838117 13.0520031358 2.01740068148 5.09792325965 9.39375449165 65.395713739 ;
32.7987496675 4.57990822027 1.69353551476 0.0 0.0 5.03913939878 0.122206703911 107.855912477 3669.61206438 43.1321827614 3.85904591135 1.6891344251 2.96298947073 4.8468264312 34.1712223996 ;
49.4988523336 9.46518745218 6.39785768936 1.15091813313 0.731254781943 7.62107880643 0.588752869166 233.524674828 13101.7278118 85.7125095639 13.0457579968 2.01774944322 5.09632318127 9.39093936611 65.3770084162 ;
58.4427416322 3.35755923279 3.21389620158 1.34580669425 0.463238059421 16.9150056412 2.39159458443 185.382098533 11401.8962956 104.63115833 15.6487006714 1.95247967299 2.6685683012 5.04204345109 69.767675818 ;
41.2564972687 10.2216106605 1.74983446449 0.0 0.0 4.30313689786 0.0725045522265 291.361695084 11864.7877421 67.7286873034 9.36734972731 1.77377344514 4.56408569722 7.87668681807 48.5894305579 ;
41.2582274289 10.2251107339 1.74967918202 0.0 0.0 4.30127913234 0.0722771867368 291.370120462 11865.8106967 67.7332450221 9.36821818383 1.77392592804 4.56421345862 7.8772381158 48.5928716314 ;
32.7997273846 4.57957378902 1.69350709798 0.0 0.0 5.03936301074 0.122244755477 107.897835699 3671.19551847 43.135376841 3.85975490122 1.68908044782 2.96324149037 4.84708810602 34.172678613 ;
49.4958883152 9.45706636068 6.3977816026 1.15069803022 0.731114935934 7.62688850641 0.589405240008 233.45534519 13096.8123924 85.7014725569 13.0436089784 2.01768807666 5.09567990973 9.38986856255 65.3685217059 ;
58.4439116126 3.35768688293 3.21410437236 1.3459332393 0.463281617301 16.9161259991 2.39181946403 185.394734368 11402.745275 104.635166902 15.6496497335 1.95236572305 2.66870715917 5.04216293793 69.7698166432 ;
58.4427416322 3.35755923279 3.21389620158 1.34580669425 0.463238059421 16.9150056412 2.39159458443 185.382098533 11401.8962956 104.63115833 15.6487006714 1.95247967299 2.6685683012 5.04204345109 69.767675818 ;
41.2564972687 10.2216106605 1.74983446449 0.0 0.0 4.30313689786 0.0725045522265 291.361695084 11864.7877421 67.7286873034 9.36734972731 1.77377344514 4.56408569722 7.87668681807 48.5894305579 ;
49.4988523336 9.46518745218 6.39785768936 1.15091813313 0.731254781943 7.62107880643 0.588752869166 233.524674828 13101.7278118 85.7125095639 13.0457579968 2.01774944322 5.09632318127 9.39093936611 65.3770084162 ;
32.7987496675 4.57990822027 1.69353551476 0.0 0.0 5.03913939878 0.122206703911 107.855912477 3669.61206438 43.1321827614 3.85904591135 1.6891344251 2.96298947073 4.8468264312 34.1712223996 ;
32.7975651943 4.57966338478 1.69335417775 0.0 0.0 5.03795236828 0.12213943587 107.809340075 3667.84030734 43.1281599255 3.85798712437 1.68928353551 2.96247525846 4.84627356713 34.1691724321 ;
41.2540542777 10.2205858018 1.75012411054 0.0 0.0 4.30589111369 0.0726874069171 291.36244415 11864.2334519 67.7245573391 9.36648932096 1.77350421913 4.56431155723 7.87646874042 48.5858844945 ;
49.5100440023 9.46508513488 6.39869906256 1.15132963459 0.731585995791 7.61584082648 0.588291563038 233.755117658 13118.2037498 85.7455519418 13.0532653831 2.01737760657 5.09774242871 9.39346428223 65.3983164339 ;
58.4389395506 3.35696154931 3.21359405848 1.34558616151 0.463100498261 16.9143555514 2.39146375858 185.265300367 11394.0635518 104.615399079 15.6455718411 1.9527952341 2.66783504633 5.04099098845 69.7598006957 ;
32.7975651943 4.57966338478 1.69335417775 0.0 0.0 5.03795236828 0.12213943587 107.809340075 3667.84030734 43.1281599255 3.85798712437 1.68928353551 2.96247525846 4.84627356713 34.1691724321 ;
58.4389395506 3.35696154931 3.21359405848 1.34558616151 0.463100498261 16.9143555514 2.39146375858 185.265300367 11394.0635518 104.615399079 15.6455718411 1.9527952341 2.66783504633 5.04099098845 69.7598006957 ;
49.5100440023 9.46508513488 6.39869906256 1.15132963459 0.731585995791 7.61584082648 0.588291563038 233.755117658 13118.2037498 85.7455519418 13.0532653831 2.01737760657 5.09774242871 9.39346428223 65.3983164339 ;
41.2540542777 10.2205858018 1.75012411054 0.0 0.0 4.30589111369 0.0726874069171 291.36244415 11864.2334519 67.7245573391 9.36648932096 1.77350421913 4.56431155723 7.87646874042 48.5858844945 ;
58.4439116126 3.35768688293 3.21410437236 1.3459332393 0.463281617301 16.9161259991 2.39181946403 185.394734368 11402.745275 104.635166902 15.6496497335 1.95236572305 2.66870715917 5.04216293793 69.7698166432 ;
49.4958883152 9.45706636068 6.3977816026 1.15069803022 0.731114935934 7.62688850641 0.589405240008 233.45534519 13096.8123924 85.7014725569 13.0436089784 2.01768807666 5.09567990973 9.38986856255 65.3685217059 ;
41.2582274289 10.2251107339 1.74967918202 0.0 0.0 4.30127913234 0.0722771867368 291.370120462 11865.8106967 67.7332450221 9.36821818383 1.77392592804 4.56421345862 7.8772381158 48.5928716314 ;
32.7997273846 4.57957378902 1.69350709798 0.0 0.0 5.03936301074 0.122244755477 107.897835699 3671.19551847 43.135376841 3.85975490122 1.68908044782 2.96324149037 4.84708810602 34.172678613 ;
32.7975651943 4.57966338478 1.69335417775 0.0 0.0 5.03795236828 0.12213943587 107.809340075 3667.84030734 43.1281599255 3.85798712437 1.68928353551 2.96247525846 4.84627356713 34.1691724321 ;
49.5100440023 9.46508513488 6.39869906256 1.15132963459 0.731585995791 7.61584082648 0.588291563038 233.755117658 13118.2037498 85.7455519418 13.0532653831 2.01737760657 5.09774242871 9.39346428223 65.3983164339 ;
58.4389395506 3.35696154931 3.21359405848 1.34558616151 0.463100498261 16.9143555514 2.39146375858 185.265300367 11394.0635518 104.615399079 15.6455718411 1.9527952341 2.66783504633 5.04099098845 69.7598006957 ;
41.2540542777 10.2205858018 1.75012411054 0.0 0.0 4.30589111369 0.0726874069171 291.36244415 11864.2334519 67.7245573391 9.36648932096 1.77350421913 4.56431155723 7.87646874042 48.5858844945 ;
32.7975651943 4.57966338478 1.69335417775 0.0 0.0 5.03795236828 0.12213943587 107.809340075 3667.84030734 43.1281599255 3.85798712437 1.68928353551 2.96247525846 4.84627356713 34.1691724321 ;
41.2540542777 10.2205858018 1.75012411054 0.0 0.0 4.30589111369 0.0726874069171 291.36244415 11864.2334519 67.7245573391 9.36648932096 1.77350421913 4.56431155723 7.87646874042 48.5858844945 ;
58.4389395506 3.35696154931 3.21359405848 1.34558616151 0.463100498261 16.9143555514 2.39146375858 185.265300367 11394.0635518 104.615399079 15.6455718411 1.9527952341 2.66783504633 5.04099098845 69.7598006957 ;
49.5100440023 9.46508513488 6.39869906256 1.15132963459 0.731585995791 7.61584082648 0.588291563038 233.755117658 13118.2037498 85.7455519418 13.0532653831 2.01737760657 5.09774242871 9.39346428223 65.3983164339 ;
58.4439116126 3.35768688293 3.21410437236 1.3459332393 0.463281617301 16.9161259991 2.39181946403 185.394734368 11402.745275 104.635166902 15.6496497335 1.95236572305 2.66870715917 5.04216293793 69.7698166432 ;
49.4958883152 9.45706636068 6.3977816026 1.15069803022 0.731114935934 7.62688850641 0.589405240008 233.45534519 13096.8123924 85.7014725569 13.0436089784 2.01768807666 5.09567990973 9.38986856255 65.3685217059 ;
41.2582274289 10.2251107339 1.74967918202 0.0 0.0 4.30127913234 0.0722771867368 291.370120462 11865.8106967 67.7332450221 9.36821818383 1.77392592804 4.56421345862 7.8772381158 48.5928716314 ;
32.7997273846 4.57957378902 1.69350709798 0.0 0.0 5.03936301074 0.122244755477 107.897835699 3671.19551847 43.135376841 3.85975490122 1.68908044782 2.96324149037 4.84708810602 34.172678613 ;
32.7987496675 4.57990822027 1.69353551476 0.0 0.0 5.03913939878 0.122206703911 107.855912477 3669.61206438 43.1321827614 3.85904591135 1.6891344251 2.96298947073 4.8468264312 34.1712223996 ;
41.2564972687 10.2216106605 1.74983446449 0.0 0.0 4.30313689786 0.0725045522265 291.361695084 11864.7877421 67.7286873034 9.36734972731 1.77377344514 4.56408569722 7.87668681807 48.5894305579 ;
49.4988523336 9.46518745218 6.39785768936 1.15091813313 0.731254781943 7.62107880643 0.588752869166 233.524674828 13101.7278118 85.7125095639 13.0457579968 2.01774944322 5.09632318127 9.39093936611 65.3770084162 ;
58.4427416322 3.35755923279 3.21389620158 1.34580669425 0.463238059421 16.9150056412 2.39159458443 185.382098533 11401.8962956 104.63115833 15.6487006714 1.95247967299 2.6685683012 5.04204345109 69.767675818 ;
58.4439116126 3.35768688293 3.21410437236 1.3459332393 0.463281617301 16.9161259991 2.39181946403 185.394734368 11402.745275 104.635166902 15.6496497335 1.95236572305 2.66870715917 5.04216293793 69.7698166432 ;
49.4958883152 9.45706636068 6.3977816026 1.15069803022 0.731114935934 7.62688850641 0.589405240008 233.45534519 13096.8123924 85.7014725569 13.0436089784 2.01768807666 5.09567990973 9.38986856255 65.3685217059 ;
41.2582274289 10.2251107339 1.74967918202 0.0 0.0 4.30127913234 0.0722771867368 291.370120462 11865.8106967 67.7332450221 9.36821818383 1.77392592804 4.56421345862 7.8772381158 48.5928716314 ;
32.7997273846 4.57957378902 1.69350709798 0.0 0.0 5.03936301074 0.122244755477 107.897835699 3671.19551847 43.135376841 3.85975490122 1.68908044782 2.96324149037 4.84708810602 34.172678613 ;
58.4427416322 3.35755923279 3.21389620158 1.34580669425 0.463238059421 16.9150056412 2.39159458443 185.382098533 11401.8962956 104.63115833 15.6487006714 1.95247967299 2.6685683012 5.04204345109 69.767675818 ;
49.4988523336 9.46518745218 6.39785768936 1.15091813313 0.731254781943 7.62107880643 0.588752869166 233.524674828 13101.7278118 85.7125095639 13.0457579968 2.01774944322 5.09632318127 9.39093936611 65.3770084162 ;
41.2564972687 10.2216106605 1.74983446449 0.0 0.0 4.30313689786 0.0725045522265 291.361695084 11864.7877421 67.7286873034 9.36734972731 1.77377344514 4.56408569722 7.87668681807 48.5894305579 ;
32.7987496675 4.57990822027 1.69353551476 0.0 0.0 5.03913939878 0.122206703911 107.855912477 3669.61206438 43.1321827614 3.85904591135 1.6891344251 2.96298947073 4.8468264312 34.1712223996 ;
32.7975651943 4.57966338478 1.69335417775 0.0 0.0 5.03795236828 0.12213943587 107.809340075 3667.84030734 43.1281599255 3.85798712437 1.68928353551 2.96247525846 4.84627356713 34.1691724321 ;
41.2540542777 10.2205858018 1.75012411054 0.0 0.0 4.30589111369 0.0726874069171 291.36244415 11864.2334519 67.7245573391 9.36648932096 1.77350421913 4.56431155723 7.87646874042 48.5858844945 ;
58.4389395506 3.35696154931 3.21359405848 1.34558616151 0.463100498261 16.9143555514 2.39146375858 185.265300367 11394.0635518 104.615399079 15.6455718411 1.9527952341 2.66783504633 5.04099098845 69.7598006957 ;
49.5100440023 9.46508513488 6.39869906256 1.15132963459 0.731585995791 7.61584082648 0.588291563038 233.755117658 13118.2037498 85.7455519418 13.0532653831 2.01737760657 5.09774242871 9.39346428223 65.3983164339 ;
58.4374882497 3.35702199662 3.2139499906 1.34564767813 0.463056965595 16.9153976311 2.39161496522 185.249952999 11393.0815003 104.61035909 15.6444364734 1.95287948816 2.66763316487 5.04065644837 69.757285204 ;
41.2527508894 10.2195747497 1.75010341689 0.0 0.0 4.30603127327 0.0727227599901 291.382559775 11864.8219988 67.7228013568 9.3658641384 1.77333725834 4.56450915547 7.87636533621 48.5838504178 ;
32.7972456006 4.57952163933 1.69339010678 0.0 0.0 5.03782309304 0.122118359336 107.783506869 3666.88436845 43.1266757593 3.85767236396 1.68936586417 2.96225843476 4.84616254191 34.168657064 ;
49.5127224029 9.46852879281 6.39755117658 1.15094700593 0.731585995791 7.61182322556 0.58752630572 233.756839487 13118.3638799 85.7512913717 13.0559148241 2.01742217908 5.09792987466 9.39406519134 65.4034819208 ;
32.7969992348 4.57942712665 1.69340297415 0.0 0.0 5.03759273429 0.122093216674 107.779234173 3666.71226588 43.1257859543 3.85751872837 1.68931286436 2.9622213719 4.84594588374 34.1684021425 ;
41.2523577101 10.2192256784 1.75008272667 0.0 0.0 4.30637822634 0.0727581072138 291.372683653 11864.3577929 67.7218729318 9.36559948538 1.77339620848 4.56442268836 7.8763840375 48.5829748511 ;
58.4415828555 3.35727042015 3.21336591785 1.3455211956 0.463201428706 16.9117398252 2.39101419306 185.349656923 11399.9628725 104.624682771 15.6475293428 1.95277100337 2.66808058647 5.04140835642 69.7655794718 ;
49.5026789131 9.46919249904 6.39934940681 1.15116724072 0.731343283582 7.6174894757 0.58840413318 233.563145809 13104.6850364 85.7185227708 13.0491230983 2.01765538082 5.09748406109 9.39336749886 65.3857634902 ;
58.4427416322 3.35755923279 3.21389620158 1.34580669425 0.463238059421 16.9150056412 2.39159458443 185.382098533 11401.8962956 104.63115833 15.6487006714 1.95247967299 2.6685683012 5.04204345109 69.767675818 ;
49.4988523336 9.46518745218 6.39785768936 1.15091813313 0.731254781943 7.62107880643 0.588752869166 233.524674828 13101.7278118 85.7125095639 13.0457579968 2.01774944322 5.09632318127 9.39093936611 65.3770084162 ;
41.2564972687 10.2216106605 1.74983446449 0.0 0.0 4.30313689786 0.0725045522265 291.361695084 11864.7877421 67.7286873034 9.36734972731 1.77377344514 4.56408569722 7.87668681807 48.5894305579 ;
32.7987496675 4.57990822027 1.69353551476 0.0 0.0 5.03913939878 0.122206703911 107.855912477 3669.61206438 43.1321827614 3.85904591135 1.6891344251 2.96298947073 4.8468264312 34.1712223996 ;
32.7975651943 4.57966338478 1.69335417775 0.0 0.0 5.03795236828 0.12213943587 107.809340075 3667.84030734 43.1281599255 3.85798712437 1.68928353551 2.96247525846 4.84627356713 34.1691724321 ;
41.2540542777 10.2205858018 1.75012411054 0.0 0.0 4.30589111369 0.0726874069171 291.36244415 11864.2334519 67.7245573391 9.36648932096 1.77350421913 4.56431155723 7.87646874042 48.5858844945 ;
58.4389395506 3.35696154931 3.21359405848 1.34558616151 0.463100498261 16.9143555514 2.39146375858 185.265300367 11394.0635518 104.615399079 15.6455718411 1.9527952341 2.66783504633 5.04099098845 69.7598006957 ;
49.5100440023 9.46508513488 6.39869906256 1.15132963459 0.731585995791 7.61584082648 0.588291563038 233.755117658 13118.2037498 85.7455519418 13.0532653831 2.01737760657 5.09774242871 9.39346428223 65.3983164339 ;
32.7987496675 4.57990822027 1.69353551476 0.0 0.0 5.03913939878 0.122206703911 107.855912477 3669.61206438 43.1321827614 3.85904591135 1.6891344251 2.96298947073 4.8468264312 34.1712223996 ;
41.2564972687 10.2216106605 1.74983446449 0.0 0.0 4.30313689786 0.0725045522265 291.361695084 11864.7877421 67.7286873034 9.36734972731 1.77377344514 4.56408569722 7.87668681807 48.5894305579 ;
58.4427416322 3.35755923279 3.21389620158 1.34580669425 0.463238059421 16.9150056412 2.39159458443 185.382098533 11401.8962956 104.63115833 15.6487006714 1.95247967299 2.6685683012 5.04204345109 69.767675818 ;
49.4988523336 9.46518745218 6.39785768936 1.15091813313 0.731254781943 7.62107880643 0.588752869166 233.524674828 13101.7278118 85.7125095639 13.0457579968 2.01774944322 5.09632318127 9.39093936611 65.3770084162 ;
32.7975651943 4.57966338478 1.69335417775 0.0 0.0 5.03795236828 0.12213943587 107.809340075 3667.84030734 43.1281599255 3.85798712437 1.68928353551 2.96247525846 4.84627356713 34.1691724321 ;
41.2540542777 10.2205858018 1.75012411054 0.0 0.0 4.30589111369 0.0726874069171 291.36244415 11864.2334519 67.7245573391 9.36648932096 1.77350421913 4.56431155723 7.87646874042 48.5858844945 ;
58.4389395506 3.35696154931 3.21359405848 1.34558616151 0.463100498261 16.9143555514 2.39146375858 185.265300367 11394.0635518 104.615399079 15.6455718411 1.9527952341 2.66783504633 5.04099098845 69.7598006957 ;
49.5100440023 9.46508513488 6.39869906256 1.15132963459 0.731585995791 7.61584082648 0.588291563038 233.755117658 13118.2037498 85.7455519418 13.0532653831 2.01737760657 5.09774242871 9.39346428223 65.3983164339 ;
32.7978447416 4.57975786603 1.69334131577 0.0 0.0 5.0381826648 0.122164571277 107.817933879 3668.17504823 43.1290826848 3.85823280269 1.68928002614 2.96252221729 4.84635056709 34.1696933413 ;
41.2544062888 10.2209350434 1.75014480761 0.0 0.0 4.30554406289 0.0726520479934 291.366942491 11864.4952834 67.7254447662 9.36663952535 1.77351555359 4.56438569081 7.87662369737 48.586429458 ;
58.4392742997 3.35692799398 3.21338597481 1.3455536755 0.463150968227 16.9129535627 2.39123895469 185.341511562 11398.8868208 104.617785298 15.6459482463 1.95278996928 2.66797462942 5.04125756476 69.7606692987 ;
49.5076540375 9.46632223498 6.39973210869 1.15135859166 0.73153463452 7.61691542289 0.58840413318 233.609261385 13108.7154612 85.7370838117 13.0520031358 2.01740068148 5.09792325965 9.39375449165 65.395713739 ;
