cluster 0
size:376
#377eb8
[ 1.65910293  4.71694718  0.          1.74387034  2.39602556  0.77489825
  2.79396739]

cluster 1
size:393
#ff7f00
[ 3.01344783  4.40449482  3.451441    3.54794365  4.76074984  2.39652769
  3.43077581]

cluster 2
size:369
#4daf4a
[ 2.13202245  4.69057875  3.11536805  4.40038108  2.79421868  3.82718779
  2.84652003]

cluster 3
size:728
#f781bf
[ 2.54328485  4.68323293  2.95808925  2.95593086  2.56065636  1.06186729
  3.31284142]

cluster 4
size:829
#a65628
[ 1.66343901  4.76276822  2.60677616  1.95263229  3.54891171  1.03319045
  3.23376516]

cluster 5
size:314
#984ea3
[ 1.49732029  4.67555821  2.37541376  2.18358386  1.90910869  1.08589206
  1.59880276]

