34.6336963254 4.30584227911 1.83794384806 0.0 0.0 4.07310590421 0.0 ;
63.4696025779 4.0708915145 2.40580021482 1.0 0.993555316864 4.2880773362 0.310418904404 ;
49.8648941942 11.0434074878 1.97504069452 0.0 1.0 1.51600651112 0.0 ;
35.9612204724 8.37322834646 2.16299212598 0.0 0.0 13.705511811 1.10787401575 ;
55.8790534619 3.0837861525 4.27712532866 1.89482909728 0.0 29.368624014 4.36283961437 ;
36.3609467456 6.25359256128 12.0955198648 1.33812341505 0.0524091293322 4.1978021978 0.0 ;
44.6200716846 16.2703033482 1.04493399773 0.0 0.0 2.86930675758 0.0 ;
54.9196119196 7.00693000693 9.09771309771 2.27512127512 1.53846153846 13.6611226611 1.37144837145 ;
34.6324795135 4.31175591403 1.83925166211 0.0 0.0 4.07009225378 0.0 ;
48.7892644135 10.6292246521 8.90755467197 2.13121272366 0.711729622266 19.3270377734 2.17793240557 ;
35.9521087899 8.31257390619 2.162002365 0.0 0.0 13.6994481671 1.1078044935 ;
49.8735070575 11.0472312704 1.96851248643 0.0 1.0 1.51520086862 0.0 ;
55.9605379579 3.08334807999 4.28207396921 1.89966377632 0.0 29.4452309326 4.36205981242 ;
44.6547014533 16.3270005253 1.06312379618 0.0 0.0 2.87795482402 0.0 ;
63.6376237624 4.08822882288 2.29834983498 1.0 0.943894389439 4.38789878988 0.325632563256 ;
46.0621436716 3.92417331813 10.9030786773 1.65735461802 1.08437856328 3.63169897377 0.0 ;
44.6336590089 16.2579878532 1.02913475926 0.0 0.0 2.85740691841 0.0 ;
34.644260733 4.31569187978 1.84251461536 0.0 0.0 4.07365628783 0.0 ;
62.9379418696 4.35978004713 6.21484681854 1.62097407698 1.8534956795 6.1068342498 0.610369206599 ;
40.0807017544 10.014619883 7.31520467836 1.62280701754 0.0 27.5228070175 3.58538011696 ;
35.4774919614 29.2990353698 4.13826366559 0.0032154340836 0.911575562701 1.66237942122 0.0 ;
36.0062252405 7.27391058291 3.35993208829 0.142991888323 0.0 11.5310318808 0.857008111677 ;
61.4936489607 3.81351039261 1.7188221709 0.635681293303 1.0 2.23325635104 0.0 ;
56.9028243179 3.09845220999 3.6598053295 1.67017711824 0.0 24.2734960906 3.46481570129 ;
59.7872455902 3.74382632293 2.0078697422 0.616282225237 1.0 2.21085481682 0.0 ;
34.6613404578 4.32738202276 1.84016235518 0.0 0.0 4.07614252318 0.0 ;
41.0361031519 10.0280802292 7.74899713467 1.70315186246 0.0 26.3679083095 3.46303724928 ;
56.7880228137 3.08650190114 3.6216730038 1.64622940431 0.0 24.0150506971 3.42237008872 ;
36.5654008439 38.2700421941 3.86497890295 0.0042194092827 0.852320675105 1.76371308017 0.0 ;
63.6024969795 4.36850583971 6.14538864277 1.63229963754 1.8771647201 6.17962142569 0.62384212646 ;
44.6677923925 16.3172769285 1.02124066833 0.0 0.0 2.83700675435 0.0 ;
35.6438146304 7.29586365377 3.22615855994 0.122941401762 0.0 12.0170432784 0.909230180008 ;
56.9028243179 3.09845220999 3.6598053295 1.67017711824 0.0 24.2734960906 3.46481570129 ;
34.644260733 4.31569187978 1.84251461536 0.0 0.0 4.07365628783 0.0 ;
61.4936489607 3.81351039261 1.7188221709 0.635681293303 1.0 2.23325635104 0.0 ;
35.4750402576 29.3140096618 4.13365539452 0.00322061191626 0.913043478261 1.66183574879 0.0 ;
40.0789012274 10.0204558738 7.31502045587 1.62185856224 0.0 27.5078901227 3.58328462887 ;
44.6336590089 16.2579878532 1.02913475926 0.0 0.0 2.85740691841 0.0 ;
62.9379418696 4.35978004713 6.21484681854 1.62097407698 1.8534956795 6.1068342498 0.610369206599 ;
36.0062252405 7.27391058291 3.35993208829 0.142991888323 0.0 11.5310318808 0.857008111677 ;
34.6699848629 4.3305026041 1.83998255381 0.0 0.0 4.07630140852 0.0 ;
35.6260739634 7.3716847217 3.21329846843 0.119910347404 0.0 12.2697048935 0.936122525215 ;
63.6024969795 4.36850583971 6.14538864277 1.63229963754 1.8771647201 6.17962142569 0.62384212646 ;
56.7811607992 3.08579130986 3.61750713606 1.6438312718 0.0 23.9754202347 3.41468442753 ;
36.6581196581 38.7799145299 3.8141025641 0.0042735042735 0.848290598291 1.7735042735 0.0 ;
41.6195182211 9.97714638666 8.16121062384 1.85114268067 0.0 26.8480543545 3.61210623842 ;
59.7313109426 3.73997833153 2.01868905742 0.61511375948 1.0 2.20964247021 0.0 ;
44.6831532899 16.3595214713 1.01767699313 0.0 0.0 2.83072939916 0.0 ;
44.6022914678 16.2350490409 1.05433556115 0.0 0.0 2.8875965628 0.0 ;
56.5645268034 3.08074123097 3.79202514891 1.70648577101 0.0 25.3107213766 3.63368630046 ;
34.6201798821 4.29840793963 1.84164685206 0.0 0.0 4.069962783 0.0 ;
49.8648941942 11.0434074878 1.97504069452 0.0 1.0 1.51600651112 0.0 ;
63.0082587749 4.70268410186 7.21816930489 1.90708878183 1.56503785272 8.88919476944 1.0798348245 ;
39.724824356 10.5603044496 7.34894613583 1.55796252927 0.0 26.700234192 3.43676814988 ;
36.0086759713 7.26876650321 3.36099585062 0.143530743116 0.0 11.5277253866 0.856469256884 ;
63.935538592 4.00819903873 2.83262651965 1.08114221091 1.30986711903 2.57675996607 0.0 ;
46.091272105 3.92355961209 10.892184826 1.65316600114 1.08613804906 3.63377067884 0.0 ;
48.8205645161 10.8034274194 8.96774193548 2.13205645161 0.721774193548 18.9576612903 2.02318548387 ;
55.9177203918 3.08940338379 4.31219946572 1.9089937667 0.0 29.6584149599 4.41531611754 ;
49.8735070575 11.0472312704 1.96851248643 0.0 1.0 1.51520086862 0.0 ;
34.6368974042 4.3148434281 1.83928203543 0.0 0.0 4.07058611454 0.0 ;
63.5525114155 4.07045009785 2.29071537291 1.0 0.932376603609 4.44988040878 0.331593824745 ;
35.9481466877 8.30796529968 2.16285488959 0.0 0.0 13.7018927445 1.10764984227 ;
44.6619569987 16.3417288284 1.06055287407 0.0 0.0 2.87318999561 0.0 ;
34.6699848629 4.3305026041 1.83998255381 0.0 0.0 4.07630140852 0.0 ;
63.6024969795 4.36850583971 6.14538864277 1.63229963754 1.8771647201 6.17962142569 0.62384212646 ;
36.6581196581 38.7799145299 3.8141025641 0.0042735042735 0.848290598291 1.7735042735 0.0 ;
41.6822139303 9.9552238806 8.20273631841 1.86567164179 0.0 26.9135572139 3.62686567164 ;
56.7833121827 3.08581852792 3.6173857868 1.64387690355 0.0 23.9711294416 3.41418147208 ;
44.6831532899 16.3595214713 1.01767699313 0.0 0.0 2.83072939916 0.0 ;
59.7313109426 3.73997833153 2.01868905742 0.61511375948 1.0 2.20964247021 0.0 ;
35.6249301286 7.38196385318 3.21129122415 0.119619899385 0.0 12.2893609093 0.938699459661 ;
46.091272105 3.92355961209 10.892184826 1.65316600114 1.08613804906 3.63377067884 0.0 ;
55.9177203918 3.08940338379 4.31219946572 1.9089937667 0.0 29.6584149599 4.41531611754 ;
49.8735070575 11.0472312704 1.96851248643 0.0 1.0 1.51520086862 0.0 ;
48.8205645161 10.8034274194 8.96774193548 2.13205645161 0.721774193548 18.9576612903 2.02318548387 ;
34.6368974042 4.3148434281 1.83928203543 0.0 0.0 4.07058611454 0.0 ;
44.6619569987 16.3417288284 1.06055287407 0.0 0.0 2.87318999561 0.0 ;
63.5525114155 4.07045009785 2.29071537291 1.0 0.932376603609 4.44988040878 0.331593824745 ;
35.9481466877 8.30796529968 2.16285488959 0.0 0.0 13.7018927445 1.10764984227 ;
36.3552519032 5.1637370627 1.72352664443 0.0 0.0 3.87990762125 0.0 ;
35.519858782 3.90203000883 11.693733451 1.17210944395 0.130626654898 3.86760812004 0.0 ;
49.6674140508 24.4297458894 1.26930742402 0.0 0.458644743398 2.17812655705 0.0 ;
43.4753146176 10.1587608906 7.76669893514 2.22458857696 0.0 34.6708615682 5.00774443369 ;
56.5182784978 3.07676969093 3.77783316717 1.69790628116 0.0 25.1807909605 3.60917248255 ;
36.1243217364 12.2061921481 1.82812001277 0.0 0.0 11.4482923715 0.87743376955 ;
64.0832145911 4.01510401824 2.82673126247 1.08634938729 1.30834995725 2.58449700769 0.0 ;
64.2971386647 4.67718268525 7.16581071167 1.96258253852 1.59207630227 9.20542920029 1.13793103448 ;
36.3519683355 5.15671801455 1.72488232777 0.0 0.0 3.88083012409 0.0 ;
56.517287234 3.07646276596 3.77609707447 1.69747340426 0.0 25.1760305851 3.60821143617 ;
49.8513207547 24.4329559748 1.23647798742 0.0 0.458867924528 2.17987421384 0.0 ;
64.2961876833 4.67595307918 7.16788856305 1.96260997067 1.59237536657 9.20234604106 1.13709677419 ;
64.0835233751 4.01539338655 2.82468643101 1.08608893957 1.30815279361 2.58380843786 0.0 ;
43.4425287356 10.2777777778 7.82183908046 2.219348659 0.0 34.4358237548 4.9683908046 ;
36.129022032 12.3089237597 1.81914724996 0.0 0.0 11.3846885402 0.871294975432 ;
35.4615384615 3.85664335664 11.5909090909 1.14947552448 0.144230769231 3.81293706294 0.0 ;
64.0307167235 4.01308304892 2.83048919226 1.0861774744 1.3074516496 2.58390216155 0.0 ;
35.8023679417 4.06375227687 12.3160291439 1.3970856102 0.0573770491803 4.11566484517 0.0 ;
52.5255447032 16.4725770098 1.84072126221 0.0 0.721262208866 1.84785875282 0.0 ;
44.2631067961 9.93398058252 6.96601941748 2.09902912621 0.0 36.4805825243 5.34563106796 ;
36.4140011941 5.1784160696 1.71741726373 0.0 0.0 3.8738058683 0.0 ;
56.5068584811 3.07226497156 3.75694212111 1.68802275008 0.0 25.0265975243 3.58046169287 ;
37.1424410908 17.1650781043 1.636483982 0.0 0.0 9.96624305004 0.724781572677 ;
64.2188872621 4.67423133236 7.2701317716 1.99487554905 1.58857979502 9.23206442167 1.13982430454 ;
56.9028243179 3.09845220999 3.6598053295 1.67017711824 0.0 24.2734960906 3.46481570129 ;
34.644260733 4.31569187978 1.84251461536 0.0 0.0 4.07365628783 0.0 ;
61.4936489607 3.81351039261 1.7188221709 0.635681293303 1.0 2.23325635104 0.0 ;
44.6336590089 16.2579878532 1.02913475926 0.0 0.0 2.85740691841 0.0 ;
62.9379418696 4.35978004713 6.21484681854 1.62097407698 1.8534956795 6.1068342498 0.610369206599 ;
35.4750402576 29.3140096618 4.13365539452 0.00322061191626 0.913043478261 1.66183574879 0.0 ;
36.0062252405 7.27391058291 3.35993208829 0.142991888323 0.0 11.5310318808 0.857008111677 ;
40.0789012274 10.0204558738 7.31502045587 1.62185856224 0.0 27.5078901227 3.58328462887 ;
35.4806451613 29.3209677419 4.12903225806 0.00322580645161 0.914516129032 1.66129032258 0.0 ;
56.9028243179 3.09845220999 3.6598053295 1.67017711824 0.0 24.2734960906 3.46481570129 ;
34.644260733 4.31569187978 1.84251461536 0.0 0.0 4.07365628783 0.0 ;
62.9379418696 4.35978004713 6.21484681854 1.62097407698 1.8534956795 6.1068342498 0.610369206599 ;
40.074182243 10.0292056075 7.3148364486 1.62091121495 0.0 27.4929906542 3.58119158879 ;
61.4936489607 3.81351039261 1.7188221709 0.635681293303 1.0 2.23325635104 0.0 ;
36.0062252405 7.27391058291 3.35993208829 0.142991888323 0.0 11.5310318808 0.857008111677 ;
44.6336590089 16.2579878532 1.02913475926 0.0 0.0 2.85740691841 0.0 ;
36.3609467456 6.25359256128 12.0955198648 1.33812341505 0.0524091293322 4.1978021978 0.0 ;
55.8790534619 3.0837861525 4.27712532866 1.89482909728 0.0 29.368624014 4.36283961437 ;
49.8648941942 11.0434074878 1.97504069452 0.0 1.0 1.51600651112 0.0 ;
63.4696025779 4.0708915145 2.40580021482 1.0 0.993555316864 4.2880773362 0.310418904404 ;
34.6336963254 4.30584227911 1.83794384806 0.0 0.0 4.07310590421 0.0 ;
54.9196119196 7.00693000693 9.09771309771 2.27512127512 1.53846153846 13.6611226611 1.37144837145 ;
44.6200716846 16.2703033482 1.04493399773 0.0 0.0 2.86930675758 0.0 ;
35.9612204724 8.37322834646 2.16299212598 0.0 0.0 13.705511811 1.10787401575 ;
63.6024969795 4.36850583971 6.14538864277 1.63229963754 1.8771647201 6.17962142569 0.62384212646 ;
59.7872455902 3.74382632293 2.0078697422 0.616282225237 1.0 2.21085481682 0.0 ;
56.7880228137 3.08650190114 3.6216730038 1.64622940431 0.0 24.0150506971 3.42237008872 ;
44.6677923925 16.3172769285 1.02124066833 0.0 0.0 2.83700675435 0.0 ;
41.0361031519 10.0280802292 7.74899713467 1.70315186246 0.0 26.3679083095 3.46303724928 ;
34.6613404578 4.32738202276 1.84016235518 0.0 0.0 4.07614252318 0.0 ;
36.5654008439 38.2700421941 3.86497890295 0.0042194092827 0.852320675105 1.76371308017 0.0 ;
35.6438146304 7.29586365377 3.22615855994 0.122941401762 0.0 12.0170432784 0.909230180008 ;
36.0062252405 7.27391058291 3.35993208829 0.142991888323 0.0 11.5310318808 0.857008111677 ;
61.4936489607 3.81351039261 1.7188221709 0.635681293303 1.0 2.23325635104 0.0 ;
62.9379418696 4.35978004713 6.21484681854 1.62097407698 1.8534956795 6.1068342498 0.610369206599 ;
56.9028243179 3.09845220999 3.6598053295 1.67017711824 0.0 24.2734960906 3.46481570129 ;
40.0789012274 10.0204558738 7.31502045587 1.62185856224 0.0 27.5078901227 3.58328462887 ;
34.644260733 4.31569187978 1.84251461536 0.0 0.0 4.07365628783 0.0 ;
35.4750402576 29.3140096618 4.13365539452 0.00322061191626 0.913043478261 1.66183574879 0.0 ;
44.6336590089 16.2579878532 1.02913475926 0.0 0.0 2.85740691841 0.0 ;
35.6449261462 7.29349702666 3.22712449645 0.123153654326 0.0 11.9992326875 0.907347017073 ;
63.6024969795 4.36850583971 6.14538864277 1.63229963754 1.8771647201 6.17962142569 0.62384212646 ;
44.6596500577 16.3133493205 1.02149391598 0.0 0.0 2.8371080913 0.0 ;
41.0051311288 10.0210946408 7.72291904219 1.69441277081 0.0 26.3472063854 3.45553021665 ;
59.7627440347 3.74213665944 2.01247288503 0.615780911063 1.0 2.21014099783 0.0 ;
56.7880228137 3.08650190114 3.6216730038 1.64622940431 0.0 24.0150506971 3.42237008872 ;
34.6618961973 4.32636176773 1.84023638232 0.0 0.0 4.076336074 0.0 ;
36.6093418259 38.5031847134 3.84076433121 0.00424628450106 0.851380042463 1.76645435244 0.0 ;
61.4936489607 3.81351039261 1.7188221709 0.635681293303 1.0 2.23325635104 0.0 ;
36.0062252405 7.27391058291 3.35993208829 0.142991888323 0.0 11.5310318808 0.857008111677 ;
40.0789012274 10.0204558738 7.31502045587 1.62185856224 0.0 27.5078901227 3.58328462887 ;
35.4750402576 29.3140096618 4.13365539452 0.00322061191626 0.913043478261 1.66183574879 0.0 ;
56.9028243179 3.09845220999 3.6598053295 1.67017711824 0.0 24.2734960906 3.46481570129 ;
34.644260733 4.31569187978 1.84251461536 0.0 0.0 4.07365628783 0.0 ;
62.9379418696 4.35978004713 6.21484681854 1.62097407698 1.8534956795 6.1068342498 0.610369206599 ;
44.6336590089 16.2579878532 1.02913475926 0.0 0.0 2.85740691841 0.0 ;
62.9379418696 4.35978004713 6.21484681854 1.62097407698 1.8534956795 6.1068342498 0.610369206599 ;
34.644260733 4.31569187978 1.84251461536 0.0 0.0 4.07365628783 0.0 ;
40.074182243 10.0292056075 7.3148364486 1.62091121495 0.0 27.4929906542 3.58119158879 ;
44.6336590089 16.2579878532 1.02913475926 0.0 0.0 2.85740691841 0.0 ;
35.4806451613 29.3209677419 4.12903225806 0.00322580645161 0.914516129032 1.66129032258 0.0 ;
36.0062252405 7.27391058291 3.35993208829 0.142991888323 0.0 11.5310318808 0.857008111677 ;
61.4936489607 3.81351039261 1.7188221709 0.635681293303 1.0 2.23325635104 0.0 ;
56.9028243179 3.09845220999 3.6598053295 1.67017711824 0.0 24.2734960906 3.46481570129 ;
36.0062252405 7.27391058291 3.35993208829 0.142991888323 0.0 11.5310318808 0.857008111677 ;
62.9379418696 4.35978004713 6.21484681854 1.62097407698 1.8534956795 6.1068342498 0.610369206599 ;
35.4750402576 29.3140096618 4.13365539452 0.00322061191626 0.913043478261 1.66183574879 0.0 ;
56.9028243179 3.09845220999 3.6598053295 1.67017711824 0.0 24.2734960906 3.46481570129 ;
34.644260733 4.31569187978 1.84251461536 0.0 0.0 4.07365628783 0.0 ;
40.0789012274 10.0204558738 7.31502045587 1.62185856224 0.0 27.5078901227 3.58328462887 ;
44.6336590089 16.2579878532 1.02913475926 0.0 0.0 2.85740691841 0.0 ;
61.4936489607 3.81351039261 1.7188221709 0.635681293303 1.0 2.23325635104 0.0 ;
34.6336963254 4.30584227911 1.83794384806 0.0 0.0 4.07310590421 0.0 ;
63.4696025779 4.0708915145 2.40580021482 1.0 0.993555316864 4.2880773362 0.310418904404 ;
35.9612204724 8.37322834646 2.16299212598 0.0 0.0 13.705511811 1.10787401575 ;
55.8790534619 3.0837861525 4.27712532866 1.89482909728 0.0 29.368624014 4.36283961437 ;
49.8648941942 11.0434074878 1.97504069452 0.0 1.0 1.51600651112 0.0 ;
54.9196119196 7.00693000693 9.09771309771 2.27512127512 1.53846153846 13.6611226611 1.37144837145 ;
36.3609467456 6.25359256128 12.0955198648 1.33812341505 0.0524091293322 4.1978021978 0.0 ;
44.6200716846 16.2703033482 1.04493399773 0.0 0.0 2.86930675758 0.0 ;
34.6618961973 4.32636176773 1.84023638232 0.0 0.0 4.076336074 0.0 ;
63.6024969795 4.36850583971 6.14538864277 1.63229963754 1.8771647201 6.17962142569 0.62384212646 ;
44.6596500577 16.3133493205 1.02149391598 0.0 0.0 2.8371080913 0.0 ;
40.993166287 10.021070615 7.71583143508 1.69248291572 0.0 26.3416856492 3.45387243736 ;
59.7627440347 3.74213665944 2.01247288503 0.615780911063 1.0 2.21014099783 0.0 ;
35.6469007868 7.29245826137 3.22778737287 0.123200921128 0.0 11.9955862598 0.906927653042 ;
36.6093418259 38.5031847134 3.84076433121 0.00424628450106 0.851380042463 1.76645435244 0.0 ;
56.7880228137 3.08650190114 3.6216730038 1.64622940431 0.0 24.0150506971 3.42237008872 ;
36.361859132 5.15507026287 1.72371826407 0.0 0.0 3.87970825402 0.0 ;
35.5216622458 3.90362511052 11.6728558798 1.16710875332 0.130857648099 3.86648983201 0.0 ;
49.6916896811 24.4479035903 1.27366306804 0.0 0.462214411248 2.18428320362 0.0 ;
43.5057692308 10.1375 7.80096153846 2.23173076923 0.0 34.6605769231 5.01057692308 ;
64.0835233751 4.01539338655 2.82468643101 1.08608893957 1.30815279361 2.58380843786 0.0 ;
36.1274774061 12.3041065483 1.81988267005 0.0 0.0 11.3882987157 0.871729824005 ;
64.2961876833 4.67595307918 7.16788856305 1.96260997067 1.59237536657 9.20234604106 1.13709677419 ;
56.5169604257 3.07648819421 3.77469238444 1.69654140339 0.0 25.1611240439 3.60525440639 ;
35.9433246857 8.17840750349 2.13470365197 0.0 0.0 13.6028736779 1.09439233686 ;
59.3390804598 4.39655172414 15.8017241379 4.0632183908 2.16954022989 11.908045977 1.47988505747 ;
65.5905598244 5.02195389682 3.68496158068 1.16904500549 1.12294182217 8.93523600439 1.1372118551 ;
58.2453127738 3.65848957421 3.66409672332 0.81566497284 1.16523567549 2.33642894691 0.0 ;
40.5544378698 37.376035503 0.891124260355 0.0 0.0952662721893 2.68195266272 0.0 ;
41.7397993311 9.30301003344 9.16722408027 1.9237458194 0.0 26.3612040134 3.5872909699 ;
56.6935431538 3.08306294614 3.6877027904 1.67439974043 0.0 24.4891304348 3.4951330305 ;
36.5680061167 5.15478718885 1.71884291904 0.0 0.0 3.86672755076 0.0 ;
35.5216622458 3.90362511052 11.6728558798 1.16710875332 0.130857648099 3.86648983201 0.0 ;
36.1283108644 12.2986518636 1.81998413957 0.0 0.0 11.391593973 0.872006344171 ;
43.5057692308 10.1375 7.80096153846 2.23173076923 0.0 34.6605769231 5.01057692308 ;
49.6835633626 24.4504391468 1.27377666248 0.0 0.461982434128 2.18368883312 0.0 ;
56.5169604257 3.07648819421 3.77469238444 1.69654140339 0.0 25.1611240439 3.60525440639 ;
64.0835233751 4.01539338655 2.82468643101 1.08608893957 1.30815279361 2.58380843786 0.0 ;
36.361859132 5.15507026287 1.72371826407 0.0 0.0 3.87970825402 0.0 ;
64.2961876833 4.67595307918 7.16788856305 1.96260997067 1.59237536657 9.20234604106 1.13709677419 ;
64.0361308677 4.013371266 2.8293029872 1.08620199147 1.30753911807 2.58349928876 0.0 ;
36.1119791667 11.8553059896 1.85188802083 0.0 0.0 11.6287434896 0.894856770833 ;
43.471810089 10.1088031652 7.68743818002 2.22947576657 0.0 35.0079129575 5.06330365974 ;
48.8928571429 24.4423262548 1.42543436293 0.0 0.462596525097 2.18436293436 0.0 ;
64.2971386647 4.67718268525 7.16581071167 1.96258253852 1.59207630227 9.20542920029 1.13793103448 ;
56.5203454576 3.07689752533 3.78093339977 1.69971765487 0.0 25.2175718319 3.6163428002 ;
36.3812960393 5.17130351233 1.72016654212 0.0 0.0 3.87609693605 0.0 ;
35.8369259606 4.08903467666 11.9437675726 1.26522961575 0.0627928772259 4.10215557638 0.0 ;
40.0807017544 10.014619883 7.31520467836 1.62280701754 0.0 27.5228070175 3.58538011696 ;
36.0062252405 7.27391058291 3.35993208829 0.142991888323 0.0 11.5310318808 0.857008111677 ;
44.6336590089 16.2579878532 1.02913475926 0.0 0.0 2.85740691841 0.0 ;
62.9379418696 4.35978004713 6.21484681854 1.62097407698 1.8534956795 6.1068342498 0.610369206599 ;
34.644260733 4.31569187978 1.84251461536 0.0 0.0 4.07365628783 0.0 ;
35.4774919614 29.2990353698 4.13826366559 0.0032154340836 0.911575562701 1.66237942122 0.0 ;
61.4936489607 3.81351039261 1.7188221709 0.635681293303 1.0 2.23325635104 0.0 ;
56.9028243179 3.09845220999 3.6598053295 1.67017711824 0.0 24.2734960906 3.46481570129 ;
34.6201798821 4.29840793963 1.84164685206 0.0 0.0 4.069962783 0.0 ;
63.935538592 4.00819903873 2.83262651965 1.08114221091 1.30986711903 2.57675996607 0.0 ;
49.8648941942 11.0434074878 1.97504069452 0.0 1.0 1.51600651112 0.0 ;
39.724824356 10.5603044496 7.34894613583 1.55796252927 0.0 26.700234192 3.43676814988 ;
56.5645268034 3.08074123097 3.79202514891 1.70648577101 0.0 25.3107213766 3.63368630046 ;
44.6022914678 16.2350490409 1.05433556115 0.0 0.0 2.8875965628 0.0 ;
63.0082587749 4.70268410186 7.21816930489 1.90708878183 1.56503785272 8.88919476944 1.0798348245 ;
36.0086759713 7.26876650321 3.36099585062 0.143530743116 0.0 11.5277253866 0.856469256884 ;
36.0062252405 7.27391058291 3.35993208829 0.142991888323 0.0 11.5310318808 0.857008111677 ;
56.9028243179 3.09845220999 3.6598053295 1.67017711824 0.0 24.2734960906 3.46481570129 ;
62.9379418696 4.35978004713 6.21484681854 1.62097407698 1.8534956795 6.1068342498 0.610369206599 ;
35.4806451613 29.3209677419 4.12903225806 0.00322580645161 0.914516129032 1.66129032258 0.0 ;
61.4936489607 3.81351039261 1.7188221709 0.635681293303 1.0 2.23325635104 0.0 ;
34.644260733 4.31569187978 1.84251461536 0.0 0.0 4.07365628783 0.0 ;
40.074182243 10.0292056075 7.3148364486 1.62091121495 0.0 27.4929906542 3.58119158879 ;
44.6336590089 16.2579878532 1.02913475926 0.0 0.0 2.85740691841 0.0 ;
44.6544690537 16.3221570516 1.06163004465 0.0 0.0 2.87761533748 0.0 ;
63.5890201225 4.07939632546 2.29636920385 1.0 0.937882764654 4.42213473316 0.329833770779 ;
35.9521087899 8.31257390619 2.162002365 0.0 0.0 13.6994481671 1.1078044935 ;
49.8735070575 11.0472312704 1.96851248643 0.0 1.0 1.51520086862 0.0 ;
55.960554371 3.08493248045 4.29850746269 1.9065387349 0.0 29.5813788202 4.39036958067 ;
46.0872291904 3.9275940707 10.8979475485 1.65507411631 1.08551881414 3.63397947548 0.0 ;
34.6318678487 4.3119266055 1.8395268529 0.0 0.0 4.07014740748 0.0 ;
48.7337986042 10.6879361914 8.90528414756 2.11964107677 0.713858424726 19.0249252243 2.09770687936 ;
36.0062252405 7.27391058291 3.35993208829 0.142991888323 0.0 11.5310318808 0.857008111677 ;
62.9379418696 4.35978004713 6.21484681854 1.62097407698 1.8534956795 6.1068342498 0.610369206599 ;
35.4806451613 29.3209677419 4.12903225806 0.00322580645161 0.914516129032 1.66129032258 0.0 ;
56.9028243179 3.09845220999 3.6598053295 1.67017711824 0.0 24.2734960906 3.46481570129 ;
44.6336590089 16.2579878532 1.02913475926 0.0 0.0 2.85740691841 0.0 ;
34.644260733 4.31569187978 1.84251461536 0.0 0.0 4.07365628783 0.0 ;
40.074182243 10.0292056075 7.3148364486 1.62091121495 0.0 27.4929906542 3.58119158879 ;
61.4936489607 3.81351039261 1.7188221709 0.635681293303 1.0 2.23325635104 0.0 ;
37.2168199737 17.4219448095 1.63311432326 0.0 0.0 9.92785808147 0.72023653088 ;
64.0349829352 4.01308304892 2.82878270762 1.0861774744 1.30716723549 2.58390216155 0.0 ;
36.4278195649 5.17981717841 1.71745754405 0.0 0.0 3.87193965609 0.0 ;
43.3716814159 9.91642084562 7.64405113078 2.22418879056 0.0 34.9764011799 5.06391347099 ;
56.5291673591 3.07661625395 3.78095396377 1.6998504238 0.0 25.2187136447 3.61642014293 ;
35.8427495292 4.09133709981 11.9350282486 1.26836158192 0.060263653484 4.10075329567 0.0 ;
52.5212848297 15.7952786378 1.89628482972 0.0 0.743034055728 1.82082043344 0.0 ;
64.2971386647 4.67718268525 7.16581071167 1.96258253852 1.59207630227 9.20542920029 1.13793103448 ;
36.0062252405 7.27391058291 3.35993208829 0.142991888323 0.0 11.5310318808 0.857008111677 ;
62.9379418696 4.35978004713 6.21484681854 1.62097407698 1.8534956795 6.1068342498 0.610369206599 ;
44.6336590089 16.2579878532 1.02913475926 0.0 0.0 2.85740691841 0.0 ;
34.644260733 4.31569187978 1.84251461536 0.0 0.0 4.07365628783 0.0 ;
40.0807017544 10.014619883 7.31520467836 1.62280701754 0.0 27.5228070175 3.58538011696 ;
35.4774919614 29.2990353698 4.13826366559 0.0032154340836 0.911575562701 1.66237942122 0.0 ;
56.9028243179 3.09845220999 3.6598053295 1.67017711824 0.0 24.2734960906 3.46481570129 ;
61.4936489607 3.81351039261 1.7188221709 0.635681293303 1.0 2.23325635104 0.0 ;
35.9567815176 8.25353515236 2.13324039036 0.0 0.0 13.6102370046 1.0948018323 ;
36.568322256 5.15741192959 1.71823837938 0.0 0.0 3.86596734122 0.0 ;
65.5724946695 4.99573560768 3.83901918977 1.20682302772 1.13752665245 9.00426439232 1.14285714286 ;
40.5718934911 37.4307692308 0.913609467456 0.0 0.0949704142012 2.69881656805 0.0 ;
57.5951661631 8.37160120846 15.8610271903 3.92749244713 1.96978851964 11.8972809668 1.46223564955 ;
41.5915670233 7.65827564506 9.4203901825 1.9540591567 0.0 26.0421648836 3.57394587791 ;
58.6758583882 3.66215975805 3.52908735101 0.818181818182 1.19373776908 2.31186621598 0.0 ;
56.6936510527 3.07997388608 3.66721070671 1.66394646646 0.0 24.3169577281 3.46172678309 ;
34.6616226493 4.32694481554 1.84015003597 0.0 0.0 4.07622546501 0.0 ;
63.6024969795 4.36850583971 6.14538864277 1.63229963754 1.8771647201 6.17962142569 0.62384212646 ;
56.7867215972 3.08619870068 3.6206623356 1.64569798764 0.0 24.0044366978 3.42053557281 ;
36.6093418259 38.5031847134 3.84076433121 0.00424628450106 0.851380042463 1.76645435244 0.0 ;
35.6335286335 7.32432432432 3.21905121905 0.121338121338 0.0 12.1493101493 0.923454923455 ;
59.7627440347 3.74213665944 2.01247288503 0.615780911063 1.0 2.21014099783 0.0 ;
41.3047107931 10.0477042338 7.95885509839 1.77519379845 0.0 26.5796064401 3.53011329756 ;
44.664149267 16.3155930697 1.02150155486 0.0 0.0 2.83705019991 0.0 ;
35.7972727273 4.06 12.3136363636 1.39454545455 0.0572727272727 4.11181818182 0.0 ;
44.2555879495 9.91642371234 6.96015549077 2.10106899903 0.0 36.5111758989 5.3508260447 ;
52.5637349864 15.7318868656 1.88531576908 0.0 0.743897714064 1.81286323131 0.0 ;
64.0307167235 4.01308304892 2.83048919226 1.0861774744 1.3074516496 2.58390216155 0.0 ;
36.4266260336 5.18180462024 1.71611542068 0.0 0.0 3.87232546245 0.0 ;
64.2188872621 4.67423133236 7.2701317716 1.99487554905 1.58857979502 9.23206442167 1.13982430454 ;
37.2211412043 17.4376807783 1.63029187484 0.0 0.0 9.92466473836 0.7198264528 ;
56.5068584811 3.07226497156 3.75694212111 1.68802275008 0.0 25.0265975243 3.58046169287 ;
63.4696025779 4.0708915145 2.40580021482 1.0 0.993555316864 4.2880773362 0.310418904404 ;
55.8790534619 3.0837861525 4.27712532866 1.89482909728 0.0 29.368624014 4.36283961437 ;
34.6336963254 4.30584227911 1.83794384806 0.0 0.0 4.07310590421 0.0 ;
44.6200716846 16.2703033482 1.04493399773 0.0 0.0 2.86930675758 0.0 ;
54.9196119196 7.00693000693 9.09771309771 2.27512127512 1.53846153846 13.6611226611 1.37144837145 ;
36.3609467456 6.25359256128 12.0955198648 1.33812341505 0.0524091293322 4.1978021978 0.0 ;
35.9612204724 8.37322834646 2.16299212598 0.0 0.0 13.705511811 1.10787401575 ;
49.8648941942 11.0434074878 1.97504069452 0.0 1.0 1.51600651112 0.0 ;
34.6613404578 4.32738202276 1.84016235518 0.0 0.0 4.07614252318 0.0 ;
56.7880228137 3.08650190114 3.6216730038 1.64622940431 0.0 24.0150506971 3.42237008872 ;
44.6677923925 16.3172769285 1.02124066833 0.0 0.0 2.83700675435 0.0 ;
63.6024969795 4.36850583971 6.14538864277 1.63229963754 1.8771647201 6.17962142569 0.62384212646 ;
41.0569292697 10.0304772858 7.76423231742 1.70902817711 0.0 26.3801035078 3.46808510638 ;
35.643075746 7.29820198929 3.22628156083 0.122800306044 0.0 12.0294567712 0.910482019893 ;
59.7791644059 3.74335322843 2.00949538795 0.616115029843 1.0 2.21079761259 0.0 ;
36.5792811839 38.3467230444 3.85623678647 0.00422832980973 0.85200845666 1.76321353066 0.0 ;
63.4696025779 4.0708915145 2.40580021482 1.0 0.993555316864 4.2880773362 0.310418904404 ;
36.3609467456 6.25359256128 12.0955198648 1.33812341505 0.0524091293322 4.1978021978 0.0 ;
49.8648941942 11.0434074878 1.97504069452 0.0 1.0 1.51600651112 0.0 ;
55.8790534619 3.0837861525 4.27712532866 1.89482909728 0.0 29.368624014 4.36283961437 ;
54.9196119196 7.00693000693 9.09771309771 2.27512127512 1.53846153846 13.6611226611 1.37144837145 ;
34.6336963254 4.30584227911 1.83794384806 0.0 0.0 4.07310590421 0.0 ;
44.6200716846 16.2703033482 1.04493399773 0.0 0.0 2.86930675758 0.0 ;
35.9612204724 8.37322834646 2.16299212598 0.0 0.0 13.705511811 1.10787401575 ;
36.4006880783 5.14776588243 1.72087954356 0.0 0.0 3.87668012907 0.0 ;
64.0361308677 4.013371266 2.8293029872 1.08620199147 1.30753911807 2.58349928876 0.0 ;
56.5260009968 3.07642465526 3.77903306197 1.69878717395 0.0 25.2021930553 3.61355706928 ;
51.1145577396 21.4566953317 1.6636977887 0.0 0.589680589681 2.1335995086 0.0 ;
36.5693678405 14.9393296563 1.69226417763 0.0 0.0 10.4087116391 0.775703577995 ;
43.4216748768 10.0108374384 7.65123152709 2.22955665025 0.0 35.0896551724 5.07980295567 ;
64.2971386647 4.67718268525 7.16581071167 1.96258253852 1.59207630227 9.20542920029 1.13793103448 ;
35.8477443609 4.09586466165 11.9389097744 1.26879699248 0.0601503759398 4.10620300752 0.0 ;
34.644260733 4.31569187978 1.84251461536 0.0 0.0 4.07365628783 0.0 ;
56.9028243179 3.09845220999 3.6598053295 1.67017711824 0.0 24.2734960906 3.46481570129 ;
62.9379418696 4.35978004713 6.21484681854 1.62097407698 1.8534956795 6.1068342498 0.610369206599 ;
35.4806451613 29.3209677419 4.12903225806 0.00322580645161 0.914516129032 1.66129032258 0.0 ;
36.0062252405 7.27391058291 3.35993208829 0.142991888323 0.0 11.5310318808 0.857008111677 ;
40.074182243 10.0292056075 7.3148364486 1.62091121495 0.0 27.4929906542 3.58119158879 ;
61.4936489607 3.81351039261 1.7188221709 0.635681293303 1.0 2.23325635104 0.0 ;
44.6336590089 16.2579878532 1.02913475926 0.0 0.0 2.85740691841 0.0 ;
36.0062252405 7.27391058291 3.35993208829 0.142991888323 0.0 11.5310318808 0.857008111677 ;
61.4936489607 3.81351039261 1.7188221709 0.635681293303 1.0 2.23325635104 0.0 ;
44.6336590089 16.2579878532 1.02913475926 0.0 0.0 2.85740691841 0.0 ;
56.9028243179 3.09845220999 3.6598053295 1.67017711824 0.0 24.2734960906 3.46481570129 ;
34.644260733 4.31569187978 1.84251461536 0.0 0.0 4.07365628783 0.0 ;
62.9379418696 4.35978004713 6.21484681854 1.62097407698 1.8534956795 6.1068342498 0.610369206599 ;
35.4806451613 29.3209677419 4.12903225806 0.00322580645161 0.914516129032 1.66129032258 0.0 ;
40.074182243 10.0292056075 7.3148364486 1.62091121495 0.0 27.4929906542 3.58119158879 ;
62.9379418696 4.35978004713 6.21484681854 1.62097407698 1.8534956795 6.1068342498 0.610369206599 ;
34.644260733 4.31569187978 1.84251461536 0.0 0.0 4.07365628783 0.0 ;
56.9028243179 3.09845220999 3.6598053295 1.67017711824 0.0 24.2734960906 3.46481570129 ;
44.6336590089 16.2579878532 1.02913475926 0.0 0.0 2.85740691841 0.0 ;
40.0807017544 10.014619883 7.31520467836 1.62280701754 0.0 27.5228070175 3.58538011696 ;
61.4936489607 3.81351039261 1.7188221709 0.635681293303 1.0 2.23325635104 0.0 ;
35.4774919614 29.2990353698 4.13826366559 0.0032154340836 0.911575562701 1.66237942122 0.0 ;
36.0062252405 7.27391058291 3.35993208829 0.142991888323 0.0 11.5310318808 0.857008111677 ;
63.6139850943 4.08439281017 2.2978956598 1.0 0.940377027619 4.40727750986 0.327926348093 ;
34.6308410011 4.31106471816 1.83935152968 0.0 0.0 4.07010489961 0.0 ;
55.9584885577 3.08373248182 4.29235408905 1.90384956537 0.0 29.5282951925 4.3776831648 ;
49.8735070575 11.0472312704 1.96851248643 0.0 1.0 1.51520086862 0.0 ;
46.0621436716 3.92417331813 10.9030786773 1.65735461802 1.08437856328 3.63169897377 0.0 ;
44.6541254703 16.3219879255 1.06326012775 0.0 0.0 2.87864205092 0.0 ;
48.7567298106 10.6500498504 8.89930209372 2.12362911266 0.713858424726 19.1665004985 2.14157527418 ;
35.9521087899 8.31257390619 2.162002365 0.0 0.0 13.6994481671 1.1078044935 ;
34.6200149906 4.29849318963 1.8416686051 0.0 0.0 4.06999043705 0.0 ;
63.935538592 4.00819903873 2.83262651965 1.08114221091 1.30986711903 2.57675996607 0.0 ;
56.5645268034 3.08074123097 3.79202514891 1.70648577101 0.0 25.3107213766 3.63368630046 ;
49.8648941942 11.0434074878 1.97504069452 0.0 1.0 1.51600651112 0.0 ;
36.0086759713 7.26876650321 3.36099585062 0.143530743116 0.0 11.5277253866 0.856469256884 ;
39.724824356 10.5603044496 7.34894613583 1.55796252927 0.0 26.700234192 3.43676814988 ;
63.0082587749 4.70268410186 7.21816930489 1.90708878183 1.56503785272 8.88919476944 1.0798348245 ;
44.6019788231 16.2337267835 1.05433084534 0.0 0.0 2.88760631835 0.0 ;
46.0872291904 3.9275940707 10.8979475485 1.65507411631 1.08551881414 3.63397947548 0.0 ;
55.960554371 3.08493248045 4.29850746269 1.9065387349 0.0 29.5813788202 4.39036958067 ;
44.6544690537 16.3221570516 1.06163004465 0.0 0.0 2.87761533748 0.0 ;
34.6318678487 4.3119266055 1.8395268529 0.0 0.0 4.07014740748 0.0 ;
63.5890201225 4.07939632546 2.29636920385 1.0 0.937882764654 4.42213473316 0.329833770779 ;
49.8735070575 11.0472312704 1.96851248643 0.0 1.0 1.51520086862 0.0 ;
35.9521087899 8.31257390619 2.162002365 0.0 0.0 13.6994481671 1.1078044935 ;
48.7337986042 10.6879361914 8.90528414756 2.11964107677 0.713858424726 19.0249252243 2.09770687936 ;
36.5680061167 5.15478718885 1.71884291904 0.0 0.0 3.86672755076 0.0 ;
59.3657142857 4.39142857143 15.7685714286 4.05142857143 2.16857142857 11.9 1.47714285714 ;
40.5544378698 37.376035503 0.891124260355 0.0 0.0952662721893 2.68195266272 0.0 ;
65.5940594059 5.02530253025 3.67106710671 1.16721672167 1.12101210121 8.93179317932 1.13751375138 ;
41.7397993311 9.30301003344 9.16722408027 1.9237458194 0.0 26.3612040134 3.5872909699 ;
58.2453127738 3.65848957421 3.66409672332 0.81566497284 1.16523567549 2.33642894691 0.0 ;
35.9433246857 8.17840750349 2.13470365197 0.0 0.0 13.6028736779 1.09439233686 ;
56.6935431538 3.08306294614 3.6877027904 1.67439974043 0.0 24.4891304348 3.4951330305 ;
36.0062252405 7.27391058291 3.35993208829 0.142991888323 0.0 11.5310318808 0.857008111677 ;
61.4936489607 3.81351039261 1.7188221709 0.635681293303 1.0 2.23325635104 0.0 ;
40.0807017544 10.014619883 7.31520467836 1.62280701754 0.0 27.5228070175 3.58538011696 ;
35.4774919614 29.2990353698 4.13826366559 0.0032154340836 0.911575562701 1.66237942122 0.0 ;
44.6336590089 16.2579878532 1.02913475926 0.0 0.0 2.85740691841 0.0 ;
34.644260733 4.31569187978 1.84251461536 0.0 0.0 4.07365628783 0.0 ;
56.9028243179 3.09845220999 3.6598053295 1.67017711824 0.0 24.2734960906 3.46481570129 ;
62.9379418696 4.35978004713 6.21484681854 1.62097407698 1.8534956795 6.1068342498 0.610369206599 ;
44.6336590089 16.2579878532 1.02913475926 0.0 0.0 2.85740691841 0.0 ;
62.9379418696 4.35978004713 6.21484681854 1.62097407698 1.8534956795 6.1068342498 0.610369206599 ;
34.644260733 4.31569187978 1.84251461536 0.0 0.0 4.07365628783 0.0 ;
56.9028243179 3.09845220999 3.6598053295 1.67017711824 0.0 24.2734960906 3.46481570129 ;
35.4750402576 29.3140096618 4.13365539452 0.00322061191626 0.913043478261 1.66183574879 0.0 ;
40.0789012274 10.0204558738 7.31502045587 1.62185856224 0.0 27.5078901227 3.58328462887 ;
36.0062252405 7.27391058291 3.35993208829 0.142991888323 0.0 11.5310318808 0.857008111677 ;
61.4936489607 3.81351039261 1.7188221709 0.635681293303 1.0 2.23325635104 0.0 ;
36.5680061167 5.15478718885 1.71884291904 0.0 0.0 3.86672755076 0.0 ;
59.2011494253 4.38505747126 15.8649425287 4.08045977011 2.15804597701 11.9425287356 1.48563218391 ;
40.5544378698 37.376035503 0.891124260355 0.0 0.0952662721893 2.68195266272 0.0 ;
58.2473721093 3.65854940434 3.66362999299 0.815697266994 1.16503153469 2.33637000701 0.0 ;
35.9433246857 8.17840750349 2.13470365197 0.0 0.0 13.6028736779 1.09439233686 ;
41.7347622237 9.3121232418 9.15271265908 1.91895512391 0.0 26.3744139317 3.58941728064 ;
65.5991237678 5.02081051479 3.69660460022 1.17196056955 1.12486308872 8.93866374589 1.13691128149 ;
56.6913840662 3.08291416518 3.6881388934 1.67450916761 0.0 24.4927794905 3.49570014603 ;
34.644260733 4.31569187978 1.84251461536 0.0 0.0 4.07365628783 0.0 ;
62.9379418696 4.35978004713 6.21484681854 1.62097407698 1.8534956795 6.1068342498 0.610369206599 ;
44.6336590089 16.2579878532 1.02913475926 0.0 0.0 2.85740691841 0.0 ;
56.9028243179 3.09845220999 3.6598053295 1.67017711824 0.0 24.2734960906 3.46481570129 ;
61.4936489607 3.81351039261 1.7188221709 0.635681293303 1.0 2.23325635104 0.0 ;
35.4750402576 29.3140096618 4.13365539452 0.00322061191626 0.913043478261 1.66183574879 0.0 ;
40.0789012274 10.0204558738 7.31502045587 1.62185856224 0.0 27.5078901227 3.58328462887 ;
36.0062252405 7.27391058291 3.35993208829 0.142991888323 0.0 11.5310318808 0.857008111677 ;
34.6613404578 4.32738202276 1.84016235518 0.0 0.0 4.07614252318 0.0 ;
63.6024969795 4.36850583971 6.14538864277 1.63229963754 1.8771647201 6.17962142569 0.62384212646 ;
56.7880228137 3.08650190114 3.6216730038 1.64622940431 0.0 24.0150506971 3.42237008872 ;
36.5654008439 38.2700421941 3.86497890295 0.0042194092827 0.852320675105 1.76371308017 0.0 ;
59.7872455902 3.74382632293 2.0078697422 0.616282225237 1.0 2.21085481682 0.0 ;
35.6450747413 7.29474894596 3.22652357225 0.123035645841 0.0 12.0091989268 0.908394020698 ;
41.0200114351 10.0251572327 7.73756432247 1.69925671812 0.0 26.358490566 3.45969125214 ;
44.6677923925 16.3172769285 1.02124066833 0.0 0.0 2.83700675435 0.0 ;
34.6201798821 4.29840793963 1.84164685206 0.0 0.0 4.069962783 0.0 ;
63.935538592 4.00819903873 2.83262651965 1.08114221091 1.30986711903 2.57675996607 0.0 ;
56.564454741 3.08058911137 3.79099784875 1.7059407579 0.0 25.3036571239 3.63230183684 ;
49.8648941942 11.0434074878 1.97504069452 0.0 1.0 1.51600651112 0.0 ;
44.6022914678 16.2350490409 1.05433556115 0.0 0.0 2.8875965628 0.0 ;
63.0082587749 4.70268410186 7.21816930489 1.90708878183 1.56503785272 8.88919476944 1.0798348245 ;
39.7349327092 10.5564657695 7.35049736688 1.5599765945 0.0 26.7244002341 3.44177881802 ;
36.0086759713 7.26876650321 3.36099585062 0.143530743116 0.0 11.5277253866 0.856469256884 ;
63.6024969795 4.36850583971 6.14538864277 1.63229963754 1.8771647201 6.17962142569 0.62384212646 ;
34.658226872 4.32362542734 1.84026938796 0.0 0.0 4.07508418374 0.0 ;
41.1160766106 10.0348229832 7.80847359257 1.72489843297 0.0 26.4225188624 3.48229831689 ;
36.6452991453 38.735042735 3.8141025641 0.0042735042735 0.850427350427 1.76495726496 0.0 ;
35.6401601831 7.30511060259 3.22559115179 0.122425629291 0.0 12.0593058734 0.913615560641 ;
56.7880228137 3.08650190114 3.6216730038 1.64622940431 0.0 24.0150506971 3.42237008872 ;
44.6572366087 16.3047179851 1.02261440227 0.0 0.0 2.84329549486 0.0 ;
59.7393660255 3.74099160119 2.0173394744 0.615280411813 1.0 2.20997019778 0.0 ;
34.644260733 4.31569187978 1.84251461536 0.0 0.0 4.07365628783 0.0 ;
62.9379418696 4.35978004713 6.21484681854 1.62097407698 1.8534956795 6.1068342498 0.610369206599 ;
36.0062252405 7.27391058291 3.35993208829 0.142991888323 0.0 11.5310318808 0.857008111677 ;
44.6336590089 16.2579878532 1.02913475926 0.0 0.0 2.85740691841 0.0 ;
35.4806451613 29.3209677419 4.12903225806 0.00322580645161 0.914516129032 1.66129032258 0.0 ;
56.9028243179 3.09845220999 3.6598053295 1.67017711824 0.0 24.2734960906 3.46481570129 ;
40.074182243 10.0292056075 7.3148364486 1.62091121495 0.0 27.4929906542 3.58119158879 ;
61.4936489607 3.81351039261 1.7188221709 0.635681293303 1.0 2.23325635104 0.0 ;
36.5680061167 5.15478718885 1.71884291904 0.0 0.0 3.86672755076 0.0 ;
59.3852691218 4.388101983 15.7280453258 4.03399433428 2.1671388102 11.9065155807 1.47592067989 ;
40.5544378698 37.376035503 0.891124260355 0.0 0.0952662721893 2.68195266272 0.0 ;
35.9433246857 8.17840750349 2.13470365197 0.0 0.0 13.6028736779 1.09439233686 ;
41.7397993311 9.30301003344 9.16722408027 1.9237458194 0.0 26.3612040134 3.5872909699 ;
65.6030871003 5.02756339581 3.65931642778 1.16538037486 1.12127894157 8.91620727674 1.13561190739 ;
58.2446547494 3.6584297231 3.66211005959 0.815457413249 1.16473887136 2.33578689099 0.0 ;
56.6935431538 3.08306294614 3.6877027904 1.67439974043 0.0 24.4891304348 3.4951330305 ;
36.3609467456 6.25359256128 12.0955198648 1.33812341505 0.0524091293322 4.1978021978 0.0 ;
34.6336963254 4.30584227911 1.83794384806 0.0 0.0 4.07310590421 0.0 ;
55.8790534619 3.0837861525 4.27712532866 1.89482909728 0.0 29.368624014 4.36283961437 ;
54.9196119196 7.00693000693 9.09771309771 2.27512127512 1.53846153846 13.6611226611 1.37144837145 ;
44.6200716846 16.2703033482 1.04493399773 0.0 0.0 2.86930675758 0.0 ;
35.9612204724 8.37322834646 2.16299212598 0.0 0.0 13.705511811 1.10787401575 ;
63.4696025779 4.0708915145 2.40580021482 1.0 0.993555316864 4.2880773362 0.310418904404 ;
49.8648941942 11.0434074878 1.97504069452 0.0 1.0 1.51600651112 0.0 ;
56.9028243179 3.09845220999 3.6598053295 1.67017711824 0.0 24.2734960906 3.46481570129 ;
34.644260733 4.31569187978 1.84251461536 0.0 0.0 4.07365628783 0.0 ;
62.9379418696 4.35978004713 6.21484681854 1.62097407698 1.8534956795 6.1068342498 0.610369206599 ;
35.4750402576 29.3140096618 4.13365539452 0.00322061191626 0.913043478261 1.66183574879 0.0 ;
44.6336590089 16.2579878532 1.02913475926 0.0 0.0 2.85740691841 0.0 ;
40.0789012274 10.0204558738 7.31502045587 1.62185856224 0.0 27.5078901227 3.58328462887 ;
61.4936489607 3.81351039261 1.7188221709 0.635681293303 1.0 2.23325635104 0.0 ;
36.0062252405 7.27391058291 3.35993208829 0.142991888323 0.0 11.5310318808 0.857008111677 ;
34.644260733 4.31569187978 1.84251461536 0.0 0.0 4.07365628783 0.0 ;
36.0062252405 7.27391058291 3.35993208829 0.142991888323 0.0 11.5310318808 0.857008111677 ;
56.9028243179 3.09845220999 3.6598053295 1.67017711824 0.0 24.2734960906 3.46481570129 ;
61.4936489607 3.81351039261 1.7188221709 0.635681293303 1.0 2.23325635104 0.0 ;
44.6336590089 16.2579878532 1.02913475926 0.0 0.0 2.85740691841 0.0 ;
62.9379418696 4.35978004713 6.21484681854 1.62097407698 1.8534956795 6.1068342498 0.610369206599 ;
40.0807017544 10.014619883 7.31520467836 1.62280701754 0.0 27.5228070175 3.58538011696 ;
35.4774919614 29.2990353698 4.13826366559 0.0032154340836 0.911575562701 1.66237942122 0.0 ;
34.6692666906 4.33060501873 1.83997023657 0.0 0.0 4.07623030738 0.0 ;
63.6024969795 4.36850583971 6.14538864277 1.63229963754 1.8771647201 6.17962142569 0.62384212646 ;
35.6278377373 7.3890956457 3.20952735393 0.11927800521 0.0 12.3042426498 0.940454037961 ;
41.6989381636 9.94253591505 8.23048094941 1.87445346658 0.0 26.9275452842 3.63272954403 ;
44.6829703677 16.3559443056 1.01794002142 0.0 0.0 2.83131024634 0.0 ;
59.7246141348 3.73950717574 2.02030869212 0.6149471974 1.0 2.20958570268 0.0 ;
36.6616702355 38.8586723769 3.8051391863 0.00428265524625 0.847965738758 1.77301927195 0.0 ;
56.7833121827 3.08581852792 3.6173857868 1.64387690355 0.0 23.9711294416 3.41418147208 ;
34.6442258164 4.31559699186 1.84222725868 0.0 0.0 4.07365818482 0.0 ;
62.9379418696 4.35978004713 6.21484681854 1.62097407698 1.8534956795 6.1068342498 0.610369206599 ;
40.0708016384 10.003510825 7.31363370392 1.6237565828 0.0 27.5377413692 3.58747805734 ;
44.6336590089 16.2579878532 1.02913475926 0.0 0.0 2.85740691841 0.0 ;
61.4936489607 3.81351039261 1.7188221709 0.635681293303 1.0 2.23325635104 0.0 ;
56.9028243179 3.09845220999 3.6598053295 1.67017711824 0.0 24.2734960906 3.46481570129 ;
36.0062252405 7.27391058291 3.35993208829 0.142991888323 0.0 11.5310318808 0.857008111677 ;
35.5128205128 29.2644230769 4.16185897436 0.00320512820513 0.908653846154 1.66666666667 0.0 ;
36.0062252405 7.27391058291 3.35993208829 0.142991888323 0.0 11.5310318808 0.857008111677 ;
56.9028243179 3.09845220999 3.6598053295 1.67017711824 0.0 24.2734960906 3.46481570129 ;
44.6336590089 16.2579878532 1.02913475926 0.0 0.0 2.85740691841 0.0 ;
34.644260733 4.31569187978 1.84251461536 0.0 0.0 4.07365628783 0.0 ;
35.4774919614 29.2990353698 4.13826366559 0.0032154340836 0.911575562701 1.66237942122 0.0 ;
62.9379418696 4.35978004713 6.21484681854 1.62097407698 1.8534956795 6.1068342498 0.610369206599 ;
61.4936489607 3.81351039261 1.7188221709 0.635681293303 1.0 2.23325635104 0.0 ;
40.0807017544 10.014619883 7.31520467836 1.62280701754 0.0 27.5228070175 3.58538011696 ;
34.644260733 4.31569187978 1.84251461536 0.0 0.0 4.07365628783 0.0 ;
44.6336590089 16.2579878532 1.02913475926 0.0 0.0 2.85740691841 0.0 ;
40.0789012274 10.0204558738 7.31502045587 1.62185856224 0.0 27.5078901227 3.58328462887 ;
35.4750402576 29.3140096618 4.13365539452 0.00322061191626 0.913043478261 1.66183574879 0.0 ;
62.9379418696 4.35978004713 6.21484681854 1.62097407698 1.8534956795 6.1068342498 0.610369206599 ;
36.0062252405 7.27391058291 3.35993208829 0.142991888323 0.0 11.5310318808 0.857008111677 ;
61.4936489607 3.81351039261 1.7188221709 0.635681293303 1.0 2.23325635104 0.0 ;
56.9028243179 3.09845220999 3.6598053295 1.67017711824 0.0 24.2734960906 3.46481570129 ;
34.644260733 4.31569187978 1.84251461536 0.0 0.0 4.07365628783 0.0 ;
61.4936489607 3.81351039261 1.7188221709 0.635681293303 1.0 2.23325635104 0.0 ;
40.0807017544 10.014619883 7.31520467836 1.62280701754 0.0 27.5228070175 3.58538011696 ;
35.4774919614 29.2990353698 4.13826366559 0.0032154340836 0.911575562701 1.66237942122 0.0 ;
36.0062252405 7.27391058291 3.35993208829 0.142991888323 0.0 11.5310318808 0.857008111677 ;
62.9379418696 4.35978004713 6.21484681854 1.62097407698 1.8534956795 6.1068342498 0.610369206599 ;
56.9028243179 3.09845220999 3.6598053295 1.67017711824 0.0 24.2734960906 3.46481570129 ;
44.6336590089 16.2579878532 1.02913475926 0.0 0.0 2.85740691841 0.0 ;
36.0062252405 7.27391058291 3.35993208829 0.142991888323 0.0 11.5310318808 0.857008111677 ;
62.9379418696 4.35978004713 6.21484681854 1.62097407698 1.8534956795 6.1068342498 0.610369206599 ;
34.644260733 4.31569187978 1.84251461536 0.0 0.0 4.07365628783 0.0 ;
40.074182243 10.0292056075 7.3148364486 1.62091121495 0.0 27.4929906542 3.58119158879 ;
35.4806451613 29.3209677419 4.12903225806 0.00322580645161 0.914516129032 1.66129032258 0.0 ;
44.6336590089 16.2579878532 1.02913475926 0.0 0.0 2.85740691841 0.0 ;
56.9028243179 3.09845220999 3.6598053295 1.67017711824 0.0 24.2734960906 3.46481570129 ;
61.4936489607 3.81351039261 1.7188221709 0.635681293303 1.0 2.23325635104 0.0 ;
39.724824356 10.5603044496 7.34894613583 1.55796252927 0.0 26.700234192 3.43676814988 ;
44.6022914678 16.2350490409 1.05433556115 0.0 0.0 2.8875965628 0.0 ;
36.0086759713 7.26876650321 3.36099585062 0.143530743116 0.0 11.5277253866 0.856469256884 ;
63.0082587749 4.70268410186 7.21816930489 1.90708878183 1.56503785272 8.88919476944 1.0798348245 ;
49.8648941942 11.0434074878 1.97504069452 0.0 1.0 1.51600651112 0.0 ;
34.6201798821 4.29840793963 1.84164685206 0.0 0.0 4.069962783 0.0 ;
63.935538592 4.00819903873 2.83262651965 1.08114221091 1.30986711903 2.57675996607 0.0 ;
56.5645268034 3.08074123097 3.79202514891 1.70648577101 0.0 25.3107213766 3.63368630046 ;
56.7277538869 3.72279192855 4.39679126695 0.874297055905 1.121071783 2.52695997354 0.0 ;
36.583934635 5.16330645161 1.71678692699 0.0 0.0 3.86511035654 0.0 ;
35.9745962978 8.31035840882 2.16187475384 0.0 0.0 13.6990941315 1.10771957464 ;
40.5856845857 37.5262845263 0.915354915355 0.0 0.0941490941491 2.69854469854 0.0 ;
55.3831521739 3.6152173913 6.30108695652 2.84130434783 0.0 44.7967391304 7.21032608696 ;
45.651421508 11.6674907293 11.7082818294 2.5414091471 0.733003708282 18.065512979 1.83807169345 ;
56.5202688939 3.01222244856 2.99837034019 1.35445100835 0.0 19.1177429212 2.5463434508 ;
65.7207303974 5.03222341568 3.77980665951 1.19441460795 1.14070891515 8.94414607948 1.141783029 ;
35.1545098039 3.76392156863 11.0737254902 1.03764705882 0.232941176471 3.57490196078 0.0 ;
35.9383602633 8.16676640734 2.13883901855 0.0 0.0 13.5996409336 1.09435467784 ;
43.3691148776 11.884180791 7.631826742 2.10922787194 0.0 33.384180791 4.76365348399 ;
64.5009009009 4.55075075075 7.1957957958 1.96996996997 1.75915915916 8.04384384384 0.931531531532 ;
48.0791545794 25.5631993369 0.904061334438 0.0 0.349357646084 2.23249067551 0.0 ;
36.3061836591 5.29903639574 1.72225649316 0.0 0.0 3.87849652209 0.0 ;
56.5274669379 3.08273991183 3.84350627331 1.71888775856 0.0 25.7109189556 3.70396744659 ;
63.5734328358 3.9752238806 2.36358208955 1.0 1.14567164179 2.66865671642 0.0 ;
34.6336963254 4.30584227911 1.83794384806 0.0 0.0 4.07310590421 0.0 ;
54.9196119196 7.00693000693 9.09771309771 2.27512127512 1.53846153846 13.6611226611 1.37144837145 ;
36.3609467456 6.25359256128 12.0955198648 1.33812341505 0.0524091293322 4.1978021978 0.0 ;
49.8648941942 11.0434074878 1.97504069452 0.0 1.0 1.51600651112 0.0 ;
55.8790534619 3.0837861525 4.27712532866 1.89482909728 0.0 29.368624014 4.36283961437 ;
35.9612204724 8.37322834646 2.16299212598 0.0 0.0 13.705511811 1.10787401575 ;
63.4696025779 4.0708915145 2.40580021482 1.0 0.993555316864 4.2880773362 0.310418904404 ;
44.6200716846 16.2703033482 1.04493399773 0.0 0.0 2.86930675758 0.0 ;
35.9481466877 8.30796529968 2.16285488959 0.0 0.0 13.7018927445 1.10764984227 ;
63.5550239234 4.07090039147 2.29099608525 1.0 0.93257938234 4.44867333623 0.33144845585 ;
55.917022792 3.08920940171 4.31160968661 1.90883190883 0.0 29.6549145299 4.41470797721 ;
34.6375434531 4.31489635638 1.83916570104 0.0 0.0 4.070400412 0.0 ;
44.6623946629 16.3447155899 1.06074438202 0.0 0.0 2.87350772472 0.0 ;
48.8205645161 10.8034274194 8.96774193548 2.13205645161 0.721774193548 18.9576612903 2.02318548387 ;
46.091272105 3.92355961209 10.892184826 1.65316600114 1.08613804906 3.63377067884 0.0 ;
49.8735070575 11.0472312704 1.96851248643 0.0 1.0 1.51520086862 0.0 ;
59.7627440347 3.74213665944 2.01247288503 0.615780911063 1.0 2.21014099783 0.0 ;
56.7880228137 3.08650190114 3.6216730038 1.64622940431 0.0 24.0150506971 3.42237008872 ;
63.6024969795 4.36850583971 6.14538864277 1.63229963754 1.8771647201 6.17962142569 0.62384212646 ;
44.6596500577 16.3133493205 1.02149391598 0.0 0.0 2.8371080913 0.0 ;
35.6473866257 7.28881629516 3.22790161414 0.123366641045 0.0 11.9813604919 0.905457340507 ;
40.9705048213 10.0209869541 7.6976744186 1.68576290414 0.0 26.3267158253 3.44809982984 ;
36.6093418259 38.5031847134 3.84076433121 0.00424628450106 0.851380042463 1.76645435244 0.0 ;
34.6618961973 4.32636176773 1.84023638232 0.0 0.0 4.076336074 0.0 ;
34.644260733 4.31569187978 1.84251461536 0.0 0.0 4.07365628783 0.0 ;
56.9028243179 3.09845220999 3.6598053295 1.67017711824 0.0 24.2734960906 3.46481570129 ;
35.4750402576 29.3140096618 4.13365539452 0.00322061191626 0.913043478261 1.66183574879 0.0 ;
40.0789012274 10.0204558738 7.31502045587 1.62185856224 0.0 27.5078901227 3.58328462887 ;
62.9379418696 4.35978004713 6.21484681854 1.62097407698 1.8534956795 6.1068342498 0.610369206599 ;
44.6336590089 16.2579878532 1.02913475926 0.0 0.0 2.85740691841 0.0 ;
36.0062252405 7.27391058291 3.35993208829 0.142991888323 0.0 11.5310318808 0.857008111677 ;
61.4936489607 3.81351039261 1.7188221709 0.635681293303 1.0 2.23325635104 0.0 ;
49.8496698832 24.311325546 1.27958354495 0.0 0.46749619096 2.18080243779 0.0 ;
36.1500471846 12.4682290028 1.81031770997 0.0 0.0 11.3134633533 0.864422774457 ;
64.0835233751 4.01539338655 2.82468643101 1.08608893957 1.30815279361 2.58380843786 0.0 ;
43.5178055823 10.1443695861 7.7853705486 2.23002887392 0.0 34.6900866218 5.01539942252 ;
36.3582980362 5.15509348393 1.72397638301 0.0 0.0 3.88016086938 0.0 ;
64.2961876833 4.67595307918 7.16788856305 1.96260997067 1.59237536657 9.20234604106 1.13709677419 ;
35.5176678445 3.90282685512 11.683745583 1.16961130742 0.13074204947 3.86660777385 0.0 ;
56.5157107232 3.07630922693 3.77439733998 1.69625935162 0.0 25.1591022444 3.60498753117 ;
36.0086759713 7.26876650321 3.36099585062 0.143530743116 0.0 11.5277253866 0.856469256884 ;
34.5748736913 4.26415438304 1.84168446273 0.0 0.0 4.0669305693 0.0 ;
63.0144827586 4.70551724138 7.22689655172 1.91103448276 1.56413793103 8.90413793103 1.08206896552 ;
49.8648941942 11.0434074878 1.97504069452 0.0 1.0 1.51600651112 0.0 ;
63.9322033898 4.00762711864 2.83276836158 1.0802259887 1.3104519774 2.57598870056 0.0 ;
56.564454741 3.08058911137 3.79099784875 1.7059407579 0.0 25.3036571239 3.63230183684 ;
39.737704918 10.5515222482 7.35070257611 1.56088992974 0.0 26.7382903981 3.44379391101 ;
44.500338524 16.0495937712 1.07430602573 0.0 0.0 2.9268788084 0.0 ;
62.9379418696 4.35978004713 6.21484681854 1.62097407698 1.8534956795 6.1068342498 0.610369206599 ;
34.644260733 4.31569187978 1.84251461536 0.0 0.0 4.07365628783 0.0 ;
40.0789012274 10.0204558738 7.31502045587 1.62185856224 0.0 27.5078901227 3.58328462887 ;
36.0062252405 7.27391058291 3.35993208829 0.142991888323 0.0 11.5310318808 0.857008111677 ;
44.6336590089 16.2579878532 1.02913475926 0.0 0.0 2.85740691841 0.0 ;
56.9028243179 3.09845220999 3.6598053295 1.67017711824 0.0 24.2734960906 3.46481570129 ;
35.4750402576 29.3140096618 4.13365539452 0.00322061191626 0.913043478261 1.66183574879 0.0 ;
61.4936489607 3.81351039261 1.7188221709 0.635681293303 1.0 2.23325635104 0.0 ;
37.2222514121 17.4317614607 1.63312754499 0.0 0.0 9.92539077893 0.719952712466 ;
36.4278195649 5.17981717841 1.71745754405 0.0 0.0 3.87193965609 0.0 ;
56.5291673591 3.07661625395 3.78095396377 1.6998504238 0.0 25.2187136447 3.61642014293 ;
64.2971386647 4.67718268525 7.16581071167 1.96258253852 1.59207630227 9.20542920029 1.13793103448 ;
35.8427495292 4.09133709981 11.9350282486 1.26836158192 0.060263653484 4.10075329567 0.0 ;
52.5230530802 15.7644323905 1.89655172414 0.0 0.743897714064 1.8186749322 0.0 ;
64.0349829352 4.01308304892 2.82878270762 1.0861774744 1.30716723549 2.58390216155 0.0 ;
43.3716814159 9.91642084562 7.64405113078 2.22418879056 0.0 34.9764011799 5.06391347099 ;
44.6336590089 16.2579878532 1.02913475926 0.0 0.0 2.85740691841 0.0 ;
34.644260733 4.31569187978 1.84251461536 0.0 0.0 4.07365628783 0.0 ;
56.9028243179 3.09845220999 3.6598053295 1.67017711824 0.0 24.2734960906 3.46481570129 ;
35.4750402576 29.3140096618 4.13365539452 0.00322061191626 0.913043478261 1.66183574879 0.0 ;
61.4936489607 3.81351039261 1.7188221709 0.635681293303 1.0 2.23325635104 0.0 ;
40.0789012274 10.0204558738 7.31502045587 1.62185856224 0.0 27.5078901227 3.58328462887 ;
62.9379418696 4.35978004713 6.21484681854 1.62097407698 1.8534956795 6.1068342498 0.610369206599 ;
36.0062252405 7.27391058291 3.35993208829 0.142991888323 0.0 11.5310318808 0.857008111677 ;
34.644260733 4.31569187978 1.84251461536 0.0 0.0 4.07365628783 0.0 ;
56.9028243179 3.09845220999 3.6598053295 1.67017711824 0.0 24.2734960906 3.46481570129 ;
35.4806451613 29.3209677419 4.12903225806 0.00322580645161 0.914516129032 1.66129032258 0.0 ;
61.4936489607 3.81351039261 1.7188221709 0.635681293303 1.0 2.23325635104 0.0 ;
36.0062252405 7.27391058291 3.35993208829 0.142991888323 0.0 11.5310318808 0.857008111677 ;
40.074182243 10.0292056075 7.3148364486 1.62091121495 0.0 27.4929906542 3.58119158879 ;
62.9379418696 4.35978004713 6.21484681854 1.62097407698 1.8534956795 6.1068342498 0.610369206599 ;
44.6336590089 16.2579878532 1.02913475926 0.0 0.0 2.85740691841 0.0 ;
36.354470188 5.15632287187 1.72449350705 0.0 0.0 3.88053826241 0.0 ;
35.456768559 3.86288209607 11.592139738 1.14847161572 0.144104803493 3.81484716157 0.0 ;
43.4641148325 10.2708133971 7.82296650718 2.22200956938 0.0 34.4727272727 4.97607655502 ;
49.8264587525 24.4660462777 1.23742454728 0.0 0.458752515091 2.18259557344 0.0 ;
64.2961876833 4.67595307918 7.16788856305 1.96260997067 1.59237536657 9.20234604106 1.13709677419 ;
36.1248413706 12.2926713198 1.81979695431 0.0 0.0 11.3910215736 0.871986040609 ;
56.5157107232 3.07647547797 3.77522859518 1.69692435578 0.0 25.1680798005 3.60665004156 ;
64.0835233751 4.01539338655 2.82468643101 1.08608893957 1.30815279361 2.58380843786 0.0 ;
36.8850432633 10.8529048208 10.2731767614 1.85414091471 0.00741656365884 19.3621755253 1.77997527812 ;
63.8846261551 3.99831979838 2.81517782134 1.07952954355 1.2987958555 2.5900308037 0.0 ;
35.9690168818 8.2504468719 2.15054617676 0.0 0.0 13.6027805362 1.09453823237 ;
34.7076221716 4.48468338244 1.33582587424 0.0 0.0 4.11847445377 0.0 ;
56.3421135647 3.09085173502 3.99495268139 1.80488958991 0.0 27.1391167192 4.0119873817 ;
62.9546391753 4.67766323024 7.1175257732 1.88178694158 1.55532646048 8.82336769759 1.06872852234 ;
45.7888551933 9.25777103867 4.62319939348 0.301364670205 0.698635329795 2.29567854435 0.0 ;
42.4692533968 13.5286454686 2.50140075641 0.0 0.0 2.99425689873 0.0 ;
49.1128447025 22.31712627 1.88062409289 0.0 0.69557329463 2.20899854862 0.0 ;
62.8951781971 4.69042627533 7.43256464011 1.97833682739 1.56114605171 8.9608665269 1.08874912648 ;
36.3144944087 5.18872681045 1.67486156299 0.0 0.0 3.88901338045 0.0 ;
44.3355965082 9.96411251212 7.0009699321 2.13191076625 0.0 37.0979631426 5.46556741028 ;
63.8849449204 4.04345165239 2.99020807834 1.09302325581 1.40728274174 2.59026927785 0.0 ;
36.7542031402 15.5367514242 1.67014033625 0.0 0.0 10.2612199528 0.761011532583 ;
56.5159410353 3.0745629071 3.80270826191 1.69866300994 0.0 25.3942406582 3.6462118615 ;
47.9525782689 3.51887661142 7.41068139963 0.837937384899 0.0 3.29281767956 0.0 ;
36.0086759713 7.26876650321 3.36099585062 0.143530743116 0.0 11.5277253866 0.856469256884 ;
63.0082587749 4.70268410186 7.21816930489 1.90708878183 1.56503785272 8.88919476944 1.0798348245 ;
56.5645268034 3.08074123097 3.79202514891 1.70648577101 0.0 25.3107213766 3.63368630046 ;
49.8648941942 11.0434074878 1.97504069452 0.0 1.0 1.51600651112 0.0 ;
34.6200149906 4.29849318963 1.8416686051 0.0 0.0 4.06999043705 0.0 ;
63.935538592 4.00819903873 2.83262651965 1.08114221091 1.30986711903 2.57675996607 0.0 ;
44.6019788231 16.2337267835 1.05433084534 0.0 0.0 2.88760631835 0.0 ;
39.724824356 10.5603044496 7.34894613583 1.55796252927 0.0 26.700234192 3.43676814988 ;
61.4936489607 3.81351039261 1.7188221709 0.635681293303 1.0 2.23325635104 0.0 ;
56.9028243179 3.09845220999 3.6598053295 1.67017711824 0.0 24.2734960906 3.46481570129 ;
44.6336590089 16.2579878532 1.02913475926 0.0 0.0 2.85740691841 0.0 ;
35.4806451613 29.3209677419 4.12903225806 0.00322580645161 0.914516129032 1.66129032258 0.0 ;
62.9379418696 4.35978004713 6.21484681854 1.62097407698 1.8534956795 6.1068342498 0.610369206599 ;
34.644260733 4.31569187978 1.84251461536 0.0 0.0 4.07365628783 0.0 ;
40.074182243 10.0292056075 7.3148364486 1.62091121495 0.0 27.4929906542 3.58119158879 ;
36.0062252405 7.27391058291 3.35993208829 0.142991888323 0.0 11.5310318808 0.857008111677 ;
35.643075746 7.29820198929 3.22628156083 0.122800306044 0.0 12.0294567712 0.910482019893 ;
59.7791644059 3.74335322843 2.00949538795 0.616115029843 1.0 2.21079761259 0.0 ;
63.6024969795 4.36850583971 6.14538864277 1.63229963754 1.8771647201 6.17962142569 0.62384212646 ;
44.6677923925 16.3172769285 1.02124066833 0.0 0.0 2.83700675435 0.0 ;
41.0569292697 10.0304772858 7.76423231742 1.70902817711 0.0 26.3801035078 3.46808510638 ;
34.6613404578 4.32738202276 1.84016235518 0.0 0.0 4.07614252318 0.0 ;
36.5792811839 38.3467230444 3.85623678647 0.00422832980973 0.85200845666 1.76321353066 0.0 ;
56.7880228137 3.08650190114 3.6216730038 1.64622940431 0.0 24.0150506971 3.42237008872 ;
35.6253968254 7.37329598506 3.21325863679 0.119887955182 0.0 12.2711484594 0.936321195145 ;
63.6024969795 4.36850583971 6.14538864277 1.63229963754 1.8771647201 6.17962142569 0.62384212646 ;
36.6581196581 38.7799145299 3.8141025641 0.0042735042735 0.848290598291 1.7735042735 0.0 ;
34.6706172079 4.33081935252 1.83995177261 0.0 0.0 4.07608639885 0.0 ;
41.6429894997 9.96973440395 8.16244595429 1.85299567634 0.0 26.8702903027 3.61581222977 ;
59.7313109426 3.73997833153 2.01868905742 0.61511375948 1.0 2.20964247021 0.0 ;
56.7790642347 3.08564631245 3.61728786677 1.64361617764 0.0 23.9703409992 3.41395717684 ;
44.6854233655 16.3637906395 1.01741693462 0.0 0.0 2.83092175777 0.0 ;
34.644260733 4.31569187978 1.84251461536 0.0 0.0 4.07365628783 0.0 ;
61.4936489607 3.81351039261 1.7188221709 0.635681293303 1.0 2.23325635104 0.0 ;
35.4774919614 29.2990353698 4.13826366559 0.0032154340836 0.911575562701 1.66237942122 0.0 ;
36.0062252405 7.27391058291 3.35993208829 0.142991888323 0.0 11.5310318808 0.857008111677 ;
56.9028243179 3.09845220999 3.6598053295 1.67017711824 0.0 24.2734960906 3.46481570129 ;
62.9379418696 4.35978004713 6.21484681854 1.62097407698 1.8534956795 6.1068342498 0.610369206599 ;
44.6336590089 16.2579878532 1.02913475926 0.0 0.0 2.85740691841 0.0 ;
40.0807017544 10.014619883 7.31520467836 1.62280701754 0.0 27.5228070175 3.58538011696 ;
37.1152987525 17.1095206829 1.66421536441 0.0 0.0 10.0456992777 0.73552199606 ;
63.9672501412 4.00592885375 2.81789949181 1.08554488989 1.29785431959 2.59457933371 0.0 ;
36.4097094834 5.1739046969 1.7188473188 0.0 0.0 3.87425877736 0.0 ;
35.9717411121 4.15405651778 12.0820419325 1.33090246126 0.0556061987238 4.17046490428 0.0 ;
40.5245398773 12.4340490798 8.40950920245 2.16871165644 0.0291411042945 31.0950920245 4.21625766871 ;
56.3272146848 3.09130087789 3.9209896249 1.76328810854 0.0 26.4585794094 3.84293695132 ;
52.5557627751 16.5639686684 1.83289817232 0.0 0.716150690041 1.85490488624 0.0 ;
64.2628111274 4.71229868228 6.87335285505 1.87774524158 1.57613469985 9.0505124451 1.10980966325 ;
44.6336590089 16.2579878532 1.02913475926 0.0 0.0 2.85740691841 0.0 ;
62.9379418696 4.35978004713 6.21484681854 1.62097407698 1.8534956795 6.1068342498 0.610369206599 ;
56.9028243179 3.09845220999 3.6598053295 1.67017711824 0.0 24.2734960906 3.46481570129 ;
36.0062252405 7.27391058291 3.35993208829 0.142991888323 0.0 11.5310318808 0.857008111677 ;
35.4774919614 29.2990353698 4.13826366559 0.0032154340836 0.911575562701 1.66237942122 0.0 ;
40.0807017544 10.014619883 7.31520467836 1.62280701754 0.0 27.5228070175 3.58538011696 ;
34.644260733 4.31569187978 1.84251461536 0.0 0.0 4.07365628783 0.0 ;
61.4936489607 3.81351039261 1.7188221709 0.635681293303 1.0 2.23325635104 0.0 ;
34.6618961973 4.32636176773 1.84023638232 0.0 0.0 4.076336074 0.0 ;
63.6024969795 4.36850583971 6.14538864277 1.63229963754 1.8771647201 6.17962142569 0.62384212646 ;
56.7852955158 3.08635715418 3.6208207891 1.64569798764 0.0 24.0060212328 3.4206940263 ;
36.5953389831 38.4279661017 3.84957627119 0.00423728813559 0.851694915254 1.76694915254 0.0 ;
59.7708163819 3.74233794413 2.01084892867 0.615947925142 1.0 2.21019799295 0.0 ;
41.223660977 10.0382577987 7.88699234844 1.75220718069 0.0 26.5256032961 3.51030017657 ;
35.6376921617 7.31580945151 3.22224330993 0.121844752325 0.0 12.1045739229 0.918770165117 ;
44.6596500577 16.3133493205 1.02149391598 0.0 0.0 2.8371080913 0.0 ;
44.6336590089 16.2579878532 1.02913475926 0.0 0.0 2.85740691841 0.0 ;
61.4936489607 3.81351039261 1.7188221709 0.635681293303 1.0 2.23325635104 0.0 ;
34.644260733 4.31569187978 1.84251461536 0.0 0.0 4.07365628783 0.0 ;
62.9379418696 4.35978004713 6.21484681854 1.62097407698 1.8534956795 6.1068342498 0.610369206599 ;
36.0062252405 7.27391058291 3.35993208829 0.142991888323 0.0 11.5310318808 0.857008111677 ;
40.0789012274 10.0204558738 7.31502045587 1.62185856224 0.0 27.5078901227 3.58328462887 ;
35.4750402576 29.3140096618 4.13365539452 0.00322061191626 0.913043478261 1.66183574879 0.0 ;
56.9028243179 3.09845220999 3.6598053295 1.67017711824 0.0 24.2734960906 3.46481570129 ;
61.4936489607 3.81351039261 1.7188221709 0.635681293303 1.0 2.23325635104 0.0 ;
34.644260733 4.31569187978 1.84251461536 0.0 0.0 4.07365628783 0.0 ;
62.9379418696 4.35978004713 6.21484681854 1.62097407698 1.8534956795 6.1068342498 0.610369206599 ;
56.9028243179 3.09845220999 3.6598053295 1.67017711824 0.0 24.2734960906 3.46481570129 ;
35.4750402576 29.3140096618 4.13365539452 0.00322061191626 0.913043478261 1.66183574879 0.0 ;
40.0789012274 10.0204558738 7.31502045587 1.62185856224 0.0 27.5078901227 3.58328462887 ;
44.6336590089 16.2579878532 1.02913475926 0.0 0.0 2.85740691841 0.0 ;
36.0062252405 7.27391058291 3.35993208829 0.142991888323 0.0 11.5310318808 0.857008111677 ;
36.0062252405 7.27391058291 3.35993208829 0.142991888323 0.0 11.5310318808 0.857008111677 ;
61.4936489607 3.81351039261 1.7188221709 0.635681293303 1.0 2.23325635104 0.0 ;
40.0789012274 10.0204558738 7.31502045587 1.62185856224 0.0 27.5078901227 3.58328462887 ;
35.4750402576 29.3140096618 4.13365539452 0.00322061191626 0.913043478261 1.66183574879 0.0 ;
56.9028243179 3.09845220999 3.6598053295 1.67017711824 0.0 24.2734960906 3.46481570129 ;
34.644260733 4.31569187978 1.84251461536 0.0 0.0 4.07365628783 0.0 ;
62.9379418696 4.35978004713 6.21484681854 1.62097407698 1.8534956795 6.1068342498 0.610369206599 ;
44.6336590089 16.2579878532 1.02913475926 0.0 0.0 2.85740691841 0.0 ;
59.7313109426 3.73997833153 2.01868905742 0.61511375948 1.0 2.20964247021 0.0 ;
56.7833121827 3.08581852792 3.6173857868 1.64387690355 0.0 23.9711294416 3.41418147208 ;
34.6706172079 4.33081935252 1.83995177261 0.0 0.0 4.07608639885 0.0 ;
44.6854233655 16.3637906395 1.01741693462 0.0 0.0 2.83092175777 0.0 ;
63.6024969795 4.36850583971 6.14538864277 1.63229963754 1.8771647201 6.17962142569 0.62384212646 ;
36.6581196581 38.7799145299 3.8141025641 0.0042735042735 0.848290598291 1.7735042735 0.0 ;
35.6249301286 7.38196385318 3.21129122415 0.119619899385 0.0 12.2893609093 0.938699459661 ;
41.6822139303 9.9552238806 8.20273631841 1.86567164179 0.0 26.9135572139 3.62686567164 ;
35.6450747413 7.29474894596 3.22652357225 0.123035645841 0.0 12.0091989268 0.908394020698 ;
63.6024969795 4.36850583971 6.14538864277 1.63229963754 1.8771647201 6.17962142569 0.62384212646 ;
41.0200114351 10.0251572327 7.73756432247 1.69925671812 0.0 26.358490566 3.45969125214 ;
36.5654008439 38.2700421941 3.86497890295 0.0042194092827 0.852320675105 1.76371308017 0.0 ;
59.7872455902 3.74382632293 2.0078697422 0.616282225237 1.0 2.21085481682 0.0 ;
44.6677923925 16.3172769285 1.02124066833 0.0 0.0 2.83700675435 0.0 ;
34.6613404578 4.32738202276 1.84016235518 0.0 0.0 4.07614252318 0.0 ;
56.7880228137 3.08650190114 3.6216730038 1.64622940431 0.0 24.0150506971 3.42237008872 ;
36.3441423713 5.16572907531 1.72490428012 0.0 0.0 3.88098650296 0.0 ;
56.517287234 3.07646276596 3.77609707447 1.69747340426 0.0 25.1760305851 3.60821143617 ;
49.675018423 24.6379267993 1.18668631786 0.0 0.444608204372 2.16826332596 0.0 ;
64.2961876833 4.67595307918 7.16788856305 1.96260997067 1.59237536657 9.20234604106 1.13709677419 ;
43.4265267176 10.3358778626 7.84446564885 2.21660305344 0.0 34.3301526718 4.94942748092 ;
64.0835233751 4.01539338655 2.82468643101 1.08608893957 1.30815279361 2.58380843786 0.0 ;
36.09909473 11.9421273844 1.84642741675 0.0 0.0 11.5703200776 0.888619463304 ;
35.4134948097 3.83650519031 11.5259515571 1.13235294118 0.154844290657 3.78460207612 0.0 ;
34.644260733 4.31569187978 1.84251461536 0.0 0.0 4.07365628783 0.0 ;
62.9379418696 4.35978004713 6.21484681854 1.62097407698 1.8534956795 6.1068342498 0.610369206599 ;
40.0807017544 10.014619883 7.31520467836 1.62280701754 0.0 27.5228070175 3.58538011696 ;
35.4774919614 29.2990353698 4.13826366559 0.0032154340836 0.911575562701 1.66237942122 0.0 ;
61.4936489607 3.81351039261 1.7188221709 0.635681293303 1.0 2.23325635104 0.0 ;
44.6336590089 16.2579878532 1.02913475926 0.0 0.0 2.85740691841 0.0 ;
56.9028243179 3.09845220999 3.6598053295 1.67017711824 0.0 24.2734960906 3.46481570129 ;
36.0062252405 7.27391058291 3.35993208829 0.142991888323 0.0 11.5310318808 0.857008111677 ;
44.6024650638 16.2301883517 1.053727975 0.0 0.0 2.88742296676 0.0 ;
63.0082587749 4.70268410186 7.21816930489 1.90708878183 1.56503785272 8.88919476944 1.0798348245 ;
49.8648941942 11.0434074878 1.97504069452 0.0 1.0 1.51600651112 0.0 ;
39.7308814945 10.5697606538 7.34617629889 1.55808523059 0.0 26.6742556918 3.43374197315 ;
34.6200149906 4.29849318963 1.8416686051 0.0 0.0 4.06999043705 0.0 ;
36.0077373089 7.27137195697 3.3602566522 0.143045857709 0.0 11.531232308 0.856954142291 ;
56.564454741 3.08058911137 3.79099784875 1.7059407579 0.0 25.3036571239 3.63230183684 ;
63.935538592 4.00819903873 2.83262651965 1.08114221091 1.30986711903 2.57675996607 0.0 ;
36.3609467456 6.25359256128 12.0955198648 1.33812341505 0.0524091293322 4.1978021978 0.0 ;
35.9612204724 8.37322834646 2.16299212598 0.0 0.0 13.705511811 1.10787401575 ;
49.8648941942 11.0434074878 1.97504069452 0.0 1.0 1.51600651112 0.0 ;
54.9196119196 7.00693000693 9.09771309771 2.27512127512 1.53846153846 13.6611226611 1.37144837145 ;
44.6200716846 16.2703033482 1.04493399773 0.0 0.0 2.86930675758 0.0 ;
55.8790534619 3.0837861525 4.27712532866 1.89482909728 0.0 29.368624014 4.36283961437 ;
63.4696025779 4.0708915145 2.40580021482 1.0 0.993555316864 4.2880773362 0.310418904404 ;
34.6336963254 4.30584227911 1.83794384806 0.0 0.0 4.07310590421 0.0 ;
