1.56131725102 4.75581318462 2.53024932879 1.86139387416 3.53268570163 1.0499867692 3.21509033101 ;
2.58615827538 4.69718296086 2.94740967965 2.92606538446 2.72176667847 0.981407716891 3.32417028895 ;
2.72894061877 4.52521094691 3.31275780752 3.90964761457 3.91541046926 3.03531202366 3.30921521964 ;
1.65910292664 4.71694718228 0.0 1.74387034444 2.39602556131 0.774898250375 2.79396738834 ;
1.43768333198 4.66972962534 2.64603468377 2.76867804474 1.9488663146 1.79856139053 1.56703160225 ;
1.83546175212 4.61933471145 1.92046746183 2.38816932933 2.41198804498 1.28581346765 1.13935585892 ;
2.1417849899 4.69466769468 3.12319864135 4.40471522181 2.80549727513 3.82838737575 2.85295142976 ;
2.4879049246 4.71948543676 2.84334912986 2.6748913755 2.77122678928 0.856470168804 3.24997069187 ;
2.82066478617 4.48689366908 3.2890726249 3.22936569778 4.61449089527 2.31357291025 3.42023137515 ;
1.07046722299 4.75176674846 1.41257716611 1.63426614351 2.73881797687 0.90203929401 3.17782947614 ;
1.99273881755 4.58838933876 2.41015703073 2.48759463073 2.52667577348 1.32793356202 1.80117020098 ;
2.13823199927 4.69757642834 3.12462753273 4.40828711615 2.73788932849 3.83011881986 2.83280464605 ;
3.00563368726 4.40035513754 3.43685005971 3.54843230925 4.74873638746 2.0308511706 3.43014457036 ;
1.90264866054 4.76967777998 2.72363478147 2.257719038 2.86753336658 0.998250718647 3.2521188161 ;
1.65910292664 4.71694718228 0.0 1.74387034444 2.39602556131 0.774898250375 2.79396738834 ;
1.30267944624 4.71371304301 1.39339935391 1.88567995983 1.91426734491 0.796593645033 2.21192237535 ;
2.10801217139 4.69039364027 3.11070478738 4.39991700335 2.76013422397 3.82409874212 2.80480489243 ;
1.42181559144 4.73161755454 1.98282248731 1.70766724485 4.06339669808 1.2027726541 3.34089598432 ;
2.46676123638 4.74538496495 2.80811913314 2.64998793686 2.64886475098 1.06273827096 3.23536691926 ;
3.00189667459 4.3914861102 3.442141062 3.5290167843 4.74120467184 2.02491731226 3.41415448395 ;
2.10503168511 4.68536931035 3.1053776278 4.39167937429 2.69295265671 3.82006515351 2.80473880705 ;
1.89005320685 4.73078356389 2.62301031733 2.31303731893 1.86228135409 0.911745750119 2.70607881795 ;
1.95775635595 4.74669995769 2.70908495077 2.23122257952 4.03426613162 1.19764066095 3.3272608265 ;
1.65910292664 4.71694718228 0.0 1.74387034444 2.39602556131 0.774898250375 2.79396738834 ;
3.00994327321 4.40520243904 3.43197478916 3.55659640371 4.7461276439 2.02213418055 3.4299287834 ;
2.73020069692 4.52717013366 3.31345309369 3.91118553974 3.92840017616 3.03084426041 3.31362941642 ;
1.65910292664 4.71694718228 0.0 1.74387034444 2.39602556131 0.774898250375 2.79396738834 ;
2.55138811359 4.7073421003 2.88048859495 2.82221807373 2.55669418932 0.951517544246 3.27273719033 ;
1.20307715292 4.69384862319 2.50098332609 2.4387746711 2.13862417633 1.47714548796 1.92139341715 ;
1.68378739595 4.74741774164 2.66442818687 1.92889510002 4.06141277158 1.19773599371 3.31979491925 ;
1.65910292664 4.71694718228 0.0 1.74387034444 2.39602556131 0.774898250375 2.79396738834 ;
3.00563368726 4.40035513754 3.43685005971 3.54843230925 4.74873638746 2.0308511706 3.43014457036 ;
2.13823199927 4.69757642834 3.12462753273 4.40828711615 2.73788932849 3.83011881986 2.83280464605 ;
1.99123038535 4.58862259444 2.40740597805 2.487034403 2.5221803637 1.33181640869 1.79495934273 ;
1.90307540277 4.76949393359 2.72407659997 2.25801585031 2.86837602331 0.997547725184 3.2525928759 ;
1.30267944624 4.71371304301 1.39339935391 1.88567995983 1.91426734491 0.796593645033 2.21192237535 ;
2.10642074719 4.68983872753 3.10988132469 4.39967684678 2.75412623735 3.82364850239 2.80255574327 ;
3.00189667459 4.3914861102 3.442141062 3.5290167843 4.74120467184 2.02491731226 3.41415448395 ;
1.41559413912 4.7318760032 1.9765389803 1.70498687248 4.06316957892 1.20218671492 3.34189832312 ;
2.46577694853 4.74536759243 2.80836941418 2.64933607707 2.65679377801 1.06639002444 3.23574107909 ;
2.10503168511 4.68536931035 3.1053776278 4.39167937429 2.69295265671 3.82006515351 2.80473880705 ;
3.00994327321 4.40520243904 3.43197478916 3.55659640371 4.7461276439 2.02213418055 3.4299287834 ;
1.95775635595 4.74669995769 2.70908495077 2.23122257952 4.03426613162 1.19764066095 3.3272608265 ;
1.65910292664 4.71694718228 0.0 1.74387034444 2.39602556131 0.774898250375 2.79396738834 ;
1.89005320685 4.73078356389 2.62301031733 2.31303731893 1.86228135409 0.911745750119 2.70607881795 ;
2.73953408753 4.53144256161 3.32025970584 3.9169228898 3.92589159333 3.02373462361 3.32362811459 ;
2.47847581668 4.69803252163 2.84492060829 3.05496533358 2.01488318969 1.28977636115 2.62366758768 ;
1.65910292664 4.71694718228 0.0 1.74387034444 2.39602556131 0.774898250375 2.79396738834 ;
2.0543578291 4.69765329951 2.81594819968 2.37950407165 4.1490757605 1.10745981324 3.34240254644 ;
1.05621103734 4.76271926482 2.38003506664 1.80966728744 1.90245551018 1.0881027683 2.66036569195 ;
3.00324945974 4.39698789751 3.43729013084 3.54276837543 4.7444818854 2.02653098822 3.41536715825 ;
1.66463826265 4.73881307961 1.28073314395 1.85037959976 1.83926300224 0.835428820571 2.9735447963 ;
2.1641398149 4.69241818203 3.11523321361 4.39693367788 2.68856998574 3.82817943226 3.09072783172 ;
2.01951993662 4.74090430964 2.79525497385 2.4017959237 3.40325419057 1.08322672819 3.29118132436 ;
1.78842330935 4.65274178771 2.22205951776 2.6578420107 2.18663655528 1.58179004459 0.0 ;
1.89957845705 4.77015066855 2.72260739449 2.25152171271 2.86682513546 0.994525382286 3.25220665661 ;
2.13864645973 4.69852872037 3.12528277196 4.40965603044 2.75237551542 3.83002956403 2.83633859678 ;
1.99679731528 4.58744543194 2.41740304419 2.50900912499 2.5089002275 1.34739747306 1.81440043904 ;
3.00682433697 4.40197934351 3.43609220126 3.55119834576 4.74750747061 2.03182083462 3.430136255 ;
1.65910292664 4.71694718228 0.0 1.74387034444 2.39602556131 0.774898250375 2.79396738834 ;
2.1417849899 4.69466769468 3.12319864135 4.40471522181 2.80549727513 3.82838737575 2.85295142976 ;
2.82066478617 4.48689366908 3.2890726249 3.22936569778 4.61449089527 2.31357291025 3.42023137515 ;
2.4889654432 4.72002308053 2.8443611114 2.67671751911 2.77112532673 0.858077054674 3.25046518023 ;
1.07051383218 4.751806835 1.41403702789 1.63205767575 2.73794195917 0.900820321991 3.1774860836 ;
1.83849825296 4.6175396682 1.92112042692 2.39157518277 2.41584059442 1.28149865735 1.14576438892 ;
1.95775635595 4.74669995769 2.70908495077 2.23122257952 4.03426613162 1.19764066095 3.3272608265 ;
1.65910292664 4.71694718228 0.0 1.74387034444 2.39602556131 0.774898250375 2.79396738834 ;
2.10503168511 4.68536931035 3.1053776278 4.39167937429 2.69295265671 3.82006515351 2.80473880705 ;
3.00994327321 4.40520243904 3.43197478916 3.55659640371 4.7461276439 2.02213418055 3.4299287834 ;
1.89005320685 4.73078356389 2.62301031733 2.31303731893 1.86228135409 0.911745750119 2.70607881795 ;
1.65910292664 4.71694718228 0.0 1.74387034444 2.39602556131 0.774898250375 2.79396738834 ;
1.95775635595 4.74669995769 2.70908495077 2.23122257952 4.03426613162 1.19764066095 3.3272608265 ;
3.00994327321 4.40520243904 3.43197478916 3.55659640371 4.7461276439 2.02213418055 3.4299287834 ;
1.89005320685 4.73078356389 2.62301031733 2.31303731893 1.86228135409 0.911745750119 2.70607881795 ;
2.10503168511 4.68536931035 3.1053776278 4.39167937429 2.69295265671 3.82006515351 2.80473880705 ;
1.05621103734 4.76271926482 2.38003506664 1.80966728744 1.90245551018 1.0881027683 2.66036569195 ;
2.73953408753 4.53144256161 3.32025970584 3.9169228898 3.92589159333 3.02373462361 3.32362811459 ;
1.65910292664 4.71694718228 0.0 1.74387034444 2.39602556131 0.774898250375 2.79396738834 ;
2.0543578291 4.69765329951 2.81594819968 2.37950407165 4.1490757605 1.10745981324 3.34240254644 ;
2.47847581668 4.69803252163 2.84492060829 3.05496533358 2.01488318969 1.28977636115 2.62366758768 ;
1.49614303211 4.7382725852 2.05104941901 1.73912986144 4.05981399504 1.23740504898 3.33714181899 ;
2.51359469877 4.71440373834 2.85846673868 2.7280815444 2.75647931191 0.971651762718 3.2503007057 ;
3.01401450784 4.40493032003 3.4491472732 3.54972909933 4.76024858396 2.38900715179 3.43306846095 ;
1.32346076142 4.71049312074 1.41057352739 1.88563311284 1.95047638473 0.790107878507 2.22483052256 ;
2.09227801593 4.68678500193 3.10382148708 4.39729693203 2.72255156944 3.81810315729 2.79903500704 ;
1.90179754681 4.7697914453 2.72339016592 2.25662135636 2.86648306762 0.997169947103 3.252065142 ;
2.13823199927 4.69757642834 3.12462753273 4.40828711615 2.73788932849 3.83011881986 2.83280464605 ;
1.99273881755 4.58838933876 2.41015703073 2.48759463073 2.52667577348 1.32793356202 1.80117020098 ;
1.65910292664 4.71694718228 0.0 1.74387034444 2.39602556131 0.774898250375 2.79396738834 ;
3.00584485441 4.40077819694 3.43610544503 3.54897255173 4.74793988524 2.0318672958 3.42993742427 ;
1.99273881755 4.58838933876 2.41015703073 2.48759463073 2.52667577348 1.32793356202 1.80117020098 ;
1.90264866054 4.76967777998 2.72363478147 2.257719038 2.86753336658 0.998250718647 3.2521188161 ;
2.13823199927 4.69757642834 3.12462753273 4.40828711615 2.73788932849 3.83011881986 2.83280464605 ;
3.00563368726 4.40035513754 3.43685005971 3.54843230925 4.74873638746 2.0308511706 3.43014457036 ;
1.65910292664 4.71694718228 0.0 1.74387034444 2.39602556131 0.774898250375 2.79396738834 ;
1.65910292664 4.71694718228 0.0 1.74387034444 2.39602556131 0.774898250375 2.79396738834 ;
2.10503168511 4.68536931035 3.1053776278 4.39167937429 2.69295265671 3.82006515351 2.80473880705 ;
1.95775635595 4.74669995769 2.70908495077 2.23122257952 4.03426613162 1.19764066095 3.3272608265 ;
1.89005320685 4.73078356389 2.62301031733 2.31303731893 1.86228135409 0.911745750119 2.70607881795 ;
3.00994327321 4.40520243904 3.43197478916 3.55659640371 4.7461276439 2.02213418055 3.4299287834 ;
3.00189667459 4.3914861102 3.442141062 3.5290167843 4.74120467184 2.02491731226 3.41415448395 ;
2.46676123638 4.74538496495 2.80811913314 2.64998793686 2.64886475098 1.06273827096 3.23536691926 ;
1.42181559144 4.73161755454 1.98282248731 1.70766724485 4.06339669808 1.2027726541 3.34089598432 ;
2.10801217139 4.69039364027 3.11070478738 4.39991700335 2.76013422397 3.82409874212 2.80480489243 ;
1.30267944624 4.71371304301 1.39339935391 1.88567995983 1.91426734491 0.796593645033 2.21192237535 ;
1.78842330935 4.65274178771 2.22205951776 2.6578420107 2.18663655528 1.58179004459 0.0 ;
1.8814432662 4.73328361304 2.07801320881 2.23853660522 2.0465618938 0.87036100506 3.0546090001 ;
3.00530690146 4.42496066167 3.41145740329 3.58434599272 4.73302916819 2.00939718374 3.42644903626 ;
2.16419041387 4.69315619546 3.11822789009 4.39836490667 2.68972005536 3.82844943622 3.09049652795 ;
1.81062575768 4.75075227452 2.37214318985 1.97969175852 4.0283840912 1.15089712544 3.34626181329 ;
1.41618585036 4.7314267244 1.97923696218 1.70470012701 4.06480027358 1.20205788688 3.34224999764 ;
2.10642074719 4.68983872753 3.10988132469 4.39967684678 2.75412623735 3.82364850239 2.80255574327 ;
3.00189667459 4.3914861102 3.442141062 3.5290167843 4.74120467184 2.02491731226 3.41415448395 ;
2.46652638619 4.74558505446 2.80794892623 2.65038247167 2.65468788897 1.06631691451 3.23547813768 ;
1.30267944624 4.71371304301 1.39339935391 1.88567995983 1.91426734491 0.796593645033 2.21192237535 ;
1.95377550866 4.74607585884 2.70471897141 2.23318886505 4.03536882817 1.19951534744 3.32629716934 ;
3.00994327321 4.40520243904 3.43197478916 3.55659640371 4.7461276439 2.02213418055 3.4299287834 ;
2.10503168511 4.68536931035 3.1053776278 4.39167937429 2.69295265671 3.82006515351 2.80473880705 ;
1.89297594962 4.73123097921 2.62619174823 2.31169219052 1.85700996361 0.909722147147 2.70555457878 ;
1.65910292664 4.71694718228 0.0 1.74387034444 2.39602556131 0.774898250375 2.79396738834 ;
1.65910292664 4.71694718228 0.0 1.74387034444 2.39602556131 0.774898250375 2.79396738834 ;
3.00994327321 4.40520243904 3.43197478916 3.55659640371 4.7461276439 2.02213418055 3.4299287834 ;
1.8922776766 4.73194040803 2.6288430102 2.30846625024 1.84699212442 0.906631557361 2.70359190368 ;
1.95435484038 4.74508349928 2.7008888751 2.23775933 4.03679703801 1.20197045153 3.32555477921 ;
2.10503168511 4.68536931035 3.1053776278 4.39167937429 2.69295265671 3.82006515351 2.80473880705 ;
1.95377550866 4.74607585884 2.70471897141 2.23318886505 4.03536882817 1.19951534744 3.32629716934 ;
3.00994327321 4.40520243904 3.43197478916 3.55659640371 4.7461276439 2.02213418055 3.4299287834 ;
2.10503168511 4.68536931035 3.1053776278 4.39167937429 2.69295265671 3.82006515351 2.80473880705 ;
1.65910292664 4.71694718228 0.0 1.74387034444 2.39602556131 0.774898250375 2.79396738834 ;
1.89297594962 4.73123097921 2.62619174823 2.31169219052 1.85700996361 0.909722147147 2.70555457878 ;
3.00994327321 4.40520243904 3.43197478916 3.55659640371 4.7461276439 2.02213418055 3.4299287834 ;
1.89005320685 4.73078356389 2.62301031733 2.31303731893 1.86228135409 0.911745750119 2.70607881795 ;
1.95775635595 4.74669995769 2.70908495077 2.23122257952 4.03426613162 1.19764066095 3.3272608265 ;
2.10503168511 4.68536931035 3.1053776278 4.39167937429 2.69295265671 3.82006515351 2.80473880705 ;
1.65910292664 4.71694718228 0.0 1.74387034444 2.39602556131 0.774898250375 2.79396738834 ;
1.41559413912 4.7318760032 1.9765389803 1.70498687248 4.06316957892 1.20218671492 3.34189832312 ;
2.10642074719 4.68983872753 3.10988132469 4.39967684678 2.75412623735 3.82364850239 2.80255574327 ;
3.00189667459 4.3914861102 3.442141062 3.5290167843 4.74120467184 2.02491731226 3.41415448395 ;
1.30267944624 4.71371304301 1.39339935391 1.88567995983 1.91426734491 0.796593645033 2.21192237535 ;
2.46577694853 4.74536759243 2.80836941418 2.64933607707 2.65679377801 1.06639002444 3.23574107909 ;
2.13864645973 4.69852872037 3.12528277196 4.40965603044 2.75237551542 3.83002956403 2.83633859678 ;
3.00682433697 4.40197934351 3.43609220126 3.55119834576 4.74750747061 2.03182083462 3.430136255 ;
1.65910292664 4.71694718228 0.0 1.74387034444 2.39602556131 0.774898250375 2.79396738834 ;
1.89957845705 4.77015066855 2.72260739449 2.25152171271 2.86682513546 0.994525382286 3.25220665661 ;
1.99679731528 4.58744543194 2.41740304419 2.50900912499 2.5089002275 1.34739747306 1.81440043904 ;
1.65910292664 4.71694718228 0.0 1.74387034444 2.39602556131 0.774898250375 2.79396738834 ;
3.00994327321 4.40520243904 3.43197478916 3.55659640371 4.7461276439 2.02213418055 3.4299287834 ;
1.8908066739 4.7299850795 2.62193008697 2.31397169189 1.86852845424 0.912982245683 2.70770537645 ;
2.10503168511 4.68536931035 3.1053776278 4.39167937429 2.69295265671 3.82006515351 2.80473880705 ;
1.95703560591 4.74781442872 2.71085083245 2.22966568573 4.03473288693 1.19715701243 3.32760500354 ;
2.13823199927 4.69757642834 3.12462753273 4.40828711615 2.73788932849 3.83011881986 2.83280464605 ;
1.99273881755 4.58838933876 2.41015703073 2.48759463073 2.52667577348 1.32793356202 1.80117020098 ;
1.90264866054 4.76967777998 2.72363478147 2.257719038 2.86753336658 0.998250718647 3.2521188161 ;
1.65910292664 4.71694718228 0.0 1.74387034444 2.39602556131 0.774898250375 2.79396738834 ;
3.00563368726 4.40035513754 3.43685005971 3.54843230925 4.74873638746 2.0308511706 3.43014457036 ;
1.30044335527 4.71411078405 1.39876451058 1.88983665106 1.90804889777 0.800066573059 2.20985809043 ;
3.00189667459 4.3914861102 3.442141062 3.5290167843 4.74120467184 2.02491731226 3.41415448395 ;
2.11316984059 4.68939194457 3.1097296701 4.39896332916 2.76854574645 3.8238092681 2.8051386856 ;
2.46829120972 4.74572596382 2.8084944466 2.65189490547 2.65277600293 1.06711057765 3.23577429569 ;
1.41060115348 4.73072667673 1.97383619746 1.70570178787 4.06324856099 1.20685562696 3.3402682793 ;
1.68378739595 4.74741774164 2.66442818687 1.92889510002 4.06141277158 1.19773599371 3.31979491925 ;
2.5511404153 4.70727145225 2.88169433733 2.82075073194 2.55737962819 0.951548562067 3.27295782961 ;
2.73020069692 4.52717013366 3.31345309369 3.91118553974 3.92840017616 3.03084426041 3.31362941642 ;
1.20619251784 4.69399946952 2.49962116853 2.4421128544 2.13825206398 1.47604605122 1.92369266027 ;
1.65910292664 4.71694718228 0.0 1.74387034444 2.39602556131 0.774898250375 2.79396738834 ;
1.65910292664 4.71694718228 0.0 1.74387034444 2.39602556131 0.774898250375 2.79396738834 ;
3.00682433697 4.40197934351 3.43609220126 3.55119834576 4.74750747061 2.03182083462 3.430136255 ;
1.99679731528 4.58744543194 2.41740304419 2.50900912499 2.5089002275 1.34739747306 1.81440043904 ;
2.13864645973 4.69852872037 3.12528277196 4.40965603044 2.75237551542 3.83002956403 2.83633859678 ;
1.89957845705 4.77015066855 2.72260739449 2.25152171271 2.86682513546 0.994525382286 3.25220665661 ;
3.00994327321 4.40520243904 3.43197478916 3.55659640371 4.7461276439 2.02213418055 3.4299287834 ;
1.89297594962 4.73123097921 2.62619174823 2.31169219052 1.85700996361 0.909722147147 2.70555457878 ;
1.95377550866 4.74607585884 2.70471897141 2.23318886505 4.03536882817 1.19951534744 3.32629716934 ;
2.10503168511 4.68536931035 3.1053776278 4.39167937429 2.69295265671 3.82006515351 2.80473880705 ;
1.65910292664 4.71694718228 0.0 1.74387034444 2.39602556131 0.774898250375 2.79396738834 ;
1.5530649571 4.75552789066 2.52764667307 1.8550765121 3.53308977481 1.05577582667 3.21427943622 ;
2.73092832063 4.5256484381 3.31253495355 3.91029681002 3.92064163601 3.03208262502 3.31119853187 ;
2.5844062943 4.69738769573 2.94457961448 2.92219209817 2.7168097498 0.97206405331 3.32109156768 ;
1.65910292664 4.71694718228 0.0 1.74387034444 2.39602556131 0.774898250375 2.79396738834 ;
1.43950407158 4.67078996599 2.6500326204 2.77169231454 1.94211508649 1.800922671 1.56165423554 ;
2.51359469877 4.71440373834 2.85846673868 2.7280815444 2.75647931191 0.971651762718 3.2503007057 ;
2.09227801593 4.68678500193 3.10382148708 4.39729693203 2.72255156944 3.81810315729 2.79903500704 ;
1.32346076142 4.71049312074 1.41057352739 1.88563311284 1.95047638473 0.790107878507 2.22483052256 ;
3.01401450784 4.40493032003 3.4491472732 3.54972909933 4.76024858396 2.38900715179 3.43306846095 ;
1.49614303211 4.7382725852 2.05104941901 1.73912986144 4.05981399504 1.23740504898 3.33714181899 ;
1.30267944624 4.71371304301 1.39339935391 1.88567995983 1.91426734491 0.796593645033 2.21192237535 ;
1.41559413912 4.7318760032 1.9765389803 1.70498687248 4.06316957892 1.20218671492 3.34189832312 ;
3.00189667459 4.3914861102 3.442141062 3.5290167843 4.74120467184 2.02491731226 3.41415448395 ;
2.10642074719 4.68983872753 3.10988132469 4.39967684678 2.75412623735 3.82364850239 2.80255574327 ;
2.46577694853 4.74536759243 2.80836941418 2.64933607707 2.65679377801 1.06639002444 3.23574107909 ;
1.78842330935 4.65274178771 2.22205951776 2.6578420107 2.18663655528 1.58179004459 0.0 ;
2.01951993662 4.74090430964 2.79525497385 2.4017959237 3.40325419057 1.08322672819 3.29118132436 ;
1.66463826265 4.73881307961 1.28073314395 1.85037959976 1.83926300224 0.835428820571 2.9735447963 ;
2.1641398149 4.69241818203 3.11523321361 4.39693367788 2.68856998574 3.82817943226 3.09072783172 ;
3.00324945974 4.39698789751 3.43729013084 3.54276837543 4.7444818854 2.02653098822 3.41536715825 ;
1.65910292664 4.71694718228 0.0 1.74387034444 2.39602556131 0.774898250375 2.79396738834 ;
1.73268159651 4.75793222328 2.62741025738 1.95404610141 3.7585181158 1.09262443211 3.2625823738 ;
1.3115974667 4.68102722353 2.51053466655 2.59342746458 2.08698296619 1.59045940709 1.81353762892 ;
2.55316840339 4.69487636995 2.93531752549 2.88522320107 2.5236941277 0.966996475621 3.30364766847 ;
2.73055568718 4.52691495328 3.31591830525 3.91067526255 3.92806387127 3.03048042537 3.31237338629 ;
3.00052553052 4.39059688396 3.44276416013 3.52718617823 4.74056442282 2.02290613763 3.41308070317 ;
2.46846961624 4.74590433703 2.80853041743 2.64782223508 2.65588740789 1.06106036255 3.23621133562 ;
1.41984651408 4.73126719189 1.97679335153 1.70770915692 4.06336725843 1.20174183193 3.33987580258 ;
2.09733008403 4.6881313214 3.10530170831 4.3984741794 2.73654926389 3.8193745176 2.79958059442 ;
1.30651074261 4.7148143166 1.39247686549 1.87825705175 1.91695114768 0.787460096187 2.21346285957 ;
1.49628692574 4.73855178165 2.04675636076 1.73160001165 4.05890647554 1.23030756041 3.33777328598 ;
1.32336444332 4.71053575738 1.412462538 1.88895980987 1.95328454191 0.791029057301 2.2257032304 ;
3.01276181778 4.40398304962 3.45014392133 3.5477771246 4.76018940089 2.38838795116 3.43292335004 ;
2.09227801593 4.68678500193 3.10382148708 4.39729693203 2.72255156944 3.81810315729 2.79903500704 ;
2.51373115461 4.71435514728 2.85936970003 2.7300476581 2.76031512805 0.97673587897 3.25081602546 ;
1.30267944624 4.71371304301 1.39339935391 1.88567995983 1.91426734491 0.796593645033 2.21192237535 ;
3.00189667459 4.3914861102 3.442141062 3.5290167843 4.74120467184 2.02491731226 3.41415448395 ;
1.41084144226 4.73186961389 1.97406758397 1.70434573352 4.06270931929 1.20476099054 3.34208212431 ;
2.46666453042 4.74520420065 2.80808236631 2.64692547788 2.65602915566 1.06251697134 3.23534145215 ;
2.10801217139 4.69039364027 3.11070478738 4.39991700335 2.76013422397 3.82409874212 2.80480489243 ;
1.8994915866 4.76994212007 2.72253285078 2.25395650312 2.86790256546 0.994783035437 3.25182075914 ;
1.99741917618 4.59031671761 2.42880096657 2.52788725708 2.46791446189 1.38553937922 1.8294954231 ;
3.00682433697 4.40197934351 3.43609220126 3.55119834576 4.74750747061 2.03182083462 3.430136255 ;
1.65910292664 4.71694718228 0.0 1.74387034444 2.39602556131 0.774898250375 2.79396738834 ;
2.14055126194 4.69760945697 3.1234801043 4.40877236025 2.78927062956 3.82728292158 2.83340158633 ;
2.13823199927 4.69757642834 3.12462753273 4.40828711615 2.73788932849 3.83011881986 2.83280464605 ;
1.90307540277 4.76949393359 2.72407659997 2.25801585031 2.86837602331 0.997547725184 3.2525928759 ;
3.00563368726 4.40035513754 3.43685005971 3.54843230925 4.74873638746 2.0308511706 3.43014457036 ;
1.65910292664 4.71694718228 0.0 1.74387034444 2.39602556131 0.774898250375 2.79396738834 ;
1.99123038535 4.58862259444 2.40740597805 2.487034403 2.5221803637 1.33181640869 1.79495934273 ;
2.10503168511 4.68536931035 3.1053776278 4.39167937429 2.69295265671 3.82006515351 2.80473880705 ;
1.65910292664 4.71694718228 0.0 1.74387034444 2.39602556131 0.774898250375 2.79396738834 ;
1.95775635595 4.74669995769 2.70908495077 2.23122257952 4.03426613162 1.19764066095 3.3272608265 ;
3.00994327321 4.40520243904 3.43197478916 3.55659640371 4.7461276439 2.02213418055 3.4299287834 ;
1.89005320685 4.73078356389 2.62301031733 2.31303731893 1.86228135409 0.911745750119 2.70607881795 ;
2.5511404153 4.70727145225 2.88169433733 2.82075073194 2.55737962819 0.951548562067 3.27295782961 ;
2.73020069692 4.52717013366 3.31345309369 3.91118553974 3.92840017616 3.03084426041 3.31362941642 ;
1.20619251784 4.69399946952 2.49962116853 2.4421128544 2.13825206398 1.47604605122 1.92369266027 ;
1.68378739595 4.74741774164 2.66442818687 1.92889510002 4.06141277158 1.19773599371 3.31979491925 ;
1.65910292664 4.71694718228 0.0 1.74387034444 2.39602556131 0.774898250375 2.79396738834 ;
1.30044335527 4.71411078405 1.39876451058 1.88983665106 1.90804889777 0.800066573059 2.20985809043 ;
3.00189667459 4.3914861102 3.442141062 3.5290167843 4.74120467184 2.02491731226 3.41415448395 ;
2.46829120972 4.74572596382 2.8084944466 2.65189490547 2.65277600293 1.06711057765 3.23577429569 ;
1.41060115348 4.73072667673 1.97383619746 1.70570178787 4.06324856099 1.20685562696 3.3402682793 ;
2.11316984059 4.68939194457 3.1097296701 4.39896332916 2.76854574645 3.8238092681 2.8051386856 ;
3.00189667459 4.3914861102 3.442141062 3.5290167843 4.74120467184 2.02491731226 3.41415448395 ;
1.30267944624 4.71371304301 1.39339935391 1.88567995983 1.91426734491 0.796593645033 2.21192237535 ;
2.46577694853 4.74536759243 2.80836941418 2.64933607707 2.65679377801 1.06639002444 3.23574107909 ;
1.41559413912 4.7318760032 1.9765389803 1.70498687248 4.06316957892 1.20218671492 3.34189832312 ;
2.10642074719 4.68983872753 3.10988132469 4.39967684678 2.75412623735 3.82364850239 2.80255574327 ;
2.10503168511 4.68536931035 3.1053776278 4.39167937429 2.69295265671 3.82006515351 2.80473880705 ;
1.9556208605 4.7465633171 2.7040770166 2.23513657166 4.03604455793 1.20034776141 3.32663935573 ;
1.8914918665 4.7308401909 2.62660641757 2.31027122938 1.85426866844 0.908785247897 2.70465811038 ;
1.65910292664 4.71694718228 0.0 1.74387034444 2.39602556131 0.774898250375 2.79396738834 ;
3.00994327321 4.40520243904 3.43197478916 3.55659640371 4.7461276439 2.02213418055 3.4299287834 ;
1.65910292664 4.71694718228 0.0 1.74387034444 2.39602556131 0.774898250375 2.79396738834 ;
2.10503168511 4.68536931035 3.1053776278 4.39167937429 2.69295265671 3.82006515351 2.80473880705 ;
1.89054683154 4.73008861386 2.62143707444 2.31426266085 1.86634066695 0.911850556924 2.70652432497 ;
3.00994327321 4.40520243904 3.43197478916 3.55659640371 4.7461276439 2.02213418055 3.4299287834 ;
1.95728856947 4.74765475598 2.71137971343 2.22939592624 4.03472084144 1.19826442967 3.32833019281 ;
1.83849825296 4.6175396682 1.92112042692 2.39157518277 2.41584059442 1.28149865735 1.14576438892 ;
2.82066478617 4.48689366908 3.2890726249 3.22936569778 4.61449089527 2.31357291025 3.42023137515 ;
1.07051383218 4.751806835 1.41403702789 1.63205767575 2.73794195917 0.900820321991 3.1774860836 ;
2.1417849899 4.69466769468 3.12319864135 4.40471522181 2.80549727513 3.82838737575 2.85295142976 ;
2.4889654432 4.72002308053 2.8443611114 2.67671751911 2.77112532673 0.858077054674 3.25046518023 ;
1.78842330935 4.65274178771 2.22205951776 2.6578420107 2.18663655528 1.58179004459 0.0 ;
2.01951993662 4.74090430964 2.79525497385 2.4017959237 3.40325419057 1.08322672819 3.29118132436 ;
3.00324945974 4.39698789751 3.43729013084 3.54276837543 4.7444818854 2.02653098822 3.41536715825 ;
2.1641398149 4.69241818203 3.11523321361 4.39693367788 2.68856998574 3.82817943226 3.09072783172 ;
1.66463826265 4.73881307961 1.28073314395 1.85037959976 1.83926300224 0.835428820571 2.9735447963 ;
1.95775635595 4.74669995769 2.70908495077 2.23122257952 4.03426613162 1.19764066095 3.3272608265 ;
1.65910292664 4.71694718228 0.0 1.74387034444 2.39602556131 0.774898250375 2.79396738834 ;
3.00994327321 4.40520243904 3.43197478916 3.55659640371 4.7461276439 2.02213418055 3.4299287834 ;
1.89005320685 4.73078356389 2.62301031733 2.31303731893 1.86228135409 0.911745750119 2.70607881795 ;
2.10503168511 4.68536931035 3.1053776278 4.39167937429 2.69295265671 3.82006515351 2.80473880705 ;
2.13864645973 4.69852872037 3.12528277196 4.40965603044 2.75237551542 3.83002956403 2.83633859678 ;
1.65910292664 4.71694718228 0.0 1.74387034444 2.39602556131 0.774898250375 2.79396738834 ;
1.89957845705 4.77015066855 2.72260739449 2.25152171271 2.86682513546 0.994525382286 3.25220665661 ;
3.00682433697 4.40197934351 3.43609220126 3.55119834576 4.74750747061 2.03182083462 3.430136255 ;
1.99679731528 4.58744543194 2.41740304419 2.50900912499 2.5089002275 1.34739747306 1.81440043904 ;
1.07046722299 4.75176674846 1.41257716611 1.63426614351 2.73881797687 0.90203929401 3.17782947614 ;
2.4879049246 4.71948543676 2.84334912986 2.6748913755 2.77122678928 0.856470168804 3.24997069187 ;
2.82066478617 4.48689366908 3.2890726249 3.22936569778 4.61449089527 2.31357291025 3.42023137515 ;
1.83546175212 4.61933471145 1.92046746183 2.38816932933 2.41198804498 1.28581346765 1.13935585892 ;
2.1417849899 4.69466769468 3.12319864135 4.40471522181 2.80549727513 3.82838737575 2.85295142976 ;
1.89105023655 4.7307429785 2.62458393776 2.31331445332 1.86001359598 0.911341220815 2.70591802919 ;
3.00994327321 4.40520243904 3.43197478916 3.55659640371 4.7461276439 2.02213418055 3.4299287834 ;
1.65910292664 4.71694718228 0.0 1.74387034444 2.39602556131 0.774898250375 2.79396738834 ;
2.10503168511 4.68536931035 3.1053776278 4.39167937429 2.69295265671 3.82006515351 2.80473880705 ;
1.95636672287 4.74673176013 2.70691924318 2.23096978326 4.03434202213 1.19778888031 3.32664660017 ;
1.65910292664 4.71694718228 0.0 1.74387034444 2.39602556131 0.774898250375 2.79396738834 ;
3.00994327321 4.40520243904 3.43197478916 3.55659640371 4.7461276439 2.02213418055 3.4299287834 ;
1.89105023655 4.7307429785 2.62458393776 2.31331445332 1.86001359598 0.911341220815 2.70591802919 ;
2.10503168511 4.68536931035 3.1053776278 4.39167937429 2.69295265671 3.82006515351 2.80473880705 ;
1.95636672287 4.74673176013 2.70691924318 2.23096978326 4.03434202213 1.19778888031 3.32664660017 ;
2.73020069692 4.52717013366 3.31345309369 3.91118553974 3.92840017616 3.03084426041 3.31362941642 ;
2.54985254941 4.70665062141 2.88853878919 2.82324284394 2.54159778153 0.953161676777 3.27568762114 ;
1.21236961772 4.69459357055 2.4950271948 2.44325274393 2.1359437019 1.46747493091 1.92996366778 ;
1.70821406024 4.74692600418 2.66543715414 1.94766568515 4.05285420107 1.19414963686 3.31609655198 ;
1.65910292664 4.71694718228 0.0 1.74387034444 2.39602556131 0.774898250375 2.79396738834 ;
1.30044335527 4.71411078405 1.39876451058 1.88983665106 1.90804889777 0.800066573059 2.20985809043 ;
3.00189667459 4.3914861102 3.442141062 3.5290167843 4.74120467184 2.02491731226 3.41415448395 ;
1.41060115348 4.73072667673 1.97383619746 1.70570178787 4.06324856099 1.20685562696 3.3402682793 ;
2.46829120972 4.74572596382 2.8084944466 2.65189490547 2.65277600293 1.06711057765 3.23577429569 ;
2.11316984059 4.68939194457 3.1097296701 4.39896332916 2.76854574645 3.8238092681 2.8051386856 ;
1.40989376324 4.73198391202 1.97243662808 1.70497546277 4.06254462432 1.20266343779 3.34261080554 ;
2.46666154988 4.74529140771 2.80893640267 2.65086586805 2.65953280947 1.07094868883 3.23621093683 ;
2.11316984059 4.68939194457 3.1097296701 4.39896332916 2.76854574645 3.8238092681 2.8051386856 ;
3.00052553052 4.39059688396 3.44276416013 3.52718617823 4.74056442282 2.02290613763 3.41308070317 ;
1.30066603133 4.71396666783 1.39660258707 1.89004374168 1.91130866277 0.801183187255 2.21077240586 ;
2.10503168511 4.68536931035 3.1053776278 4.39167937429 2.69295265671 3.82006515351 2.80473880705 ;
1.8914918665 4.7308401909 2.62660641757 2.31027122938 1.85426866844 0.908785247897 2.70465811038 ;
1.9556208605 4.7465633171 2.7040770166 2.23513657166 4.03604455793 1.20034776141 3.32663935573 ;
3.00994327321 4.40520243904 3.43197478916 3.55659640371 4.7461276439 2.02213418055 3.4299287834 ;
1.65910292664 4.71694718228 0.0 1.74387034444 2.39602556131 0.774898250375 2.79396738834 ;
1.95636672287 4.74673176013 2.70691924318 2.23096978326 4.03434202213 1.19778888031 3.32664660017 ;
3.00994327321 4.40520243904 3.43197478916 3.55659640371 4.7461276439 2.02213418055 3.4299287834 ;
1.65910292664 4.71694718228 0.0 1.74387034444 2.39602556131 0.774898250375 2.79396738834 ;
2.10503168511 4.68536931035 3.1053776278 4.39167937429 2.69295265671 3.82006515351 2.80473880705 ;
1.89105023655 4.7307429785 2.62458393776 2.31331445332 1.86001359598 0.911341220815 2.70591802919 ;
1.56038208889 4.75531543793 2.53065506147 1.86198530526 3.5347446079 1.05381468892 3.21511885601 ;
1.43474544617 4.66939997772 2.64434234333 2.76374147661 1.95403572127 1.79310052161 1.56250053957 ;
2.73137232623 4.52567430753 3.31266762419 3.91077963265 3.92166713231 3.03111474408 3.31194945369 ;
1.65910292664 4.71694718228 0.0 1.74387034444 2.39602556131 0.774898250375 2.79396738834 ;
2.58553549882 4.69818552761 2.9462051818 2.92307541139 2.70409353568 0.974451796123 3.32198539666 ;
1.06928803734 4.75173208034 1.41411183086 1.63523265369 2.74130769556 0.904343579797 3.17904256813 ;
2.82200197031 4.48564841135 3.29005780748 3.23032143 4.61589675634 2.31546256999 3.41958852286 ;
1.83546175212 4.61933471145 1.92046746183 2.38816932933 2.41198804498 1.28581346765 1.13935585892 ;
2.1417849899 4.69466769468 3.12319864135 4.40471522181 2.80549727513 3.82838737575 2.85295142976 ;
2.48867397281 4.71969609455 2.84263066467 2.67478327888 2.77225099142 0.856659196825 3.24977193441 ;
1.78842330935 4.65274178771 2.22205951776 2.6578420107 2.18663655528 1.58179004459 0.0 ;
2.1641398149 4.69241818203 3.11523321361 4.39693367788 2.68856998574 3.82817943226 3.09072783172 ;
3.00324945974 4.39698789751 3.43729013084 3.54276837543 4.7444818854 2.02653098822 3.41536715825 ;
2.01951993662 4.74090430964 2.79525497385 2.4017959237 3.40325419057 1.08322672819 3.29118132436 ;
1.66463826265 4.73881307961 1.28073314395 1.85037959976 1.83926300224 0.835428820571 2.9735447963 ;
1.78842330935 4.65274178771 2.22205951776 2.6578420107 2.18663655528 1.58179004459 0.0 ;
2.07604801456 4.69187340338 2.90899105886 2.48125413187 4.24849360002 1.14416830013 3.38945868635 ;
2.73181005228 4.52331138134 3.31648469835 3.91502280612 3.88638132234 3.04712686908 3.29146072471 ;
1.66257041993 4.7233634743 0.0 1.71455250529 2.42427307511 0.772070520448 3.05387133144 ;
1.90119832272 4.73895350555 2.60340030871 2.43659292072 2.07920717733 1.11525807083 3.05929210753 ;
1.78842330935 4.65274178771 2.22205951776 2.6578420107 2.18663655528 1.58179004459 0.0 ;
2.83622463614 4.49515535616 3.28199799768 3.25003005282 4.59222302376 1.81831103101 3.42023374813 ;
1.84995461291 4.74582157111 2.62972757751 2.24792789479 2.66790243289 0.992084956993 3.15536537837 ;
2.17020205391 4.69308165798 3.12088228688 4.39808149932 2.68922021259 3.82821571756 3.08999001436 ;
1.66257041993 4.7233634743 0.0 1.71455250529 2.42427307511 0.772070520448 3.05387133144 ;
1.30044335527 4.71411078405 1.39876451058 1.88983665106 1.90804889777 0.800066573059 2.20985809043 ;
3.00189667459 4.3914861102 3.442141062 3.5290167843 4.74120467184 2.02491731226 3.41415448395 ;
1.41060115348 4.73072667673 1.97383619746 1.70570178787 4.06324856099 1.20685562696 3.3402682793 ;
2.46829120972 4.74572596382 2.8084944466 2.65189490547 2.65277600293 1.06711057765 3.23577429569 ;
2.11316984059 4.68939194457 3.1097296701 4.39896332916 2.76854574645 3.8238092681 2.8051386856 ;
2.10503168511 4.68536931035 3.1053776278 4.39167937429 2.69295265671 3.82006515351 2.80473880705 ;
1.95636672287 4.74673176013 2.70691924318 2.23096978326 4.03434202213 1.19778888031 3.32664660017 ;
3.00994327321 4.40520243904 3.43197478916 3.55659640371 4.7461276439 2.02213418055 3.4299287834 ;
1.65910292664 4.71694718228 0.0 1.74387034444 2.39602556131 0.774898250375 2.79396738834 ;
1.89105023655 4.7307429785 2.62458393776 2.31331445332 1.86001359598 0.911341220815 2.70591802919 ;
3.00563368726 4.40035513754 3.43685005971 3.54843230925 4.74873638746 2.0308511706 3.43014457036 ;
1.99123038535 4.58862259444 2.40740597805 2.487034403 2.5221803637 1.33181640869 1.79495934273 ;
1.90307540277 4.76949393359 2.72407659997 2.25801585031 2.86837602331 0.997547725184 3.2525928759 ;
2.13823199927 4.69757642834 3.12462753273 4.40828711615 2.73788932849 3.83011881986 2.83280464605 ;
1.65910292664 4.71694718228 0.0 1.74387034444 2.39602556131 0.774898250375 2.79396738834 ;
1.65910292664 4.71694718228 0.0 1.74387034444 2.39602556131 0.774898250375 2.79396738834 ;
2.73092832063 4.5256484381 3.31253495355 3.91029681002 3.92064163601 3.03208262502 3.31119853187 ;
1.56414337054 4.75533549374 2.53111642051 1.86307224925 3.53299830986 1.05178372162 3.21517791052 ;
2.58347894858 4.69777853884 2.94661309944 2.92265185431 2.70273192793 0.979028922018 3.32183396471 ;
1.43486451538 4.6694312722 2.6451336774 2.77109185288 1.95923262478 1.79308132165 1.55990809134 ;
1.89005320685 4.73078356389 2.62301031733 2.31303731893 1.86228135409 0.911745750119 2.70607881795 ;
1.95775635595 4.74669995769 2.70908495077 2.23122257952 4.03426613162 1.19764066095 3.3272608265 ;
2.10503168511 4.68536931035 3.1053776278 4.39167937429 2.69295265671 3.82006515351 2.80473880705 ;
1.65910292664 4.71694718228 0.0 1.74387034444 2.39602556131 0.774898250375 2.79396738834 ;
3.00994327321 4.40520243904 3.43197478916 3.55659640371 4.7461276439 2.02213418055 3.4299287834 ;
1.00344247226 4.75153632089 1.3216330765 1.6867217322 2.68342883861 0.878546969193 3.16562560248 ;
2.82933665527 4.44708677256 3.33683638041 3.26705224586 4.64826520953 1.85998535345 3.42099696501 ;
2.4378703292 4.7733854169 2.77891548933 2.53497490028 2.71483690265 1.05599845733 3.23936618389 ;
2.13841424022 4.69514487291 3.12481298053 4.40488151644 2.80076021604 3.82899981753 2.85011635797 ;
1.92191779474 4.56328386732 2.03075424367 2.4587738368 2.39075788419 1.28485994892 1.30256942634 ;
1.89297594962 4.73123097921 2.62619174823 2.31169219052 1.85700996361 0.909722147147 2.70555457878 ;
3.00994327321 4.40520243904 3.43197478916 3.55659640371 4.7461276439 2.02213418055 3.4299287834 ;
1.95377550866 4.74607585884 2.70471897141 2.23318886505 4.03536882817 1.19951534744 3.32629716934 ;
2.10503168511 4.68536931035 3.1053776278 4.39167937429 2.69295265671 3.82006515351 2.80473880705 ;
1.65910292664 4.71694718228 0.0 1.74387034444 2.39602556131 0.774898250375 2.79396738834 ;
2.46829120972 4.74572596382 2.8084944466 2.65189490547 2.65277600293 1.06711057765 3.23577429569 ;
3.00189667459 4.3914861102 3.442141062 3.5290167843 4.74120467184 2.02491731226 3.41415448395 ;
1.41060115348 4.73072667673 1.97383619746 1.70570178787 4.06324856099 1.20685562696 3.3402682793 ;
2.11316984059 4.68939194457 3.1097296701 4.39896332916 2.76854574645 3.8238092681 2.8051386856 ;
1.30044335527 4.71411078405 1.39876451058 1.88983665106 1.90804889777 0.800066573059 2.20985809043 ;
1.65910292664 4.71694718228 0.0 1.74387034444 2.39602556131 0.774898250375 2.79396738834 ;
3.00563368726 4.40035513754 3.43685005971 3.54843230925 4.74873638746 2.0308511706 3.43014457036 ;
1.90307540277 4.76949393359 2.72407659997 2.25801585031 2.86837602331 0.997547725184 3.2525928759 ;
1.99123038535 4.58862259444 2.40740597805 2.487034403 2.5221803637 1.33181640869 1.79495934273 ;
2.13823199927 4.69757642834 3.12462753273 4.40828711615 2.73788932849 3.83011881986 2.83280464605 ;
1.49943664355 4.73850683469 2.0521820536 1.739888844 4.05928059634 1.2349739978 3.33717411338 ;
2.51296768016 4.71426758055 2.85868644022 2.72865493123 2.75549754717 0.97257626487 3.25020243838 ;
1.32346076142 4.71049312074 1.41057352739 1.88563311284 1.95047638473 0.790107878507 2.22483052256 ;
3.01401450784 4.40493032003 3.4491472732 3.54972909933 4.76024858396 2.38900715179 3.43306846095 ;
2.09227801593 4.68678500193 3.10382148708 4.39729693203 2.72255156944 3.81810315729 2.79903500704 ;
1.90307540277 4.76949393359 2.72407659997 2.25801585031 2.86837602331 0.997547725184 3.2525928759 ;
1.65910292664 4.71694718228 0.0 1.74387034444 2.39602556131 0.774898250375 2.79396738834 ;
2.13823199927 4.69757642834 3.12462753273 4.40828711615 2.73788932849 3.83011881986 2.83280464605 ;
3.00563368726 4.40035513754 3.43685005971 3.54843230925 4.74873638746 2.0308511706 3.43014457036 ;
1.99123038535 4.58862259444 2.40740597805 2.487034403 2.5221803637 1.33181640869 1.79495934273 ;
2.14024658957 4.69628946142 3.12631122626 4.40748964041 2.80536969529 3.8294800788 2.85251672544 ;
0.988234579132 4.75022024461 1.27867295767 1.6965972432 2.61886096507 0.842982403921 3.15345983431 ;
1.94935748319 4.56366927507 2.05091216513 2.48193071311 2.37239366984 1.31082631331 1.33520043048 ;
2.37839454683 4.76610855999 2.7830375624 2.46167300267 2.88939185141 1.06243473843 3.25662227045 ;
3.00592627861 4.39545457785 3.44135408051 3.53839221489 4.74926095753 2.04219030373 3.42925745974 ;
1.49943664355 4.73850683469 2.0521820536 1.739888844 4.05928059634 1.2349739978 3.33717411338 ;
2.09227801593 4.68678500193 3.10382148708 4.39729693203 2.72255156944 3.81810315729 2.79903500704 ;
1.32346076142 4.71049312074 1.41057352739 1.88563311284 1.95047638473 0.790107878507 2.22483052256 ;
2.51296768016 4.71426758055 2.85868644022 2.72865493123 2.75549754717 0.97257626487 3.25020243838 ;
3.01401450784 4.40493032003 3.4491472732 3.54972909933 4.76024858396 2.38900715179 3.43306846095 ;
1.99123038535 4.58862259444 2.40740597805 2.487034403 2.5221803637 1.33181640869 1.79495934273 ;
1.90307540277 4.76949393359 2.72407659997 2.25801585031 2.86837602331 0.997547725184 3.2525928759 ;
3.00563368726 4.40035513754 3.43685005971 3.54843230925 4.74873638746 2.0308511706 3.43014457036 ;
1.65910292664 4.71694718228 0.0 1.74387034444 2.39602556131 0.774898250375 2.79396738834 ;
2.13823199927 4.69757642834 3.12462753273 4.40828711615 2.73788932849 3.83011881986 2.83280464605 ;
1.99458783518 4.58789061184 2.41304918136 2.49590494665 2.51798808865 1.33731709044 1.80802191009 ;
3.00584485441 4.40077819694 3.43610544503 3.54897255173 4.74793988524 2.0318672958 3.42993742427 ;
2.13767029564 4.69832351617 3.12495173377 4.40946024643 2.74511331089 3.830140644 2.83141327802 ;
1.65910292664 4.71694718228 0.0 1.74387034444 2.39602556131 0.774898250375 2.79396738834 ;
1.90153609762 4.76991812398 2.72332456217 2.25547671546 2.86705496796 0.996411889933 3.25252104759 ;
1.06871096777 4.7517189852 1.4120492847 1.63482068155 2.73934809935 0.903261569476 3.17844764588 ;
2.48779143409 4.71954860851 2.8423751397 2.67353508522 2.77083049442 0.85566898062 3.24947644446 ;
2.82066478617 4.48689366908 3.2890726249 3.22936569778 4.61449089527 2.31357291025 3.42023137515 ;
2.1417849899 4.69466769468 3.12319864135 4.40471522181 2.80549727513 3.82838737575 2.85295142976 ;
1.83546175212 4.61933471145 1.92046746183 2.38816932933 2.41198804498 1.28581346765 1.13935585892 ;
1.90015888363 4.75142031418 2.80057534991 2.24449650454 4.07633533702 1.18677250568 3.32538526403 ;
2.10411290024 4.68508068974 3.1119704277 4.39046532503 2.6851603115 3.81936665273 2.80090107432 ;
2.34541380844 4.73799962246 1.97735101268 2.33067601469 2.13785589423 0.940609700265 3.20557776447 ;
0.975689189565 4.70948429861 1.76980902084 1.8471843663 2.08560205576 0.838894534375 1.97253317281 ;
2.99869355904 4.39805996595 3.43443623194 3.54580280573 4.74255853374 2.01364112765 3.41440423494 ;
1.90264866054 4.76967777998 2.72363478147 2.257719038 2.86753336658 0.998250718647 3.2521188161 ;
2.13823199927 4.69757642834 3.12462753273 4.40828711615 2.73788932849 3.83011881986 2.83280464605 ;
1.65910292664 4.71694718228 0.0 1.74387034444 2.39602556131 0.774898250375 2.79396738834 ;
1.99273881755 4.58838933876 2.41015703073 2.48759463073 2.52667577348 1.32793356202 1.80117020098 ;
3.00563368726 4.40035513754 3.43685005971 3.54843230925 4.74873638746 2.0308511706 3.43014457036 ;
2.82066478617 4.48689366908 3.2890726249 3.22936569778 4.61449089527 2.31357291025 3.42023137515 ;
1.07046722299 4.75176674846 1.41257716611 1.63426614351 2.73881797687 0.90203929401 3.17782947614 ;
2.1417849899 4.69466769468 3.12319864135 4.40471522181 2.80549727513 3.82838737575 2.85295142976 ;
2.4879049246 4.71948543676 2.84334912986 2.6748913755 2.77122678928 0.856470168804 3.24997069187 ;
1.83546175212 4.61933471145 1.92046746183 2.38816932933 2.41198804498 1.28581346765 1.13935585892 ;
2.17020205391 4.69308165798 3.12088228688 4.39808149932 2.68922021259 3.82821571756 3.08999001436 ;
1.84998638713 4.74572960682 2.62958341605 2.24805288152 2.66689698738 0.992782625739 3.15542737857 ;
2.83475113189 4.49570026965 3.28135903651 3.24834457671 4.59151648508 1.81571344382 3.41972941576 ;
1.66257041993 4.7233634743 0.0 1.71455250529 2.42427307511 0.772070520448 3.05387133144 ;
1.78842330935 4.65274178771 2.22205951776 2.6578420107 2.18663655528 1.58179004459 0.0 ;
2.10642074719 4.68983872753 3.10988132469 4.39967684678 2.75412623735 3.82364850239 2.80255574327 ;
1.41618585036 4.7314267244 1.97923696218 1.70470012701 4.06480027358 1.20205788688 3.34224999764 ;
2.46652638619 4.74558505446 2.80794892623 2.65038247167 2.65468788897 1.06631691451 3.23547813768 ;
1.30267944624 4.71371304301 1.39339935391 1.88567995983 1.91426734491 0.796593645033 2.21192237535 ;
3.00189667459 4.3914861102 3.442141062 3.5290167843 4.74120467184 2.02491731226 3.41415448395 ;
1.65910292664 4.71694718228 0.0 1.74387034444 2.39602556131 0.774898250375 2.79396738834 ;
1.89297594962 4.73123097921 2.62619174823 2.31169219052 1.85700996361 0.909722147147 2.70555457878 ;
3.00994327321 4.40520243904 3.43197478916 3.55659640371 4.7461276439 2.02213418055 3.4299287834 ;
2.10503168511 4.68536931035 3.1053776278 4.39167937429 2.69295265671 3.82006515351 2.80473880705 ;
1.95377550866 4.74607585884 2.70471897141 2.23318886505 4.03536882817 1.19951534744 3.32629716934 ;
2.09227801593 4.68678500193 3.10382148708 4.39729693203 2.72255156944 3.81810315729 2.79903500704 ;
2.51359469877 4.71440373834 2.85846673868 2.7280815444 2.75647931191 0.971651762718 3.2503007057 ;
1.32346076142 4.71049312074 1.41057352739 1.88563311284 1.95047638473 0.790107878507 2.22483052256 ;
3.01401450784 4.40493032003 3.4491472732 3.54972909933 4.76024858396 2.38900715179 3.43306846095 ;
1.49614303211 4.7382725852 2.05104941901 1.73912986144 4.05981399504 1.23740504898 3.33714181899 ;
3.00563368726 4.40035513754 3.43685005971 3.54843230925 4.74873638746 2.0308511706 3.43014457036 ;
1.65910292664 4.71694718228 0.0 1.74387034444 2.39602556131 0.774898250375 2.79396738834 ;
1.90307540277 4.76949393359 2.72407659997 2.25801585031 2.86837602331 0.997547725184 3.2525928759 ;
2.13823199927 4.69757642834 3.12462753273 4.40828711615 2.73788932849 3.83011881986 2.83280464605 ;
1.99123038535 4.58862259444 2.40740597805 2.487034403 2.5221803637 1.33181640869 1.79495934273 ;
1.90264866054 4.76967777998 2.72363478147 2.257719038 2.86753336658 0.998250718647 3.2521188161 ;
1.65910292664 4.71694718228 0.0 1.74387034444 2.39602556131 0.774898250375 2.79396738834 ;
2.13823199927 4.69757642834 3.12462753273 4.40828711615 2.73788932849 3.83011881986 2.83280464605 ;
3.00563368726 4.40035513754 3.43685005971 3.54843230925 4.74873638746 2.0308511706 3.43014457036 ;
1.99273881755 4.58838933876 2.41015703073 2.48759463073 2.52667577348 1.32793356202 1.80117020098 ;
2.72951292153 4.52562016406 3.31219945034 3.91022002767 3.91898596374 3.03374638613 3.31056411488 ;
1.65910292664 4.71694718228 0.0 1.74387034444 2.39602556131 0.774898250375 2.79396738834 ;
1.43768333198 4.66972962534 2.64603468377 2.76867804474 1.9488663146 1.79856139053 1.56703160225 ;
2.58690109366 4.69755291063 2.94690694368 2.92120954057 2.71727106281 0.975167729343 3.32324035633 ;
1.55705294204 4.75566969068 2.52924027628 1.86065140243 3.53325474748 1.05268596398 3.21464252838 ;
1.99679731528 4.58744543194 2.41740304419 2.50900912499 2.5089002275 1.34739747306 1.81440043904 ;
1.89957845705 4.77015066855 2.72260739449 2.25152171271 2.86682513546 0.994525382286 3.25220665661 ;
3.00682433697 4.40197934351 3.43609220126 3.55119834576 4.74750747061 2.03182083462 3.430136255 ;
2.13864645973 4.69852872037 3.12528277196 4.40965603044 2.75237551542 3.83002956403 2.83633859678 ;
1.65910292664 4.71694718228 0.0 1.74387034444 2.39602556131 0.774898250375 2.79396738834 ;
3.00682433697 4.40197934351 3.43609220126 3.55119834576 4.74750747061 2.03182083462 3.430136255 ;
1.99679731528 4.58744543194 2.41740304419 2.50900912499 2.5089002275 1.34739747306 1.81440043904 ;
1.65910292664 4.71694718228 0.0 1.74387034444 2.39602556131 0.774898250375 2.79396738834 ;
2.13864645973 4.69852872037 3.12528277196 4.40965603044 2.75237551542 3.83002956403 2.83633859678 ;
1.89957845705 4.77015066855 2.72260739449 2.25152171271 2.86682513546 0.994525382286 3.25220665661 ;
1.90264866054 4.76967777998 2.72363478147 2.257719038 2.86753336658 0.998250718647 3.2521188161 ;
3.00563368726 4.40035513754 3.43685005971 3.54843230925 4.74873638746 2.0308511706 3.43014457036 ;
1.99273881755 4.58838933876 2.41015703073 2.48759463073 2.52667577348 1.32793356202 1.80117020098 ;
1.65910292664 4.71694718228 0.0 1.74387034444 2.39602556131 0.774898250375 2.79396738834 ;
2.13823199927 4.69757642834 3.12462753273 4.40828711615 2.73788932849 3.83011881986 2.83280464605 ;
3.00994327321 4.40520243904 3.43197478916 3.55659640371 4.7461276439 2.02213418055 3.4299287834 ;
1.89297594962 4.73123097921 2.62619174823 2.31169219052 1.85700996361 0.909722147147 2.70555457878 ;
1.65910292664 4.71694718228 0.0 1.74387034444 2.39602556131 0.774898250375 2.79396738834 ;
1.95377550866 4.74607585884 2.70471897141 2.23318886505 4.03536882817 1.19951534744 3.32629716934 ;
2.10503168511 4.68536931035 3.1053776278 4.39167937429 2.69295265671 3.82006515351 2.80473880705 ;
1.89105023655 4.7307429785 2.62458393776 2.31331445332 1.86001359598 0.911341220815 2.70591802919 ;
2.10503168511 4.68536931035 3.1053776278 4.39167937429 2.69295265671 3.82006515351 2.80473880705 ;
3.00994327321 4.40520243904 3.43197478916 3.55659640371 4.7461276439 2.02213418055 3.4299287834 ;
1.65910292664 4.71694718228 0.0 1.74387034444 2.39602556131 0.774898250375 2.79396738834 ;
1.95636672287 4.74673176013 2.70691924318 2.23096978326 4.03434202213 1.19778888031 3.32664660017 ;
2.46676123638 4.74538496495 2.80811913314 2.64998793686 2.64886475098 1.06273827096 3.23536691926 ;
3.00189667459 4.3914861102 3.442141062 3.5290167843 4.74120467184 2.02491731226 3.41415448395 ;
1.42181559144 4.73161755454 1.98282248731 1.70766724485 4.06339669808 1.2027726541 3.34089598432 ;
1.30267944624 4.71371304301 1.39339935391 1.88567995983 1.91426734491 0.796593645033 2.21192237535 ;
2.10801217139 4.69039364027 3.11070478738 4.39991700335 2.76013422397 3.82409874212 2.80480489243 ;
