1.23560817173 4.76802863041 2.02859236452 1.86574133071 0.275706903485 0.743883200338 2.64098446842 ;
2.73059098345 4.71940082936 2.83653854421 3.27950310507 3.12187351861 0.725297375035 3.09003026301 ;
2.16283708388 4.74426739666 3.14796550326 4.44352774472 2.80991457231 3.84423299699 2.958842661 ;
1.95333750472 4.76930009751 1.11699600463 1.77138774601 2.44025892625 0.645341678969 2.69349631919 ;
2.90238571283 4.54798677321 3.33564235017 3.39923598459 4.58773847106 2.26508876151 3.48224367607 ;
1.15271330154 4.71961341943 2.40185784584 1.61663585299 3.82872121318 1.12737859508 3.20210652423 ;
2.17837032463 4.74254934098 3.14161794225 4.42707924845 2.80562890367 3.8032923375 2.9396108393 ;
1.48020350422 4.75578186995 2.53313290002 1.44459614173 3.12337091449 0.805039691991 2.96010585948 ;
2.77981770909 4.57639452385 3.21614566144 3.2599256102 4.40021992327 2.23227823683 3.44463400825 ;
1.49050137534 4.77431637785 2.53236876867 2.18020732791 0.616561987357 0.779486471324 2.66793183586 ;
1.68409017496 4.75156211852 0.0457955698075 1.87053886679 2.29137854299 0.797148421517 2.76019412053 ;
2.79026352573 4.69075362055 2.9282224279 3.43405771474 3.6172911689 0.2809613061 3.20724481803 ;
2.1885584343 4.74601463128 3.15043004107 4.42409388827 2.80662381247 3.78232633688 2.97572806627 ;
1.52420384208 4.7449241375 1.14686784522 1.5579369578 3.27677790206 0.988121749648 3.11211637223 ;
1.48829876273 4.78339521732 2.20734949136 1.93851757192 1.01004943516 0.740504130692 3.0381119739 ;
2.78179039271 4.57912030373 3.23708960322 3.26037498981 4.41177747891 2.23060707836 3.44790750119 ;
2.59519423439 4.69521153302 2.86710614676 3.08800671337 3.63581041666 0.248596701651 3.24714983284 ;
1.62886391649 4.70483988235 1.80784314488 2.06298359099 1.66678849887 0.814099525158 0.0607777950179 ;
1.77000277385 4.7434209868 0.0767489953416 1.91904575052 2.77467536792 0.802476007731 2.73156590218 ;
2.16604743074 4.74343568379 3.13963581386 4.42555763037 2.79023953853 3.79288119959 2.95502808042 ;
2.6004909142 4.71089192066 2.82301431101 3.10041671988 3.31624962322 0.347367863275 3.09319977164 ;
1.34046927923 4.7714198648 2.18606992924 1.8705529254 0.685840402088 0.699367333569 2.64954531501 ;
2.89089726932 4.54674603535 3.34542317379 3.48827934182 4.55325393561 2.29420152671 3.47269637274 ;
1.61837291872 4.74396270311 2.61684830637 1.54102008842 3.58829368417 1.40310765272 3.17913721393 ;
2.240120934 4.7885545209 2.64249532969 2.60223646388 1.9757677904 0.536564741303 2.92282733788 ;
2.17315509318 4.74242616826 3.14516036918 4.42543381585 2.81050838603 3.80661491117 2.95199691868 ;
1.5987196682 4.72149108438 2.61890660322 1.73777033316 3.76032000722 1.23343167942 3.19536938209 ;
2.91939188483 4.56615012095 3.28291286761 3.51639420936 4.45455081904 1.84338975331 3.44485578876 ;
1.02015483018 4.75693736936 1.90675829744 1.51077535649 0.355034021021 0.771495580936 2.43926976896 ;
1.7776399172 4.745758614 0.0582161553779 1.9076441072 2.77197666264 0.791865459536 2.75704500625 ;
1.62856334821 4.76429368216 2.34861545303 2.70714776959 0.699491483817 0.9729943802 2.62405983743 ;
2.82530101984 4.57599017402 3.24754769905 3.32020763844 4.4107648158 2.23738310426 3.43802739211 ;
2.18742824699 4.74751445074 3.1589185905 4.44104782588 2.85329975079 3.82760778117 2.97411461771 ;
1.75735006453 4.74366159959 0.0618641793838 1.86899590087 2.62796900082 0.799031686818 2.72453749445 ;
1.32318922495 4.7721073004 2.43240889171 1.02725513542 2.27722544416 0.7985741257 2.86482236307 ;
2.34060114975 4.69811957358 2.80526479537 2.79700640829 3.76501049899 0.41301250157 3.2315268358 ;
1.38937455394 4.77014061331 2.54314768304 1.9916796156 0.702843991026 0.712559195137 2.63182869303 ;
2.85465721399 4.55261748527 3.31280285761 3.41313106158 4.5332068678 2.29394622352 3.4656699941 ;
2.16688861437 4.74399596976 3.14077910127 4.42970698101 2.79307389529 3.80541700715 2.96214753523 ;
1.63509297659 4.75062554915 0.065206798494 1.87246680365 2.22173178425 0.766819562168 2.71215760397 ;
1.52946862017 4.75084966896 2.5524005462 1.43486871437 3.45107498065 1.21137172771 3.13062736292 ;
2.662196567 4.71014284234 2.81234887989 3.1719703742 3.3370900289 0.391307459854 3.09610379338 ;
2.85944517236 4.56284650836 3.28932133354 3.43785768762 4.5336205393 1.99803235673 3.4697547795 ;
2.08931272268 4.74183159076 2.64382719251 2.33197298775 3.26840851259 0.837146308648 3.18782757352 ;
2.1756313343 4.74394497724 3.15495618474 4.4316338933 2.82504598057 3.81539226573 2.97274348165 ;
1.68319363543 4.7540987619 0.0547124662419 1.8842929244 2.25845201782 0.797594247997 3.01954106063 ;
1.2787497839 4.78253204344 2.55074612301 1.71109229612 0.892302961123 0.716385266262 3.03199362822 ;
1.6129617935 4.70085236859 1.83242072845 2.03982141919 1.67555194688 0.828381972968 0.0333531967399 ;
2.62027431919 4.58761198716 3.17366894681 3.06501170059 4.4245205271 2.16961650409 3.42882127069 ;
2.18680259872 4.74934123111 3.1737797487 4.45763427673 2.89656589163 3.8683412182 2.98011045449 ;
1.21039443023 4.76767387328 2.09926812592 1.50839874457 0.619675481911 0.6259868437 2.67208107636 ;
2.27002193834 4.74944950736 2.67544091553 3.14419236019 1.84350774213 1.62803499106 2.70712100279 ;
1.61915392735 4.74596025298 0.342327507226 1.77310930275 2.85932507386 0.837307869171 2.74293832622 ;
2.27092642997 4.72228935794 2.77681103544 2.58068438027 3.53011119595 0.102057457926 3.19608456417 ;
1.67567501827 4.74960193196 0.0491516874939 1.88729432822 2.2626240469 0.803449215801 2.74008367448 ;
2.10023298743 4.60889319527 2.93546252435 2.26226487013 4.20398552454 2.05647484616 3.31368956171 ;
1.41030030313 4.77209186597 2.51863035659 1.716628398 1.33205377796 0.738569609176 2.72466332779 ;
2.45984547499 4.70934454081 2.79773363036 2.96532174984 3.45292253179 0.274812240987 3.14421354904 ;
2.16988234448 4.74129547325 3.13496610414 4.41978038269 2.77545041082 3.77962378178 2.92697349105 ;
3.03989184133 4.59925942965 3.34193490708 3.71091530026 4.5190046408 2.24186720684 3.50703986204 ;
2.84221711485 4.58285832236 3.23092360055 3.39306973114 4.37705026675 1.86391941107 3.42753875722 ;
1.74830171542 4.76079868084 2.60333439605 1.98192291663 3.02873787864 0.713809047981 3.15495722795 ;
1.40578485138 4.77348062829 2.03260315282 1.88984467961 0.210659060569 0.76269276491 3.03080020764 ;
2.19538273638 4.74698126559 3.15913299062 4.42399784354 2.81357432013 3.79199799443 3.006924055 ;
1.81681940734 4.74459623174 0.0841311145549 1.91748875379 2.85300341075 0.851607811344 3.03009123805 ;
1.60526196693 4.69844205534 1.87540996432 2.16859439619 1.71266932137 0.967840037624 0.0349461660937 ;
2.43348078955 4.76730225419 2.71376227691 3.19460723336 2.06679357575 0.829165899539 2.76187491732 ;
1.76822452501 4.74258442091 0.0928104503144 1.89789076321 2.79917650414 0.816108707819 2.72173253996 ;
2.16599898442 4.74185351931 3.15145312666 4.4384291706 2.82171169338 3.84369350756 2.95397976419 ;
1.14305631137 4.76968074547 2.08462690211 1.5075257555 0.739873612574 0.663100189141 2.69320200924 ;
2.90210986457 4.55262178816 3.33246384046 3.53474418918 4.5531584841 1.98372465762 3.46975646055 ;
1.87007939421 4.72840777818 2.65237371212 1.85200405611 3.77106654337 1.02181927906 3.2483396537 ;
1.80608162938 4.74630586729 0.0571705590974 2.01094995025 2.65615601456 0.859533086606 2.75441325196 ;
2.81065035982 4.57468136358 3.23435321329 3.3382700599 4.46386984503 1.86898004331 3.43875918451 ;
2.17427696758 4.74877288601 3.17322619488 4.45294920006 2.85830456326 3.86299667175 2.96476020522 ;
1.61527420281 4.75630821485 2.55776093917 1.66171785192 3.14619605761 0.693619230038 3.04752880034 ;
1.1743497483 4.75709230757 2.01775670832 1.37939730302 0.242415744728 0.653487946686 2.55667567104 ;
2.39117560402 4.762318449 2.76078341051 3.49574025023 1.81941914178 1.12484061049 2.83290105035 ;
1.00473006771 4.74722390687 1.61283516809 1.09080929493 3.1548079502 1.0612801028 2.79155434457 ;
2.32101615493 4.73396723134 2.76882213002 3.65981300076 1.514808566 1.71398238439 2.64900263467 ;
2.28016163319 4.75948036162 1.95710783771 2.39565635141 2.89816334134 0.405047941242 3.03103956813 ;
2.79376954848 4.57777538702 3.2350797306 3.30006897178 4.45528174127 1.9058518303 3.43749849012 ;
1.22939832742 4.76765669918 1.9174071851 1.7046027319 0.245581105711 0.670796923335 2.67935673128 ;
2.18533405191 4.74956321781 3.16818615395 4.4581653086 2.93098495118 3.87004261366 2.98281203744 ;
2.93109698952 4.55801980488 3.3277409184 3.57599375567 4.50336777416 2.0542311889 3.46607452144 ;
1.64241071108 4.75079764634 0.052520329546 1.8765856654 2.22006312136 0.760265396769 2.70830210668 ;
2.15329497132 4.72781785707 2.68694048758 2.54247536877 3.22817565192 0.0875722197688 3.06410551205 ;
1.90967727428 4.73938871778 2.5840988368 1.77672686981 3.54580929074 1.79088369138 3.17982485026 ;
2.18025747585 4.74162671133 3.13619721142 4.41104721531 2.78871677411 3.74936457225 2.93554784942 ;
1.32838024547 4.76966466089 2.55296008726 1.87996461978 0.669677009887 0.746273399379 2.6369087728 ;
1.79588485238 4.74530631831 0.0665320723703 1.9558234536 2.75839916402 0.808430320858 2.73735452367 ;
2.85927704216 4.57281350084 3.27038284158 3.46158486196 4.44883009888 1.90526516696 3.44527244818 ;
2.01372884651 4.78751077498 2.52750858881 2.94697631846 0.892339031953 0.839823394385 2.84990066915 ;
1.94259836238 4.7429480747 2.61272114699 1.99392477262 3.39569395652 0.817342507427 3.11835257565 ;
2.18179187418 4.7436536346 3.15077653674 4.42765503661 2.82519360598 3.81183486373 2.95902574369 ;
0.857186586276 4.74884174571 1.9921833842 1.05073940931 0.892335302957 0.68899717971 2.44985817337 ;
2.8933403179 4.56373234176 3.31067355341 3.48793480641 4.49272190382 2.18256334781 3.46164135322 ;
2.36152991539 4.71605450962 2.74651201397 2.83996288662 3.2548108484 0.154316090249 3.07527609608 ;
2.17518548942 4.74476726204 3.12746954942 4.40702271216 2.76947615626 3.73813754976 2.94010922233 ;
1.62947986983 4.75113374704 2.59729354327 1.5196837106 3.31210234452 1.49375676648 3.09914610034 ;
1.29180052462 4.76830874447 2.10289935364 1.85793173347 0.39386469959 0.695834317354 2.63484738556 ;
1.76598881622 4.74276291177 0.0680250613351 1.89748930426 2.77842216983 0.808066919962 2.73146607162 ;
2.91533408005 4.56342182604 3.31018623295 3.3727615827 4.47952342799 2.27394154638 3.45585552575 ;
1.55649869692 4.76926366542 2.53239133999 1.93709937083 1.10339011488 0.758537289264 2.67947860748 ;
2.68539769996 4.70870053226 2.84007833139 3.12568979907 3.49443944412 0.316278951687 3.15165004741 ;
2.171646056 4.74437122547 3.13673352003 4.42358988726 2.7930885133 3.79042311333 2.96333502238 ;
1.68684006503 4.74940706421 0.0610650690364 1.90593418895 2.23474113017 0.775518396263 2.70465472202 ;
1.17872354151 4.72692741434 2.5517566472 1.49418261455 3.88149579423 1.30872695221 3.21952227404 ;
2.16007911061 4.74335883763 3.14018093822 4.43282799074 2.79848300612 3.81163546844 2.95919360376 ;
1.64782763234 4.75159285474 0.0713305174138 1.89511147633 2.18040215422 0.741649638675 2.70089815279 ;
2.66459380615 4.7157829742 2.81121612794 3.14295596134 3.34183499781 0.435212525542 3.0987411058 ;
1.4074841515 4.73346717583 2.49563840008 1.42783928181 3.61610429862 1.29134666859 3.17863782119 ;
2.88020586909 4.554048271 3.32341058584 3.4212228191 4.53250258191 2.29727058197 3.47257695411 ;
1.46276597802 4.77321275295 2.55090293203 1.94336382193 0.829021332038 0.706528962153 2.63648093968 ;
1.4678943168 4.7732360282 1.93609701184 1.88424705687 0.148282709742 0.750244473121 3.03155377748 ;
2.81343498342 4.58709809964 3.22657925786 3.39131061252 4.37138413656 1.83635292645 3.42823674934 ;
0.23567585673 4.7488862629 2.00233507777 1.68706590437 3.04319220569 0.848762532267 3.10806545463 ;
2.18709512246 4.74379339218 3.15403783611 4.41552268097 2.82017959438 3.79900750378 2.98099634309 ;
1.64871049559 4.70501696278 1.8156941998 2.08504819872 1.6674168034 0.835772433783 0.0459775344918 ;
2.302337342 4.75955486896 1.89450018609 2.04380026516 2.90339753466 0.726107858097 3.11893964266 ;
2.73528778162 4.71417120803 2.83507953387 3.59729748028 3.14180676791 0.847301008263 3.02077739903 ;
1.23239157623 4.76845444296 2.37983849849 1.88667033359 0.550928140424 0.737613857982 2.59383962844 ;
1.75963895139 4.74891076286 0.0600422117846 1.88438600336 2.41108315533 0.804665955068 2.76052059746 ;
1.72563276831 4.75245110043 2.58611036061 1.65902288649 3.30860678644 0.779042759861 3.11468881392 ;
2.16283708388 4.74426739666 3.14796550326 4.44352774472 2.80991457231 3.84423299699 2.958842661 ;
2.83592427684 4.54852748692 3.32780383048 3.33693873273 4.58709875698 2.21646045386 3.4822873359 ;
2.85982472902 4.58560923443 3.23095134214 3.45040292625 4.34525258872 1.81403003937 3.42596996637 ;
1.36959207168 4.77592167246 2.0658902749 1.95464663617 0.314663823155 0.762262098968 3.03038225048 ;
1.76883202335 4.75731114536 2.59718829843 1.88939270763 3.11665267052 0.773001389578 3.16758331863 ;
2.18305934994 4.74327915705 3.15796351346 4.41364890107 2.81834394887 3.79381744672 2.98437702761 ;
1.7956401804 4.74534202115 0.0696243456521 1.91090556817 2.83290264403 0.831087136482 3.0327931238 ;
1.63314232425 4.70639978302 1.82303094946 2.10838223667 1.69787662289 0.871874594663 0.0563708339604 ;
2.16343636143 4.743907857 3.14161459925 4.43017868341 2.79777797754 3.80652587364 2.96102870423 ;
1.5113661417 4.77616877764 2.53716687667 1.91336122608 1.18943715825 0.710909639276 2.6926104298 ;
2.89205526733 4.53853279124 3.35960167425 3.43696811708 4.58790075218 2.3369626577 3.48118077931 ;
1.62659386272 4.72882476668 2.60410216182 1.64496907563 3.87466092111 1.19575016724 3.24723110495 ;
1.66266708445 4.74954515102 0.0505256453173 1.8835746611 2.23414113262 0.780029092331 2.73559322028 ;
2.82615396934 4.69779930687 2.89591456182 3.46000156951 3.50143130541 0.534126654071 3.11907990749 ;
2.17651011666 4.74387376429 3.15124561283 4.42676349325 2.81150549542 3.8003135431 2.96611617963 ;
1.78466741837 4.75332204834 0.0585135102885 1.92402181184 2.39949465073 0.830013908966 3.02573143158 ;
2.88632194733 4.58474691355 3.26499192911 3.46500354007 4.37857290104 2.02087100807 3.44853181562 ;
1.6309637956 4.70028489505 1.82419207386 2.01470817013 1.70849455322 0.801528546408 0.0430587729926 ;
1.98124386747 4.71629641673 2.68179830377 2.15312745391 3.65455819422 0.717585841118 3.23633816772 ;
1.43876472557 4.78196666324 2.46679404127 1.91812290217 1.08730604751 0.754032965257 3.02927937512 ;
2.89362321922 4.57090516275 3.28125177818 3.40332311921 4.47413213951 1.96978135023 3.45963635247 ;
1.40954982171 4.7610500977 2.52110099664 1.88909318743 0.409807838156 0.809852262427 2.5324057408 ;
0.847471353917 4.73319123686 2.57858040146 1.61083270941 3.66122248152 1.1823209156 3.16227207033 ;
1.69292332659 4.75010609693 0.0661255461137 1.86105342071 2.26454163563 0.789208796413 2.76581865455 ;
2.45996261388 4.75732589702 2.62771911358 2.53159086742 2.81494215231 0.547101717847 2.97610852936 ;
2.17085581267 4.74278261449 3.15139503808 4.43389295571 2.81579203939 3.82297875495 2.95764799198 ;
2.1725413953 4.74310180836 3.15457854216 4.43435240634 2.81789356087 3.83172753711 2.95663693522 ;
1.10123623488 4.73535117003 2.58959370298 1.32359842684 3.58729177174 0.964763085526 3.15597863568 ;
2.46761353577 4.76262855752 2.64710806498 2.73536210894 2.60467134193 0.708655222302 2.92614587205 ;
1.26776539244 4.76913925333 2.04276515634 1.82296956392 0.279641313674 0.72076024635 2.61428476623 ;
2.83316101219 4.56803318076 3.27852873238 3.39941875017 4.50215589064 1.94225226224 3.45492692586 ;
1.79884234953 4.74377340059 0.0812276534372 1.9037847958 2.80269615911 0.825224832226 2.74248778771 ;
2.16654765017 4.74229573742 3.15340769641 4.4345589899 2.82104421194 3.83175198755 2.9548056105 ;
1.71728334481 4.7225109854 2.095628439 1.76097404691 3.86990072683 1.013973779 3.19376960593 ;
1.04837731718 4.762696502 1.70341422428 1.30547258184 0.886361078959 0.648675794313 2.54664203976 ;
2.88269152237 4.57066296814 3.27154923807 3.48619874281 4.44605003152 1.86622229674 3.44396204238 ;
2.20842722446 4.78134969464 2.07272790526 2.76789971074 1.97337837668 0.756184965191 2.82325122844 ;
4.49512850254 4.4558977644 3.24141518247 0.0 2.64337022138 2.51446272921 2.24216227207 ;
2.89451826883 4.56426907333 3.28499990924 3.58094314196 4.41585588213 1.81071601676 3.43392690696 ;
1.77694732077 4.74211312291 0.0472511728384 1.90119467417 2.78933028169 0.808317548169 2.74501255665 ;
1.90317379993 4.73031550663 2.6670784036 1.79562110475 3.89852990029 1.22096655971 3.27622102452 ;
1.37334217936 4.76359959561 2.01230518205 1.82373155913 0.12167025077 0.772267501761 2.65146004634 ;
1.77865539031 4.77791396494 2.55838522815 2.25285487707 2.24637678151 0.583785663709 2.74670880184 ;
2.18083636743 4.74365514996 3.14822722156 4.42026238293 2.80385841279 3.79364489401 2.96051289697 ;
1.62210285757 4.76864026174 0.0761064746748 1.91240705887 1.68682363266 0.635359472598 2.63615972617 ;
2.83008490381 4.57157532365 3.26180541392 3.38317335762 4.47913232117 2.21402668865 3.46006135574 ;
2.18323417508 4.74422300038 3.13967103262 4.42262281176 2.80060454829 3.78296206535 2.95460204082 ;
2.51791875943 4.71633808949 2.76815618965 2.80197298543 3.3733699895 0.392995286301 3.15613169525 ;
1.25520565604 4.73455501332 1.8489631804 1.22053886491 3.59700386061 1.20480111584 3.10543398125 ;
1.46785623268 4.7678554784 2.57566434948 2.07557626531 0.844206858955 0.81927131978 2.57354872929 ;
1.77920736077 4.74424980561 0.0561168372231 1.89561281126 2.74586954737 0.80136297212 2.73379201574 ;
2.18085692031 4.74491096706 3.15253511828 4.43960702349 2.83200919907 3.8260866701 2.95661237226 ;
2.77661465894 4.5712942332 3.24829703107 3.22669982744 4.4755954621 2.25640771992 3.45177720895 ;
1.45505838775 4.76644190324 2.12293984462 2.08409594417 0.262747304771 0.847370044647 2.63194955322 ;
1.26264319265 4.766343517 2.52623159723 1.42051446481 2.92215459312 0.823333775719 2.98748673702 ;
2.69187112361 4.70395422726 2.83633297455 3.19261507828 3.40637915579 0.462318938615 3.1142343265 ;
1.67729587209 4.75176480173 0.0672370561036 1.86990322432 2.24152643802 0.809005508216 2.72383630296 ;
2.17611976225 4.74339388077 3.14562489044 4.42876552707 2.8006075565 3.80067564007 2.95646452662 ;
2.57708943118 4.67337633178 2.8787292159 3.0115662743 3.95348191356 0.116988212306 3.28343022136 ;
2.7603975142 4.58524505015 3.20468230205 3.2426697829 4.3991369398 2.21624766887 3.43688518378 ;
0.135843975113 4.75555925544 2.54014043825 1.64613481051 2.1514680026 0.855987906737 2.80985169353 ;
2.22574771063 4.77386454042 2.57460379545 2.0112162775 1.68303603824 0.823239475603 2.78652082681 ;
1.78456755533 4.69289443573 1.98152168876 2.61632253793 1.74086406174 1.2155597371 0.0396752566545 ;
0.917673304991 4.76339632192 1.38173203902 1.17148588009 1.26044631978 0.583016913261 2.79831218553 ;
2.18587229699 4.74809926736 3.16361596157 4.44484257158 2.83622263054 3.8407864897 3.03020855593 ;
1.78129507683 4.72317439669 2.09710946847 1.7859195632 3.88953182608 1.05723455497 3.22674248828 ;
2.20257988952 4.78636444584 2.30634313588 2.68672626213 1.68074083349 0.767894863236 3.1005319224 ;
2.88818584752 4.56582374114 3.28279075401 3.50036745634 4.45661622384 1.87017346913 3.43812370068 ;
1.61941843917 4.70329684096 1.81237992436 2.0796660585 1.71414697624 0.852182777837 0.0670362447518 ;
2.81079911999 4.58410418784 3.23416266388 3.38594280581 4.40585674756 1.89850156435 3.43435785981 ;
2.18853345853 4.74692115731 3.16903263803 4.42629432736 2.81570917755 3.79392704717 2.987460894 ;
1.88800230534 4.75233925075 2.62180618176 1.98619245633 3.08678501663 0.681108619237 3.16826329062 ;
1.80970134281 4.74272869791 0.0847156974323 1.93844037971 2.85976004414 0.884240295907 3.03882345291 ;
1.30185330309 4.77858805718 2.08796016544 1.9628117796 0.40418655415 0.786206527477 3.02229447956 ;
2.1795822398 4.74340995497 3.14484128894 4.42138875274 2.79419871812 3.78698276938 2.94707440979 ;
1.15793756367 4.72648699527 2.18969015783 1.39704329876 3.81075960428 1.30172285211 3.18958885584 ;
2.62251920547 4.69714241383 2.8479586773 3.06862701742 3.5785571279 0.202503883448 3.15288049603 ;
1.74657037526 4.75973654997 0.0466388826597 1.96500086069 1.99691850893 0.712727555181 2.66356868899 ;
1.53896014057 4.77606868703 2.54384529235 1.90895919113 1.07790503269 0.724024727043 2.684939958 ;
2.86321817276 4.57766113973 3.2469482014 3.3490607953 4.37585313741 2.22828929501 3.43406959508 ;
2.58676141854 4.68644618626 2.89968079327 3.1418430777 3.68911772089 0.129266851229 3.21026632439 ;
1.69192083615 4.75314576138 2.27282448975 1.64113078638 3.11020835444 1.13274592994 2.99567839357 ;
2.17927984029 4.74509562127 3.13594370976 4.41252975184 2.76741752761 3.73958977194 2.9464693217 ;
1.31983752749 4.76843546539 2.57281121428 1.91361535005 0.501881552898 0.697671027718 2.63091182353 ;
1.59734956362 4.75955911666 0.0293039097666 1.93416404178 1.93344312281 0.632896045375 2.66050693999 ;
2.83436865382 4.57247916082 3.25898232337 3.37354899991 4.4541825476 2.24951184688 3.44986708812 ;
2.17192115161 4.7477537076 3.16272930908 4.4536043732 2.85376484819 3.8653701764 2.96727313539 ;
1.93297558391 4.71938882646 2.62661598046 2.00274954644 3.62273984362 0.72701562617 3.14866794896 ;
2.85376332056 4.56726959982 3.28719728451 3.42860321671 4.53226148752 2.0589713133 3.47041798196 ;
1.66928610287 4.75269053427 0.0710571884969 1.87921779274 2.25185923836 0.796355471502 2.73344336129 ;
2.44129418007 4.7605561779 2.75048696173 3.41780226471 1.85818191152 1.21241431889 2.77627658737 ;
1.13991899191 4.76869464807 2.48738871605 1.41760489452 0.879148951516 0.620235026496 2.67498636632 ;
1.55530855537 4.76447812851 2.54345783956 1.87928364586 0.506656192629 0.712998779696 2.5674040317 ;
2.86085833271 4.56597668674 3.2990832662 3.43525527132 4.53553603463 2.19147367227 3.47109756177 ;
2.1689987496 4.74396709417 3.14163600289 4.43160601302 2.79327283591 3.80467639107 2.95597917419 ;
0.576672430346 4.7495691339 2.53245040522 1.39507861042 3.26877260604 0.956081014931 3.05490101684 ;
1.68701943602 4.75137067524 0.0587465991289 1.87623543287 2.22738826597 0.789986618947 2.73260702739 ;
2.51442822516 4.72508815977 2.71656516621 2.65716153008 3.23379271717 0.706802313428 3.09658440011 ;
1.82073982176 4.74006656538 2.64191932189 1.79504032511 3.49729665311 1.80675979095 3.16810063126 ;
2.18432266382 4.74335277764 3.14695050163 4.4182859045 2.79908781976 3.77861989352 2.95671094006 ;
1.37383317755 4.76688298096 2.09793673689 1.95820405197 0.315725359206 0.806457211348 2.61403459909 ;
1.95788267871 4.75720037089 2.606870603 2.22136536176 2.92117395882 0.129662254525 2.9861421802 ;
2.91070334098 4.56065310376 3.29929533724 3.57128155907 4.46209517183 1.86053796259 3.44482234972 ;
1.74751484755 4.74196041942 0.0595967312314 1.89208667429 2.77546199936 0.801769282638 2.711304718 ;
2.41950685451 4.68439790454 2.87735428638 2.8498052046 3.9189785822 0.118600464933 3.28159204303 ;
2.16956894596 4.74302355483 3.15030666791 4.43635541574 2.81050152624 3.82644969407 2.95446629117 ;
0.954066208647 4.74620314214 1.48955598462 1.11169858533 0.505091182518 0.65935050487 2.32225380748 ;
1.8853175359 4.78995689023 2.59880721425 2.42849869046 1.55097344971 0.779497259279 2.79423791671 ;
2.7656003016 4.58971300878 3.19625851822 3.24519055602 4.33658559627 2.19158704642 3.41063036025 ;
1.56458757498 4.74135533034 0.815066154994 1.64742216939 3.17996308427 1.00665749126 2.98670363145 ;
2.85553443865 4.57584084816 3.26080259459 3.45493795965 4.42714329109 1.89468832152 3.43974815938 ;
1.85967386729 4.75340348899 2.611837724 2.01079617907 3.13261453351 0.794965274456 3.17000065476 ;
2.18622037651 4.74481680044 3.1528373759 4.42442794074 2.80941289735 3.79512222005 2.97923220141 ;
1.35967848986 4.77626777899 2.07451901639 1.92147426363 0.318000899835 0.744014467786 3.03841749654 ;
1.62120659365 4.70818320994 1.84884206241 2.08245903287 1.67786172934 0.828039051007 0.115934571233 ;
1.78040553906 4.74682470607 0.0672986317737 1.91708632044 2.81849166169 0.815591841293 3.04359418828 ;
2.31928428443 4.77860887986 2.66859469459 2.87674517847 2.12703114738 0.771829343553 2.80790076569 ;
2.17500553725 4.74296095131 3.15620902545 4.43826075694 2.82593260634 3.84623507431 2.95747236683 ;
2.86650919808 4.57161268612 3.25613167458 3.41405110413 4.45244996048 1.87811959593 3.44017903534 ;
1.15564495465 4.76268407406 1.98107416591 1.47252057682 0.298696338087 0.683749238483 2.62104086601 ;
1.38386514398 4.7316090566 2.59154874692 1.50299770289 3.65968985832 0.920189703811 3.18388572404 ;
1.79229825755 4.74710988316 0.077769214141 1.94058761714 2.7213522033 0.82679026087 2.76295998748 ;
1.76156209562 4.74325061093 0.0507607354434 1.89558570742 2.77803841044 0.80165000943 2.73667753392 ;
2.85932709388 4.57858007907 3.25448135174 3.40402547067 4.44287069002 1.86473261976 3.44705266058 ;
2.1738779088 4.74172329523 3.15351996106 4.4248987433 2.81709371371 3.82422756819 2.95311720648 ;
2.44809543279 4.7638917152 2.59114890063 2.44887178997 2.6490898175 0.686136547081 2.92018941543 ;
1.36780042455 4.76753826962 2.05293696866 1.83178944705 0.217905483316 0.730454053314 2.61122126837 ;
0.807191293729 4.73375922343 2.60411610912 1.55140803833 3.54292149123 1.02968773462 3.14268524433 ;
2.3639497495 4.77808803441 2.66997351029 3.0740686323 2.1338829577 0.866101360213 2.87700722658 ;
1.31840771672 4.76757839046 1.97056085022 1.65355137228 0.150586149416 0.716752464663 2.68561809152 ;
2.87425054664 4.55812234211 3.28838034121 3.50084153337 4.51534308414 1.87184722981 3.4520271598 ;
2.17078279169 4.74255157877 3.15724822651 4.44074780853 2.83070482283 3.85150621742 2.95459557664 ;
1.90164114018 4.73002170412 2.41724649525 1.63383098968 3.74481221647 1.12020150006 3.2104812735 ;
1.27166023367 4.75507762157 0.766707257931 1.77314041506 2.51629260167 0.577675684683 2.59843707235 ;
2.83552890228 4.57285344015 3.26973022758 3.39808406128 4.48017981325 1.9976438682 3.45792285474 ;
2.04659446632 4.74405759891 2.63890607291 2.25931848922 3.22583490678 0.726725489871 3.18143937406 ;
1.79114432189 4.75273482763 0.0433800969677 2.00158986199 2.46245756011 0.815400757243 3.02962620021 ;
2.19582065491 4.745752802 3.14631568233 4.41495770189 2.77360615409 3.75922726584 2.9758889111 ;
1.16531726176 4.77722064781 2.36507848939 1.60524785444 0.800980736213 0.732767231005 3.02135658276 ;
1.6184918112 4.70243285021 1.82444552399 2.05379636861 1.69270436922 0.835660837469 0.0313066194035 ;
1.51079084919 4.76939149945 2.60433887977 2.23133089548 0.412239270766 0.890942660862 2.79562129078 ;
2.79447585016 4.5986677179 3.17685077814 3.34769752312 4.25326531871 1.76308148423 3.38817403623 ;
2.18450620562 4.74455916859 3.158052606 4.4285004196 2.82474482415 3.80136066898 2.94844230556 ;
1.63813992331 4.76499679612 2.56363182797 1.70979073883 3.01495008075 0.634743401394 3.03599750801 ;
1.92759607031 4.7326981279 0.0988577870987 2.09076505423 2.98246503986 0.925373369213 3.01263726017 ;
1.22008698046 4.75663987721 0.481004797828 1.47982729899 0.852969729787 0.614505524479 1.77601162738 ;
2.16870468264 4.74302464388 3.15402571152 4.44118835704 2.82286237155 3.84452528535 2.95448702083 ;
2.25551100865 4.78061864131 2.65356251031 2.91116228758 1.97689121106 0.865643832692 2.78265285996 ;
1.87186648671 4.69086019739 2.70928256425 2.09312210803 3.94651930198 0.668795183436 3.26443149251 ;
1.77179699741 4.74220153552 0.0924103786315 1.89204264387 2.79762826738 0.812142848733 2.7211420549 ;
2.88030455829 4.57824521755 3.27876563676 3.37489354227 4.46392588563 2.1495109241 3.45422404623 ;
1.11044738894 4.76702637555 2.04601890364 1.41402625445 0.620607249656 0.68923332664 2.67170571189 ;
2.16013809629 4.78181155948 2.61278643466 2.71045735917 2.03268699564 0.97074870156 2.80140295574 ;
2.1734007837 4.74344856931 3.1549636235 4.44136590461 2.81838519711 3.84412404232 2.95478553065 ;
2.83194974336 4.57889239498 3.23658490139 3.35122997936 4.4401818333 2.18357529317 3.44545588042 ;
1.98625216842 4.69158006259 2.73295603978 2.22755421933 3.96106064481 0.551579570529 3.27522521531 ;
1.68059729812 4.74990366059 0.0405600298695 1.87675967967 2.27848090161 0.771071742565 2.7481158596 ;
1.08734584702 4.76552841737 2.46157256652 1.39305040188 0.674990563833 0.607541429913 2.58060647003 ;
2.16813591512 4.74402910783 3.14083199441 4.42834792034 2.79632619788 3.80296646286 2.96142495335 ;
1.379378344 4.73215142574 2.52301501893 1.36935131513 3.6602221296 1.31245132766 3.18530896851 ;
1.46723825021 4.77495927866 2.55737764404 1.96976925069 0.929505289981 0.705812724332 2.64211847942 ;
2.86672975427 4.55463821698 3.32136160116 3.42829586252 4.52525362527 2.28247524477 3.46707668574 ;
1.6687526506 4.74989972337 0.0606098650029 1.92538782484 2.21932977349 0.774740939271 2.7083764882 ;
2.68483047449 4.71243378274 2.81364423212 3.09944724509 3.40395463643 0.41518381618 3.12924573799 ;
2.89775617335 4.57468533959 3.2892057602 3.4771392675 4.4621364151 2.11223205209 3.46036070057 ;
1.96116491883 4.69159561106 2.70213707489 2.14204212185 3.96755006091 0.796085340059 3.2720697525 ;
1.42112360663 4.76224580016 2.54727418789 1.85236395747 0.129074946368 0.75420796956 2.68791224641 ;
1.86040982644 4.78313859488 2.58395707517 2.28982526452 2.2028460344 0.752273712112 2.72038464881 ;
1.6508023691 4.74953706329 0.0521656012225 1.85268248061 2.2476999595 0.783671732917 2.72888532413 ;
2.17363119673 4.74267963798 3.14802239032 4.43148578806 2.8080276866 3.81857706417 2.9581721115 ;
2.61210121045 4.70448200893 2.80108017153 3.05311364169 3.49232399294 0.27026134596 3.17199801091 ;
2.17386882895 4.74512086793 3.1324718935 4.4164631898 2.77956668339 3.76085942639 2.94993723017 ;
2.84854473063 4.56580357084 3.29065539452 3.38081964432 4.48337811133 2.27063898117 3.45882487706 ;
1.41340132302 4.75422651943 2.54134237273 1.46393594924 3.12515266867 1.17020332226 3.00276546786 ;
1.65406451865 4.75078977563 0.040818704388 1.86808504025 2.24249559717 0.784767691186 2.7297949439 ;
1.46289621125 4.76809581461 2.54898896721 2.05489216136 0.493289566465 0.688898569087 2.60889855795 ;
2.17448168825 4.74355165085 3.14659784336 4.42944410408 2.8030067217 3.80410789171 2.95642335756 ;
2.49144876306 4.67625287117 2.85126841984 2.87674494929 3.93760447065 0.235748744674 3.29271148726 ;
1.41743500799 4.76506882381 2.03917829135 1.90655422183 0.115882977097 0.763276998335 2.64110770137 ;
1.60712328719 4.77509299276 2.56140514635 1.8865911579 2.58583529248 0.920376181693 2.85056860142 ;
2.80550745358 4.57804399594 3.24848216341 3.31311271847 4.42002731257 2.24130712616 3.44978373243 ;
1.72605953693 4.74202040661 0.0926747423506 1.87034017441 2.805914688 0.811252357288 2.73857915539 ;
2.73084800294 4.58430983573 3.20623478209 3.26230768456 4.42223526059 1.88928835863 3.43783389991 ;
1.51452456306 4.7467384518 0.812707886876 1.61607546566 3.17901221791 0.951572487697 3.10903544624 ;
1.6207662499 4.70765336335 1.82697677226 2.08904730754 1.67651478946 0.834076728191 0.0738530771473 ;
2.17945661136 4.74437685167 3.15631373398 4.43629870354 2.833168674 3.82844656326 2.97816198177 ;
1.22679342022 4.77550187778 2.02884542697 1.65278133808 0.459115757125 0.732765757613 3.02289772983 ;
2.21672115841 4.76821664569 2.67301833988 2.52867842611 2.67114004283 0.557064779431 3.11663143621 ;
2.7844748283 4.5727567197 3.24646039316 3.28851235767 4.48417453566 1.94882977896 3.45395567745 ;
2.17801149707 4.74567197883 3.16688220583 4.44086245991 2.83685939374 3.84490435132 2.98776051427 ;
2.47389820595 4.76977077826 2.6905009934 2.90992031846 2.66861543238 0.64551933515 3.14219107634 ;
1.26472967825 4.77680834861 1.9968505459 1.81411488332 0.333236812029 0.702442951967 3.04382391058 ;
1.45804452263 4.74385017675 1.38947490689 1.5392359227 3.16716078734 0.878035839403 3.09209149409 ;
1.65067251805 4.70532960896 1.81915662103 2.12303069778 1.67715809764 0.894486812297 0.0722213003205 ;
1.36523976542 4.77579646525 1.47406329143 1.78599897676 0.863169892356 0.625192849421 3.03640860186 ;
2.39106185854 4.76532984107 2.60955058278 2.75770085363 2.70919811362 0.651990273304 3.13449059913 ;
2.87732865681 4.56109749233 3.30408642741 3.45014369881 4.52104010615 1.97873160343 3.45481417226 ;
2.16655853903 4.74437206509 3.14586437977 4.43483351661 2.81318357772 3.81834333144 2.97742164767 ;
1.62555820771 4.70847723286 1.82766281021 2.08503034114 1.67013608359 0.841955673713 0.0872553467184 ;
1.41268251295 4.72340352756 1.87086755167 1.42962955966 3.74759160909 1.21154320618 3.18650310035 ;
2.17492749996 4.74272953162 3.13969263128 4.42454392575 2.80555884011 3.78563561332 2.94665666568 ;
2.01643727922 4.73560763742 2.64682068113 2.18126192666 3.32513667572 0.769642231267 3.10471955529 ;
2.8708561228 4.57280902455 3.29620990764 3.46984520801 4.48448301406 2.02680588468 3.46557127772 ;
0.877438900719 4.7422142901 1.83746679331 0.596436671723 0.946872024886 0.685282031234 2.19936243938 ;
1.67479380704 4.78500826406 2.57130369061 2.61928261156 0.617091395331 0.836483024388 2.81380991053 ;
1.75022649243 4.74634449762 0.0934700898392 2.02593871244 2.5577898901 0.80860040104 2.81660968877 ;
1.76375308304 4.68881681348 1.84992148357 2.53428331625 1.85450788874 1.23911221727 0.0737120006123 ;
1.81358614236 4.7300376305 1.87129038132 1.76137051443 3.62521857751 0.93526010159 3.18436254455 ;
2.19976952498 4.74605724753 3.17347536 4.43930922097 2.84747059251 3.85974307582 3.04162214169 ;
1.12477658789 4.77033826646 1.61818235827 1.33585234813 1.03326686544 0.599197808915 2.90165676574 ;
2.26504088955 4.79150625605 2.59462373594 3.09621786603 1.84777518476 0.839504659397 3.12457793641 ;
2.83888446341 4.57031823092 3.26686299971 3.42163231103 4.4841305501 1.88029583058 3.45257332193 ;
1.24284642739 4.73826089845 2.61980040109 1.39369710456 3.80972226099 1.10087474907 3.21933978851 ;
2.1658971961 4.74396301992 3.13899433162 4.42652265508 2.79494815771 3.79921514988 2.96189253869 ;
2.747736358 4.71350666281 2.82737340932 3.19889538991 3.38917844487 0.402023462207 3.0764066403 ;
2.85289161971 4.56046967748 3.29706162232 3.35691785896 4.48460491961 2.2639868854 3.45396206843 ;
1.44729146438 4.77207662196 2.32215830182 1.92179059703 0.985930910108 0.744292400099 2.676903844 ;
1.80640814398 4.74363735173 0.055022706413 1.88718924519 2.58138929362 0.837234331448 2.77085252978 ;
2.83338891968 4.56801704557 3.27734371347 3.31184813391 4.47572235605 2.26956342583 3.4571537316 ;
1.78662911202 4.743359683 0.0642141840448 1.92439301576 2.78770337309 0.824100821436 2.7436266393 ;
2.16262070361 4.74401250097 3.13354249507 4.41989096557 2.78415525002 3.77523954876 2.95030062147 ;
1.4086701329 4.76196765854 2.55920106241 1.56598219177 2.99339505526 0.89641408098 3.02990020334 ;
2.75475549263 4.69635450658 2.85881498 3.29462656098 3.47288983971 0.358514886281 3.10308357524 ;
1.43322122091 4.76778373841 2.06650929823 1.96561001161 0.216432567068 0.752208640132 2.60850225718 ;
1.10867139546 4.75960783353 2.49198298275 1.05245120221 2.56278257022 0.865531907457 2.84089607908 ;
2.16812919553 4.74403085261 3.14045566514 4.43589585241 2.80842678218 3.81431117595 2.96008305211 ;
2.57301256401 4.68893217856 2.84475088802 2.97405415786 3.8007827808 0.186768839815 3.20788314494 ;
1.68688717913 4.74840235901 0.0480345108545 1.89745402589 2.26933850275 0.814348557677 2.73345789007 ;
1.83437495316 4.77491488279 2.60819808334 2.66069365386 0.979062480547 0.839899584308 2.76647364816 ;
2.780128674 4.58527272496 3.22158420282 3.23550345817 4.39117825827 2.23028197406 3.42442990975 ;
2.01513074981 4.72453008744 2.72032970827 2.18738948688 3.61171434948 0.578825565433 3.22210538944 ;
2.17338906919 4.74553951499 3.15889649089 4.44321634934 2.84637292115 3.84041265971 2.96598087734 ;
1.06774775739 4.76608108244 2.10412345085 1.18531686508 0.684966678379 0.580924791479 2.73689498619 ;
2.03257476553 4.75677165839 2.42545281995 2.9682863112 1.44922433852 1.15131210923 2.53250162025 ;
2.85251977893 4.57872541481 3.27408504124 3.38778876194 4.45336438647 2.12671922871 3.45806917006 ;
1.7669300266 4.74073283812 0.108253218211 1.89420608383 2.85570968951 0.82932782357 2.75194654962 ;
1.63599099036 4.70407798744 1.83959414149 2.08859026233 1.69591176456 0.842925800621 0.0470756001486 ;
2.18656728085 4.74665554961 3.14204724972 4.42513564965 2.80207850906 3.78519839708 2.98530476112 ;
1.37143784726 4.78107211556 2.53986332314 1.76634075443 1.43031370387 0.826381217667 3.05789098795 ;
2.81402818748 4.56546358867 3.28209573553 3.34676205806 4.48932052809 2.27610805208 3.45521844689 ;
1.68256738357 4.75414006892 0.0531708151012 1.87997481113 2.27230211156 0.801352591069 3.02094922693 ;
2.34722277458 4.70897030878 2.75900801878 2.64681508792 3.653195741 0.577835869051 3.24658978902 ;
2.19154170427 4.74576888493 3.16113474832 4.4281611928 2.82322098422 3.80108500025 2.95540062616 ;
1.8194383496 4.73932228102 0.086829498225 2.02155350329 2.86563953973 0.886952919875 2.83409994371 ;
2.84187043381 4.57907236873 3.26914015723 3.38686307756 4.44288276477 1.99584484102 3.45639344291 ;
1.16537260997 4.74188850308 1.99480543061 0.523864264558 1.15557393054 0.641646681926 2.04519316435 ;
1.48836623471 4.78165001707 2.22720601098 2.58953958977 0.575487205214 0.859825837644 2.90220293994 ;
1.98310053432 4.73928543221 2.6445724338 2.22599480151 3.29190363841 0.686583385081 3.1007695725 ;
2.66645468029 4.69787577999 2.89556675435 3.25838986322 3.55336478352 0.293685599231 3.17287109233 ;
2.1683536329 4.74383718782 3.1382225962 4.42943151118 2.7877764449 3.79702689412 2.95457341844 ;
1.43021975872 4.76734137647 1.39779807136 1.70691580597 2.55599781405 0.476596813442 2.73650186851 ;
2.93478531027 4.53303316514 3.38661703916 3.53023848135 4.59238825956 2.32485499683 3.48288452217 ;
1.42774804136 4.76588277763 2.07134869096 1.95286510575 0.176628769154 0.790597708028 2.65469829383 ;
2.02274102283 4.72696435207 2.38773371064 1.93977147223 3.63586148991 1.83869505616 3.20176798518 ;
2.17557352464 4.74342476329 3.15407913859 4.43712520124 2.82700717453 3.83491229999 2.95853204424 ;
1.08193906807 4.72940252083 2.27005698135 1.36263871285 3.71516221896 1.07094877128 3.16838160467 ;
1.31987795426 4.76709656635 2.57751448321 1.94723664724 0.392124667927 0.786989829444 2.61020297734 ;
1.66264670445 4.75864228896 0.10823405849 1.84833885491 1.93096525743 0.660654827464 2.61809852224 ;
2.84671742817 4.57095709271 3.27016188776 3.41177813855 4.4763339418 1.92239748686 3.45175123933 ;
2.48952243252 4.76146257234 2.54800363644 2.65553243978 2.68830632475 0.680182673838 2.9499995413 ;
2.16961383925 4.74218857854 3.15073309515 4.43028774365 2.81337900661 3.81716287433 2.95618475471 ;
1.30256328157 4.76679976218 2.04053343124 1.78277168615 0.313290755008 0.732766510132 2.63940058619 ;
2.87833945002 4.56320031025 3.30051722897 3.462194788 4.48977766126 1.94307532226 3.46036304085 ;
2.35864388264 4.76878585055 2.64472281714 2.7778109713 2.63394830053 0.538628017819 2.90021457636 ;
1.79249995481 4.74307496954 0.0604755137156 1.91955020675 2.81190936644 0.820098048901 2.74992473242 ;
1.36632063971 4.72907248361 2.60876412168 1.40616198935 3.63952691681 1.22009850635 3.16886733014 ;
1.76368811115 4.7433122534 0.05743214901 1.89034011835 2.78135902326 0.797579180632 2.73922086852 ;
2.16777247364 4.74233080264 3.15155581196 4.4328955508 2.82149738939 3.82586703848 2.9555374399 ;
2.85025572879 4.57362362991 3.26563742957 3.39483681787 4.46787038799 1.92103476308 3.4527287726 ;
1.3167598501 4.76980094801 2.06956944494 1.88084624797 0.267136176694 0.754989614566 2.65045796833 ;
1.14745695976 4.73925183332 2.57749474938 1.35886663868 3.56849520126 0.965850000492 3.14880384739 ;
2.45557899247 4.76075968283 2.63105608915 2.71391536979 2.58760749733 0.657732659947 2.87909812982 ;
2.17667699418 4.74434258427 3.15084115232 4.42497520036 2.80591809852 3.80099852991 2.96485990569 ;
1.65460107731 4.70651858273 1.77478733134 2.00875271493 1.69142122527 0.761830534746 0.0601326574651 ;
2.4192386793 4.74631770324 2.13953142522 2.59582726201 2.97086411812 0.445002024848 3.13848577244 ;
1.36631732629 4.78124385474 2.01421688512 1.99538974756 0.553682963017 0.786959413736 3.0314600654 ;
2.84070588595 4.5771346452 3.26664503482 3.36829609237 4.43997775706 1.99807075917 3.45139530341 ;
1.08072380682 4.74114159068 1.72295944103 1.21348722433 3.40448131772 1.15979690037 3.12976412664 ;
2.17304113438 4.74340668621 3.15784443648 4.43408861899 2.81501057761 3.82550149571 2.95810001879 ;
2.40897303946 4.76053088889 2.63840588095 2.47043045717 2.71361006245 0.581855803503 2.93777054865 ;
2.83230366445 4.57858519829 3.24100323573 3.38159944086 4.4366419604 1.91732856807 3.44681866338 ;
0.830936450968 4.72564656081 2.22841799352 1.35975958998 3.71998458194 1.12505689687 3.15469811412 ;
1.23696537782 4.76787208612 2.38087372829 1.83843729612 0.376913584812 0.754327000671 2.60359516102 ;
1.89370664956 4.75674959589 0.0508438321222 2.019466163 2.21098271151 0.760189407185 2.68348976031 ;
1.7587686609 4.74175972805 0.0658601476322 1.91697249622 2.78377838263 0.817179798906 2.71309911187 ;
1.39298793078 4.76807309528 2.10507105849 2.03860748961 0.298224459752 0.802590492781 2.60600828404 ;
2.80512564996 4.6952458758 2.94979452275 3.57383964795 3.55832138708 0.445892525946 3.18397339768 ;
2.16613130657 4.74498164437 3.14696375947 4.43261275286 2.80999677944 3.80456692998 2.96777320908 ;
1.64225857697 4.75239607431 2.55288922842 1.65690749911 3.06623170025 0.857434069758 3.02043864876 ;
2.83156410866 4.5587693549 3.30573712961 3.32369426422 4.52842074367 2.29836127371 3.47309198022 ;
1.77772274928 4.74452315295 0.0630688874855 1.89899064078 2.78748165742 0.809928838094 2.73799672118 ;
2.85769176698 4.56048787399 3.29832049919 3.42190590637 4.5285120651 2.02301817881 3.46682792923 ;
1.30377310596 4.76827760037 2.10057140979 1.85600507922 0.412161277873 0.731197428779 2.61519011143 ;
1.17370805877 4.73713394682 2.58426155613 1.40797785553 3.65523444588 1.03271545783 3.17748941527 ;
2.54684903402 4.75269100031 2.68245606612 2.80832253962 2.7738392213 0.669843065147 2.96594737098 ;
2.1725413953 4.74310180836 3.15457854216 4.43435240634 2.81789356087 3.83172753711 2.95663693522 ;
2.72558383386 4.74692953102 2.74522272363 3.39483332074 2.82920520309 0.795807979066 2.9752423461 ;
1.30402440978 4.76516799275 2.43995293334 1.78104354805 0.52147365292 0.68586329217 2.53688253041 ;
2.16585060883 4.74287454898 3.1564706114 4.43922422519 2.82871646046 3.84886292714 2.95356517962 ;
1.53077973789 4.74726328361 2.58334328314 1.61743403574 3.34882718785 0.912115631435 3.13273143182 ;
1.72287382024 4.75224437869 0.0621656241884 1.90932286193 2.33821385424 0.795338524098 2.77505113934 ;
2.86324239584 4.55027864868 3.31852770729 3.38466209492 4.57244721074 2.04833944219 3.48078329578 ;
0.986514062229 4.67171351119 2.92958403789 4.26216047273 2.21895072396 3.55623126737 1.9560741277 ;
1.59815381995 4.77244822478 2.56098605438 2.15876665229 1.05098680042 0.610903061549 2.67373602457 ;
1.73294879655 4.74534004121 2.58699146004 1.65771521621 3.48933351037 0.957690348967 3.14432480441 ;
1.67262113326 4.75034068531 0.0549992172066 1.87893873274 2.25933661732 0.800672084446 2.74016372325 ;
2.46939880279 4.75853574844 3.19163624634 4.42925017989 2.92652122454 3.78922759228 3.16577689685 ;
2.86952283293 4.58171709371 3.2338288157 3.4754168901 4.35294115297 1.78182646962 3.42148409347 ;
1.21987364199 4.76057597988 2.5284548335 1.32152944508 3.03146020169 1.04862802976 2.94612302797 ;
2.1721401364 4.74314254469 3.15660777705 4.43158347074 2.80905711809 3.81954696817 2.95820289933 ;
1.78247787606 4.74658602909 0.0408949318753 1.9449664113 2.42091811854 0.828312656987 2.73900340715 ;
2.82177148085 4.57801529121 3.24770875835 3.31471821545 4.44575222316 2.15559453621 3.45562175708 ;
2.51669508743 4.72061658373 2.75124572968 2.99139920198 3.17895578381 0.355240163127 3.06656818758 ;
1.3597024982 4.76531023411 2.36464438404 1.94528647323 0.240358316863 0.731480759621 2.6430620869 ;
1.81664331306 4.74628289446 2.59051232085 1.7953448467 3.52564112964 0.871573762599 3.21554120209 ;
1.94587615486 4.68010153919 2.71500298245 3.26185376988 2.12566981191 1.99534399183 0.0185356498529 ;
2.86685126107 4.58337335429 3.22729153136 3.48078789679 4.33698733561 1.8123922142 3.42501900495 ;
1.46900228899 4.7767121676 2.56063663509 1.99017875712 0.996787404036 0.681843867624 2.90721864111 ;
1.65432983146 4.74989735699 0.0542446201099 1.8603085657 2.24302553486 0.785686335793 2.7282926493 ;
2.2066224908 4.74844026488 3.1564586453 4.42717957126 2.81665516045 3.79592951825 3.12933375665 ;
1.6380717545 4.70345949194 1.83148284502 2.09813787669 1.68098872828 0.874608347909 0.021992183043 ;
2.88031282655 4.58502883037 3.22631547771 3.47441104133 4.32831646054 1.78874339235 3.4263808995 ;
1.67532023127 4.78792950367 2.58881630833 2.19058023285 1.22781121372 0.701842090929 3.05509708728 ;
1.6919722895 4.7567125472 0.0622426586898 1.93730098761 2.17141765961 0.733467857563 3.00446791784 ;
1.63795545097 4.73002759674 2.49781738003 1.59174447562 3.71285921164 0.990427731091 3.22185083099 ;
2.17974412007 4.74207960508 3.15908741687 4.42614797905 2.8340147303 3.82487439192 2.97901983911 ;
1.80278892449 4.74485092399 0.0796960545646 1.95489974113 2.75716971235 0.836593753721 2.73487606864 ;
1.7957591318 4.7455657504 2.59367602111 1.7356815137 3.3873448874 0.698808371089 3.17539012678 ;
2.80784558315 4.57193060561 3.26569442241 3.37241346664 4.49580468291 1.9539484776 3.44926858581 ;
1.11449668202 4.76319226322 2.02840724227 1.46515826313 0.540693701111 0.678820430871 2.64528935499 ;
2.17316717154 4.74387902549 3.15869953507 4.44345565356 2.82622926485 3.85510428899 2.96627869213 ;
2.38798914159 4.76561374404 2.74308885076 3.40024519819 1.97165773313 1.00546849961 2.69070768927 ;
1.35314227411 4.77064334577 2.33001349595 2.09153891026 0.426209088709 0.75205167327 2.65044784778 ;
1.70761864223 4.74500546715 0.0737835996562 1.80355614033 2.4794250209 0.793680626012 2.724923172 ;
2.1678159804 4.7448829386 3.14302910179 4.4328295296 2.80337696098 3.81036161588 2.9634082059 ;
2.86367350927 4.56054626049 3.30603787819 3.43151896464 4.52354467458 2.20525252763 3.46636966604 ;
2.52952670167 4.72574230902 2.75105642496 2.9353674393 3.16132303174 0.403542094395 3.05625777648 ;
1.36827174723 4.74353571436 2.57475136512 1.31455674537 3.3774337997 1.26594911643 3.06722604152 ;
1.94783249161 4.77491928648 1.63648853374 2.63438156921 0.82372696855 0.780570874626 2.57620762668 ;
2.86477115466 4.54929362946 3.3411159576 3.35391954484 4.58935659562 2.18453227907 3.48871168987 ;
2.6598952812 4.72917491225 2.80179312408 3.41292321972 3.12182990973 0.835957798684 3.07813276641 ;
1.76920668601 4.73459065953 1.86005985329 1.6739824405 3.47958670029 0.889849845335 3.10493956416 ;
0.756248446394 4.76522918763 1.95922182145 1.09663219711 1.14716673251 0.605612558909 2.57536631055 ;
2.15646642935 4.74544147021 3.14854840185 4.44807764314 2.82174010068 3.84547059419 2.96159289703 ;
2.70049300538 4.71200767302 2.83041484727 3.19432794088 3.37413291105 0.49538200798 3.09945040153 ;
1.51125218319 4.77560649282 2.21786808588 1.92086073417 0.835631603198 0.747331809763 2.69581505416 ;
2.16437022012 4.74452608086 3.14731959228 4.43708976187 2.80094440199 3.81775612608 2.96093686767 ;
2.84232190883 4.56183938433 3.29952068512 3.3168475698 4.50967910113 2.2847937526 3.45780934923 ;
1.12366176507 4.73662415527 2.57816301302 1.34829608661 3.63904869734 1.04311127402 3.13266979322 ;
1.78711603835 4.73951254905 0.0682116292237 1.90969666935 2.78466776351 0.832295568221 2.74118491875 ;
1.64390651673 4.77101484816 0.0768593025396 1.87379920819 1.79820173815 0.58119654532 2.60149779155 ;
1.94852708893 4.6876023291 0.20336517758 2.10138844479 3.76105777657 1.51319063814 3.05867885618 ;
2.18725465171 4.7459556984 3.17407529247 4.41939522581 2.79693706111 3.78150054783 2.95239321229 ;
1.87044545004 4.75171901569 2.61364039663 2.01808301918 3.07727319794 0.723625480864 3.04140496885 ;
2.84464289247 4.58231463889 3.24828022518 3.42688127053 4.40100810046 1.88068361604 3.43701715566 ;
1.26859604903 4.76318693729 2.43481939011 1.87434453978 0.425209381324 0.775348005061 2.57051985373 ;
1.58053574964 4.74531631272 2.5798856793 1.58629479358 3.38363066026 0.803129856131 3.11465356918 ;
2.83708517537 4.5650700613 3.28098821548 3.38065113015 4.51824756038 1.95585425473 3.45721824145 ;
2.17018897828 4.7429315922 3.15718256924 4.43955252174 2.82097119111 3.84908472398 2.95570021435 ;
2.50690940487 4.76463240387 2.72137231682 3.30095812406 2.31069490987 0.863707997871 2.87627702685 ;
1.78565221625 4.74385089174 0.0659361590885 1.92365797395 2.80565717936 0.818779612138 2.73957177693 ;
1.25210462237 4.76707850498 2.01639750804 1.67394031319 0.348240005852 0.707469225548 2.61336561317 ;
2.16832486888 4.7440341024 3.14133312937 4.42807077113 2.79386619539 3.80300146794 2.96291111508 ;
2.83013070357 4.5582735564 3.30059826881 3.31644819634 4.52451894636 2.29624243991 3.4692243758 ;
1.6376788712 4.75383579743 2.57148873466 1.69586027313 3.1283491374 0.887206402357 3.04175692503 ;
1.77619340885 4.74321603464 0.0748801476096 1.90938948975 2.79371033573 0.814934302918 2.72322208408 ;
1.35407636354 4.76968548154 2.10469936312 1.9307157234 0.394404498442 0.737420084594 2.62066730302 ;
2.82359381958 4.69435821747 2.93998360566 3.55869726898 3.53635273042 0.445448704076 3.15736116726 ;
2.06370443386 4.70485612168 2.71298575222 2.27337147346 3.80722756371 0.626241966706 3.18545227111 ;
2.17342864337 4.74268987154 3.14115385979 4.42839288511 2.80456183961 3.79762745103 2.94944604764 ;
2.88485250126 4.57776347518 3.28785048264 3.41027899987 4.45594334677 2.14226442107 3.46305944776 ;
1.76132508885 4.74143670097 0.0665050766673 1.8745450616 2.79281919021 0.809092424612 2.73234140167 ;
1.661156855 4.78120785534 2.56301471452 2.15942929156 2.08327589608 0.855615040722 2.79442732972 ;
1.39754433537 4.76240039757 1.9864749904 1.84314369502 0.0625149292197 0.750833416699 2.6391604217 ;
2.86700138133 4.58384807512 3.23157719199 3.41797331406 4.39240481025 1.80118617692 3.43168316338 ;
1.65898546716 4.76077805813 0.036429748016 1.95029582813 1.88550429696 0.690166177914 2.6317306435 ;
2.18282357442 4.74541015018 3.16578060348 4.44122940298 2.87541050221 3.86022008206 2.97956522175 ;
1.29176613252 4.76952372148 2.49920530704 1.29765840074 1.09109569615 0.560125170826 2.64864953244 ;
1.68787781536 4.73085792024 2.22840655723 1.70177272122 3.71295754487 0.969466417121 3.20765743126 ;
2.14930629944 4.7637657565 2.72684354407 3.30874331271 1.58120208558 1.06326470237 2.68810548953 ;
2.92090404916 4.57498283465 3.24860679559 3.53949897668 4.3538183367 1.77919066564 3.42033352039 ;
1.65555409278 4.74955821773 0.0585494732305 1.8741062836 2.23955648198 0.78797060905 2.70860452021 ;
1.56333169742 4.77141856149 2.55537549203 2.01079391834 1.22324887807 0.676584422172 2.69137730426 ;
0.116962304284 4.69987924884 3.00675159268 4.33624595458 2.77862284414 3.49175392483 2.60243317924 ;
2.44258603211 4.74688532713 3.16090732652 4.40752227484 2.83104499492 3.78180413887 3.01084171319 ;
1.87476962956 4.73903788285 2.61204679102 1.81399969557 3.75128961613 1.02777798342 3.2110808185 ;
2.8121928907 4.57256708177 3.25397341464 3.33857532489 4.48681943069 1.90942080489 3.44987358354 ;
2.44289117693 4.73917178771 2.65226183976 3.39576845782 1.75488566074 1.85729380502 2.72095209251 ;
1.16469542379 4.763774435 1.69060074995 1.48733980052 0.497637647806 0.64791710147 2.48345496765 ;
1.51190880223 4.73222969454 1.52389841082 1.55445444859 3.34817900059 0.993136115199 3.06712210457 ;
2.1764915245 4.75081327339 3.18004109842 4.46085561118 2.90369638642 3.87381827702 2.97836826276 ;
2.24049077886 4.7828838055 2.55785626778 2.67896349531 2.54098669063 0.123964211805 2.9493789122 ;
1.09513191863 4.74829582086 1.6711352066 0.820835574116 0.49744824684 0.592607443434 2.59697014103 ;
2.18503991929 4.74668454795 3.15853053187 4.43907501103 2.85815453783 3.8238306595 2.97433931258 ;
1.28033504791 4.75037150004 1.29063743728 1.5948953766 2.98510051493 0.793997468162 2.87070518203 ;
1.69640924367 4.77577079085 2.42520299718 2.87953802771 0.486330908479 0.99366409353 2.51883170606 ;
2.86256848134 4.55778274792 3.31873124802 3.47130002124 4.54223186377 1.96130167269 3.46656424491 ;
2.45690031533 4.74259541741 2.58406294431 2.56167586838 3.1818492953 0.87866592527 3.11638017575 ;
2.17134129109 4.7607620721 2.62468910492 2.67473342446 2.65486156744 0.554019340797 2.87130495504 ;
2.17552075407 4.74498064747 3.16463827099 4.43410529976 2.81953833514 3.82324706776 2.96183014353 ;
2.80241689845 4.58011789465 3.23204632785 3.32157432562 4.42934414856 1.90061070817 3.4431970791 ;
1.80875570989 4.74025845886 0.0569856877161 2.03029793509 2.72046594643 0.807655335256 2.73092986109 ;
1.10673969159 4.75029726331 2.41988723402 0.896765246824 3.43048311244 1.09381385208 3.08162979312 ;
1.38876502501 4.76680565467 2.03989955548 1.86834413359 0.14265610014 0.752976124832 2.68606824768 ;
1.96797480844 4.76296107707 2.6411638144 3.42459639322 1.19084855028 1.19309387471 2.64937716643 ;
1.6838058929 4.75509217896 2.57096310023 1.68869621122 3.14826186921 0.723520355566 3.07303672284 ;
2.1877336068 4.74682612796 3.16623299528 4.43964106697 2.8881855718 3.85072221323 2.97338850825 ;
1.20442788918 4.75707081336 1.85825324044 1.28798696924 0.245954212112 0.636416745477 2.59019730797 ;
2.83370659331 4.58893235427 3.20634473396 3.39354183662 4.35526256055 1.79759138477 3.41119837876 ;
1.78472882853 4.74467962755 0.0526849218773 1.92539485734 2.8027234875 0.822039163793 2.73593665506 ;
1.91929566792 4.70403429577 2.67250222871 2.08357588038 3.8390816239 0.730757744242 3.21339855827 ;
2.17620244328 4.7442396704 3.16245980756 4.44170824752 2.82887953068 3.84738956693 2.95857223211 ;
1.13866142003 4.76038195968 2.2772944397 1.18511360405 0.872644886663 0.648466144317 2.59392132346 ;
1.75403507924 4.74868130082 0.0582205758886 1.9785346215 2.43566434789 0.817118910926 2.74104177382 ;
2.20335975751 4.7807079318 2.69846708608 3.12010206334 1.7879256085 0.915761240273 2.8346909695 ;
2.87988384756 4.57205077013 3.29121457406 3.41001782057 4.49033544612 2.12445950837 3.4647950798 ;
1.67423126054 4.75044519007 0.0313742026608 1.89223010715 2.26267022982 0.773539753691 2.7611570786 ;
2.91795291652 4.58964018155 3.22029065042 3.44782453518 4.29338580084 1.77489200394 3.41991082004 ;
1.47229817339 4.76045338166 2.53449291616 2.02535701582 0.173409408956 0.823088438679 2.58004352186 ;
2.17073483895 4.74404212697 3.15054035415 4.43538094765 2.83111497873 3.82017234448 2.95968920023 ;
1.34168395686 4.71216232828 2.6288292972 1.68315896132 4.05392363506 1.1569793823 3.30035886713 ;
1.90362034472 4.77744004587 2.53011059258 2.06315467363 2.35953518037 0.607809408788 2.7702653757 ;
2.93712293661 4.56828835385 3.32872057038 3.58111220408 4.4633844066 1.99489435055 3.45185026376 ;
1.8371603004 4.73611754634 0.0753141738567 2.00990747027 2.86201692584 0.864976597847 2.78821588105 ;
1.98466046682 4.70449314879 2.69598855394 2.06341636709 3.87762166057 0.979490452179 3.24042859385 ;
2.16821335849 4.74477472506 3.14825786434 4.42421125941 2.80110786606 3.7883222641 2.96371940107 ;
0.927389353479 4.74776068517 1.42643359169 1.13359913719 0.357699771532 0.667096993486 2.39289761325 ;
1.83834750042 4.7863690547 2.61409664599 2.37550556808 1.57602323329 0.723941874933 2.79841677115 ;
1.33471790138 4.76306604156 2.05132333536 1.84535144395 0.146378400395 0.772080080255 2.59892259077 ;
2.91716270745 4.57924038351 3.2532838981 3.49524039534 4.36104471276 1.80208518997 3.43090675737 ;
1.95068156198 4.78558715535 2.58810259895 2.17857155552 2.25439830594 0.64511916638 2.81285839031 ;
2.17246010748 4.74280052948 3.1487875105 4.42546316846 2.81589811162 3.8039581494 2.96040523053 ;
1.76604266134 4.74526588531 0.0509223797229 1.9285751831 2.7388265442 0.797676789855 2.7431786785 ;
1.5728739197 4.71032705265 2.61748964174 1.76825482364 4.00479329134 1.1163544398 3.25214578126 ;
2.78395038687 4.59947793189 3.15335998235 3.2716458913 4.3025194277 1.68544437348 3.41010323055 ;
2.17795108135 4.74445213123 3.1493556262 4.42587663091 2.82429839098 3.79884191562 2.96861423503 ;
1.63281474758 4.7042818151 1.82682102014 2.04456550974 1.67915632379 0.808621719385 0.0339327002273 ;
1.06486146058 4.74714067501 2.52466006994 1.07035773459 3.25121961145 0.857273713023 3.13936999932 ;
1.72464918401 4.75210712034 0.06006988771 1.92939139022 2.28946010341 0.808216645322 3.01762792668 ;
1.84956596625 4.7880622789 2.59218348354 2.35275620921 1.35027864404 0.709532040256 3.07946412871 ;
1.33023691103 4.76621929112 1.98157425066 1.90611567947 0.182336524185 0.755803644088 2.62192620874 ;
2.85352906403 4.55911221852 3.31593435121 3.42140401979 4.54586952091 2.02018720022 3.47048775974 ;
1.31884725116 4.77192897582 1.33451312585 1.38785725311 2.43023479625 0.655709033828 2.73548430848 ;
1.97756310406 4.71039017572 2.22188992744 1.97540877682 3.87383729135 0.931524120437 3.2102451643 ;
2.54764815212 4.76462117225 2.6375149638 3.30112977939 2.4382637498 0.87925372057 2.88404924433 ;
2.17018897828 4.7429315922 3.15718256924 4.43955252174 2.82097119111 3.84908472398 2.95570021435 ;
1.78586097623 4.74615644701 0.0719979347136 1.92773429513 2.72106829987 0.813505626844 2.75492576457 ;
2.87554109528 4.56927013313 3.26878117963 3.45692476586 4.45164455307 1.8797861324 3.44424504176 ;
2.26944165026 4.77304920847 2.66411282474 2.9582915043 2.03486159024 0.778400580474 2.72864777245 ;
1.631552673 4.73936703807 2.61023539246 1.62838584167 3.70624308005 0.937613677728 3.21869828913 ;
2.17110283203 4.74265448108 3.15507624728 4.43636085533 2.82819432169 3.84078946878 2.9557898923 ;
1.14154580306 4.76332011224 2.0465487406 1.45478110554 0.464327930514 0.695663016686 2.67587692247 ;
1.40579258898 4.78179392569 2.06263262246 1.96054574333 0.468276660614 0.710067359016 3.04379620281 ;
2.6074749654 4.71777469577 2.79825635708 2.97361579212 3.32558187798 0.625326354248 3.2188454955 ;
1.41947839728 4.75227493059 1.41829277582 1.51681967841 3.1063216414 0.928057778949 3.09370045088 ;
2.17033396063 4.74616177045 3.15170226667 4.43933062673 2.81357874706 3.81867442176 2.99149670219 ;
1.64613187342 4.7044862121 1.81840486753 2.12733323889 1.68354220946 0.88711551454 0.0588053183391 ;
2.80726251686 4.55481414316 3.30739754836 3.35240812569 4.55988030459 2.29056658779 3.47043645841 ;
2.83873070542 4.57957358646 3.22948833758 3.34939630559 4.41710082454 1.86922588259 3.42330572145 ;
1.14180156116 4.73669127207 2.58752147874 1.37731061176 3.59382738869 0.908426079291 3.15694220366 ;
2.17139031729 4.74303818056 3.15476680302 4.43522441291 2.82160866091 3.83433754349 2.95706559079 ;
1.28041656141 4.76490515931 1.9211523451 1.54086812726 0.195679060399 0.718809202752 2.62443574189 ;
1.77368315554 4.74218873141 0.114867751272 1.909402554 2.80034282186 0.817364693133 2.69664634349 ;
2.2939235415 4.77745542226 2.64976686402 2.79979865486 2.20323461577 0.678759487868 2.87872987049 ;
1.50642193128 4.76918757665 1.72138957262 2.11526962251 0.829007456579 0.763232786155 2.52082182463 ;
2.80870899933 4.57162239051 3.25453781306 3.28300213975 4.44100484746 2.26174830703 3.4409399463 ;
2.17364307358 4.74460536425 3.13677897012 4.41981671402 2.7867872905 3.77920129071 2.9642310547 ;
2.75290150982 4.67480012021 2.93447995092 3.62845385542 3.69940578751 0.339422634839 3.21762832741 ;
0.725909527303 4.72798330252 1.84306381317 1.32365901654 3.45068298806 1.28937060263 3.06844677824 ;
2.30530214929 4.76761060635 2.03313115571 1.76387046023 2.95238169716 0.484213314154 3.03779233133 ;
0.995778032576 4.75830456473 2.15882699218 1.14725517569 0.56894969751 0.678304481651 2.58711509898 ;
2.89155568342 4.56918659986 3.26538129801 3.49866522577 4.43282798057 1.81808005984 3.43589734775 ;
1.6250462761 4.72230730196 2.61862405366 1.65333600023 3.90790912566 1.17548524767 3.24188205956 ;
2.16442465673 4.78322528126 2.62826204359 2.73954457814 1.95100397578 0.70114663588 2.82421573008 ;
1.7754595668 4.74846554743 0.0474800129613 1.96548140071 2.50583980786 0.795850744589 2.74545695068 ;
2.16831745167 4.74266023884 3.15410984003 4.43452748084 2.82803623204 3.8314310009 2.95686095018 ;
