32.8306191688 3.37544529262 1.09673452078 0.0 0.0 3.97917726887 0.0 ;
34.5828125 25.6296875 4.321875 0.1359375 1.0 1.546875 0.0 ;
35.8659359191 3.14755480607 4.57875210793 0.0 0.0 2.786846543 0.0 ;
40.4278754501 29.7786485914 0.970980724423 0.0 0.0 2.76466850244 0.0 ;
36.6774916013 8.03247480403 9.82250839866 1.33650615901 0.0 12.6970884658 1.0156774916 ;
35.769355822 8.28225970331 2.14143466775 0.0 0.0 13.7136760821 1.09550904288 ;
40.1006444139 7.92426326841 1.82644269061 0.0 0.0 4.65216132069 0.0 ;
40.1101356744 7.94667343829 1.83900457085 0.0 0.0 4.65094681854 0.0 ;
32.8437315073 3.38397159523 1.0981063488 0.0 0.0 3.97987995604 0.0 ;
34.5828125 25.6296875 4.321875 0.1359375 1.0 1.546875 0.0 ;
40.445083014 29.8386547467 0.948914431673 0.0 0.0 2.75968497233 0.0 ;
35.769355822 8.28225970331 2.14143466775 0.0 0.0 13.7136760821 1.09550904288 ;
35.8544561166 3.1270755676 4.57946458828 0.0 0.0 2.78363266689 0.0 ;
36.6804700616 8.06155567991 9.82260772244 1.33575825406 0.0 12.6922216004 1.01510912143 ;
32.8463810931 3.38957585989 1.09905043258 0.0 0.0 3.97965815573 0.0 ;
40.441464453 29.8486590038 0.952107279693 0.0 0.0 2.75968497233 0.0 ;
35.769355822 8.28225970331 2.14143466775 0.0 0.0 13.7136760821 1.09550904288 ;
35.862278481 3.13164556962 4.57232067511 0.0 0.0 2.78379746835 0.0 ;
36.6774916013 8.03247480403 9.82250839866 1.33650615901 0.0 12.6970884658 1.0156774916 ;
34.5828125 25.6296875 4.321875 0.1359375 1.0 1.546875 0.0 ;
40.1302827164 7.95577091227 1.83736519965 0.0 0.0 4.65614981055 0.0 ;
36.6748878924 8.0033632287 9.82343049327 1.3380044843 0.0 12.7051569507 1.0168161435 ;
40.0966666667 7.92666666667 1.82144927536 0.0 0.0 4.65028985507 0.0 ;
34.5828125 25.6296875 4.321875 0.1359375 1.0 1.546875 0.0 ;
32.8307959798 3.37538696408 1.09668801153 0.0 0.0 3.97909333786 0.0 ;
35.8761359812 3.15163244699 4.5782564793 0.0 0.0 2.79081117469 0.0 ;
35.769355822 8.28225970331 2.14143466775 0.0 0.0 13.7136760821 1.09550904288 ;
40.4376191485 29.7909341241 0.98263079856 0.0 0.0 2.7708112688 0.0 ;
35.8535344974 3.12002034243 4.57602983557 0.0 0.0 2.77996270554 0.0 ;
40.4324957411 29.8300681431 0.939310051107 0.0 0.0 2.75298126065 0.0 ;
35.769355822 8.28225970331 2.14143466775 0.0 0.0 13.7136760821 1.09550904288 ;
36.6884787472 8.08333333333 9.82214765101 1.33501118568 0.0 12.6868008949 1.01454138702 ;
34.5828125 25.6296875 4.321875 0.1359375 1.0 1.546875 0.0 ;
40.1240552326 7.95174418605 1.84469476744 0.0 0.0 4.65719476744 0.0 ;
32.8456829217 3.38927591303 1.09837449863 0.0 0.0 3.97893181338 0.0 ;
32.4316926771 2.99769507803 1.10208883553 0.0 0.0 3.78895558223 0.0 ;
34.8617021277 26.2036474164 4.59422492401 0.174772036474 0.9726443769 1.63069908815 0.0 ;
38.8912302071 3.75310596833 3.96735688185 0.0 0.0 2.98976857491 0.0 ;
36.1738712776 4.33909702209 12.386167147 1.43419788665 0.0 4.31604226705 0.0 ;
40.9914373089 29.1598369011 1.22385321101 0.0 0.0 2.99490316004 0.0 ;
35.9413854352 8.74547069272 2.62113676732 0.153818827709 0.0 15.1879218472 1.27975133215 ;
37.9946883853 7.96926345609 1.5204674221 0.0 0.0 4.92882436261 0.0 ;
35.3192981343 4.91144180734 1.26818124127 0.0 0.0 4.40239878157 0.0 ;
41.57864269 21.2196083261 1.74208646385 0.0 0.0 3.61374553516 0.0 ;
35.7480698903 8.25944737911 2.14851686306 0.0 0.0 13.7086550183 1.0956928078 ;
36.1229105211 4.19370698132 12.1465093412 1.32841691249 0.0 4.2802359882 0.0 ;
34.5828125 25.6296875 4.321875 0.1359375 1.0 1.546875 0.0 ;
33.4145674905 2.56440114068 3.42003326996 0.0 0.0 2.32972908745 0.0 ;
37.4729907773 12.9341238472 6.6930171278 1.36495388669 0.0 24.1106719368 2.38735177866 ;
40.1249544892 7.95143085997 1.8376174179 0.0 0.0 4.65593825093 0.0 ;
32.8463843978 3.38929460931 1.09869559711 0.0 0.0 3.97952636245 0.0 ;
34.5828125 25.6296875 4.321875 0.1359375 1.0 1.546875 0.0 ;
36.6774916013 8.03247480403 9.82250839866 1.33650615901 0.0 12.6970884658 1.0156774916 ;
40.4444680851 29.8417021277 0.953404255319 0.0 0.0 2.76 0.0 ;
35.769355822 8.28225970331 2.14143466775 0.0 0.0 13.7136760821 1.09550904288 ;
35.8611486486 3.13226351351 4.57398648649 0.0 0.0 2.78293918919 0.0 ;
35.3325273607 4.92046322219 1.27064774752 0.0 0.0 4.41145965895 0.0 ;
35.7480698903 8.25944737911 2.14851686306 0.0 0.0 13.7086550183 1.0956928078 ;
36.1229105211 4.19370698132 12.1465093412 1.32841691249 0.0 4.2802359882 0.0 ;
34.5828125 25.6296875 4.321875 0.1359375 1.0 1.546875 0.0 ;
37.4729907773 12.9341238472 6.6930171278 1.36495388669 0.0 24.1106719368 2.38735177866 ;
33.389614977 2.54762745791 3.38808430472 0.0 0.0 2.31119745673 0.0 ;
41.566207236 21.2104356387 1.74513905981 0.0 0.0 3.61838542949 0.0 ;
35.9376340791 7.96276432731 3.82485442844 0.280570027582 0.0 13.6228930432 1.09699662887 ;
34.6666666667 28.0610820244 3.69808027923 0.0 1.0 1.42233856894 0.0 ;
31.8884508349 2.39904143476 1.15213358071 0.0 0.0 2.38790970934 0.0 ;
38.2172390572 6.62505050505 4.43622895623 0.0 0.0 4.51555555556 0.0 ;
36.1731099457 5.40000928203 1.34677681348 0.0 0.0 4.95642084745 0.0 ;
37.7213114754 14.7786885246 15.2418032787 2.63524590164 0.274590163934 5.80737704918 0.188524590164 ;
41.6894753992 24.6924079505 0.978820462691 0.0 0.0 2.68181818182 0.0 ;
35.7480698903 8.25944737911 2.14851686306 0.0 0.0 13.7086550183 1.0956928078 ;
41.5710406123 21.2523145291 1.74089618566 0.0 0.0 3.61325762252 0.0 ;
35.3376487054 4.9244226732 1.27129588396 0.0 0.0 4.41309879763 0.0 ;
36.1229105211 4.19370698132 12.1465093412 1.32841691249 0.0 4.2802359882 0.0 ;
34.5828125 25.6296875 4.321875 0.1359375 1.0 1.546875 0.0 ;
33.3887453008 2.54628759398 3.38639567669 0.0 0.0 2.3123825188 0.0 ;
37.4729907773 12.9341238472 6.6930171278 1.36495388669 0.0 24.1106719368 2.38735177866 ;
35.769355822 8.28225970331 2.14143466775 0.0 0.0 13.7136760821 1.09550904288 ;
34.5828125 25.6296875 4.321875 0.1359375 1.0 1.546875 0.0 ;
35.6452648475 3.18637417514 4.77563759586 0.0 0.0 2.85803459961 0.0 ;
40.4470464135 29.7360759494 0.993459915612 0.0 0.0 2.77784810127 0.0 ;
36.666292765 7.99607403253 9.82389231632 1.33875490746 0.0 12.7094784072 1.01738642737 ;
32.829617361 3.3513823417 1.09674268484 0.0 0.0 3.97035715802 0.0 ;
40.0699597202 7.81881139142 1.80467811462 0.0 0.0 4.592749629 0.0 ;
36.1328806984 4.17749757517 12.3831231814 1.43452958293 0.0 4.30940834142 0.0 ;
38.6946564885 21.3358778626 10.3893129771 1.03053435115 0.511450381679 3.42748091603 0.0 ;
39.6378106674 4.52396909616 3.45201526575 0.0 0.0 3.04123615377 0.0 ;
40.0704620261 21.735340729 1.40582713641 0.0 0.0 4.13019626966 0.0 ;
33.5709324715 4.15059826709 1.17274102599 0.0 0.0 4.16225416036 0.0 ;
34.6666666667 28.0610820244 3.69808027923 0.0 1.0 1.42233856894 0.0 ;
35.9336770982 8.71230440967 2.61326458037 0.152916073969 0.0 15.2019914651 1.28111664296 ;
38.9323308271 21.6466165414 10.3458646617 1.01503759398 0.503759398496 3.45112781955 0.0 ;
36.1328806984 4.17749757517 12.3831231814 1.43452958293 0.0 4.30940834142 0.0 ;
39.6562616474 4.55367126351 3.46077152441 0.0 0.0 3.05460305628 0.0 ;
40.0369290573 21.7004373178 1.39249271137 0.0 0.0 4.13131681244 0.0 ;
35.9336770982 8.71230440967 2.61326458037 0.152916073969 0.0 15.2019914651 1.28111664296 ;
33.5679878888 4.12950729425 1.17347921828 0.0 0.0 4.15655105973 0.0 ;
34.6666666667 28.0610820244 3.69808027923 0.0 1.0 1.42233856894 0.0 ;
32.1070394297 2.73262419247 1.12703274671 0.0 0.0 3.2839162397 0.0 ;
34.5828125 25.6296875 4.321875 0.1359375 1.0 1.546875 0.0 ;
39.6730546624 4.54237942122 4.22713826367 0.0 0.0 3.47279742765 0.0 ;
36.666292765 7.99607403253 9.82389231632 1.33875490746 0.0 12.7094784072 1.01738642737 ;
37.1693826295 6.79236025933 1.4003270837 0.0 0.0 5.03446060394 0.0 ;
35.769355822 8.28225970331 2.14143466775 0.0 0.0 13.7136760821 1.09550904288 ;
40.4972077797 28.4417485076 1.11130367803 0.0 0.0 2.98709801656 0.0 ;
33.568233432 4.12917211479 1.17355997523 0.0 0.0 4.15683710687 0.0 ;
38.9323308271 21.6466165414 10.3458646617 1.01503759398 0.503759398496 3.45112781955 0.0 ;
40.0344911343 21.6973524411 1.39215448142 0.0 0.0 4.13031333495 0.0 ;
34.6666666667 28.0610820244 3.69808027923 0.0 1.0 1.42233856894 0.0 ;
36.1328806984 4.17749757517 12.3831231814 1.43452958293 0.0 4.30940834142 0.0 ;
35.9336770982 8.71230440967 2.61326458037 0.152916073969 0.0 15.2019914651 1.28111664296 ;
39.6562616474 4.55367126351 3.46077152441 0.0 0.0 3.05460305628 0.0 ;
39.6254562471 4.48806738418 3.45559195133 0.0 0.0 3.03369209172 0.0 ;
33.5826563839 4.17381319623 1.17340188518 0.0 0.0 4.16637532134 0.0 ;
38.5496183206 21.0152671756 10.4045801527 1.03053435115 0.511450381679 3.40458015267 0.0 ;
35.9336770982 8.71230440967 2.61326458037 0.152916073969 0.0 15.2019914651 1.28111664296 ;
40.1164014688 21.7782129743 1.41566707466 0.0 0.0 4.117625459 0.0 ;
34.6666666667 28.0610820244 3.69808027923 0.0 1.0 1.42233856894 0.0 ;
36.1328806984 4.17749757517 12.3831231814 1.43452958293 0.0 4.30940834142 0.0 ;
37.6610778443 12.3101796407 7.64790419162 1.51377245509 0.0 22.4838323353 2.16646706587 ;
33.7943482468 3.93374036633 1.2018149668 0.0 0.0 4.06359056484 0.0 ;
35.734375 29.390625 4.1078125 0.0 0.8953125 1.73125 0.0 ;
35.7191574724 3.99498495486 11.6198595787 1.21364092277 0.0672016048144 4.02407221665 0.0 ;
35.7471567831 8.26279447604 2.1484565394 0.0 0.0 13.7053208773 1.09585702681 ;
39.9837784696 25.1225626741 0.886776994921 0.0 0.0 2.58610519417 0.0 ;
39.6319543509 6.27708315851 3.44516237308 0.0 0.0 4.18309977343 0.0 ;
38.4538461538 20.6769230769 10.4307692308 1.03846153846 0.515384615385 3.38461538462 0.0 ;
33.5857167323 4.17828395273 1.17328309642 0.0 0.0 4.16656961809 0.0 ;
36.1328806984 4.17749757517 12.3831231814 1.43452958293 0.0 4.30940834142 0.0 ;
34.6666666667 28.0610820244 3.69808027923 0.0 1.0 1.42233856894 0.0 ;
40.1272149578 21.7626787242 1.42429426861 0.0 0.0 4.11939386533 0.0 ;
35.9336770982 8.71230440967 2.61326458037 0.152916073969 0.0 15.2019914651 1.28111664296 ;
39.6205763635 4.47291842673 3.45639725899 0.0 0.0 3.02863043274 0.0 ;
38.9321844781 3.81601785272 4.03533349864 0.0 0.0 3.03582940739 0.0 ;
37.9741373301 7.85479261067 1.49640989892 0.0 0.0 4.88058556988 0.0 ;
34.8617021277 26.2036474164 4.59422492401 0.174772036474 0.9726443769 1.63069908815 0.0 ;
35.9412182561 8.74675901261 2.62155922571 0.153969099627 0.0 15.1868229444 1.27952406322 ;
40.9467719085 29.0629427241 1.22222222222 0.0 0.0 3.00020238818 0.0 ;
32.4102279312 2.98135986092 1.10783272165 0.0 0.0 3.78660421093 0.0 ;
36.175 4.32788461538 12.3932692308 1.43461538462 0.0 4.31153846154 0.0 ;
32.8373256455 3.35566201721 1.09683300123 0.0 0.0 3.97040742782 0.0 ;
40.4406170752 29.7423922232 0.975697379544 0.0 0.0 2.76711749789 0.0 ;
36.6774916013 8.03247480403 9.82250839866 1.33650615901 0.0 12.6970884658 1.0156774916 ;
34.5828125 25.6296875 4.321875 0.1359375 1.0 1.546875 0.0 ;
40.0798430253 7.86864074206 1.8134855512 0.0 0.0 4.61398501605 0.0 ;
35.769355822 8.28225970331 2.14143466775 0.0 0.0 13.7136760821 1.09550904288 ;
35.7223195515 3.17361597758 4.71583742116 0.0 0.0 2.84670637701 0.0 ;
32.8366628494 3.35394664291 1.09691648641 0.0 0.0 3.97077660432 0.0 ;
40.447707585 29.7540671878 0.98647792098 0.0 0.0 2.77435030636 0.0 ;
36.6748878924 8.0033632287 9.82343049327 1.3380044843 0.0 12.7051569507 1.0168161435 ;
40.0727078891 7.84989339019 1.8092395167 0.0 0.0 4.60348258706 0.0 ;
34.5828125 25.6296875 4.321875 0.1359375 1.0 1.546875 0.0 ;
35.6897951977 3.17849576271 4.74099576271 0.0 0.0 2.85098870056 0.0 ;
35.769355822 8.28225970331 2.14143466775 0.0 0.0 13.7136760821 1.09550904288 ;
40.6458050765 28.5107537299 1.16857198217 0.0 0.0 3.03410191823 0.0 ;
39.4119354025 4.17713853142 4.14408276558 0.0 0.0 3.27479182438 0.0 ;
35.769355822 8.28225970331 2.14143466775 0.0 0.0 13.7136760821 1.09550904288 ;
32.1827430294 2.78630638389 1.10932285499 0.0 0.0 3.39417590699 0.0 ;
37.3387657938 7.10840505402 1.42776048343 0.0 0.0 5.06714276994 0.0 ;
34.5828125 25.6296875 4.321875 0.1359375 1.0 1.546875 0.0 ;
36.6646067416 7.95393258427 9.82471910112 1.34101123596 0.0 12.7235955056 1.0191011236 ;
34.5828125 25.6296875 4.321875 0.1359375 1.0 1.546875 0.0 ;
40.2119467703 8.03207236842 1.86460825359 0.0 0.0 4.71052631579 0.0 ;
35.769355822 8.28225970331 2.14143466775 0.0 0.0 13.7136760821 1.09550904288 ;
32.8823529412 3.42199306976 1.09944474596 0.0 0.0 3.97115183902 0.0 ;
40.3946695096 29.8347547974 0.927078891258 0.0 0.0 2.74562899787 0.0 ;
35.9521594684 3.12408637874 4.51328903654 0.0 0.0 2.76411960133 0.0 ;
36.6897708217 8.10229178312 9.82168809391 1.33426495249 0.0 12.6825041923 1.01397428731 ;
37.6654676259 12.3237410072 7.64148681055 1.51318944844 0.0 22.4976019185 2.1690647482 ;
35.7174348697 3.99198396794 11.621242485 1.21442885772 0.0671342685371 4.03106212425 0.0 ;
35.734375 29.390625 4.1078125 0.0 0.8953125 1.73125 0.0 ;
33.7945639486 3.93370018343 1.20296815074 0.0 0.0 4.06329831582 0.0 ;
35.7471567831 8.26279447604 2.1484565394 0.0 0.0 13.7053208773 1.09585702681 ;
39.6314637022 6.27278086576 3.45073269328 0.0 0.0 4.18974229409 0.0 ;
39.9933159439 25.040430388 0.88767525269 0.0 0.0 2.58298011086 0.0 ;
35.769355822 8.28225970331 2.14143466775 0.0 0.0 13.7136760821 1.09550904288 ;
32.1827430294 2.78630638389 1.10932285499 0.0 0.0 3.39417590699 0.0 ;
40.6458050765 28.5107537299 1.16857198217 0.0 0.0 3.03410191823 0.0 ;
36.6646067416 7.95393258427 9.82471910112 1.34101123596 0.0 12.7235955056 1.0191011236 ;
39.4119354025 4.17713853142 4.14408276558 0.0 0.0 3.27479182438 0.0 ;
34.5828125 25.6296875 4.321875 0.1359375 1.0 1.546875 0.0 ;
37.3387657938 7.10840505402 1.42776048343 0.0 0.0 5.06714276994 0.0 ;
39.3386913049 4.10910011391 4.14137450956 0.0 0.0 3.23883052778 0.0 ;
34.5828125 25.6296875 4.321875 0.1359375 1.0 1.546875 0.0 ;
36.6619797525 7.94094488189 9.82564679415 1.34251968504 0.0 12.7345331834 1.02024746907 ;
35.769355822 8.28225970331 2.14143466775 0.0 0.0 13.7136760821 1.09550904288 ;
40.6824101069 28.5401360544 1.18211856171 0.0 0.0 3.03245869776 0.0 ;
32.2357514314 2.82854441351 1.11199243578 0.0 0.0 3.45474602091 0.0 ;
37.4550009394 7.22490135905 1.43564852508 0.0 0.0 5.05624099706 0.0 ;
32.8470856371 3.39007301735 1.09867893471 0.0 0.0 3.98020512388 0.0 ;
40.4324957411 29.8300681431 0.939310051107 0.0 0.0 2.75298126065 0.0 ;
35.8599729089 3.12258719946 4.57534710464 0.0 0.0 2.78123941754 0.0 ;
35.769355822 8.28225970331 2.14143466775 0.0 0.0 13.7136760821 1.09550904288 ;
40.1252819207 7.95438341215 1.84350672972 0.0 0.0 4.65580210986 0.0 ;
34.5828125 25.6296875 4.321875 0.1359375 1.0 1.546875 0.0 ;
36.6884787472 8.08333333333 9.82214765101 1.33501118568 0.0 12.6868008949 1.01454138702 ;
40.0743595233 7.85078141726 1.79825875972 0.0 0.0 4.6037964747 0.0 ;
32.8373749364 3.35217059522 1.09725284043 0.0 0.0 3.97151093776 0.0 ;
34.5828125 25.6296875 4.321875 0.1359375 1.0 1.546875 0.0 ;
35.7153643547 3.19683933275 4.73889376646 0.0 0.0 2.85671641791 0.0 ;
35.769355822 8.28225970331 2.14143466775 0.0 0.0 13.7136760821 1.09550904288 ;
40.4552537376 29.708149084 1.00652769004 0.0 0.0 2.78205938092 0.0 ;
36.666292765 7.99607403253 9.82389231632 1.33875490746 0.0 12.7094784072 1.01738642737 ;
35.9376340791 7.96276432731 3.82485442844 0.280570027582 0.0 13.6228930432 1.09699662887 ;
34.6666666667 28.0610820244 3.69808027923 0.0 1.0 1.42233856894 0.0 ;
37.7213114754 14.7786885246 15.2418032787 2.63524590164 0.274590163934 5.80737704918 0.188524590164 ;
31.8864777203 2.39856359564 1.15275310835 0.0 0.0 2.3931577728 0.0 ;
41.6856443719 24.715497553 0.97748776509 0.0 0.0 2.68140293638 0.0 ;
36.1800074287 5.40370507939 1.34627170582 0.0 0.0 4.95463831368 0.0 ;
38.2161798358 6.62148337596 4.43599407726 0.0 0.0 4.51420110378 0.0 ;
35.694655142 3.17816193332 4.73946022226 0.0 0.0 2.85023813724 0.0 ;
34.5828125 25.6296875 4.321875 0.1359375 1.0 1.546875 0.0 ;
35.769355822 8.28225970331 2.14143466775 0.0 0.0 13.7136760821 1.09550904288 ;
40.0707788516 7.85126492325 1.80891131325 0.0 0.0 4.60460488914 0.0 ;
32.8354263895 3.35286380993 1.09664828171 0.0 0.0 3.97047093763 0.0 ;
40.447707585 29.7540671878 0.98647792098 0.0 0.0 2.77435030636 0.0 ;
36.6748878924 8.0033632287 9.82343049327 1.3380044843 0.0 12.7051569507 1.0168161435 ;
32.8453059673 3.388445458 1.09801934203 0.0 0.0 3.97829300224 0.0 ;
34.5828125 25.6296875 4.321875 0.1359375 1.0 1.546875 0.0 ;
35.8535344974 3.12002034243 4.57602983557 0.0 0.0 2.77996270554 0.0 ;
36.6884787472 8.08333333333 9.82214765101 1.33501118568 0.0 12.6868008949 1.01454138702 ;
35.769355822 8.28225970331 2.14143466775 0.0 0.0 13.7136760821 1.09550904288 ;
40.4309133489 29.8275494997 0.939535873962 0.0 0.0 2.7534596551 0.0 ;
40.1220486742 7.95045405013 1.84496912459 0.0 0.0 4.65797312023 0.0 ;
32.8463810931 3.38957585989 1.09905043258 0.0 0.0 3.97965815573 0.0 ;
40.1308213687 7.95546971795 1.8368194738 0.0 0.0 4.65643903506 0.0 ;
34.5828125 25.6296875 4.321875 0.1359375 1.0 1.546875 0.0 ;
35.8633372701 3.13261346381 4.57179011304 0.0 0.0 2.78387042349 0.0 ;
35.769355822 8.28225970331 2.14143466775 0.0 0.0 13.7136760821 1.09550904288 ;
36.6774916013 8.03247480403 9.82250839866 1.33650615901 0.0 12.6970884658 1.0156774916 ;
40.4403064482 29.8457118536 0.953394339221 0.0 0.0 2.7599489253 0.0 ;
35.769355822 8.28225970331 2.14143466775 0.0 0.0 13.7136760821 1.09550904288 ;
40.4335887612 29.8307790549 0.942103022563 0.0 0.0 2.75308641975 0.0 ;
35.862605753 3.12216582064 4.57343485618 0.0 0.0 2.78054145516 0.0 ;
34.5828125 25.6296875 4.321875 0.1359375 1.0 1.546875 0.0 ;
36.6804700616 8.06155567991 9.82260772244 1.33575825406 0.0 12.6922216004 1.01510912143 ;
40.124854482 7.95539871944 1.84298603027 0.0 0.0 4.65774155995 0.0 ;
32.8463843978 3.38929460931 1.09869559711 0.0 0.0 3.97952636245 0.0 ;
40.0604321644 7.82678002125 1.80127523911 0.0 0.0 4.5991498406 0.0 ;
32.8295304865 3.34998937752 1.09619715318 0.0 0.0 3.96940726577 0.0 ;
34.5828125 25.6296875 4.321875 0.1359375 1.0 1.546875 0.0 ;
40.4590094837 29.7224446786 1.00063224447 0.0 0.0 2.78292939937 0.0 ;
36.666292765 7.99607403253 9.82389231632 1.33875490746 0.0 12.7094784072 1.01738642737 ;
35.769355822 8.28225970331 2.14143466775 0.0 0.0 13.7136760821 1.09550904288 ;
35.6773451327 3.19008849558 4.75699115044 0.0 0.0 2.85522123894 0.0 ;
36.1328806984 4.17749757517 12.3831231814 1.43452958293 0.0 4.30940834142 0.0 ;
34.6666666667 28.0610820244 3.69808027923 0.0 1.0 1.42233856894 0.0 ;
39.6254562471 4.48806738418 3.45559195133 0.0 0.0 3.03369209172 0.0 ;
33.5826563839 4.17381319623 1.17340188518 0.0 0.0 4.16637532134 0.0 ;
40.1164014688 21.7782129743 1.41566707466 0.0 0.0 4.117625459 0.0 ;
35.9336770982 8.71230440967 2.61326458037 0.152916073969 0.0 15.2019914651 1.28111664296 ;
38.5496183206 21.0152671756 10.4045801527 1.03053435115 0.511450381679 3.40458015267 0.0 ;
35.7480698903 8.25944737911 2.14851686306 0.0 0.0 13.7086550183 1.0956928078 ;
41.57864269 21.2196083261 1.74208646385 0.0 0.0 3.61374553516 0.0 ;
35.3192981343 4.91144180734 1.26818124127 0.0 0.0 4.40239878157 0.0 ;
36.1229105211 4.19370698132 12.1465093412 1.32841691249 0.0 4.2802359882 0.0 ;
33.4145674905 2.56440114068 3.42003326996 0.0 0.0 2.32972908745 0.0 ;
37.4729907773 12.9341238472 6.6930171278 1.36495388669 0.0 24.1106719368 2.38735177866 ;
34.5828125 25.6296875 4.321875 0.1359375 1.0 1.546875 0.0 ;
32.8293542906 3.35033984707 1.09660152931 0.0 0.0 3.96962616822 0.0 ;
34.5828125 25.6296875 4.321875 0.1359375 1.0 1.546875 0.0 ;
40.064737999 7.8314543005 1.80167340282 0.0 0.0 4.60136141247 0.0 ;
35.769355822 8.28225970331 2.14143466775 0.0 0.0 13.7136760821 1.09550904288 ;
40.4546795953 29.7266020236 1.0 0.0 0.0 2.78267284992 0.0 ;
36.666292765 7.99607403253 9.82389231632 1.33875490746 0.0 12.7094784072 1.01738642737 ;
35.6836337929 3.18787557441 4.75114881584 0.0 0.0 2.85171438671 0.0 ;
36.1328806984 4.17749757517 12.3831231814 1.43452958293 0.0 4.30940834142 0.0 ;
34.6666666667 28.0610820244 3.69808027923 0.0 1.0 1.42233856894 0.0 ;
39.6402723373 4.51333706398 3.45224771498 0.0 0.0 3.03861219922 0.0 ;
35.9336770982 8.71230440967 2.61326458037 0.152916073969 0.0 15.2019914651 1.28111664296 ;
33.5714433061 4.15086295812 1.17272914804 0.0 0.0 4.16224300351 0.0 ;
38.5496183206 21.0152671756 10.4045801527 1.03053435115 0.511450381679 3.40458015267 0.0 ;
40.0682315738 21.7136949647 1.41060569205 0.0 0.0 4.13123327658 0.0 ;
35.8822737975 3.13252606794 4.5595358224 0.0 0.0 2.78035654221 0.0 ;
40.4293617021 29.8263829787 0.946808510638 0.0 0.0 2.75468085106 0.0 ;
35.769355822 8.28225970331 2.14143466775 0.0 0.0 13.7136760821 1.09550904288 ;
36.6804700616 8.06155567991 9.82260772244 1.33575825406 0.0 12.6922216004 1.01510912143 ;
32.8469133719 3.39060719862 1.0990337145 0.0 0.0 3.98042111481 0.0 ;
34.5828125 25.6296875 4.321875 0.1359375 1.0 1.546875 0.0 ;
40.1333235981 7.96298189252 1.84031834112 0.0 0.0 4.66143399533 0.0 ;
40.0598320751 7.81104917801 1.80300571509 0.0 0.0 4.58964227757 0.0 ;
34.5828125 25.6296875 4.321875 0.1359375 1.0 1.546875 0.0 ;
35.769355822 8.28225970331 2.14143466775 0.0 0.0 13.7136760821 1.09550904288 ;
40.4565584142 29.7330240405 0.997891185154 0.0 0.0 2.78194854492 0.0 ;
32.8295304865 3.34998937752 1.09619715318 0.0 0.0 3.96940726577 0.0 ;
36.666292765 7.99607403253 9.82389231632 1.33875490746 0.0 12.7094784072 1.01738642737 ;
35.6380697051 3.18713136729 4.7835567471 0.0 0.0 2.86201966041 0.0 ;
33.7969005166 3.93287785369 1.20369938344 0.0 0.0 4.06152307949 0.0 ;
35.734375 29.390625 4.1078125 0.0 0.8953125 1.73125 0.0 ;
40.0021172638 25.0218241042 0.887459283388 0.0 0.0 2.58208469055 0.0 ;
35.7174348697 3.99198396794 11.621242485 1.21442885772 0.0671342685371 4.03106212425 0.0 ;
39.6306549629 6.27895003376 3.45408507765 0.0 0.0 4.195729237 0.0 ;
35.7471567831 8.26279447604 2.1484565394 0.0 0.0 13.7053208773 1.09585702681 ;
37.6654676259 12.3237410072 7.64148681055 1.51318944844 0.0 22.4976019185 2.1690647482 ;
36.6774916013 8.03247480403 9.82250839866 1.33650615901 0.0 12.6970884658 1.0156774916 ;
32.8463843978 3.38929460931 1.09869559711 0.0 0.0 3.97952636245 0.0 ;
40.4428844927 29.8391831525 0.953626887896 0.0 0.0 2.76047649436 0.0 ;
40.1254733469 7.950699097 1.83760559278 0.0 0.0 4.65591319546 0.0 ;
35.8611486486 3.13226351351 4.57398648649 0.0 0.0 2.78293918919 0.0 ;
35.769355822 8.28225970331 2.14143466775 0.0 0.0 13.7136760821 1.09550904288 ;
34.5828125 25.6296875 4.321875 0.1359375 1.0 1.546875 0.0 ;
35.6661929295 3.20483211938 4.77758038728 0.0 0.0 2.86587315687 0.0 ;
36.666292765 7.99607403253 9.82389231632 1.33875490746 0.0 12.7094784072 1.01738642737 ;
34.5828125 25.6296875 4.321875 0.1359375 1.0 1.546875 0.0 ;
40.4736620312 29.7214496418 1.01453855879 0.0 0.0 2.78718921197 0.0 ;
35.769355822 8.28225970331 2.14143466775 0.0 0.0 13.7136760821 1.09550904288 ;
40.0500141283 7.81612037299 1.79083074315 0.0 0.0 4.5913393614 0.0 ;
32.8251254572 3.34400782513 1.09679339968 0.0 0.0 3.96865697032 0.0 ;
36.1337209302 4.19089147287 12.382751938 1.43410852713 0.0 4.30620155039 0.0 ;
39.6513335192 4.56593253415 3.45897221448 0.0 0.0 3.05789424775 0.0 ;
35.1072026801 28.608040201 3.90787269682 0.0 0.959798994975 1.54941373534 0.0 ;
37.141509434 16.7641509434 10.7075471698 1.2641509434 0.632075471698 3.18867924528 0.0 ;
35.9336770982 8.71230440967 2.61326458037 0.152916073969 0.0 15.2019914651 1.28111664296 ;
40.0404814004 21.715536105 1.39132020423 0.0 0.0 4.13056163384 0.0 ;
33.5655063182 4.12650208312 1.17267499914 0.0 0.0 4.15669868815 0.0 ;
39.6400485664 4.52087419445 3.45755113477 0.0 0.0 3.04146819837 0.0 ;
33.5750248995 4.15183569736 1.17271696947 0.0 0.0 4.16052477934 0.0 ;
34.6666666667 28.0610820244 3.69808027923 0.0 1.0 1.42233856894 0.0 ;
36.1328806984 4.17749757517 12.3831231814 1.43452958293 0.0 4.30940834142 0.0 ;
40.0780012188 21.7306520414 1.40767824497 0.0 0.0 4.13126142596 0.0 ;
35.9336770982 8.71230440967 2.61326458037 0.152916073969 0.0 15.2019914651 1.28111664296 ;
38.6590909091 21.3106060606 10.3787878788 1.02272727273 0.507575757576 3.42424242424 0.0 ;
32.8320244513 3.35250668591 1.09670161735 0.0 0.0 3.97100649488 0.0 ;
40.447707585 29.7540671878 0.98647792098 0.0 0.0 2.77435030636 0.0 ;
40.0705273604 7.83952367451 1.80876098667 0.0 0.0 4.60022682166 0.0 ;
35.769355822 8.28225970331 2.14143466775 0.0 0.0 13.7136760821 1.09550904288 ;
34.5828125 25.6296875 4.321875 0.1359375 1.0 1.546875 0.0 ;
35.6749911442 3.17959617428 4.74991144173 0.0 0.0 2.85033652143 0.0 ;
36.6748878924 8.0033632287 9.82343049327 1.3380044843 0.0 12.7051569507 1.0168161435 ;
33.4163279943 2.5731532393 3.43413817834 0.0 0.0 2.33707865169 0.0 ;
41.5798153846 21.2100923077 1.74301538462 0.0 0.0 3.61452307692 0.0 ;
36.1229105211 4.19370698132 12.1465093412 1.32841691249 0.0 4.2802359882 0.0 ;
35.3143219265 4.90475285171 1.26752217997 0.0 0.0 4.3971166033 0.0 ;
35.7480698903 8.25944737911 2.14851686306 0.0 0.0 13.7086550183 1.0956928078 ;
37.4729907773 12.9341238472 6.6930171278 1.36495388669 0.0 24.1106719368 2.38735177866 ;
34.5828125 25.6296875 4.321875 0.1359375 1.0 1.546875 0.0 ;
35.6883277415 3.18506092177 4.74642415681 0.0 0.0 2.85007946318 0.0 ;
40.4492723054 29.7336005062 0.996836110525 0.0 0.0 2.78000421852 0.0 ;
35.769355822 8.28225970331 2.14143466775 0.0 0.0 13.7136760821 1.09550904288 ;
40.0690217777 7.83599347379 1.80371710293 0.0 0.0 4.60353266652 0.0 ;
32.8289585457 3.35142711519 1.09654264356 0.0 0.0 3.96950390758 0.0 ;
34.5828125 25.6296875 4.321875 0.1359375 1.0 1.546875 0.0 ;
36.666292765 7.99607403253 9.82389231632 1.33875490746 0.0 12.7094784072 1.01738642737 ;
39.6202471931 4.44985375979 3.4599490518 0.0 0.0 3.02245494858 0.0 ;
40.1391986276 21.7869133685 1.43389290528 0.0 0.0 4.11346648695 0.0 ;
33.5985446346 4.19363875508 1.17372143077 0.0 0.0 4.16832359673 0.0 ;
34.6666666667 28.0610820244 3.69808027923 0.0 1.0 1.42233856894 0.0 ;
38.4538461538 20.6769230769 10.4307692308 1.03846153846 0.515384615385 3.38461538462 0.0 ;
36.1328806984 4.17749757517 12.3831231814 1.43452958293 0.0 4.30940834142 0.0 ;
35.9336770982 8.71230440967 2.61326458037 0.152916073969 0.0 15.2019914651 1.28111664296 ;
38.5496183206 21.0152671756 10.4045801527 1.03053435115 0.511450381679 3.40458015267 0.0 ;
33.5826563839 4.17381319623 1.17340188518 0.0 0.0 4.16637532134 0.0 ;
35.9336770982 8.71230440967 2.61326458037 0.152916073969 0.0 15.2019914651 1.28111664296 ;
39.6254562471 4.48806738418 3.45559195133 0.0 0.0 3.03369209172 0.0 ;
34.6666666667 28.0610820244 3.69808027923 0.0 1.0 1.42233856894 0.0 ;
40.1164014688 21.7782129743 1.41566707466 0.0 0.0 4.117625459 0.0 ;
36.1328806984 4.17749757517 12.3831231814 1.43452958293 0.0 4.30940834142 0.0 ;
39.4119354025 4.17713853142 4.14408276558 0.0 0.0 3.27479182438 0.0 ;
34.5828125 25.6296875 4.321875 0.1359375 1.0 1.546875 0.0 ;
32.1827430294 2.78630638389 1.10932285499 0.0 0.0 3.39417590699 0.0 ;
37.3387657938 7.10840505402 1.42776048343 0.0 0.0 5.06714276994 0.0 ;
36.6646067416 7.95393258427 9.82471910112 1.34101123596 0.0 12.7235955056 1.0191011236 ;
35.769355822 8.28225970331 2.14143466775 0.0 0.0 13.7136760821 1.09550904288 ;
40.6458050765 28.5107537299 1.16857198217 0.0 0.0 3.03410191823 0.0 ;
37.994018908 6.94861405878 1.37680879799 0.0 0.0 4.43192488263 0.0 ;
35.5111464968 29.0859872611 4.07961783439 0.0 0.912420382166 1.65923566879 0.0 ;
39.2528639285 4.98854428611 4.48770606315 0.0 0.0 3.58130762783 0.0 ;
40.5125835627 28.4571372395 0.961069602831 0.0 0.0 2.8625639009 0.0 ;
35.9382375479 7.9630651341 3.82252873563 0.280153256705 0.0 13.6232950192 1.09716475096 ;
37.1 12.7913043478 15.6565217391 2.80869565217 0.291304347826 5.94782608696 0.2 ;
32.2595359422 2.87631722159 1.19452827388 0.0 0.0 3.87879087716 0.0 ;
35.9336770982 8.71230440967 2.61326458037 0.152916073969 0.0 15.2019914651 1.28111664296 ;
34.6666666667 28.0610820244 3.69808027923 0.0 1.0 1.42233856894 0.0 ;
33.5826563839 4.17381319623 1.17340188518 0.0 0.0 4.16637532134 0.0 ;
39.6254562471 4.48806738418 3.45559195133 0.0 0.0 3.03369209172 0.0 ;
36.1328806984 4.17749757517 12.3831231814 1.43452958293 0.0 4.30940834142 0.0 ;
38.5496183206 21.0152671756 10.4045801527 1.03053435115 0.511450381679 3.40458015267 0.0 ;
40.1164014688 21.7782129743 1.41566707466 0.0 0.0 4.117625459 0.0 ;
35.9336770982 8.71230440967 2.61326458037 0.152916073969 0.0 15.2019914651 1.28111664296 ;
38.4538461538 20.6769230769 10.4307692308 1.03846153846 0.515384615385 3.38461538462 0.0 ;
34.6666666667 28.0610820244 3.69808027923 0.0 1.0 1.42233856894 0.0 ;
40.1353898886 21.7751254744 1.4353041988 0.0 0.0 4.117639858 0.0 ;
39.6207775052 4.44914134742 3.45970937913 0.0 0.0 3.02198528024 0.0 ;
33.5978335156 4.19238655003 1.17342126845 0.0 0.0 4.167304538 0.0 ;
36.1328806984 4.17749757517 12.3831231814 1.43452958293 0.0 4.30940834142 0.0 ;
33.3907261386 2.54772272567 3.3888431211 0.0 0.0 2.31305166529 0.0 ;
34.5828125 25.6296875 4.321875 0.1359375 1.0 1.546875 0.0 ;
35.3342875318 4.92207379135 1.27089694656 0.0 0.0 4.41167302799 0.0 ;
36.1229105211 4.19370698132 12.1465093412 1.32841691249 0.0 4.2802359882 0.0 ;
37.4729907773 12.9341238472 6.6930171278 1.36495388669 0.0 24.1106719368 2.38735177866 ;
41.5684002958 21.2293566675 1.74303672665 0.0 0.0 3.61547941829 0.0 ;
35.7480698903 8.25944737911 2.14851686306 0.0 0.0 13.7086550183 1.0956928078 ;
37.7213114754 14.7786885246 15.2418032787 2.63524590164 0.274590163934 5.80737704918 0.188524590164 ;
36.1800074287 5.40370507939 1.34627170582 0.0 0.0 4.95463831368 0.0 ;
34.6666666667 28.0610820244 3.69808027923 0.0 1.0 1.42233856894 0.0 ;
35.9376340791 7.96276432731 3.82485442844 0.280570027582 0.0 13.6228930432 1.09699662887 ;
41.6856443719 24.715497553 0.97748776509 0.0 0.0 2.68140293638 0.0 ;
38.2161798358 6.62148337596 4.43599407726 0.0 0.0 4.51420110378 0.0 ;
31.8864777203 2.39856359564 1.15275310835 0.0 0.0 2.3931577728 0.0 ;
37.7213114754 14.7786885246 15.2418032787 2.63524590164 0.274590163934 5.80737704918 0.188524590164 ;
35.9376340791 7.96276432731 3.82485442844 0.280570027582 0.0 13.6228930432 1.09699662887 ;
34.6666666667 28.0610820244 3.69808027923 0.0 1.0 1.42233856894 0.0 ;
38.1230419065 6.57276743875 4.44544115678 0.0 0.0 4.45173383318 0.0 ;
31.8573557907 2.40937546579 1.12080787003 0.0 0.0 2.49515576092 0.0 ;
41.6658411755 24.9379230642 0.977711738484 0.0 0.0 2.68631335645 0.0 ;
36.3477869396 5.48151833949 1.360344991 0.0 0.0 4.96038290209 0.0 ;
33.5750248995 4.15183569736 1.17271696947 0.0 0.0 4.16052477934 0.0 ;
39.6400485664 4.52087419445 3.45755113477 0.0 0.0 3.04146819837 0.0 ;
38.6590909091 21.3106060606 10.3787878788 1.02272727273 0.507575757576 3.42424242424 0.0 ;
34.6666666667 28.0610820244 3.69808027923 0.0 1.0 1.42233856894 0.0 ;
35.9336770982 8.71230440967 2.61326458037 0.152916073969 0.0 15.2019914651 1.28111664296 ;
40.0780012188 21.7306520414 1.40767824497 0.0 0.0 4.13126142596 0.0 ;
36.1328806984 4.17749757517 12.3831231814 1.43452958293 0.0 4.30940834142 0.0 ;
33.7880347594 3.92707219251 1.20096925134 0.0 0.0 4.06226604278 0.0 ;
35.734375 29.390625 4.1078125 0.0 0.8953125 1.73125 0.0 ;
37.6734693878 12.3361344538 7.63145258103 1.51140456182 0.0 22.518607443 2.17166866747 ;
35.7127127127 3.98998998999 11.6256256256 1.21621621622 0.0670670670671 4.03203203203 0.0 ;
40.0201790073 25.0086248983 0.887225386493 0.0 0.0 2.58307567128 0.0 ;
39.601861167 6.27573775989 3.44609322602 0.0 0.0 4.19307511737 0.0 ;
35.7471567831 8.26279447604 2.1484565394 0.0 0.0 13.7053208773 1.09585702681 ;
36.6748878924 8.0033632287 9.82343049327 1.3380044843 0.0 12.7051569507 1.0168161435 ;
40.0707788516 7.85126492325 1.80891131325 0.0 0.0 4.60460488914 0.0 ;
32.8354263895 3.35286380993 1.09664828171 0.0 0.0 3.97047093763 0.0 ;
34.5828125 25.6296875 4.321875 0.1359375 1.0 1.546875 0.0 ;
35.694655142 3.17816193332 4.73946022226 0.0 0.0 2.85023813724 0.0 ;
40.447707585 29.7540671878 0.98647792098 0.0 0.0 2.77435030636 0.0 ;
35.769355822 8.28225970331 2.14143466775 0.0 0.0 13.7136760821 1.09550904288 ;
40.1361410382 21.7763222331 1.4347453477 0.0 0.0 4.11716454456 0.0 ;
38.4538461538 20.6769230769 10.4307692308 1.03846153846 0.515384615385 3.38461538462 0.0 ;
36.1328806984 4.17749757517 12.3831231814 1.43452958293 0.0 4.30940834142 0.0 ;
35.9336770982 8.71230440967 2.61326458037 0.152916073969 0.0 15.2019914651 1.28111664296 ;
33.5978335156 4.19238655003 1.17342126845 0.0 0.0 4.167304538 0.0 ;
34.6666666667 28.0610820244 3.69808027923 0.0 1.0 1.42233856894 0.0 ;
39.6202471931 4.44985375979 3.4599490518 0.0 0.0 3.02245494858 0.0 ;
32.8456829217 3.38927591303 1.09837449863 0.0 0.0 3.97893181338 0.0 ;
40.4324957411 29.8300681431 0.939310051107 0.0 0.0 2.75298126065 0.0 ;
34.5828125 25.6296875 4.321875 0.1359375 1.0 1.546875 0.0 ;
35.8567315834 3.12040643522 4.5734123624 0.0 0.0 2.77917019475 0.0 ;
36.6884787472 8.08333333333 9.82214765101 1.33501118568 0.0 12.6868008949 1.01454138702 ;
35.769355822 8.28225970331 2.14143466775 0.0 0.0 13.7136760821 1.09550904288 ;
40.1245455867 7.95368620038 1.84462701759 0.0 0.0 4.6583539334 0.0 ;
33.5682779976 4.12974367796 1.17350765526 0.0 0.0 4.1567177017 0.0 ;
38.9323308271 21.6466165414 10.3458646617 1.01503759398 0.503759398496 3.45112781955 0.0 ;
39.6562616474 4.55367126351 3.46077152441 0.0 0.0 3.05460305628 0.0 ;
35.9336770982 8.71230440967 2.61326458037 0.152916073969 0.0 15.2019914651 1.28111664296 ;
40.0366905601 21.7017373345 1.39241890414 0.0 0.0 4.13072530677 0.0 ;
34.6666666667 28.0610820244 3.69808027923 0.0 1.0 1.42233856894 0.0 ;
36.1328806984 4.17749757517 12.3831231814 1.43452958293 0.0 4.30940834142 0.0 ;
35.9412182561 8.74675901261 2.62155922571 0.153969099627 0.0 15.1868229444 1.27952406322 ;
37.9550316678 7.92526389866 1.51266713582 0.0 0.0 4.92160450387 0.0 ;
34.8617021277 26.2036474164 4.59422492401 0.174772036474 0.9726443769 1.63069908815 0.0 ;
38.9256591797 3.77746582031 3.98193359375 0.0 0.0 3.00561523438 0.0 ;
40.9841527834 29.1162129216 1.2232832182 0.0 0.0 3.0 0.0 ;
32.4214409722 2.98620756173 1.10238233025 0.0 0.0 3.78144290123 0.0 ;
36.175 4.32788461538 12.3932692308 1.43461538462 0.0 4.31153846154 0.0 ;
37.7306122449 14.8244897959 15.2244897959 2.62448979592 0.273469387755 5.79183673469 0.187755102041 ;
35.9376340791 7.96276432731 3.82485442844 0.280570027582 0.0 13.6228930432 1.09699662887 ;
37.9526401742 6.51020685901 4.49346761023 0.0 0.0 4.32906913446 0.0 ;
31.8704548504 2.45773514021 1.12229974507 0.0 0.0 2.84221119012 0.0 ;
34.6666666667 28.0610820244 3.69808027923 0.0 1.0 1.42233856894 0.0 ;
41.5965179175 25.4004394861 0.974814063556 0.0 0.0 2.69895199459 0.0 ;
36.8061383648 5.70435220126 1.3758490566 0.0 0.0 4.90716981132 0.0 ;
40.0767529781 7.86974819887 1.81261145588 0.0 0.0 4.61031457308 0.0 ;
32.838328176 3.35598321394 1.09702852783 0.0 0.0 3.97134500445 0.0 ;
34.5828125 25.6296875 4.321875 0.1359375 1.0 1.546875 0.0 ;
35.7202944269 3.17367683141 4.71643883631 0.0 0.0 2.84665264634 0.0 ;
40.4519678375 29.7670334321 0.977359289039 0.0 0.0 2.77084214981 0.0 ;
35.769355822 8.28225970331 2.14143466775 0.0 0.0 13.7136760821 1.09550904288 ;
36.6774916013 8.03247480403 9.82250839866 1.33650615901 0.0 12.6970884658 1.0156774916 ;
35.9336770982 8.71230440967 2.61326458037 0.152916073969 0.0 15.2019914651 1.28111664296 ;
38.6946564885 21.3358778626 10.3893129771 1.03053435115 0.511450381679 3.42748091603 0.0 ;
33.5709324715 4.15059826709 1.17274102599 0.0 0.0 4.16225416036 0.0 ;
39.6378106674 4.52396909616 3.45201526575 0.0 0.0 3.04123615377 0.0 ;
36.1328806984 4.17749757517 12.3831231814 1.43452958293 0.0 4.30940834142 0.0 ;
40.0704620261 21.735340729 1.40582713641 0.0 0.0 4.13019626966 0.0 ;
34.6666666667 28.0610820244 3.69808027923 0.0 1.0 1.42233856894 0.0 ;
37.7213114754 14.7786885246 15.2418032787 2.63524590164 0.274590163934 5.80737704918 0.188524590164 ;
41.6894753992 24.6924079505 0.978820462691 0.0 0.0 2.68181818182 0.0 ;
35.9376340791 7.96276432731 3.82485442844 0.280570027582 0.0 13.6228930432 1.09699662887 ;
38.2172390572 6.62505050505 4.43622895623 0.0 0.0 4.51555555556 0.0 ;
36.1731099457 5.40000928203 1.34677681348 0.0 0.0 4.95642084745 0.0 ;
34.6666666667 28.0610820244 3.69808027923 0.0 1.0 1.42233856894 0.0 ;
31.8884508349 2.39904143476 1.15213358071 0.0 0.0 2.38790970934 0.0 ;
32.8458030738 3.38912345888 1.09833642966 0.0 0.0 3.97880425604 0.0 ;
34.5828125 25.6296875 4.321875 0.1359375 1.0 1.546875 0.0 ;
35.769355822 8.28225970331 2.14143466775 0.0 0.0 13.7136760821 1.09550904288 ;
40.1233195262 7.95167502362 1.84470605334 0.0 0.0 4.65736501708 0.0 ;
40.4324957411 29.8300681431 0.939310051107 0.0 0.0 2.75298126065 0.0 ;
36.6884787472 8.08333333333 9.82214765101 1.33501118568 0.0 12.6868008949 1.01454138702 ;
35.8535344974 3.12002034243 4.57602983557 0.0 0.0 2.77996270554 0.0 ;
38.8325981473 3.71625496251 3.70280105867 0.0 0.0 2.8940229378 0.0 ;
37.9418423107 8.36167056987 1.58298204528 0.0 0.0 5.21327088212 0.0 ;
34.8167938931 26.1709923664 4.55877862595 0.167938931298 0.977099236641 1.62595419847 0.0 ;
32.5091943752 3.06777030523 1.08103277995 0.0 0.0 3.75431500729 0.0 ;
35.9461907299 8.75226425147 2.62244716747 0.154146687977 0.0 15.1857574143 1.27952406322 ;
41.2351027049 29.0278625178 1.24771201952 0.0 0.0 3.02603213341 0.0 ;
36.1703349282 4.395215311 12.3827751196 1.43157894737 0.0 4.30813397129 0.0 ;
33.5985446346 4.19363875508 1.17372143077 0.0 0.0 4.16832359673 0.0 ;
40.1391986276 21.7869133685 1.43389290528 0.0 0.0 4.11346648695 0.0 ;
34.6666666667 28.0610820244 3.69808027923 0.0 1.0 1.42233856894 0.0 ;
38.4538461538 20.6769230769 10.4307692308 1.03846153846 0.515384615385 3.38461538462 0.0 ;
35.9336770982 8.71230440967 2.61326458037 0.152916073969 0.0 15.2019914651 1.28111664296 ;
39.6202471931 4.44985375979 3.4599490518 0.0 0.0 3.02245494858 0.0 ;
36.1328806984 4.17749757517 12.3831231814 1.43452958293 0.0 4.30940834142 0.0 ;
36.1328806984 4.17749757517 12.3831231814 1.43452958293 0.0 4.30940834142 0.0 ;
38.5496183206 21.0152671756 10.4045801527 1.03053435115 0.511450381679 3.40458015267 0.0 ;
33.5826563839 4.17381319623 1.17340188518 0.0 0.0 4.16637532134 0.0 ;
39.6254562471 4.48806738418 3.45559195133 0.0 0.0 3.03369209172 0.0 ;
34.6666666667 28.0610820244 3.69808027923 0.0 1.0 1.42233856894 0.0 ;
35.9336770982 8.71230440967 2.61326458037 0.152916073969 0.0 15.2019914651 1.28111664296 ;
40.1164014688 21.7782129743 1.41566707466 0.0 0.0 4.117625459 0.0 ;
32.1828014852 2.78668675671 1.10993919173 0.0 0.0 3.39444653716 0.0 ;
40.6470360325 28.5071677644 1.16834560248 0.0 0.0 3.03370786517 0.0 ;
35.769355822 8.28225970331 2.14143466775 0.0 0.0 13.7136760821 1.09550904288 ;
39.4156778591 4.17672304973 4.14466043928 0.0 0.0 3.27493057309 0.0 ;
36.6646067416 7.95393258427 9.82471910112 1.34101123596 0.0 12.7235955056 1.0191011236 ;
37.3383798303 7.10860142848 1.42762957084 0.0 0.0 5.06708992125 0.0 ;
34.5828125 25.6296875 4.321875 0.1359375 1.0 1.546875 0.0 ;
40.1164014688 21.7782129743 1.41566707466 0.0 0.0 4.117625459 0.0 ;
36.1328806984 4.17749757517 12.3831231814 1.43452958293 0.0 4.30940834142 0.0 ;
33.5826563839 4.17381319623 1.17340188518 0.0 0.0 4.16637532134 0.0 ;
34.6666666667 28.0610820244 3.69808027923 0.0 1.0 1.42233856894 0.0 ;
35.9336770982 8.71230440967 2.61326458037 0.152916073969 0.0 15.2019914651 1.28111664296 ;
39.6254562471 4.48806738418 3.45559195133 0.0 0.0 3.03369209172 0.0 ;
38.5496183206 21.0152671756 10.4045801527 1.03053435115 0.511450381679 3.40458015267 0.0 ;
33.5826563839 4.17381319623 1.17340188518 0.0 0.0 4.16637532134 0.0 ;
35.9336770982 8.71230440967 2.61326458037 0.152916073969 0.0 15.2019914651 1.28111664296 ;
36.1328806984 4.17749757517 12.3831231814 1.43452958293 0.0 4.30940834142 0.0 ;
40.1164014688 21.7782129743 1.41566707466 0.0 0.0 4.117625459 0.0 ;
34.6666666667 28.0610820244 3.69808027923 0.0 1.0 1.42233856894 0.0 ;
39.6254562471 4.48806738418 3.45559195133 0.0 0.0 3.03369209172 0.0 ;
38.5496183206 21.0152671756 10.4045801527 1.03053435115 0.511450381679 3.40458015267 0.0 ;
35.769355822 8.28225970331 2.14143466775 0.0 0.0 13.7136760821 1.09550904288 ;
40.6458050765 28.5107537299 1.16857198217 0.0 0.0 3.03410191823 0.0 ;
39.4119354025 4.17713853142 4.14408276558 0.0 0.0 3.27479182438 0.0 ;
36.6646067416 7.95393258427 9.82471910112 1.34101123596 0.0 12.7235955056 1.0191011236 ;
34.5828125 25.6296875 4.321875 0.1359375 1.0 1.546875 0.0 ;
32.1827430294 2.78630638389 1.10932285499 0.0 0.0 3.39417590699 0.0 ;
37.3387657938 7.10840505402 1.42776048343 0.0 0.0 5.06714276994 0.0 ;
33.5709324715 4.15059826709 1.17274102599 0.0 0.0 4.16225416036 0.0 ;
38.6946564885 21.3358778626 10.3893129771 1.03053435115 0.511450381679 3.42748091603 0.0 ;
35.9336770982 8.71230440967 2.61326458037 0.152916073969 0.0 15.2019914651 1.28111664296 ;
34.6666666667 28.0610820244 3.69808027923 0.0 1.0 1.42233856894 0.0 ;
36.1328806984 4.17749757517 12.3831231814 1.43452958293 0.0 4.30940834142 0.0 ;
40.0704620261 21.735340729 1.40582713641 0.0 0.0 4.13019626966 0.0 ;
39.6378106674 4.52396909616 3.45201526575 0.0 0.0 3.04123615377 0.0 ;
41.6894753992 24.6924079505 0.978820462691 0.0 0.0 2.68181818182 0.0 ;
34.6666666667 28.0610820244 3.69808027923 0.0 1.0 1.42233856894 0.0 ;
37.7213114754 14.7786885246 15.2418032787 2.63524590164 0.274590163934 5.80737704918 0.188524590164 ;
35.9376340791 7.96276432731 3.82485442844 0.280570027582 0.0 13.6228930432 1.09699662887 ;
31.8884508349 2.39904143476 1.15213358071 0.0 0.0 2.38790970934 0.0 ;
38.2172390572 6.62505050505 4.43622895623 0.0 0.0 4.51555555556 0.0 ;
36.1731099457 5.40000928203 1.34677681348 0.0 0.0 4.95642084745 0.0 ;
35.7480698903 8.25944737911 2.14851686306 0.0 0.0 13.7086550183 1.0956928078 ;
35.3192981343 4.91144180734 1.26818124127 0.0 0.0 4.40239878157 0.0 ;
34.5828125 25.6296875 4.321875 0.1359375 1.0 1.546875 0.0 ;
37.4729907773 12.9341238472 6.6930171278 1.36495388669 0.0 24.1106719368 2.38735177866 ;
41.57864269 21.2196083261 1.74208646385 0.0 0.0 3.61374553516 0.0 ;
33.4145674905 2.56440114068 3.42003326996 0.0 0.0 2.32972908745 0.0 ;
36.1229105211 4.19370698132 12.1465093412 1.32841691249 0.0 4.2802359882 0.0 ;
36.6774916013 8.03247480403 9.82250839866 1.33650615901 0.0 12.6970884658 1.0156774916 ;
34.5828125 25.6296875 4.321875 0.1359375 1.0 1.546875 0.0 ;
35.8773171554 3.15756656555 4.58594539939 0.0 0.0 2.79322548028 0.0 ;
40.4252118644 29.781779661 0.972669491525 0.0 0.0 2.76377118644 0.0 ;
35.769355822 8.28225970331 2.14143466775 0.0 0.0 13.7136760821 1.09550904288 ;
40.1408904511 7.94778851787 1.82601054482 0.0 0.0 4.65714704159 0.0 ;
32.8524355301 3.38964267655 1.09902241699 0.0 0.0 3.97943704703 0.0 ;
32.8891850248 3.43018365052 1.10023737142 0.0 0.0 3.96810061217 0.0 ;
34.5828125 25.6296875 4.321875 0.1359375 1.0 1.546875 0.0 ;
35.9919155255 3.12473189243 4.49463784854 0.0 0.0 2.75862068966 0.0 ;
40.2349483837 8.05372616984 1.8687363424 0.0 0.0 4.73046492352 0.0 ;
35.769355822 8.28225970331 2.14143466775 0.0 0.0 13.7136760821 1.09550904288 ;
40.3740945888 29.8140178952 0.922880272689 0.0 0.0 2.74009373669 0.0 ;
36.6897708217 8.10229178312 9.82168809391 1.33426495249 0.0 12.6825041923 1.01397428731 ;
31.8884508349 2.39904143476 1.15213358071 0.0 0.0 2.38790970934 0.0 ;
34.6666666667 28.0610820244 3.69808027923 0.0 1.0 1.42233856894 0.0 ;
41.6894753992 24.6924079505 0.978820462691 0.0 0.0 2.68181818182 0.0 ;
36.1731099457 5.40000928203 1.34677681348 0.0 0.0 4.95642084745 0.0 ;
38.2172390572 6.62505050505 4.43622895623 0.0 0.0 4.51555555556 0.0 ;
35.9376340791 7.96276432731 3.82485442844 0.280570027582 0.0 13.6228930432 1.09699662887 ;
37.7213114754 14.7786885246 15.2418032787 2.63524590164 0.274590163934 5.80737704918 0.188524590164 ;
36.6804700616 8.06155567991 9.82260772244 1.33575825406 0.0 12.6922216004 1.01510912143 ;
32.8463843978 3.38929460931 1.09869559711 0.0 0.0 3.97952636245 0.0 ;
34.5828125 25.6296875 4.321875 0.1359375 1.0 1.546875 0.0 ;
40.124854482 7.95539871944 1.84298603027 0.0 0.0 4.65774155995 0.0 ;
35.769355822 8.28225970331 2.14143466775 0.0 0.0 13.7136760821 1.09550904288 ;
35.862605753 3.12216582064 4.57343485618 0.0 0.0 2.78054145516 0.0 ;
40.4335887612 29.8307790549 0.942103022563 0.0 0.0 2.75308641975 0.0 ;
33.5985446346 4.19363875508 1.17372143077 0.0 0.0 4.16832359673 0.0 ;
40.1391986276 21.7869133685 1.43389290528 0.0 0.0 4.11346648695 0.0 ;
35.9336770982 8.71230440967 2.61326458037 0.152916073969 0.0 15.2019914651 1.28111664296 ;
38.4538461538 20.6769230769 10.4307692308 1.03846153846 0.515384615385 3.38461538462 0.0 ;
36.1328806984 4.17749757517 12.3831231814 1.43452958293 0.0 4.30940834142 0.0 ;
34.6666666667 28.0610820244 3.69808027923 0.0 1.0 1.42233856894 0.0 ;
39.6202471931 4.44985375979 3.4599490518 0.0 0.0 3.02245494858 0.0 ;
38.2161798358 6.62148337596 4.43599407726 0.0 0.0 4.51420110378 0.0 ;
31.8864777203 2.39856359564 1.15275310835 0.0 0.0 2.3931577728 0.0 ;
36.1800074287 5.40370507939 1.34627170582 0.0 0.0 4.95463831368 0.0 ;
34.6666666667 28.0610820244 3.69808027923 0.0 1.0 1.42233856894 0.0 ;
35.9376340791 7.96276432731 3.82485442844 0.280570027582 0.0 13.6228930432 1.09699662887 ;
41.6856443719 24.715497553 0.97748776509 0.0 0.0 2.68140293638 0.0 ;
37.7213114754 14.7786885246 15.2418032787 2.63524590164 0.274590163934 5.80737704918 0.188524590164 ;
38.0023404255 7.97390070922 1.52432624113 0.0 0.0 4.93063829787 0.0 ;
34.8617021277 26.2036474164 4.59422492401 0.174772036474 0.9726443769 1.63069908815 0.0 ;
32.4346220261 3.00167881811 1.10058518803 0.0 0.0 3.79024366846 0.0 ;
40.9944942904 29.161908646 1.22451060359 0.0 0.0 2.99408646003 0.0 ;
38.8849902534 3.74926900585 3.96588693957 0.0 0.0 2.98635477583 0.0 ;
36.1738712776 4.33909702209 12.386167147 1.43419788665 0.0 4.31604226705 0.0 ;
35.9413854352 8.74547069272 2.62113676732 0.153818827709 0.0 15.1879218472 1.27975133215 ;
35.734375 29.390625 4.1078125 0.0 0.8953125 1.73125 0.0 ;
39.6284588294 6.27611940299 3.44482642965 0.0 0.0 4.18220694281 0.0 ;
39.9837784696 25.1225626741 0.886776994921 0.0 0.0 2.58610519417 0.0 ;
37.6610778443 12.3101796407 7.64790419162 1.51377245509 0.0 22.4838323353 2.16646706587 ;
35.7191574724 3.99498495486 11.6198595787 1.21364092277 0.0672016048144 4.02407221665 0.0 ;
35.7471567831 8.26279447604 2.1484565394 0.0 0.0 13.7053208773 1.09585702681 ;
33.7939861167 3.93342010412 1.20127486317 0.0 0.0 4.06391002536 0.0 ;
33.4046830653 2.56326868496 3.4087038789 0.0 0.0 2.32935193945 0.0 ;
41.5818630475 21.2452806909 1.73942011104 0.0 0.0 3.60937692782 0.0 ;
34.5828125 25.6296875 4.321875 0.1359375 1.0 1.546875 0.0 ;
36.1229105211 4.19370698132 12.1465093412 1.32841691249 0.0 4.2802359882 0.0 ;
35.7480698903 8.25944737911 2.14851686306 0.0 0.0 13.7086550183 1.0956928078 ;
37.4729907773 12.9341238472 6.6930171278 1.36495388669 0.0 24.1106719368 2.38735177866 ;
35.3263258177 4.91536995872 1.26938710702 0.0 0.0 4.40590663703 0.0 ;
33.5985446346 4.19363875508 1.17372143077 0.0 0.0 4.16832359673 0.0 ;
38.4538461538 20.6769230769 10.4307692308 1.03846153846 0.515384615385 3.38461538462 0.0 ;
35.9336770982 8.71230440967 2.61326458037 0.152916073969 0.0 15.2019914651 1.28111664296 ;
40.1391986276 21.7869133685 1.43389290528 0.0 0.0 4.11346648695 0.0 ;
36.1328806984 4.17749757517 12.3831231814 1.43452958293 0.0 4.30940834142 0.0 ;
34.6666666667 28.0610820244 3.69808027923 0.0 1.0 1.42233856894 0.0 ;
39.6202471931 4.44985375979 3.4599490518 0.0 0.0 3.02245494858 0.0 ;
33.7927431738 3.93313972895 1.20118165432 0.0 0.0 4.06412310568 0.0 ;
35.734375 29.390625 4.1078125 0.0 0.8953125 1.73125 0.0 ;
39.6286456587 6.2756453235 3.44393228294 0.0 0.0 4.18161247067 0.0 ;
37.6610778443 12.3101796407 7.64790419162 1.51377245509 0.0 22.4838323353 2.16646706587 ;
39.9837784696 25.1225626741 0.886776994921 0.0 0.0 2.58610519417 0.0 ;
35.7191574724 3.99498495486 11.6198595787 1.21364092277 0.0672016048144 4.02407221665 0.0 ;
35.7471567831 8.26279447604 2.1484565394 0.0 0.0 13.7053208773 1.09585702681 ;
36.1328806984 4.17749757517 12.3831231814 1.43452958293 0.0 4.30940834142 0.0 ;
34.6666666667 28.0610820244 3.69808027923 0.0 1.0 1.42233856894 0.0 ;
33.5826563839 4.17381319623 1.17340188518 0.0 0.0 4.16637532134 0.0 ;
38.5496183206 21.0152671756 10.4045801527 1.03053435115 0.511450381679 3.40458015267 0.0 ;
39.6254562471 4.48806738418 3.45559195133 0.0 0.0 3.03369209172 0.0 ;
40.1164014688 21.7782129743 1.41566707466 0.0 0.0 4.117625459 0.0 ;
35.9336770982 8.71230440967 2.61326458037 0.152916073969 0.0 15.2019914651 1.28111664296 ;
36.1328806984 4.17749757517 12.3831231814 1.43452958293 0.0 4.30940834142 0.0 ;
38.34375 20.3671875 10.46875 1.0546875 0.5234375 3.375 0.0 ;
33.5639745135 4.12571034958 1.17251592905 0.0 0.0 4.15739624591 0.0 ;
40.045598249 21.7386916342 1.39323929961 0.0 0.0 4.13120136187 0.0 ;
34.6666666667 28.0610820244 3.69808027923 0.0 1.0 1.42233856894 0.0 ;
35.9336770982 8.71230440967 2.61326458037 0.152916073969 0.0 15.2019914651 1.28111664296 ;
39.6510116948 4.56942639688 3.45684054205 0.0 0.0 3.05726749582 0.0 ;
35.7922077922 3.17991341991 4.68796536797 0.0 0.0 2.84034632035 0.0 ;
34.5828125 25.6296875 4.321875 0.1359375 1.0 1.546875 0.0 ;
32.8800720993 3.37977867203 1.10215459423 0.0 0.0 3.97468142186 0.0 ;
40.4427270802 29.7685792928 0.970146093585 0.0 0.0 2.7639212365 0.0 ;
35.769355822 8.28225970331 2.14143466775 0.0 0.0 13.7136760821 1.09550904288 ;
40.1390268849 7.94097019287 1.81721215663 0.0 0.0 4.63040619521 0.0 ;
36.6774916013 8.03247480403 9.82250839866 1.33650615901 0.0 12.6970884658 1.0156774916 ;
33.5709324715 4.15059826709 1.17274102599 0.0 0.0 4.16225416036 0.0 ;
36.1328806984 4.17749757517 12.3831231814 1.43452958293 0.0 4.30940834142 0.0 ;
40.0704620261 21.735340729 1.40582713641 0.0 0.0 4.13019626966 0.0 ;
34.6666666667 28.0610820244 3.69808027923 0.0 1.0 1.42233856894 0.0 ;
39.6378106674 4.52396909616 3.45201526575 0.0 0.0 3.04123615377 0.0 ;
35.9336770982 8.71230440967 2.61326458037 0.152916073969 0.0 15.2019914651 1.28111664296 ;
38.6946564885 21.3358778626 10.3893129771 1.03053435115 0.511450381679 3.42748091603 0.0 ;
35.8452945159 3.15013540961 4.59258632363 0.0 0.0 2.79265402844 0.0 ;
36.6774916013 8.03247480403 9.82250839866 1.33650615901 0.0 12.6970884658 1.0156774916 ;
40.4472681067 29.7776365947 0.974798814062 0.0 0.0 2.76831850911 0.0 ;
35.769355822 8.28225970331 2.14143466775 0.0 0.0 13.7136760821 1.09550904288 ;
40.0809876899 7.90713411561 1.82355481967 0.0 0.0 4.64423007703 0.0 ;
34.5828125 25.6296875 4.321875 0.1359375 1.0 1.546875 0.0 ;
32.8213086178 3.36830917053 1.09497895498 0.0 0.0 3.97831724842 0.0 ;
33.5650916104 4.12453505993 1.17281994765 0.0 0.0 4.15652982504 0.0 ;
38.9402985075 21.7313432836 10.328358209 1.00746268657 0.5 3.47014925373 0.0 ;
40.0317518248 21.7137469586 1.38686131387 0.0 0.0 4.13053527981 0.0 ;
39.6525856466 4.57227741157 3.45817472844 0.0 0.0 3.05904744221 0.0 ;
36.1328806984 4.17749757517 12.3831231814 1.43452958293 0.0 4.30940834142 0.0 ;
35.9336770982 8.71230440967 2.61326458037 0.152916073969 0.0 15.2019914651 1.28111664296 ;
34.6666666667 28.0610820244 3.69808027923 0.0 1.0 1.42233856894 0.0 ;
36.6646067416 7.95393258427 9.82471910112 1.34101123596 0.0 12.7235955056 1.0191011236 ;
39.4119354025 4.17713853142 4.14408276558 0.0 0.0 3.27479182438 0.0 ;
34.5828125 25.6296875 4.321875 0.1359375 1.0 1.546875 0.0 ;
40.6458050765 28.5107537299 1.16857198217 0.0 0.0 3.03410191823 0.0 ;
35.769355822 8.28225970331 2.14143466775 0.0 0.0 13.7136760821 1.09550904288 ;
37.3387657938 7.10840505402 1.42776048343 0.0 0.0 5.06714276994 0.0 ;
32.1827430294 2.78630638389 1.10932285499 0.0 0.0 3.39417590699 0.0 ;
32.4134221064 2.98325855165 1.10797510494 0.0 0.0 3.79017706373 0.0 ;
38.9296787796 3.81570135185 4.03646285502 0.0 0.0 3.03609078507 0.0 ;
34.8617021277 26.2036474164 4.59422492401 0.174772036474 0.9726443769 1.63069908815 0.0 ;
36.175 4.32788461538 12.3932692308 1.43461538462 0.0 4.31153846154 0.0 ;
37.9807410509 7.85730235155 1.49682506455 0.0 0.0 4.87663107948 0.0 ;
40.9414861308 29.073091719 1.22150232841 0.0 0.0 2.99858270905 0.0 ;
35.9412182561 8.74675901261 2.62155922571 0.153969099627 0.0 15.1868229444 1.27952406322 ;
32.1827430294 2.78630638389 1.10932285499 0.0 0.0 3.39417590699 0.0 ;
36.6646067416 7.95393258427 9.82471910112 1.34101123596 0.0 12.7235955056 1.0191011236 ;
39.4119354025 4.17713853142 4.14408276558 0.0 0.0 3.27479182438 0.0 ;
34.5828125 25.6296875 4.321875 0.1359375 1.0 1.546875 0.0 ;
40.6458050765 28.5107537299 1.16857198217 0.0 0.0 3.03410191823 0.0 ;
35.769355822 8.28225970331 2.14143466775 0.0 0.0 13.7136760821 1.09550904288 ;
37.3387657938 7.10840505402 1.42776048343 0.0 0.0 5.06714276994 0.0 ;
