1.67328773785 4.76534058986 1.96096062854 2.20999443175 0.216619153964 0.790525674569 2.59210299092 ;
2.67692509922 4.6257318511 3.09336107556 3.76846754993 3.67629126764 2.14741609367 3.09664679709 ;
1.45141030701 4.75667055429 1.73083638261 1.66547377095 3.11947913537 0.674146065638 2.86079663722 ;
2.38770496927 4.6571562126 3.02425608275 4.29390224134 2.68723590222 3.19869768949 2.77583398414 ;
1.35118526691 4.76333088616 1.55811641092 1.68818978509 1.48512184208 0.580308584511 2.60984919567 ;
2.5391110317 4.65858359691 2.89082305758 3.07450123906 3.84524945084 1.37962742853 3.21359346333 ;
0.984314081045 4.76096451113 1.65371711387 1.16791579855 2.51932943293 0.646549916221 2.71742646921 ;
2.64128049838 4.64104676663 3.0145912872 3.58524334846 3.70772193014 1.99826938641 3.11580352376 ;
2.10017169481 4.75614684579 1.91202048713 2.84085272018 0.652970072041 0.817331139258 2.66324953686 ;
1.65611750338 4.76216655126 1.94812314642 2.20626501255 0.147996525566 0.817022673304 2.56813899767 ;
2.67789102302 4.61564050679 3.12287441858 3.83833300436 3.71821798687 2.26086618744 3.10567174744 ;
1.57769374049 4.75842792363 1.83409896814 1.79223019794 3.08740598064 0.664854658871 2.87841879299 ;
1.60491290523 4.76344377042 1.87103800567 2.14033196163 0.229497832692 0.783637722635 2.52876682671 ;
2.68922428991 4.61426909186 3.12531302843 3.86063070734 3.68886876897 2.25873998725 3.09898211774 ;
1.59797965864 4.75844549238 1.88031369424 1.80284977156 3.16726683095 0.690950938257 2.92053624636 ;
1.75928947998 4.74795779411 2.029004554 1.98696018387 3.23726446488 0.731656892992 2.96690339281 ;
2.69139017052 4.60807079569 3.16122830063 3.95189818658 3.70854484655 2.42897834392 3.10761152237 ;
1.54241320493 4.76253167656 1.80553032622 2.06750165348 0.330909302779 0.739372805759 2.48965851018 ;
2.60791253551 4.58828099017 3.20524871711 4.01110568751 3.75365120293 2.75697641723 3.12096856823 ;
2.32888389917 4.74074891538 2.46330013213 2.6669200613 3.01430570368 0.81937802081 2.99222549787 ;
1.03297071643 4.76150494045 1.39898008691 1.41428282754 1.21990203875 0.616661197666 2.54964558315 ;
0.998678165996 4.75576662479 1.35217488938 1.39861085695 1.47654453317 0.635019053532 2.53674095688 ;
2.61202276971 4.58901594589 3.18928528457 4.0133796546 3.74694925431 2.73339156716 3.08735482363 ;
2.40790933702 4.74577231405 2.55059337622 2.71527394507 2.90114521714 0.805476092919 3.04903322844 ;
1.53692243835 4.75992847799 1.81837320626 1.73251235365 3.12292910564 0.678588233043 2.89433741593 ;
2.68170119358 4.61723498014 3.11020311074 3.82421099298 3.69567918088 2.21318492407 3.09217806048 ;
1.65164363899 4.76421518412 1.92490931601 2.20729973202 0.194883749365 0.800101389685 2.56721461576 ;
1.91939486147 4.7401128664 2.21138788352 2.15891466306 3.37928517635 0.743527597322 3.03706859775 ;
2.68356096162 4.60858985266 3.16375061579 3.97665685481 3.62391652736 2.53458848014 3.0941180376 ;
1.39857792471 4.76389196022 1.6260395527 1.87660248241 0.642216952531 0.660055750625 2.47564723043 ;
2.6513937442 4.63856435979 3.03791922475 3.6257176912 3.71443055616 2.02860349586 3.11173218548 ;
1.06123989357 4.75309548651 1.39554663817 1.32818977424 2.88551843653 0.679672096028 2.76441411507 ;
1.9177285427 4.76390567489 2.18430542243 2.4598808588 0.593562850714 0.76785497596 2.65182493493 ;
2.67569146814 4.6207000674 3.09855804645 3.80319932724 3.67241320151 2.2000953399 3.08201819856 ;
1.53493408218 4.7602892999 1.81747409909 1.73310181321 3.14304467595 0.643199584114 2.92781300428 ;
1.61447381676 4.76270347666 1.89140843099 2.15209376868 0.20862342776 0.813783783106 2.52875714203 ;
2.6557289352 4.63882601732 3.04060927506 3.62944937426 3.68296322884 2.01925788256 3.11869689271 ;
1.15471043975 4.75543587012 1.5140679311 1.39121831663 2.91887641102 0.662630664174 2.8266025977 ;
1.83494780857 4.76356767118 2.06650068247 2.4279583966 0.401953783476 0.792729879151 2.53955029625 ;
2.69094763947 4.6105624039 3.14734479709 3.89779359725 3.74234518232 2.33856687798 3.11991276502 ;
1.66384243671 4.75246772177 1.93131495587 1.89755186456 3.13892051867 0.696802877706 2.8973485247 ;
1.61369912517 4.7640237624 1.88687186438 2.15170010092 0.19442094949 0.813203315641 2.54679479693 ;
2.69344595703 4.60918426636 3.13853017268 3.91357457677 3.70702655359 2.29116434642 3.09203863014 ;
1.56771473393 4.76084758265 1.80987572077 2.14586226299 0.319172465611 0.76996961514 2.47268836897 ;
1.66867900816 4.75863255678 1.96354621239 1.82933546343 3.20529679638 0.735957409067 2.98320855668 ;
1.6706014034 4.76706754054 1.98574658317 2.19609116575 0.252833868741 0.780982714045 2.58820059229 ;
2.64606778386 4.6403706429 3.04313756661 3.62114324746 3.64482573401 1.98264294105 3.09499722412 ;
1.24090988328 4.75499866605 1.50590597233 1.49692761655 3.07065323611 0.681937590348 2.81898036651 ;
1.68891476974 4.74821489826 1.99119490359 1.94409043811 3.19755273784 0.682397604113 2.92273913749 ;
2.69311027531 4.61358717005 3.14176802181 3.89519477187 3.71999410036 2.37725606048 3.12368749835 ;
1.58384057557 4.76326648623 1.81342931476 2.09317914592 0.282037000529 0.786359068258 2.51596904159 ;
2.67700455444 4.64162243632 3.0441157361 3.56745464763 3.78900687954 1.99831263449 3.26202905513 ;
1.17804440492 4.76892912651 1.58275864218 1.39633458725 2.13949232308 0.577780551376 2.83275647333 ;
2.22340694558 4.70699459282 2.36757485637 3.36111312779 1.0919026845 1.33295990187 2.05113391405 ;
1.57167630909 4.76181617142 1.83450296676 2.13702874834 0.287735692217 0.767276580133 2.47633351085 ;
1.63526031025 4.76029445465 1.91754590911 1.79641745659 3.19430828396 0.721504788303 2.96765530465 ;
2.68870281538 4.61165162824 3.12873889128 3.8887035711 3.68698577674 2.25986302924 3.09462464495 ;
1.96767108961 4.73778194543 2.21829983853 2.24464541903 3.36729663447 0.732046582859 3.01789218763 ;
1.42293133933 4.76409864552 1.68278155823 1.89844912849 0.612090867858 0.691226871598 2.5045845709 ;
2.66306294334 4.60248099156 3.17843410769 3.98141285194 3.69489313247 2.63967971783 3.10173018888 ;
2.5974289448 4.5853602145 3.22368071807 4.02199958012 3.78624646774 2.80546942697 3.12724386645 ;
2.39723016718 4.73710926624 2.4614792451 2.79699587581 3.05477584891 0.866718928263 3.00405358987 ;
1.08138092892 4.75997195787 1.51414426725 1.40697674814 1.32883246019 0.617613679251 2.57318789878 ;
1.8342037274 4.74367696707 2.16302716477 2.03766312484 3.35659991223 0.746784305496 3.02524206153 ;
1.4612841989 4.76258256662 1.6468490404 1.9774720615 0.587696115345 0.693798818589 2.46069963899 ;
2.69367693222 4.61065286557 3.16009566699 3.96158059101 3.65649257173 2.44803942131 3.10991975442 ;
1.61299523758 4.76197416986 1.89551275506 2.16733290864 0.233699782187 0.795835815833 2.51028134994 ;
2.68357208241 4.61419297245 3.12441859361 3.85766490972 3.69810007795 2.24904750147 3.1023450261 ;
1.59583545433 4.75995245031 1.8620507797 1.78199577715 3.15607608001 0.689288659273 2.92749100424 ;
1.67839687381 4.76643658987 1.97046485426 2.20180280716 0.236313428443 0.792497530342 2.5902289077 ;
2.6677758502 4.63579986409 3.06122102492 3.67418577601 3.65259871036 2.04046877103 3.09235833888 ;
1.30694557708 4.75472101485 1.60588950373 1.56618342074 3.10028182355 0.672521384325 2.84216867059 ;
2.68680072139 4.61681685045 3.11910509803 3.84276111915 3.67757227336 2.2382177203 3.09509536635 ;
1.71549631887 4.76246670909 1.79412112208 2.23655703057 0.639527234696 0.706415713614 2.53980885327 ;
1.46935885418 4.7585461552 1.92766455818 1.62108413846 3.35296625996 0.73161587171 2.98576675418 ;
1.40820137684 4.76266391862 1.5946031394 1.88086044904 0.770702521556 0.676156319338 2.49450897514 ;
2.65971737532 4.59568192372 3.19518289622 4.03335600793 3.69399883282 2.68813061425 3.10145081985 ;
2.04000953223 4.73731788982 2.33753388332 2.30685830527 3.41366111355 0.786641336359 3.05616120123 ;
1.81458055453 4.76797808547 2.12209984473 2.29547779187 0.85088311773 0.680073605523 2.63199286109 ;
2.66414406326 4.62762904619 3.0967361692 3.71733790011 3.74512577628 2.15464876118 3.11676625471 ;
1.21303652414 4.74533593313 1.43230760676 1.45336137517 3.30616852714 0.765778058212 2.87636680837 ;
2.02710125343 4.76461702545 2.04374723641 2.53598192422 0.85863831855 0.741313879376 2.68904449725 ;
2.6626957701 4.63288032673 3.05822276779 3.66199266726 3.75040941002 2.09091545777 3.11692761226 ;
0.940528957813 4.75098816353 1.54968842 1.22136440207 2.94164551136 0.701559740689 2.7626637462 ;
1.66142799254 4.76422975137 1.94728709988 2.18873498876 0.178852586498 0.807767524402 2.56990108139 ;
2.67301311087 4.6283517045 3.0883889818 3.74299716581 3.67164130445 2.14492072541 3.09904719024 ;
1.44381141904 4.7563068404 1.72334468342 1.68287156674 3.09362663372 0.639331187912 2.86256368885 ;
2.6697277523 4.63243924401 3.06717744655 3.71724822661 3.63496576861 2.09331121441 3.0822184577 ;
1.38096177301 4.75631810288 1.70226529353 1.60719247275 3.13815584781 0.653306428297 2.89121072536 ;
1.64811692712 4.76541450758 1.90453204713 2.16736516976 0.228734820903 0.775029919305 2.55590164634 ;
2.66092250026 4.59633355202 3.19266010054 4.03448121275 3.66962654073 2.67723037324 3.09398779521 ;
2.01079618614 4.73778019444 2.23002336024 2.26988643781 3.39064987189 0.78191953354 3.0178177109 ;
1.39403784667 4.76489153986 1.69607220735 1.88181487484 0.622198964469 0.66513662912 2.51848733028 ;
1.44310666758 4.75703949462 1.76180985547 1.62894539728 3.19840227501 0.684679438811 2.94045204905 ;
2.68308515013 4.62343912646 3.10014524231 3.78358765869 3.68801582914 2.17007678495 3.09602643785 ;
1.69416875316 4.76383037578 1.93265525451 2.25057787285 0.390993041959 0.773385592344 2.52225789836 ;
1.50316603512 4.75886845658 1.81564949365 1.67112580985 3.21306560627 0.688327817717 2.95987068708 ;
1.67061767739 4.76380657774 1.90700419585 2.22786087036 0.374640137787 0.763087317469 2.508974175 ;
2.68057917599 4.61918971985 3.10507639023 3.81544862736 3.68502373916 2.20619122798 3.09062015777 ;
2.65144962635 4.63478043184 3.05231830216 3.64135405183 3.75360127161 2.07476147723 3.12068612843 ;
2.02414766941 4.76239300269 2.08778690487 2.59192555416 0.875319269025 0.747410146814 2.68623070096 ;
0.942399533198 4.75300379309 1.48319469405 1.16297788202 2.85447694834 0.691412412853 2.74743545313 ;
1.8773729878 4.74674596382 2.12326155469 2.11272454754 3.23905818367 0.736382747466 2.97851792934 ;
2.67647714521 4.60612210929 3.17241336132 3.95121002062 3.71954049821 2.4825849006 3.11625124839 ;
1.41096166877 4.76262914127 1.67829136577 1.91794820765 0.466456816487 0.698071750619 2.48439473471 ;
2.68456625831 4.61847132399 3.10085029677 3.82730435924 3.65510807271 2.19626730272 3.07994487708 ;
1.63413353321 4.76456370954 1.79875299515 2.17965249652 0.390960131277 0.74213339437 2.4985897753 ;
1.51227849726 4.76073554667 1.88750178432 1.66796118543 3.23853942718 0.702279175389 2.98115289616 ;
2.68622223489 4.61251212069 3.14094532954 3.88095526153 3.72181979151 2.38234658344 3.12587803232 ;
1.57092258881 4.76557852784 1.86426159074 2.08019646908 0.210720391886 0.770446001531 2.52750437364 ;
1.69114113377 4.74970650371 1.94932225559 1.95251246228 3.14898980427 0.673367212424 2.90118385355 ;
2.63018411709 4.61225573028 3.12617067868 3.80813843806 3.78242495826 2.38607910646 3.12991853386 ;
1.15641582956 4.74081348808 0.481034640729 1.54196609619 2.16391964816 0.779522538238 2.55744068542 ;
1.94409941122 4.76704631486 2.66892272478 2.26829753603 1.98524221324 0.620552281943 2.86943569749 ;
2.57185746963 4.62937185048 3.12389963631 4.2198967927 3.22805064592 2.92580014767 2.93139073593 ;
1.33483215419 4.76373182258 1.51222977712 1.69584080769 1.33503999132 0.58953673861 2.58000080368 ;
2.39021162243 4.68235267181 2.75372428326 2.78508813013 3.70850610205 1.13405271688 3.18795252784 ;
2.10086184167 4.7623770301 2.03379568303 2.6310479121 1.07116632645 0.713120683159 2.72532159887 ;
2.63609117273 4.63672518816 3.03148944252 3.60865998504 3.7549894343 2.06086547398 3.116822547 ;
0.744204337637 4.75326016983 1.49573942022 0.99812337335 2.67696087998 0.702679406429 2.69393491445 ;
1.78708933244 4.76137758197 1.96024897711 2.32999768197 0.494787621709 0.787223315381 2.56151175718 ;
2.68016098666 4.62730092271 3.08750874811 3.7469767829 3.71311750065 2.1563865292 3.10649573789 ;
1.333708603 4.75554897931 1.72369352344 1.55022573351 3.17175422167 0.659916545715 2.90413873942 ;
2.69186363706 4.61089379918 3.14408744587 3.93638145268 3.66164952321 2.34513819379 3.08683248353 ;
1.74328732294 4.75335701885 1.99764291248 1.91091518533 3.24577181021 0.734445003525 2.99951419943 ;
1.48149189994 4.76152551016 1.78302241758 2.03869877849 0.357146537494 0.727464138234 2.45988348302 ;
2.67209233057 4.6090003609 3.15871204464 3.91320227325 3.74074699652 2.47772345323 3.12164366908 ;
1.42003695269 4.76032211066 1.6772777915 1.96160257857 0.438314776136 0.741341862887 2.47543524915 ;
1.85988716026 4.74766413326 2.11726804641 2.09302226642 3.20627491792 0.686804339607 2.97263643132 ;
1.33214179071 4.76410018864 1.6361649446 1.799075709 0.641240664743 0.653386960811 2.46974700992 ;
2.00378137305 4.7394501195 2.22566799234 2.2780268755 3.33832563759 0.733805533408 3.03422768016 ;
2.66495122786 4.603072364 3.17771442613 3.98294622769 3.63713849358 2.63769498071 3.09497332099 ;
1.63842273081 4.75797400521 1.90494435129 1.81719887826 3.16896178881 0.714553394615 2.94546098992 ;
1.58598460934 4.76300728818 1.86688025835 2.14341656074 0.231648477478 0.794262133873 2.50242545919 ;
2.68846589633 4.61158417339 3.13445919934 3.89360094314 3.70016694808 2.26861189503 3.09488341851 ;
1.4379534198 4.76175142482 1.6736071749 1.94679671862 0.525407007456 0.705293837219 2.48956718367 ;
1.88831713789 4.74228043155 2.16724337048 2.1226259715 3.30783874028 0.730983091611 3.00006233808 ;
2.67879338651 4.60775696896 3.16633591442 3.96876111705 3.70123397903 2.52405651618 3.10799022914 ;
1.66566710817 4.76057634134 1.88521879626 2.24218664468 0.297196618042 0.79480766017 2.48558773496 ;
2.6814938366 4.61957584554 3.10455218066 3.80693157917 3.69654420347 2.19520471651 3.09711080627 ;
1.50438753286 4.7614587982 1.8267485227 1.68028730189 3.14791038866 0.676051610349 2.95029655668 ;
0.501607806157 4.75346319332 1.53199405865 0.920625582943 2.55140223253 0.721382080862 2.66804052962 ;
2.63047912175 4.6220302229 3.09163602332 3.7373803208 3.76753601885 2.25935309953 3.13013902481 ;
2.22357658818 4.76213969681 2.04309680039 2.53762949606 1.62047876784 0.645211798578 2.77663494994 ;
1.32264946395 4.76005573723 1.56053076351 1.81581345595 0.579948921423 0.687837843099 2.4422828767 ;
2.67839801296 4.60729215327 3.15592849778 3.92924010173 3.68956419292 2.45379584709 3.11809155213 ;
1.90652288372 4.75192398717 2.18156435203 2.13838701938 3.19523051828 0.712956827539 3.00118121964 ;
1.737068634 4.74902485453 1.99640008209 1.95633150029 3.21784805165 0.713432515463 2.94865463529 ;
2.69016265831 4.61088967422 3.14988241177 3.92637907025 3.70370970923 2.38764011559 3.11433359506 ;
1.52865924098 4.76361298171 1.81648985554 2.05773504977 0.31185972081 0.75025260041 2.49565714011 ;
2.67865262025 4.62526282094 3.08810556309 3.76242514126 3.70009161946 2.16289696176 3.09723812643 ;
1.34325967211 4.75701509552 1.71892721459 1.56314839027 3.24180031955 0.683740974606 2.93334611129 ;
1.76817028438 4.76267198324 1.96151919897 2.26828152224 0.540839950884 0.750522523239 2.55911458276 ;
2.37387463348 4.74223267164 2.47110957171 2.71933127735 3.0000711929 0.781401128971 2.99579739189 ;
1.0433513266 4.7584582337 1.43801631217 1.41899148786 1.30786038421 0.64742707867 2.55162009805 ;
2.60226625912 4.59205156079 3.19522478195 3.9725327106 3.76263592276 2.73560089571 3.1334860875 ;
1.99018517303 4.74009673006 2.32190339603 2.26122201184 3.38299439822 0.759513952917 3.0531309175 ;
2.66556418697 4.59907038788 3.18433936174 4.00600040686 3.67626580037 2.64916862585 3.10295874366 ;
1.42023305138 4.76180098502 1.5637395551 1.88620925477 0.724928559794 0.67355292961 2.47377319382 ;
2.6614495563 4.59929085156 3.18914037899 4.00993404018 3.70606663981 2.66243462343 3.11042747973 ;
1.42977994619 4.76335770721 1.6962682007 1.92665960029 0.601544361331 0.683349363102 2.52448966028 ;
1.98277371838 4.73754746102 2.22529735407 2.24593706814 3.37835011376 0.765146675657 3.00080573294 ;
1.66105841655 4.76458460024 1.93277890031 2.20865843633 0.206642871049 0.797424008151 2.55122839717 ;
2.6736207934 4.62724234958 3.08944433751 3.7582858907 3.67173199191 2.14056249988 3.09141146615 ;
1.4491675286 4.75675841769 1.73808483999 1.65635213521 3.10831351143 0.66071406993 2.89028745338 ;
2.67150363393 4.61105939092 3.1547735872 3.88930404994 3.7158910542 2.46187500627 3.12639734316 ;
1.87009968768 4.74822034448 2.09119238718 2.11545369383 3.20312276303 0.675125898402 2.98360042512 ;
1.37480712383 4.76147048196 1.68640155851 1.89365994191 0.479148430235 0.714566315791 2.44691250206 ;
2.66965839634 4.60759491569 3.16727528086 3.95273282058 3.71249225236 2.53269552185 3.11001746121 ;
1.43870803975 4.76180502877 1.72123746406 1.94787293207 0.475702279409 0.714086432017 2.4843295517 ;
1.88772386474 4.7429819399 2.12719169416 2.13046092669 3.28331769726 0.71336780035 2.99313384598 ;
2.54887350596 4.74952700711 2.45354622631 2.8722357024 2.32898964411 0.723045934999 2.91343156674 ;
0.819147616121 4.75475168197 1.41278650307 1.25905849091 1.89833979615 0.693528411113 2.59928333411 ;
2.59320869495 4.60287932663 3.1631018146 3.83168717231 3.86793143899 2.56106199499 3.16239232437 ;
1.9994535368 4.73792200754 2.23122866199 2.2646102544 3.36830773384 0.741970158868 3.02605009961 ;
2.66555999372 4.60229091993 3.18156634755 3.98743473083 3.68092229078 2.63735805436 3.10302282092 ;
1.3766668465 4.76392583764 1.66372960718 1.86353960781 0.651521161737 0.679821281897 2.49489776249 ;
1.62643126606 4.76321516187 1.90317025087 2.18086044981 0.197108188403 0.808328318267 2.52748297166 ;
2.67719853843 4.62079004072 3.10082438777 3.79956025485 3.68507171303 2.2015932196 3.09010148818 ;
1.52956073371 4.75942851128 1.81163110224 1.72874027442 3.12118938794 0.650267881842 2.91650281264 ;
0.991598204056 4.75164466515 1.44036488603 1.19861054914 2.85164188684 0.68701443015 2.73958254638 ;
2.65147972885 4.63571031753 3.04869216917 3.63921705944 3.74419029993 2.06412876424 3.11899145023 ;
1.99585608277 4.76390725167 2.13906489849 2.58429222456 0.805729222751 0.75552221992 2.6896476447 ;
2.59116645582 4.5953453904 3.18699140481 3.93232299689 3.76206468119 2.72413222274 3.13633980373 ;
1.03864206174 4.75872599506 1.48571266999 1.44093109881 1.37523080465 0.682240136501 2.57740609808 ;
2.43724463629 4.74131114505 2.46654980066 2.76578586602 2.99806337206 0.72970644914 2.98703786452 ;
1.44079429624 4.76347066299 1.68704777964 1.99385131482 0.570993530439 0.686599034863 2.48452286469 ;
1.78198661746 4.75340125402 2.07745474314 1.90876259033 3.35069479494 0.792575961436 3.0272970449 ;
2.69995244643 4.60968716542 3.14801302568 3.94757821894 3.65085998962 2.3150827645 3.08753223522 ;
2.66200038016 4.60004852258 3.18560080938 4.00453959506 3.69272141292 2.65574590925 3.10275949321 ;
2.00675649632 4.73825140403 2.26305163318 2.28426404755 3.37139390303 0.752955809122 3.02454559429 ;
1.39278398067 4.76276065684 1.63987973142 1.85811164583 0.666804539761 0.686430779644 2.50470982787 ;
2.67697308574 4.62222594353 3.10399077377 3.79302396585 3.68134286302 2.18879262407 3.0954526908 ;
1.65926217534 4.76707296756 1.96459891445 2.17031279022 0.201082233957 0.785560233745 2.59556206173 ;
1.49926491002 4.7563025134 1.75775762654 1.72528358727 3.12345344758 0.667846054546 2.86606404335 ;
1.36915134198 4.76348946636 1.61187024481 1.83810556673 0.772773729284 0.672834687002 2.48948530874 ;
2.66099594827 4.60004697808 3.18918262425 4.00211214314 3.66936434302 2.66527347077 3.1093265291 ;
2.04546587183 4.73689917232 2.30117291715 2.31528960029 3.40604918979 0.756601427086 3.04724519657 ;
2.45015468003 4.74583720406 2.31691024071 2.81425265697 2.55370110282 0.674840991934 2.86914799389 ;
2.56400604273 4.6142123182 3.13836040629 3.74740109093 3.82897447037 2.5073443365 3.18081572647 ;
0.867774522445 4.75803030854 1.48107575742 1.25216474224 1.49042803315 0.645861515322 2.58285900763 ;
2.67807625294 4.62507580966 3.09274546325 3.77575282755 3.66987202995 2.15700639415 3.08982195696 ;
1.46690730749 4.75730884887 1.76750016038 1.66596049398 3.14162235333 0.669053436104 2.90204080658 ;
1.65205533962 4.76485763623 1.91238616543 2.19919394136 0.240440750832 0.785108619717 2.5498389363 ;
2.68839795155 4.60975268102 3.14462053017 3.91993476586 3.69310467013 2.34382149041 3.10475664616 ;
1.4872188989 4.76242310901 1.74351847722 2.02387767857 0.394813776575 0.72143960535 2.48610903368 ;
1.74393704474 4.75453979884 2.02087644607 1.92742490368 3.23601229813 0.732753410547 2.97206347724 ;
2.00165017573 4.76489291976 2.18489595 2.55475453201 0.683423138166 0.755126429317 2.65800215396 ;
2.64933662478 4.63791767388 3.0345932039 3.62160034686 3.72517315419 2.03139399944 3.11991797989 ;
0.994528218139 4.75255225403 1.40845624836 1.25885539973 2.80250316431 0.695121172634 2.74605676901 ;
2.68221110229 4.60783235829 3.16435291226 3.97224682261 3.64079490383 2.50761077193 3.09696466181 ;
1.36814458509 4.76426614746 1.64596255862 1.85650904378 0.485121388703 0.661215220855 2.4832909641 ;
1.89371633989 4.74404171282 2.14727618147 2.13057454134 3.27371758673 0.737466414157 2.99240429643 ;
1.41216962894 4.75600030894 1.71561699711 1.64790626069 3.11586066005 0.671626908504 2.86427573763 ;
2.67960055192 4.62801826678 3.08583554101 3.74587971826 3.67394919343 2.12952153642 3.093358535 ;
1.68423564781 4.76550597468 1.95423165456 2.21388921348 0.227227871964 0.784949889866 2.58818238767 ;
2.69444159046 4.61328302065 3.12024634131 3.87944743018 3.65434805821 2.24377708217 3.0873978306 ;
1.58804764634 4.75929117828 1.93752156798 1.78689500732 3.23948998768 0.735142249472 2.95122784652 ;
1.59805399206 4.76530426236 1.78078780087 2.08833386087 0.340117342588 0.723092025296 2.52360251338 ;
1.40860238048 4.76484729345 1.66583993086 1.86651421346 0.604584071475 0.665087722978 2.50716759393 ;
1.98606466838 4.74009475939 2.23453718327 2.25781289937 3.37058668545 0.758519141418 3.02666719681 ;
2.65629315411 4.59720624346 3.18089287092 4.01487225753 3.66329480379 2.66027433931 3.0835622888 ;
1.58331585934 4.76334551055 1.87560697738 2.13478949096 0.178973890994 0.793015010218 2.52212916506 ;
1.66316341948 4.75414554577 1.92438301689 1.8833507186 3.12958328742 0.686386316567 2.90681504297 ;
2.68762379701 4.61203197817 3.13686393851 3.8853503334 3.7209123756 2.32952155029 3.11617777704 ;
2.68320288341 4.61195014854 3.14009456922 3.87994925583 3.68755034131 2.3456826194 3.11908336577 ;
1.40001286063 4.76147265082 1.6666049232 1.93333808526 0.411381073947 0.703670768414 2.41862751917 ;
1.77239438404 4.75674060857 2.0368613713 1.97669441628 3.15869187442 0.697262634459 2.98327105847 ;
2.69444052755 4.61147329018 3.12831534002 3.91201203898 3.62512125381 2.2438567046 3.07915231593 ;
1.65392819974 4.75691297036 1.93058976193 1.79195994796 3.35871633849 0.808129484908 2.99563423701 ;
1.53531036115 4.76769601698 1.81696838399 2.04624122568 0.502188091742 0.661930748815 2.52055903653 ;
2.69645316665 4.60674740427 3.1580504426 3.98252103139 3.65469861697 2.39073008036 3.0797533677 ;
1.45786367926 4.76315774558 1.67442684125 1.96047479623 0.645001687014 0.672091629471 2.49284606854 ;
1.83388979817 4.74881428477 2.14700250582 2.0026667725 3.40009121441 0.805319801044 3.05122420145 ;
1.18796680196 4.74778271675 1.40350374598 1.50292443214 3.19624114054 0.734400405647 2.82711012659 ;
2.66023919478 4.63661335726 3.06863335401 3.64965681835 3.67945254585 2.03520954307 3.10821847313 ;
1.73581087299 4.77021625512 2.07802338252 2.19150058578 0.56235923357 0.715894984364 2.61343834893 ;
1.51527365997 4.76529622013 1.81590904043 2.03005564219 0.315526965565 0.727464571608 2.50426145594 ;
2.68767398379 4.61372376377 3.13372066046 3.88726734956 3.67032476823 2.30688411358 3.10283998463 ;
1.68233311794 4.75418724286 1.93609430872 1.88436229123 3.21258647994 0.70703890837 2.94406934867 ;
1.4830235051 4.75482733557 1.74456833553 1.69813687549 3.15235610813 0.673687117071 2.87270508999 ;
1.6743940082 4.766393369 1.9747515032 2.20246888511 0.273550709426 0.785165412878 2.58164219394 ;
2.67857553384 4.62330617385 3.10487588046 3.78855502939 3.6895611268 2.18309011703 3.10344457121 ;
1.1977449198 4.76349720864 1.60223217316 1.63303317141 0.783166617372 0.639627987331 2.46246086457 ;
2.65995670185 4.60403662545 3.18092406876 3.99449632561 3.58792395283 2.61004448348 3.09439266867 ;
2.08716636353 4.74087152819 2.23219960074 2.35135204484 3.29270608206 0.740732305925 3.03975880716 ;
1.71422558615 4.76607602066 1.84212188418 2.22172897571 0.571692348167 0.71737925396 2.55856243987 ;
2.67341991155 4.63872583176 3.03006293574 3.65250773741 3.63762718651 2.00763470835 3.09730553986 ;
1.10859072515 4.75287012889 1.67007491396 1.35523569757 3.27444556665 0.732249257356 2.90111986563 ;
2.59333668728 4.60819386724 3.1437058915 3.86161162266 3.77259958766 2.61941852557 3.132764073 ;
0.877165638425 4.75262780366 1.29237606238 1.37101740108 1.65530096918 0.726408927741 2.52393581271 ;
2.46499790561 4.74641476164 2.54303919447 2.71431748326 2.60338307197 0.629637054778 2.99548690264 ;
2.55866277517 4.65777068294 2.90969072226 3.11026746513 3.86774874735 1.39384905561 3.23632330776 ;
1.34542291707 4.7648282174 1.56211652957 1.65289904565 1.53396660911 0.574689000951 2.64809896057 ;
2.37316312135 4.65440480085 2.98258791772 4.25839766906 2.59766545632 3.12444923623 2.65712699918 ;
2.67220062287 4.63628053907 3.0382093526 3.67636247506 3.64050912368 2.04451692436 3.08631012334 ;
1.24416952217 4.75421656549 1.67112128973 1.49299298675 3.17925087636 0.678722353671 2.90751012937 ;
1.69722578141 4.76664682248 1.90037862309 2.20901677565 0.370522152613 0.750373734894 2.54278719225 ;
2.67063750337 4.60651576436 3.17665520458 3.9768299778 3.70939353003 2.58746343813 3.11198311979 ;
1.92133674982 4.73837449676 2.17652398267 2.17485708543 3.32161595049 0.731747457289 2.99725399413 ;
1.43871845023 4.76287420514 1.69677286926 1.94597059998 0.52364521869 0.704598543258 2.49603527412 ;
1.61199944717 4.75744253688 1.87347579301 1.81671444433 3.15763138902 0.692851928687 2.92617392948 ;
2.6862636757 4.61425577615 3.12612332731 3.86323019345 3.68293266242 2.26348383998 3.09934971375 ;
1.58425863842 4.76561740247 1.87781030377 2.11036902523 0.219418657485 0.767921081679 2.51293781284 ;
2.66650556352 4.73426042478 2.6560856136 3.03177017354 2.90353090625 0.745935401194 2.98652325422 ;
1.1268698223 4.75912709335 1.52713769104 1.50485784265 1.73037674936 0.709297566 2.6556892046 ;
2.56093784012 4.5920709864 3.18683441915 3.92136718042 3.8119706738 2.77030207319 3.13746641978 ;
1.57237145766 4.75975013166 2.00593582495 1.68339135988 3.4124921378 0.787107593597 3.0291177615 ;
2.69326159972 4.61014604556 3.13102567418 3.89752533197 3.67748626859 2.27675230347 3.09246760883 ;
1.65905206302 4.76247874421 1.76932277514 2.19740424861 0.701655136726 0.680917833158 2.52132732732 ;
1.59875548971 4.75923738908 1.8713436726 1.77182984077 3.18218811278 0.690811056226 2.94075130097 ;
1.58860000685 4.76462966081 1.86918476272 2.13924552894 0.25901440316 0.766649521775 2.51112229715 ;
2.6832024168 4.61479090123 3.11816977947 3.85897565527 3.67199879812 2.24743490905 3.09138753541 ;
2.65385287836 4.59887463135 3.18539342025 4.00016086231 3.65855856116 2.68313144105 3.10193484435 ;
2.1296320199 4.73922071093 2.40166811542 2.42144682749 3.31305264121 0.756286613416 3.04684117422 ;
1.2659350108 4.76150895015 1.48254976759 1.69875593651 0.923473379851 0.65367018047 2.50124049175 ;
2.60095622347 4.72975703528 2.60714500518 3.08496303663 2.4773110088 0.713011657553 2.87217735002 ;
2.57605922562 4.61183608348 3.13871278266 3.77087753902 3.8878654246 2.6228369162 3.19090477357 ;
1.01941761955 4.75906643156 1.45197323355 1.3643092673 1.83757146253 0.692968149347 2.65669334482 ;
2.64308969078 4.63605214891 3.04319785701 3.61914186467 3.7684269582 2.07368595806 3.13600749638 ;
0.969393164923 4.75271927254 1.3691548433 1.21448954246 2.67905086109 0.683131178849 2.71160471743 ;
2.09293430836 4.76131759445 2.26995943181 2.68731046432 0.871012596607 0.758308641365 2.68788234043 ;
2.68593541136 4.61249175127 3.11983479168 3.88539184462 3.65761500991 2.25468256553 3.09088637373 ;
1.61084259557 4.7637209714 1.71054592676 2.13188274006 0.531761832062 0.720734950078 2.46429997413 ;
1.5960283146 4.7601431387 2.01295386461 1.7355420862 3.31317713426 0.733421059361 3.02694138699 ;
1.65213818626 4.76405612523 1.92536142444 2.19886959637 0.196991666598 0.813439120017 2.55112368415 ;
2.68432230342 4.6212732828 3.10412801787 3.79863767234 3.69147375644 2.19220754211 3.10093978238 ;
1.50701387821 4.75794563679 1.79661732233 1.72342404661 3.11644167625 0.663036490003 2.88841367955 ;
2.63051884199 4.63977709829 3.04698012163 3.6087002957 3.70787346318 2.00380294321 3.11210498613 ;
1.88061708433 4.77161081981 2.33006455384 2.37195049103 0.649554063401 0.733081291905 2.70668087173 ;
1.08455300501 4.74693000671 1.18246856288 1.36785230178 2.82906049427 0.719888062649 2.70092888345 ;
0.825077423596 4.7499859564 1.11985399974 1.37295445808 1.44138445318 0.656173566168 2.43236696839 ;
2.62258266707 4.61009796821 3.12969988892 3.83355843229 3.78721736212 2.42639400405 3.127374449 ;
2.25202891881 4.76103670803 2.44943097106 2.45587169474 2.48451671465 0.695460549213 2.98657767726 ;
1.14912137429 4.75637749003 1.63792126978 1.41441408739 3.12963816083 0.681082672381 2.87698570539 ;
1.7627712044 4.76158244979 1.90541312582 2.28900320088 0.464271757764 0.770109782742 2.53863591709 ;
2.66768890904 4.63829036214 3.03678169125 3.64540052701 3.67481856397 2.02167258132 3.10955846002 ;
1.69475673429 4.76743707532 1.95577626437 2.19933001375 0.261098247815 0.779707519329 2.58706091345 ;
2.67911637894 4.63161224676 3.07158467558 3.71470107217 3.66463826294 2.07936245505 3.09547805682 ;
1.34191103482 4.75457777382 1.67001617111 1.60259652866 3.1243471862 0.687222496924 2.85515935357 ;
