2.84400296458 4.51620309571 3.37621492112 4.05439344774 4.41805938659 2.27790595043 3.38748416699 ;
1.50427327424 4.6968120511 2.79172396183 2.4833952208 1.14706406217 1.65235904355 2.53348104245 ;
2.31626653798 4.80717148042 2.73090786461 2.77044207666 3.27516370172 1.72529600207 3.2876122204 ;
2.03028200829 4.70296744207 3.08217214123 4.4982691249 3.04925859732 3.77710299814 2.85543683302 ;
2.78639253542 4.62399998304 2.97495384781 3.94399175364 2.06153813002 2.52375023192 2.24583028374 ;
2.19003896408 4.74956900578 2.73089094344 2.8654076691 2.59027421891 0.0 2.95362806066 ;
1.60278036907 4.7601261587 0.0 2.23652512933 2.11656586017 0.87072772737 2.71032497308 ;
2.10333457247 4.7125260423 3.09848567467 4.50235893931 3.04476278562 3.77781639556 3.11626449165 ;
1.60278036907 4.7601261587 0.0 2.23652512933 2.11656586017 0.87072772737 2.71032497308 ;
2.83770662523 4.5072165156 3.42004022236 3.95465721309 4.65482967572 2.39702484773 3.4460062041 ;
2.92563360593 4.64307181431 3.10812503621 4.12903455105 3.30150366796 1.26618737973 3.12299997956 ;
1.86195001435 4.77641640442 2.63927282824 2.5933022177 7.0257523292e-06 0.974214628264 3.04228623804 ;
2.00435019644 4.6606156365 2.93107618133 3.46395634584 2.39609723138 1.91406065181 0.0 ;
1.9106507457 4.78502183834 2.61531834233 2.34406984865 3.15082531821 1.01582388874 3.21661362149 ;
2.85982321576 4.51939894548 3.45091243085 3.83491164195 4.78215871456 2.42733324883 3.50633543197 ;
1.81456608866 4.77505398981 2.65692732394 2.59799131166 6.40068539599e-06 0.980082187772 2.73964307082 ;
1.9518438167 4.79631913245 1.8005008404 2.27934513418 3.13868460903 1.45250533085 3.21910031086 ;
2.29731294294 4.74025038439 2.77316620598 2.96967497612 3.16588645774 0.0 3.00936450073 ;
2.05765236938 4.70224186283 3.08663604949 4.48346828474 3.02284994502 3.77096951619 2.82410737634 ;
1.75300634549 4.59632391517 1.6726292173 2.94866060847 2.19012863614 1.82124986578 1.76438208931 ;
2.88861709646 4.62679114143 3.12486834304 4.26840916366 3.27503224976 1.87138198462 3.14239128868 ;
2.82927695899 4.49841057767 3.44791865632 3.88363368084 4.7555288929 2.45064010691 3.47320595587 ;
1.86104467142 4.77636035769 2.64165561899 2.59138574126 7.08107321368e-06 0.968528329274 3.06189729477 ;
1.97447630757 4.8051847067 2.61722662833 2.30042777637 3.15834633164 0.966160802432 3.251331694 ;
2.1227152673 4.57884771495 2.91834192222 3.33476679244 2.6490391187 1.71885241039 1.17620540853 ;
2.01612228921 4.70018641687 3.07346590206 4.492725378 3.0039400182 3.77750217844 2.81241613191 ;
1.60278036907 4.7601261587 0.0 2.23652512933 2.11656586017 0.87072772737 2.71032497308 ;
2.93046196316 4.65417636698 3.12280827802 4.19458050878 3.38130930926 1.26155053003 3.20834926843 ;
2.80976708861 4.50142530927 3.38820669673 4.05972953194 4.4234163702 2.30194716698 3.37611381411 ;
1.30680150203 4.73827311151 1.66915576794 2.54375265468 0.744312295989 1.43971178428 2.67735255498 ;
2.12413949991 4.71056850273 3.09669102821 4.4917629901 3.05373688872 3.76775224735 3.12419546771 ;
2.19755944242 4.75239814409 2.75223820369 2.87926940179 2.63125418441 0.0 3.16321481753 ;
2.68500131551 4.81509634023 2.84404274518 2.97484255975 2.6236109535 1.69487706974 3.25953166462 ;
1.6973620722 4.6869668119 1.20781833211 2.51885090669 3.31530898179 1.50937674114 3.16134211978 ;
1.91129879259 4.6619408173 2.48279394183 3.32240484867 2.30599395829 1.7549530406 0.0 ;
2.82977572107 4.49867022502 3.44604898534 3.87936305325 4.75752062415 2.45137969157 3.47467724235 ;
2.1227152673 4.57884771495 2.91834192222 3.33476679244 2.6490391187 1.71885241039 1.17620540853 ;
1.86104467142 4.77636035769 2.64165561899 2.59138574126 7.08107321368e-06 0.968528329274 3.06189729477 ;
1.97447630757 4.8051847067 2.61722662833 2.30042777637 3.15834633164 0.966160802432 3.251331694 ;
2.01612228921 4.70018641687 3.07346590206 4.492725378 3.0039400182 3.77750217844 2.81241613191 ;
2.92977220466 4.65345301251 3.12520242416 4.1963263267 3.384838561 1.26525963911 3.20830516662 ;
1.60278036907 4.7601261587 0.0 2.23652512933 2.11656586017 0.87072772737 2.71032497308 ;
2.15438981607 4.78843389265 2.59028986484 2.2860313839 3.62595919724 1.08988834857 3.28806397641 ;
2.06606864775 4.71112532748 3.07733189594 4.50690642789 3.02296401805 3.77690764061 3.11071863841 ;
1.60278036907 4.7601261587 0.0 2.23652512933 2.11656586017 0.87072772737 2.71032497308 ;
2.88164238144 4.64176187299 3.02235068272 4.148581438 2.65105943721 1.43478324793 3.02969018053 ;
2.00435019644 4.6606156365 2.93107618133 3.46395634584 2.39609723138 1.91406065181 0.0 ;
2.8791707174 4.54412739221 3.43344827091 3.96363664744 4.62783552421 2.11529679821 3.48825499247 ;
1.42318615167 4.79029420522 2.61023390318 2.29967622116 1.00508655243 0.778782179781 3.0084607464 ;
1.52668651734 4.68556805367 2.76829461851 2.42887660568 1.16909417015 1.65998321551 2.48003191637 ;
2.02444620638 4.70390030845 3.08185001312 4.50152607945 3.04912395427 3.77930683462 2.85150242971 ;
2.81366846146 4.64718910186 2.99217206366 3.99164701899 2.04717089854 2.50592329782 2.3327084103 ;
2.84236437195 4.51554098517 3.3769067401 4.05785378245 4.41391129886 2.28018323827 3.38892239384 ;
1.60278036907 4.7601261587 0.0 2.23652512933 2.11656586017 0.87072772737 2.71032497308 ;
2.28356432833 4.80554930594 2.7285838705 2.74789045737 3.29320343379 1.72224464416 3.29176369312 ;
2.19003896408 4.74956900578 2.73089094344 2.8654076691 2.59027421891 0.0 2.95362806066 ;
2.84126186773 4.50597711234 3.4421763166 3.88651220774 4.74577445845 2.44084575726 3.47934306558 ;
2.91692776455 4.63475140726 3.1265320613 4.19210213891 3.35470668754 1.34121258892 3.11125234691 ;
1.74262492378 4.781735142 2.1314001389 2.49444274714 5.6737936791e-06 0.904227296189 3.01554090753 ;
1.27600874333 4.71230025813 1.46790613609 2.38458649151 3.06382623508 1.13228484423 3.0729165738 ;
1.91129879259 4.6619408173 2.48279394183 3.32240484867 2.30599395829 1.7549530406 0.0 ;
2.47468803688 4.8192821072 2.70521985137 2.44091653591 3.14622386988 0.944870797083 3.2722462565 ;
2.08555591142 4.71056715184 3.09155648667 4.50294894968 3.03425887813 3.77752297492 3.12532882036 ;
2.15438981607 4.78843389265 2.59028986484 2.2860313839 3.62595919724 1.08988834857 3.28806397641 ;
1.42318615167 4.79029420522 2.61023390318 2.29967622116 1.00508655243 0.778782179781 3.0084607464 ;
2.00435019644 4.6606156365 2.93107618133 3.46395634584 2.39609723138 1.91406065181 0.0 ;
2.88164238144 4.64176187299 3.02235068272 4.148581438 2.65105943721 1.43478324793 3.02969018053 ;
2.8791707174 4.54412739221 3.43344827091 3.96363664744 4.62783552421 2.11529679821 3.48825499247 ;
2.06606864775 4.71112532748 3.07733189594 4.50690642789 3.02296401805 3.77690764061 3.11071863841 ;
1.60278036907 4.7601261587 0.0 2.23652512933 2.11656586017 0.87072772737 2.71032497308 ;
2.19518706599 4.75218403469 2.73596587414 2.87084370658 2.62701799161 0.0 3.1549054087 ;
1.60278036907 4.7601261587 0.0 2.23652512933 2.11656586017 0.87072772737 2.71032497308 ;
2.43481596092 4.4242301893 3.36131445 4.07538663855 4.07800668376 2.49421799053 3.23960650768 ;
1.98081323362 4.7815866191 2.65323203244 2.64682579888 1.51089142286 1.55439311729 3.0998937917 ;
2.33778934267 4.74275187622 2.91818047264 2.98552244008 4.31582787199 2.10563605548 3.47715136839 ;
2.71563179149 4.75412201414 3.0912209941 4.34292634452 2.98898896476 3.07714511497 3.13107469865 ;
2.02368456276 4.65212399272 2.93523734763 3.44231670733 2.3981193058 1.94992748698 0.0295593434307 ;
2.22121970376 4.69878421544 3.08685029751 4.49447876085 3.01724775654 3.77834407881 2.78966569942 ;
2.41247002362 4.80976773291 2.05158140066 2.34571309694 2.99187261058 0.931134688318 3.22667683606 ;
1.81378256025e-05 4.75227104085 1.91510237422 2.4027815656 2.61990592806 1.33162050788 3.05848170327 ;
1.86398888144 4.77241341481 2.65957689322 2.59004831082 6.54033671372e-06 0.970639548716 2.7303915762 ;
2.33910188518 4.57405453241 2.25939076001 3.03461189746 2.79523863365 1.62942662591 1.16010946126 ;
2.85031930242 4.50705977241 3.45645359474 3.84399266401 4.79319828755 2.46507683644 3.49405810819 ;
2.87880766936 4.64623029064 3.11070091656 4.19137058109 3.39314760238 1.31492976579 3.19310830122 ;
1.31497623696 4.79444509868 1.66536872784 2.17871291448 0.847261680242 1.2201796641 2.8703008683 ;
2.7908495785 4.47714438365 3.40147828925 4.0514950576 4.42327099256 2.31185546674 3.38354856877 ;
2.08687890731 4.74401917376 1.87900040412 2.35526731858 3.51622989869 1.64387185111 3.26159159659 ;
1.91129879259 4.6619408173 2.48279394183 3.32240484867 2.30599395829 1.7549530406 0.0 ;
2.1048020856 4.70958204396 3.0979683263 4.50258154978 3.05595126091 3.77411257996 3.10447944425 ;
2.94119182071 4.77373898975 2.95996543151 4.02192776637 2.40446219837 1.90793705213 3.12591791884 ;
2.19755944242 4.75239814409 2.75223820369 2.87926940179 2.63125418441 0.0 3.16321481753 ;
2.8909423952 4.62592526442 3.12529013665 4.27047563315 3.27695682563 1.87161806449 3.14184161688 ;
2.85954234261 4.52015402507 3.44952027552 3.83487285889 4.78002926985 2.42540923135 3.50543793491 ;
1.75300634549 4.59632391517 1.6726292173 2.94866060847 2.19012863614 1.82124986578 1.76438208931 ;
1.95218331513 4.79630038302 1.8030053547 2.28240544743 3.13623487512 1.45339775643 3.21928407841 ;
2.05765236938 4.70224186283 3.08663604949 4.48346828474 3.02284994502 3.77096951619 2.82410737634 ;
2.29731294294 4.74025038439 2.77316620598 2.96967497612 3.16588645774 0.0 3.00936450073 ;
1.81456608866 4.77505398981 2.65692732394 2.59799131166 6.40068539599e-06 0.980082187772 2.73964307082 ;
2.48655546988 4.82312570719 2.72811523443 2.51772686045 2.14220893246 0.939044783722 3.22514899567 ;
1.91129879259 4.6619408173 2.48279394183 3.32240484867 2.30599395829 1.7549530406 0.0 ;
1.52188517246 4.72562683244 1.8936449612 2.09462289536 4.02418746196 1.24687906238 3.33653731491 ;
2.82394230326 4.50019096506 3.43264876355 3.93671526445 4.68122350587 2.4161674471 3.4506876035 ;
2.08312560183 4.70637358628 3.08550405223 4.49685321303 3.02012481228 3.77662925429 3.09614551687 ;
2.92985133696 4.64522198044 3.11660281042 4.16145440853 3.29377140063 1.28988011943 3.16293911277 ;
1.13357113285 4.74580076341 1.33111523279 2.38127276023 1.51655270981 0.875608462831 2.84428755608 ;
2.03696295062 4.70527883105 3.0837630927 4.49536261718 3.04340180822 3.77464480055 2.8493677279 ;
1.60278036907 4.7601261587 0.0 2.23652512933 2.11656586017 0.87072772737 2.71032497308 ;
2.72051675776 4.53209269824 2.99074122262 3.9158382433 2.39562778614 2.25508740421 1.88524875903 ;
2.19833484495 4.7520929457 2.7359544572 2.86859095872 2.63189747043 0.0 3.17456252357 ;
2.86042266697 4.52084533611 3.37910336973 4.04547957535 4.42960332484 2.27934601444 3.38834928222 ;
1.52131446316 4.80309792406 2.6733789374 2.1882955212 0.669168213214 1.29576689935 2.18079017776 ;
2.27641197535 4.78955479187 2.75540051723 2.86137928496 3.20919956324 1.74100965032 3.27847410285 ;
2.20003819375 4.75190797602 2.73631784538 2.86995455387 2.63093553649 0.0 3.17221032974 ;
2.69957175292 4.51246501147 3.01250469208 3.90453813664 2.49969694017 2.28813017138 1.80315454701 ;
2.86042266697 4.52084533611 3.37910336973 4.04547957535 4.42960332484 2.27934601444 3.38834928222 ;
2.04201693389 4.704772789 3.07977321692 4.49163229128 3.04324054383 3.77210834664 2.84386612045 ;
1.60278036907 4.7601261587 0.0 2.23652512933 2.11656586017 0.87072772737 2.71032497308 ;
1.5896119478 4.80004900241 2.68087242199 2.27344534385 0.650040071245 1.2976048523 2.21694799652 ;
2.28336428258 4.78965396094 2.75484703586 2.87126366715 3.19936671894 1.74415655773 3.27494777431 ;
2.84733023405 4.51642457407 3.37627497162 4.05406793409 4.41353960838 2.27480738186 3.3834111556 ;
2.28747811472 4.79657507637 2.73982278531 2.81395012107 3.13540011544 1.73286471268 3.259397313 ;
2.28537715556 4.74336234663 2.73900028095 2.9466073224 3.11427028467 0.0 3.19873650184 ;
1.80521333457 4.77518934732 2.6803512341 2.5889382539 6.63687304898e-06 1.01624758215 2.71879780512 ;
2.35648473799 4.54846706451 3.0479674437 3.56405497919 3.10462400862 1.96814947239 1.38440304729 ;
1.60278036907 4.7601261587 0.0 2.23652512933 2.11656586017 0.87072772737 2.71032497308 ;
2.06225498003 4.70366438784 3.08460087047 4.4875136495 3.029533262 3.7686681264 2.82861837217 ;
2.10210300671 4.71345428301 3.09654253941 4.5087334704 3.05043385316 3.77928245795 3.10545455475 ;
1.73852948828 4.78101974748 2.13688065995 2.48976605618 5.72800189896e-06 0.902061476726 3.03756461587 ;
2.48866542273 4.81251773522 2.14185156979 2.27933261796 3.11585466797 0.90645584733 3.24814589411 ;
0.547656259679 4.69563376586 1.9835292924 2.3241418344 3.09300301776 1.26207297323 2.91280945474 ;
1.91129879259 4.6619408173 2.48279394183 3.32240484867 2.30599395829 1.7549530406 0.0 ;
2.83879394332 4.50594643247 3.42246116877 3.95606922617 4.66205297444 2.40634699264 3.44733300128 ;
2.88770967837 4.65275196549 3.08709807521 4.12547210035 3.25910509453 1.23535001449 3.17631621066 ;
2.83338838654 4.50753276217 3.41153359134 3.96327250405 4.6425335809 2.39392542076 3.44138900735 ;
0.203150322192 4.73738149511 1.9727898436 2.14032531023 2.9926206171 1.04372613558 2.93654832581 ;
2.44241370118 4.79778633907 2.09996064942 2.29943997706 3.12192402596 0.954676932293 3.22738637238 ;
2.10210300671 4.71345428301 3.09654253941 4.5087334704 3.05043385316 3.77928245795 3.10545455475 ;
2.88038121142 4.64949277065 3.0923188778 4.11117857353 3.27162332742 1.27343490863 3.16113291428 ;
1.73852948828 4.78101974748 2.13688065995 2.48976605618 5.72800189896e-06 0.902061476726 3.03756461587 ;
1.91129879259 4.6619408173 2.48279394183 3.32240484867 2.30599395829 1.7549530406 0.0 ;
2.83752509822 4.50704224499 3.41962493354 3.95620734332 4.65251036152 2.39629681499 3.44566789596 ;
1.9106507457 4.78502183834 2.61531834233 2.34406984865 3.15082531821 1.01582388874 3.21661362149 ;
1.60278036907 4.7601261587 0.0 2.23652512933 2.11656586017 0.87072772737 2.71032497308 ;
1.86195001435 4.77641640442 2.63927282824 2.5933022177 7.0257523292e-06 0.974214628264 3.04228623804 ;
2.00435019644 4.6606156365 2.93107618133 3.46395634584 2.39609723138 1.91406065181 0.0 ;
2.10333457247 4.7125260423 3.09848567467 4.50235893931 3.04476278562 3.77781639556 3.11626449165 ;
2.92593323112 4.64345181972 3.10788937275 4.12813701189 3.3008853119 1.26472572224 3.12268428443 ;
0.615337172292 4.68021625376 2.05654458085 2.27974779345 3.15279762036 1.2874857375 3.16480365753 ;
2.84552168101 4.50376345856 3.4442713815 3.8816848277 4.7538103785 2.44573027733 3.47970879168 ;
2.51140814758 4.81616958281 2.13529260734 2.32010016406 3.12558221888 0.905881090145 3.23860595182 ;
2.88610407622 4.65001847173 3.10866232356 4.17926107558 3.34603505576 1.33721060002 3.18554294336 ;
1.87885773353 4.6942026714 1.62821802348 2.81368023042 1.91645975069 1.1562911846 1.22186484288 ;
2.00651449821 4.70656035592 3.08152421792 4.50467434838 2.99933484526 3.78533666971 2.79666857541 ;
1.82138234537 4.77633049252 2.64146002764 2.59329399216 6.33307252209e-06 0.969729206915 2.73323172776 ;
1.60278036907 4.7601261587 0.0 2.23652512933 2.11656586017 0.87072772737 2.71032497308 ;
2.82927695899 4.49841057767 3.44791865632 3.88363368084 4.7555288929 2.45064010691 3.47320595587 ;
1.97447630757 4.8051847067 2.61722662833 2.30042777637 3.15834633164 0.966160802432 3.251331694 ;
1.86104467142 4.77636035769 2.64165561899 2.59138574126 7.08107321368e-06 0.968528329274 3.06189729477 ;
2.1227152673 4.57884771495 2.91834192222 3.33476679244 2.6490391187 1.71885241039 1.17620540853 ;
2.93046196316 4.65417636698 3.12280827802 4.19458050878 3.38130930926 1.26155053003 3.20834926843 ;
2.01612228921 4.70018641687 3.07346590206 4.492725378 3.0039400182 3.77750217844 2.81241613191 ;
2.00435019644 4.6606156365 2.93107618133 3.46395634584 2.39609723138 1.91406065181 0.0 ;
2.06865589307 4.8108107197 2.59718062345 2.30580993754 3.32137575851 0.952140503347 3.27216104498 ;
2.08349052713 4.7144343163 3.08577354819 4.5101024316 3.01925124699 3.77876633573 3.11829088016 ;
2.93016213684 4.62328541286 3.10039838999 4.23261754457 3.04276935145 1.46629406873 3.17708560112 ;
2.85955078154 4.55445181516 3.46702935605 3.82999708805 4.74100680076 2.10890559569 3.5101828502 ;
1.60278036907 4.7601261587 0.0 2.23652512933 2.11656586017 0.87072772737 2.71032497308 ;
1.61613470347 4.70171897052 2.67443454065 2.65236049706 1.11195377868 1.28819030784 2.86214488527 ;
1.60278036907 4.7601261587 0.0 2.23652512933 2.11656586017 0.87072772737 2.71032497308 ;
1.9106507457 4.78502183834 2.61531834233 2.34406984865 3.15082531821 1.01582388874 3.21661362149 ;
2.92661942716 4.64455107791 3.10817375349 4.12646646294 3.3004184249 1.26227158767 3.1236262766 ;
2.83705822743 4.50627046205 3.41783705611 3.95911584218 4.64691739168 2.39423480697 3.44299335848 ;
1.86195001435 4.77641640442 2.63927282824 2.5933022177 7.0257523292e-06 0.974214628264 3.04228623804 ;
2.00435019644 4.6606156365 2.93107618133 3.46395634584 2.39609723138 1.91406065181 0.0 ;
2.10333457247 4.7125260423 3.09848567467 4.50235893931 3.04476278562 3.77781639556 3.11626449165 ;
1.9106507457 4.78502183834 2.61531834233 2.34406984865 3.15082531821 1.01582388874 3.21661362149 ;
1.60278036907 4.7601261587 0.0 2.23652512933 2.11656586017 0.87072772737 2.71032497308 ;
2.10333457247 4.7125260423 3.09848567467 4.50235893931 3.04476278562 3.77781639556 3.11626449165 ;
1.86195001435 4.77641640442 2.63927282824 2.5933022177 7.0257523292e-06 0.974214628264 3.04228623804 ;
2.92593323112 4.64345181972 3.10788937275 4.12813701189 3.3008853119 1.26472572224 3.12268428443 ;
2.83752509822 4.50704224499 3.41962493354 3.95620734332 4.65251036152 2.39629681499 3.44566789596 ;
2.00435019644 4.6606156365 2.93107618133 3.46395634584 2.39609723138 1.91406065181 0.0 ;
1.25103059538 4.70329208325 1.48305697796 2.51036648166 1.7176923176 1.02492882379 2.88034681491 ;
2.92023033066 4.63014381147 3.15587130988 4.23079069741 3.58433049439 1.34055221619 3.19092644753 ;
2.07881383153 4.70211851145 3.08015577322 4.49066258097 3.01257653945 3.77435418088 3.09117049445 ;
1.48653676524 4.78518161146 1.82788430378 1.98466964459 3.95264645634 1.14836076611 3.3335258476 ;
2.53245242599 4.81292112378 2.75813513358 2.6152209152 2.11572481986 0.969097947894 3.21836636443 ;
2.83076316881 4.5026430256 3.45168350254 3.83966421511 4.79453636678 2.46734749086 3.48573221015 ;
1.91129879259 4.6619408173 2.48279394183 3.32240484867 2.30599395829 1.7549530406 0.0 ;
2.92926177472 4.65293318387 3.12620753735 4.19756432178 3.38451709065 1.2674990367 3.20844785224 ;
2.1246951125 4.57820769157 2.91425344646 3.33125035747 2.64595831966 1.71050846665 1.18565582887 ;
2.01612228921 4.70018641687 3.07346590206 4.492725378 3.0039400182 3.77750217844 2.81241613191 ;
1.86104467142 4.77636035769 2.64165561899 2.59138574126 7.08107321368e-06 0.968528329274 3.06189729477 ;
1.60278036907 4.7601261587 0.0 2.23652512933 2.11656586017 0.87072772737 2.71032497308 ;
2.82977572107 4.49867022502 3.44604898534 3.87936305325 4.75752062415 2.45137969157 3.47467724235 ;
1.97548452127 4.8059180693 2.61793219659 2.30172759736 3.16062210113 0.966160802432 3.25133857932 ;
2.89622364499 4.66402563279 3.08284688834 4.15098611524 3.28833379038 1.12047728544 3.18715910799 ;
2.30381795363 4.7017731063 3.10198291432 4.48890653914 3.04078135971 3.77406499917 2.89378546077 ;
2.31745786414 4.77140123904 2.25959804137 2.68354036518 6.91766383182e-06 0.964073356908 2.75814646149 ;
2.65488540269 4.55120136165 2.65018356492 3.35680887004 3.15739289975 1.83585311506 1.18328048409 ;
0.0 4.75107041639 2.01139081812 2.36426402776 2.17387479367 1.29788941676 2.71244892037 ;
2.41798144508 4.80810826773 2.12637634653 2.33042687956 3.11116965616 0.947688083935 3.23222124791 ;
2.83452363302 4.50488856764 3.42446736674 3.95301447051 4.6629413333 2.40776742182 3.45030895733 ;
2.82977572107 4.49867022502 3.44604898534 3.87936305325 4.75752062415 2.45137969157 3.47467724235 ;
2.1227152673 4.57884771495 2.91834192222 3.33476679244 2.6490391187 1.71885241039 1.17620540853 ;
1.86104467142 4.77636035769 2.64165561899 2.59138574126 7.08107321368e-06 0.968528329274 3.06189729477 ;
1.97447630757 4.8051847067 2.61722662833 2.30042777637 3.15834633164 0.966160802432 3.251331694 ;
2.92977220466 4.65345301251 3.12520242416 4.1963263267 3.384838561 1.26525963911 3.20830516662 ;
2.01612228921 4.70018641687 3.07346590206 4.492725378 3.0039400182 3.77750217844 2.81241613191 ;
1.60278036907 4.7601261587 0.0 2.23652512933 2.11656586017 0.87072772737 2.71032497308 ;
2.40391873746 4.42858842649 3.34627551488 4.08953203425 4.01542034917 2.54484794909 3.22661564411 ;
2.37302943521 4.73086547613 2.95288956815 3.06027650494 4.36130628864 2.1552220591 3.48898189271 ;
2.74373568163 4.76072692336 3.08608697588 4.33169714265 2.89531634286 3.01264695053 3.12299574534 ;
2.19462619336 4.75201633624 2.73613414265 2.87174940093 2.62734892496 0.0 3.15851438651 ;
1.9486639843 4.78381424392 2.63960586629 2.57722730503 1.62907366009 1.53816344977 3.10781340176 ;
1.60278036907 4.7601261587 0.0 2.23652512933 2.11656586017 0.87072772737 2.71032497308 ;
2.02716040552 4.65348631103 2.93321562155 3.43475339313 2.39825447584 1.93701405992 0.0351996748144 ;
2.30255248091 4.78618211913 2.76087860114 2.88942842586 3.23710799789 1.73881961149 3.27997837628 ;
2.19003896408 4.74956900578 2.73089094344 2.8654076691 2.59027421891 0.0 2.95362806066 ;
2.0430711155 4.70503894645 3.08395719021 4.49193514174 3.04828884034 3.7749453714 2.85583252276 ;
1.60278036907 4.7601261587 0.0 2.23652512933 2.11656586017 0.87072772737 2.71032497308 ;
2.8583838485 4.52008565841 3.38148340455 4.04621356283 4.43237223163 2.2813906482 3.38582552463 ;
1.68511482128 4.79357384349 2.69556619395 2.42417716015 0.498280651412 1.55412000784 2.5369339287 ;
2.64728335275 4.49128541236 3.05673461909 3.91731446174 2.61525805741 2.69303365571 2.01657505149 ;
2.63541150598 4.81067691689 2.74777884491 2.94061585737 3.13010100877 0.959502066818 3.26376299366 ;
2.82822098004 4.50926549925 3.39124233839 4.05187177273 4.4682093109 2.32346613714 3.40474519326 ;
2.34763553962 4.76986301454 2.65835063691 2.77863841395 8.13842803744e-06 1.01324542007 2.79218008765 ;
2.3174396965 4.70374341076 3.10333776452 4.48786905927 3.05204365572 3.77110571406 2.89992213355 ;
1.60278036907 4.7601261587 0.0 2.23652512933 2.11656586017 0.87072772737 2.71032497308 ;
1.80685972605e-05 4.7407035433 2.65946835164 2.52602091331 2.29170714589 1.44958697819 2.73337190184 ;
2.69593949701 4.48781000887 3.11760773836 3.78208933386 3.38555352765 1.38924213939 2.05627163412 ;
2.98224228118 4.63406610601 3.13790010273 4.07293970121 2.88891477875 2.04160084353 2.37650004424 ;
2.84998521323 4.53028444243 3.36587188506 4.04458954024 4.42215215235 2.27270355531 3.39578562331 ;
1.36928334446 4.70248481237 0.859968517308 2.37648976934 1.50334325172 1.03398236539 1.73230841779 ;
1.96419795243 4.78870220778 1.92433917946 2.37862442418 3.20482870735 1.4836917138 3.2359248439 ;
2.29570311857 4.74303278664 2.76467056494 2.96105056324 3.15544482949 0.0 3.20398482916 ;
2.03733255917 4.70266278809 3.08342459603 4.49244413872 3.0194214775 3.77693257513 2.82241886169 ;
1.80337451716 4.77609070664 2.67600443515 2.58904618977 6.54033671372e-06 1.00146579914 2.73706543435 ;
2.92672798764 4.65548136581 3.12023732482 4.19153085299 3.38459575139 1.25340185082 3.21239778636 ;
1.60278036907 4.7601261587 0.0 2.23652512933 2.11656586017 0.87072772737 2.71032497308 ;
2.22302756531 4.54718451784 2.98322776955 3.47364249055 3.09696899223 1.78823933065 1.37937901361 ;
1.82044720791 4.77628772237 2.63365104887 2.584194715 6.310851215e-06 0.966326648294 2.73272026996 ;
2.01837813679 4.69845837275 3.07362109068 4.4912857969 2.99504151787 3.77737645137 2.79947749006 ;
2.82802355559 4.49705301458 3.44092551565 3.8912717112 4.74691107748 2.44707390551 3.47015219562 ;
1.97889141572 4.80651268729 2.61728861578 2.29173799668 3.1594389796 0.970997026325 3.2513012165 ;
1.60278036907 4.7601261587 0.0 2.23652512933 2.11656586017 0.87072772737 2.71032497308 ;
2.82927695899 4.49841057767 3.44791865632 3.88363368084 4.7555288929 2.45064010691 3.47320595587 ;
1.97447630757 4.8051847067 2.61722662833 2.30042777637 3.15834633164 0.966160802432 3.251331694 ;
2.01612228921 4.70018641687 3.07346590206 4.492725378 3.0039400182 3.77750217844 2.81241613191 ;
2.1227152673 4.57884771495 2.91834192222 3.33476679244 2.6490391187 1.71885241039 1.17620540853 ;
1.86104467142 4.77636035769 2.64165561899 2.59138574126 7.08107321368e-06 0.968528329274 3.06189729477 ;
2.93046196316 4.65417636698 3.12280827802 4.19458050878 3.38130930926 1.26155053003 3.20834926843 ;
1.6253766848 4.77005049837 0.0 2.2035442171 2.15038830039 0.870398474729 3.00641089451 ;
2.86515299198 4.55915900397 3.47001761871 3.82098241188 4.73866856408 2.09407912844 3.50926879474 ;
1.91129879259 4.6619408173 2.48279394183 3.32240484867 2.30599395829 1.7549530406 0.0 ;
2.16192506816 4.81580080436 2.58459013012 2.26130567928 3.40387008016 0.967821957975 3.29180518785 ;
2.0811131044 4.71236650963 3.08447516703 4.50969188602 3.01480411577 3.78011066682 3.08992245015 ;
1.58463731573 4.70651877699 2.6918883216 2.67990483625 1.30575633293 1.24147342172 2.91799965558 ;
2.93994671111 4.62140715037 3.10112414973 4.23925416535 3.11332760032 1.44771271389 3.1874014153 ;
1.60278036907 4.7601261587 0.0 2.23652512933 2.11656586017 0.87072772737 2.71032497308 ;
2.82931299301 4.49851666405 3.44667985264 3.8808344382 4.75543958488 2.45010431852 3.47335173704 ;
1.86104467142 4.77636035769 2.64165561899 2.59138574126 7.08107321368e-06 0.968528329274 3.06189729477 ;
2.01612228921 4.70018641687 3.07346590206 4.492725378 3.0039400182 3.77750217844 2.81241613191 ;
2.92974829469 4.65330961828 3.12521762727 4.19714236745 3.38347742631 1.26625472882 3.2088641849 ;
2.1227152673 4.57884771495 2.91834192222 3.33476679244 2.6490391187 1.71885241039 1.17620540853 ;
1.97629722824 4.80539257125 2.61713890775 2.30217950599 3.15894387627 0.964746218534 3.25115066339 ;
1.39968125569 4.78898908994 2.60519207766 2.29123816735 0.976386062267 0.779317239841 2.99957380375 ;
2.8791707174 4.54412739221 3.43344827091 3.96363664744 4.62783552421 2.11529679821 3.48825499247 ;
2.88164193133 4.64024342753 3.02277866178 4.14907546406 2.6529218214 1.44151477053 3.02909784756 ;
2.16088666642 4.78996351985 2.59463607614 2.29863155038 3.59672122913 1.08271666988 3.2896463295 ;
2.06514432156 4.71197134747 3.0788631933 4.50852701235 3.02387300253 3.77766180088 3.11056537557 ;
2.00435019644 4.6606156365 2.93107618133 3.46395634584 2.39609723138 1.91406065181 0.0 ;
1.60278036907 4.7601261587 0.0 2.23652512933 2.11656586017 0.87072772737 2.71032497308 ;
1.86195001435 4.77641640442 2.63927282824 2.5933022177 7.0257523292e-06 0.974214628264 3.04228623804 ;
2.09445218946 4.71104797778 3.09462776731 4.50260614469 3.03769364703 3.77815592376 3.11322431198 ;
2.92471264699 4.64197399089 3.11399191524 4.14117007503 3.31699059049 1.29398839259 3.12767969396 ;
2.83649599352 4.50597027178 3.4280654074 3.9359626576 4.6798656202 2.4111977214 3.45166086205 ;
1.91129879259 4.6619408173 2.48279394183 3.32240484867 2.30599395829 1.7549530406 0.0 ;
1.91410623669 4.78459973638 2.615247971 2.34830760711 3.15300943408 1.01840731996 3.2170684192 ;
1.6253766848 4.77005049837 0.0 2.2035442171 2.15038830039 0.870398474729 3.00641089451 ;
2.84126186773 4.50597711234 3.4421763166 3.88651220774 4.74577445845 2.44084575726 3.47934306558 ;
1.27600874333 4.71230025813 1.46790613609 2.38458649151 3.06382623508 1.13228484423 3.0729165738 ;
1.91129879259 4.6619408173 2.48279394183 3.32240484867 2.30599395829 1.7549530406 0.0 ;
2.91692776455 4.63475140726 3.1265320613 4.19210213891 3.35470668754 1.34121258892 3.11125234691 ;
2.08555591142 4.71056715184 3.09155648667 4.50294894968 3.03425887813 3.77752297492 3.12532882036 ;
2.47468803688 4.8192821072 2.70521985137 2.44091653591 3.14622386988 0.944870797083 3.2722462565 ;
1.74262492378 4.781735142 2.1314001389 2.49444274714 5.6737936791e-06 0.904227296189 3.01554090753 ;
2.82977640678 4.49747202042 3.44609523174 3.88793931762 4.74867272555 2.44771282479 3.47230732781 ;
2.11893752625 4.58147991927 2.91861274658 3.33307483796 2.64182563212 1.7155868232 1.16435231393 ;
1.86104467142 4.77636035769 2.64165561899 2.59138574126 7.08107321368e-06 0.968528329274 3.06189729477 ;
1.97629722824 4.80539257125 2.61713890775 2.30217950599 3.15894387627 0.964746218534 3.25115066339 ;
2.01612228921 4.70018641687 3.07346590206 4.492725378 3.0039400182 3.77750217844 2.81241613191 ;
2.93026314322 4.65431431774 3.12227918942 4.19418371382 3.37717208574 1.25931807099 3.20790515543 ;
1.60278036907 4.7601261587 0.0 2.23652512933 2.11656586017 0.87072772737 2.71032497308 ;
2.02717264216 4.8006906299 2.12220820348 2.19877340308 3.5288633021 1.74640914339 3.27780058653 ;
2.12212307314 4.71797867676 3.10263415556 4.50837364696 3.06210047097 3.77995646109 3.1159221809 ;
2.09037268479 4.75900848751 2.3189871521 2.76461727953 2.50691659459 0.0 3.14405412295 ;
1.62506913057 4.6654076111 2.18709038374 2.60108980136 1.40888976143 1.94313113371 2.88332942524 ;
2.85041721657 4.50931203003 3.42803719461 3.95123691114 4.66086652326 2.38258167149 3.46277130284 ;
2.85582720217 4.67354758618 3.04991486937 4.14772552614 2.60695991692 1.85555866814 3.10908884194 ;
1.91129879259 4.6619408173 2.48279394183 3.32240484867 2.30599395829 1.7549530406 0.0 ;
2.93729065795 4.64250482042 3.12751883682 4.16927520264 3.34764075192 1.29734535095 3.16790989114 ;
2.08310422124 4.70562178897 3.08426887719 4.49494645398 3.01745358643 3.77663930847 3.09624082815 ;
1.51304762749 4.72754362435 1.89480365002 2.08163587825 4.02194779473 1.2441292731 3.33467389056 ;
1.91129879259 4.6619408173 2.48279394183 3.32240484867 2.30599395829 1.7549530406 0.0 ;
2.8215624582 4.49958181488 3.43448536059 3.92669368673 4.69404515429 2.42301388672 3.45454355398 ;
1.14550890641 4.7462748781 1.33436046432 2.37797204719 1.50480704901 0.873583367096 2.84222562079 ;
2.4911372981 4.8218043976 2.73131800547 2.54646388203 2.12203147793 0.942777427604 3.22354629043 ;
2.03000406546 4.70421617484 3.08152123302 4.49665193032 3.03937429735 3.77505295579 2.8436565894 ;
2.78220960924 4.57063271183 2.99011062914 3.94557354031 2.17368475301 2.21168174447 1.99047204478 ;
1.60278036907 4.7601261587 0.0 2.23652512933 2.11656586017 0.87072772737 2.71032497308 ;
2.27350440409 4.78525153332 2.75811476076 2.86934028386 3.23045703643 1.74654474256 3.28170313545 ;
2.85747931284 4.51916283842 3.38006231029 4.04784980188 4.42696251934 2.28323223278 3.38881081514 ;
2.19833484495 4.7520929457 2.7359544572 2.86859095872 2.63189747043 0.0 3.17456252357 ;
1.37712225449 4.79959763193 2.64129892567 1.99629687877 0.772483634825 1.27538705891 2.07961645623 ;
2.03038321933 4.81226439511 2.15026597748 2.12077071729 3.16460733742 0.89398832719 3.24993234383 ;
1.38831901195 4.63866964035 1.51770589247 2.91394213677 2.1518807269 1.4759598921 2.78080080931 ;
2.89091956809 4.66156794592 3.07671275569 4.14453671529 3.26710932837 1.14804525445 3.16459416192 ;
2.10713330268 4.71113176394 3.09496513313 4.50223090781 3.04949010831 3.77537738907 3.11070895025 ;
2.84177108631 4.50743581963 3.4296564398 3.94833551555 4.67631584598 2.41050670182 3.45710794888 ;
1.91129879259 4.6619408173 2.48279394183 3.32240484867 2.30599395829 1.7549530406 0.0 ;
1.86225485522 4.77640865555 2.65045306777 2.60162837265 7.10906164535e-06 0.972356504489 3.06377251627 ;
1.97447630757 4.8051847067 2.61722662833 2.30042777637 3.15834633164 0.966160802432 3.251331694 ;
2.82973836758 4.49856345174 3.44729273524 3.88217359385 4.75760466304 2.45191352338 3.47452756889 ;
2.92997418006 4.6537983985 3.12380245244 4.19500699737 3.38235281098 1.26280316393 3.20793384714 ;
1.60278036907 4.7601261587 0.0 2.23652512933 2.11656586017 0.87072772737 2.71032497308 ;
1.86104467142 4.77636035769 2.64165561899 2.59138574126 7.08107321368e-06 0.968528329274 3.06189729477 ;
2.01612228921 4.70018641687 3.07346590206 4.492725378 3.0039400182 3.77750217844 2.81241613191 ;
2.1227152673 4.57884771495 2.91834192222 3.33476679244 2.6490391187 1.71885241039 1.17620540853 ;
3.14745075676 4.80671382475 2.96217966923 4.05723148417 3.01576269928 1.37426638351 3.09654589698 ;
1.91129879259 4.6619408173 2.48279394183 3.32240484867 2.30599395829 1.7549530406 0.0 ;
2.79552793428 4.48022825133 3.398842577 4.04810479534 4.45144706948 2.33938088004 3.38476775303 ;
2.4859450163 4.74461646507 2.83294269334 2.74542392737 3.29257921919 0.859453747645 3.27516578222 ;
1.74262492378 4.781735142 2.1314001389 2.49444274714 5.6737936791e-06 0.904227296189 3.01554090753 ;
2.09679587054 4.71266185792 3.098185534 4.51225453227 3.04588860994 3.77768070035 3.11463784205 ;
1.31253478419 4.71788541029 1.50758568078 2.36374281388 3.09231009522 1.10659176537 3.06140588125 ;
2.29333674492 4.79814038783 2.74106624136 2.81468747807 3.13614182987 1.73488576005 3.25941482463 ;
2.84849115713 4.51622753505 3.37949335976 4.05197409967 4.42676565147 2.27718490928 3.38311298815 ;
2.40032103429 4.50506993346 3.13607510845 3.71440070833 3.18290651543 2.45760948837 1.75941781377 ;
2.28969510401 4.73966480354 2.7462243585 2.95846571713 3.14000867545 0.0 3.00236385941 ;
2.05130072828 4.70241608108 3.0817906446 4.48599698227 3.02814300904 3.76980357612 2.82937108767 ;
1.60278036907 4.7601261587 0.0 2.23652512933 2.11656586017 0.87072772737 2.71032497308 ;
1.8120881909 4.77618638439 2.66580385143 2.59265146414 6.44656844543e-06 0.987107866537 2.74023881408 ;
2.68713307599 4.53585721541 3.04182874549 3.62635595233 3.12607070452 1.79737855991 1.60814175714 ;
2.28873801746 4.69485996696 3.08422844534 4.4820828538 2.99705603402 3.77245290783 2.85842058392 ;
2.83094444258 4.54865911662 3.34082626508 4.07731298796 4.38088259707 1.89495007116 3.38585898205 ;
1.60278036907 4.7601261587 0.0 2.23652512933 2.11656586017 0.87072772737 2.71032497308 ;
2.59826795515 4.80858752693 2.69756709915 2.77139317806 2.97292739033 1.0045636629 3.23915953683 ;
2.36698624113e-05 4.72283447456 2.69834325329 2.7395938314 3.00213636111 1.67044996741 2.78696389405 ;
1.83331255921 4.77610303763 2.63112207854 2.57235972611 6.35545087023e-06 0.952752765508 2.74142211606 ;
1.91129879259 4.6619408173 2.48279394183 3.32240484867 2.30599395829 1.7549530406 0.0 ;
2.87405184514 4.55675028543 3.47110693663 3.83425676394 4.76036156117 2.09469052882 3.52623624996 ;
2.07900883999 4.7169506168 3.0879328154 4.51368950807 3.02472366899 3.78084090869 3.12408146893 ;
2.87163963712 4.62917254508 3.07012777768 4.20291815574 2.91995207819 1.48754103414 3.14239965887 ;
2.14322782906 4.7994874832 2.71435984673 2.23959254678 3.84819460876 1.15197958919 3.30193078275 ;
1.64356026633 4.80355242425 1.61666760962 2.1662046613 1.64957143247 0.760382001029 3.10193820775 ;
1.86840604742 4.49370446711 2.78757070794 3.59493115553 2.58348966908 2.12582360868 2.54623701737 ;
1.91129879259 4.6619408173 2.48279394183 3.32240484867 2.30599395829 1.7549530406 0.0 ;
2.92140307415 4.65210812168 3.1167797627 4.18633606531 3.34477146142 1.23907186504 3.17164536175 ;
2.83491775866 4.50147005542 3.43937620271 3.9022724231 4.73068529794 2.43494535522 3.46953395508 ;
1.69639667441 4.69137070297 0.813473888293 2.50746454511 2.43590056369 1.17754695299 2.91933016658 ;
1.86225485522 4.77640865555 2.65045306777 2.60162837265 7.10906164535e-06 0.972356504489 3.06377251627 ;
2.0959255492 4.70764924446 3.09037904038 4.49831698982 3.03473775095 3.77723191144 3.10188943474 ;
1.98954775457 4.81306757449 2.66975212201 2.27536082401 3.17183115708 0.943182640863 3.25885554008 ;
2.90505234311 4.62449195485 3.12930566101 4.28584991568 3.2816568403 1.86716364842 3.14975057017 ;
1.706909475 4.78037608867 2.12631883549 2.48249782699 5.09516316225e-06 0.894585632575 2.70800699062 ;
2.46635382751 4.80594748861 1.92622215712 2.37363709374 3.14881947922 1.4623009269 3.24821040933 ;
2.05530392726 4.70269144276 3.08437982826 4.48495217062 3.02288149927 3.76969219615 2.82520622721 ;
2.29579830746 4.73967315977 2.77874275142 2.9724207934 3.17748311143 0.0 3.0086696678 ;
2.85290072146 4.5197686535 3.44267379764 3.83428963307 4.7699761636 2.42072275427 3.49858551761 ;
1.23454270185 4.63393748516 1.98544339444 2.71885594443 3.17138762365 1.9362524955 2.23446589361 ;
1.60278036907 4.7601261587 0.0 2.23652512933 2.11656586017 0.87072772737 2.71032497308 ;
2.03696295062 4.70527883105 3.0837630927 4.49536261718 3.04340180822 3.77464480055 2.8493677279 ;
2.19833484495 4.7520929457 2.7359544572 2.86859095872 2.63189747043 0.0 3.17456252357 ;
2.85926197259 4.52038567412 3.38015202749 4.04522585281 4.43276583877 2.28188645901 3.38872925682 ;
1.51436516017 4.80255667994 2.67138953493 2.2088428759 0.670198748616 1.29725459399 2.19127459944 ;
2.2789202804 4.78658699474 2.75802329257 2.86265733661 3.21867962701 1.74133680303 3.27934801935 ;
2.74207345277 4.53603789435 2.99245558565 3.92380416385 2.39130644038 2.26086797178 1.87023038497 ;
2.27410658476 4.74338354652 2.77317543923 2.96395473709 3.1221822164 0.0 3.17105893 ;
2.83815626593 4.50933949872 3.3956849222 4.02615426079 4.52121332677 2.32493746622 3.39495816108 ;
2.13063026668 4.71056283508 3.09794164023 4.49395171053 3.05376614583 3.77009008454 3.12120611036 ;
1.60881984956 4.69551576709 1.38638570304 2.64773421299 3.06265024672 1.57316467531 2.93628959428 ;
2.69189778447 4.77555557043 2.88133275997 3.09068307534 3.10827968249 1.72624664933 3.28808927459 ;
1.73998599536 4.78114216952 2.11927206042 2.47080808978 5.95560462342e-06 0.937904979112 3.06782017053 ;
1.91129879259 4.6619408173 2.48279394183 3.32240484867 2.30599395829 1.7549530406 0.0 ;
2.32584248077 4.58565122432 3.27254895958 4.16699831208 3.62122272505 3.34602657533 3.23322812343 ;
1.60278036907 4.7601261587 0.0 2.23652512933 2.11656586017 0.87072772737 2.71032497308 ;
1.90633298344 4.53578265406 2.97724889455 3.7249558218 3.21072345478 2.21177434073 2.60109090041 ;
2.90437668544 4.64601719071 3.16244295294 4.20351873209 3.74775504027 1.53150109069 3.29635967068 ;
2.00435019644 4.6606156365 2.93107618133 3.46395634584 2.39609723138 1.91406065181 0.0 ;
1.86104467142 4.77636035769 2.64165561899 2.59138574126 7.08107321368e-06 0.968528329274 3.06189729477 ;
2.02786514058 4.81059875742 2.60585286459 2.23816282015 3.14040727466 0.954971436585 3.25310907752 ;
2.85154726144 4.51652790952 3.37899228803 4.05518873973 4.40530796184 2.27396537775 3.38686497246 ;
1.60278036907 4.7601261587 0.0 2.23652512933 2.11656586017 0.87072772737 2.71032497308 ;
1.59742491425 4.79169922902 2.71300057952 2.27086852276 0.52330630086 1.59273033861 2.48995191576 ;
2.71616182168 4.5629154618 2.99396446139 3.94548334314 2.32094940716 2.60678566689 2.08578139588 ;
2.19003896408 4.74956900578 2.73089094344 2.8654076691 2.59027421891 0.0 2.95362806066 ;
2.28060603506 4.78586296677 2.75289423804 2.85491952655 3.25504310819 1.73677291744 3.28042530006 ;
2.02656600436 4.70290092351 3.08056477976 4.49617744085 3.04162051023 3.775753001 2.84907755265 ;
2.91603414426 4.63532728244 3.12709134022 4.19226274257 3.3563577769 1.33879162757 3.11225095835 ;
2.84126186773 4.50597711234 3.4421763166 3.88651220774 4.74577445845 2.44084575726 3.47934306558 ;
2.47361344781 4.81899718434 2.70239964735 2.43506830632 3.14546256587 0.947875804833 3.27197363424 ;
1.74262492378 4.781735142 2.1314001389 2.49444274714 5.6737936791e-06 0.904227296189 3.01554090753 ;
1.91129879259 4.6619408173 2.48279394183 3.32240484867 2.30599395829 1.7549530406 0.0 ;
2.08555591142 4.71056715184 3.09155648667 4.50294894968 3.03425887813 3.77752297492 3.12532882036 ;
1.27464305335 4.71208585792 1.46678348605 2.38743737209 3.06192554117 1.1311939218 3.07185715032 ;
2.2897137346 4.74319559962 2.74021681151 2.9482518033 3.12017971595 0.0 3.19899728187 ;
2.35648473799 4.54846706451 3.0479674437 3.56405497919 3.10462400862 1.96814947239 1.38440304729 ;
2.28747811472 4.79657507637 2.73982278531 2.81395012107 3.13540011544 1.73286471268 3.259397313 ;
2.06225498003 4.70366438784 3.08460087047 4.4875136495 3.029533262 3.7686681264 2.82861837217 ;
1.60278036907 4.7601261587 0.0 2.23652512933 2.11656586017 0.87072772737 2.71032497308 ;
2.84733023405 4.51642457407 3.37627497162 4.05406793409 4.41353960838 2.27480738186 3.3834111556 ;
1.79857652084 4.77539540862 2.67820982764 2.58706703196 6.61247278042e-06 1.01251137781 2.72005702432 ;
2.48943459584 4.82299207399 2.72737444584 2.52231502 2.13880389702 0.937723271418 3.2244843812 ;
2.82394230326 4.50019096506 3.43264876355 3.93671526445 4.68122350587 2.4161674471 3.4506876035 ;
2.92830955617 4.64472247657 3.11882362834 4.16239958982 3.3016776825 1.29259979746 3.16344064228 ;
1.51893378602 4.72574714781 1.89859277129 2.1034941288 4.02304862174 1.25101318573 3.33569203638 ;
1.91129879259 4.6619408173 2.48279394183 3.32240484867 2.30599395829 1.7549530406 0.0 ;
2.08312560183 4.70637358628 3.08550405223 4.49685321303 3.02012481228 3.77662925429 3.09614551687 ;
1.13448137392 4.74577496937 1.3264290811 2.37624370165 1.51076384342 0.871950125753 2.84355596721 ;
2.02750392964 4.70247689043 3.07988809389 4.49687858498 3.04599302509 3.77524643065 2.85679798382 ;
1.60278036907 4.7601261587 0.0 2.23652512933 2.11656586017 0.87072772737 2.71032497308 ;
2.79702522159 4.62360855216 2.97913861422 3.9417464743 2.0614288453 2.51662456588 2.23138924134 ;
2.19003896408 4.74956900578 2.73089094344 2.8654076691 2.59027421891 0.0 2.95362806066 ;
1.49793065055 4.69992228297 2.78459874164 2.45176686419 1.12324678976 1.65035855734 2.51830757307 ;
2.31373034064 4.80671905664 2.73171344598 2.77569525927 3.26894651841 1.7254483607 3.2865421103 ;
2.84401089111 4.51585929058 3.37624346385 4.05623505281 4.41235940513 2.2766652872 3.38865393992 ;
2.9259175279 4.64268950197 3.10828315949 4.12914586327 3.29972843094 1.26575546107 3.12219872882 ;
2.10333457247 4.7125260423 3.09848567467 4.50235893931 3.04476278562 3.77781639556 3.11626449165 ;
1.9106507457 4.78502183834 2.61531834233 2.34406984865 3.15082531821 1.01582388874 3.21661362149 ;
1.60278036907 4.7601261587 0.0 2.23652512933 2.11656586017 0.87072772737 2.71032497308 ;
1.86195001435 4.77641640442 2.63927282824 2.5933022177 7.0257523292e-06 0.974214628264 3.04228623804 ;
2.00435019644 4.6606156365 2.93107618133 3.46395634584 2.39609723138 1.91406065181 0.0 ;
2.83754520556 4.50801836221 3.41912070546 3.95491554971 4.65399170105 2.39497827583 3.44628963039 ;
2.92563360593 4.64307181431 3.10812503621 4.12903455105 3.30150366796 1.26618737973 3.12299997956 ;
1.86195001435 4.77641640442 2.63927282824 2.5933022177 7.0257523292e-06 0.974214628264 3.04228623804 ;
2.83770662523 4.5072165156 3.42004022236 3.95465721309 4.65482967572 2.39702484773 3.4460062041 ;
2.10333457247 4.7125260423 3.09848567467 4.50235893931 3.04476278562 3.77781639556 3.11626449165 ;
1.9106507457 4.78502183834 2.61531834233 2.34406984865 3.15082531821 1.01582388874 3.21661362149 ;
1.60278036907 4.7601261587 0.0 2.23652512933 2.11656586017 0.87072772737 2.71032497308 ;
2.00435019644 4.6606156365 2.93107618133 3.46395634584 2.39609723138 1.91406065181 0.0 ;
2.00435019644 4.6606156365 2.93107618133 3.46395634584 2.39609723138 1.91406065181 0.0 ;
2.92661942716 4.64455107791 3.10817375349 4.12646646294 3.3004184249 1.26227158767 3.1236262766 ;
2.10333457247 4.7125260423 3.09848567467 4.50235893931 3.04476278562 3.77781639556 3.11626449165 ;
1.9106507457 4.78502183834 2.61531834233 2.34406984865 3.15082531821 1.01582388874 3.21661362149 ;
1.86195001435 4.77641640442 2.63927282824 2.5933022177 7.0257523292e-06 0.974214628264 3.04228623804 ;
1.60278036907 4.7601261587 0.0 2.23652512933 2.11656586017 0.87072772737 2.71032497308 ;
2.83705822743 4.50627046205 3.41783705611 3.95911584218 4.64691739168 2.39423480697 3.44299335848 ;
1.86104467142 4.77636035769 2.64165561899 2.59138574126 7.08107321368e-06 0.968528329274 3.06189729477 ;
2.859096912 4.55389848628 3.43920469249 3.85389146619 4.7576689685 2.08025534914 3.51820275508 ;
1.60278036907 4.7601261587 0.0 2.23652512933 2.11656586017 0.87072772737 2.71032497308 ;
2.11312852727 4.57551532355 2.92054742057 3.30641409312 2.62740094929 1.71993478975 1.15498695127 ;
2.89354010483 4.61634909831 3.10236402934 4.25253393528 3.24965788596 1.54759090746 3.13478526097 ;
1.99127656288 4.71090180011 3.07784038054 4.50912724275 3.00039195508 3.78941717937 2.79934091049 ;
1.98734674279 4.80528114922 2.61624888186 2.32477419094 3.15608974067 0.967844967037 3.24987584326 ;
1.9106507457 4.78502183834 2.61531834233 2.34406984865 3.15082531821 1.01582388874 3.21661362149 ;
2.10333457247 4.7125260423 3.09848567467 4.50235893931 3.04476278562 3.77781639556 3.11626449165 ;
2.83732629679 4.50666862202 3.41828621603 3.95733748451 4.64969621101 2.3952716908 3.443973958 ;
1.86195001435 4.77641640442 2.63927282824 2.5933022177 7.0257523292e-06 0.974214628264 3.04228623804 ;
2.9262481332 4.6439901456 3.10837848295 4.12756001209 3.30066111148 1.26349439679 3.1234317185 ;
1.60278036907 4.7601261587 0.0 2.23652512933 2.11656586017 0.87072772737 2.71032497308 ;
2.00435019644 4.6606156365 2.93107618133 3.46395634584 2.39609723138 1.91406065181 0.0 ;
1.60278036907 4.7601261587 0.0 2.23652512933 2.11656586017 0.87072772737 2.71032497308 ;
2.82977572107 4.49867022502 3.44604898534 3.87936305325 4.75752062415 2.45137969157 3.47467724235 ;
1.97447630757 4.8051847067 2.61722662833 2.30042777637 3.15834633164 0.966160802432 3.251331694 ;
2.1227152673 4.57884771495 2.91834192222 3.33476679244 2.6490391187 1.71885241039 1.17620540853 ;
2.01612228921 4.70018641687 3.07346590206 4.492725378 3.0039400182 3.77750217844 2.81241613191 ;
2.92977220466 4.65345301251 3.12520242416 4.1963263267 3.384838561 1.26525963911 3.20830516662 ;
1.86104467142 4.77636035769 2.64165561899 2.59138574126 7.08107321368e-06 0.968528329274 3.06189729477 ;
2.3174396965 4.70374341076 3.10333776452 4.48786905927 3.05204365572 3.77110571406 2.89992213355 ;
2.37888064435e-05 4.72251801035 2.69790835408 2.73295416913 3.01722247348 1.6685975111 2.80096873774 ;
2.69394457365 4.48856131673 3.11605057643 3.78070108014 3.38890734989 1.39589026871 2.0489996503 ;
2.82659918496 4.50745893746 3.39222613202 4.05009907265 4.46979081877 2.32464124704 3.40248110364 ;
1.82685723329 4.77613722007 2.63166350854 2.577601018 6.33307252209e-06 0.956577892293 2.73176922128 ;
2.63725717646 4.81043195178 2.7489551237 2.94515683237 3.12899257545 0.95826427591 3.26310202953 ;
1.60278036907 4.7601261587 0.0 2.23652512933 2.11656586017 0.87072772737 2.71032497308 ;
2.09977888045 4.70928974354 3.09233226728 4.49972347468 3.03860633777 3.77728843466 3.10382352354 ;
1.98337861425 4.81245854253 2.66823224835 2.27713522864 3.16810069105 0.940258043527 3.25809348611 ;
1.70969049015 4.69164357674 0.820917835064 2.51481301254 2.44220564904 1.19901666314 2.91695416772 ;
1.86225485522 4.77640865555 2.65045306777 2.60162837265 7.10906164535e-06 0.972356504489 3.06377251627 ;
2.92137855204 4.6511799517 3.11109084268 4.18289486955 3.33715633879 1.21824451126 3.17179168606 ;
2.83723035131 4.50257423994 3.44035069339 3.90796571215 4.72586525775 2.43231702524 3.46769424429 ;
1.91129879259 4.6619408173 2.48279394183 3.32240484867 2.30599395829 1.7549530406 0.0 ;
2.93386052626 4.64508561193 3.12013753012 4.16549712921 3.32438130724 1.28431232593 3.16371522288 ;
2.48896292467 4.82232186713 2.73272748911 2.535876348 2.12018644663 0.940287709981 3.22310431304 ;
2.82257418578 4.49900212909 3.43361242295 3.93117974889 4.68827950073 2.41975148549 3.45361852538 ;
1.1396908529 4.74597921017 1.32779459442 2.38081659936 1.51262422849 0.873876375881 2.84468176986 ;
2.08310422124 4.70562178897 3.08426887719 4.49494645398 3.01745358643 3.77663930847 3.09624082815 ;
1.52606627501 4.7260591166 1.90617700376 2.08936320849 4.02413635922 1.26284876453 3.33600507126 ;
1.91129879259 4.6619408173 2.48279394183 3.32240484867 2.30599395829 1.7549530406 0.0 ;
2.82977572107 4.49867022502 3.44604898534 3.87936305325 4.75752062415 2.45137969157 3.47467724235 ;
1.86104467142 4.77636035769 2.64165561899 2.59138574126 7.08107321368e-06 0.968528329274 3.06189729477 ;
2.1227152673 4.57884771495 2.91834192222 3.33476679244 2.6490391187 1.71885241039 1.17620540853 ;
2.92977220466 4.65345301251 3.12520242416 4.1963263267 3.384838561 1.26525963911 3.20830516662 ;
2.01612228921 4.70018641687 3.07346590206 4.492725378 3.0039400182 3.77750217844 2.81241613191 ;
1.97447630757 4.8051847067 2.61722662833 2.30042777637 3.15834633164 0.966160802432 3.251331694 ;
1.60278036907 4.7601261587 0.0 2.23652512933 2.11656586017 0.87072772737 2.71032497308 ;
2.05634077921 4.70279617438 3.08491638347 4.48573032018 3.02772463649 3.76999203564 2.82905961239 ;
2.28969510401 4.73966480354 2.7462243585 2.95846571713 3.14000867545 0.0 3.00236385941 ;
2.29096398352 4.79557223118 2.74386954805 2.81917624211 3.14168597179 1.73347802961 3.26068997165 ;
2.85006595797 4.51596056411 3.37980946922 4.05089230659 4.42792302374 2.27689954214 3.38347531984 ;
1.8120881909 4.77618638439 2.66580385143 2.59265146414 6.44656844543e-06 0.987107866537 2.74023881408 ;
1.60278036907 4.7601261587 0.0 2.23652512933 2.11656586017 0.87072772737 2.71032497308 ;
2.39102843237 4.50989609843 3.12491609929 3.73023345539 3.16733919583 2.48745952742 1.74094015944 ;
2.94069671153 4.64352639491 3.138213441 4.18058497567 3.40892023557 1.2894746688 3.17954201542 ;
1.1586396322 4.74332600797 1.35043228365 2.38491822163 1.49883154971 0.891279422651 2.83601585436 ;
2.08080560429 4.70485452099 3.08221025595 4.49463270726 3.01233716346 3.77612363121 3.09409357374 ;
1.51304762749 4.72754362435 1.89480365002 2.08163587825 4.02194779473 1.2441292731 3.33467389056 ;
2.82194896719 4.49720444561 3.43665638799 3.91626915237 4.70821173717 2.43144859963 3.45687073394 ;
2.49686380358 4.82041431218 2.73367459255 2.56685488773 2.1086370895 0.958978551251 3.22254566392 ;
1.91129879259 4.6619408173 2.48279394183 3.32240484867 2.30599395829 1.7549530406 0.0 ;
2.63834646124 4.80909883628 2.74997726581 2.94845337287 3.13102930826 0.958459762207 3.26223763479 ;
2.82678999118 4.50812309182 3.39189332998 4.05043461314 4.46888389935 2.32387331011 3.40087939818 ;
2.34763553962 4.76986301454 2.65835063691 2.77863841395 8.13842803744e-06 1.01324542007 2.79218008765 ;
2.69026410557 4.48645060494 3.11805407347 3.78113507149 3.38382165026 1.40011079904 2.03062435853 ;
1.80685972605e-05 4.7407035433 2.65946835164 2.52602091331 2.29170714589 1.44958697819 2.73337190184 ;
1.60278036907 4.7601261587 0.0 2.23652512933 2.11656586017 0.87072772737 2.71032497308 ;
2.3174396965 4.70374341076 3.10333776452 4.48786905927 3.05204365572 3.77110571406 2.89992213355 ;
1.41805434383 4.72795843384 1.06888273018 2.42888035809 2.95373921974 1.22268257014 2.58770386848 ;
2.81709407183 4.51492624644 3.38175126381 4.0501566051 4.45684933691 2.29539865738 3.39946363147 ;
2.86318074889 4.54572763808 3.19741801982 4.06400310724 3.23262026844 2.2574092287 1.89590873158 ;
2.62918757676 4.81052659974 2.80907236196 2.83429769139 3.09625576049 1.72047654938 3.28213172309 ;
1.6826090844 4.76960192824 1.94811157232 2.42563522328 6.61247278042e-06 1.16098797169 2.59441522638 ;
2.03037867024 4.70099256535 3.07873755803 4.49229367673 3.01429487413 3.77400770251 2.8184005316 ;
2.23198162588 4.7525735091 2.77199600336 2.92088745521 2.76934880783 0.0 3.19631706499 ;
2.04111115248 4.70407048 3.08275562685 4.49631930028 3.02192807004 3.77570918345 2.82221147991 ;
0.752502996146 4.69395294742 1.6089481483 2.35132188071 2.98705733745 1.46337241239 2.2753290099 ;
2.27109698849 4.75225666313 2.78247533406 2.96050042555 2.90712272932 0.0 3.20560447238 ;
1.65545936513 4.76898486945 2.01212250428 2.39677286663 5.99530865425e-06 1.05262909433 2.63790614777 ;
2.8351403084 4.52946429975 3.36760274902 4.04694786034 4.42304880446 2.27115242863 3.39821637652 ;
2.93338603758 4.58897726894 3.14943932976 4.07493203743 3.02032320992 2.13844099557 2.13456393002 ;
2.55557594741 4.8065181264 2.08100706692 2.59754178192 3.06842105103 1.47355289912 3.25411993876 ;
2.01612228921 4.70018641687 3.07346590206 4.492725378 3.0039400182 3.77750217844 2.81241613191 ;
1.60278036907 4.7601261587 0.0 2.23652512933 2.11656586017 0.87072772737 2.71032497308 ;
2.92977220466 4.65345301251 3.12520242416 4.1963263267 3.384838561 1.26525963911 3.20830516662 ;
2.82977572107 4.49867022502 3.44604898534 3.87936305325 4.75752062415 2.45137969157 3.47467724235 ;
1.86104467142 4.77636035769 2.64165561899 2.59138574126 7.08107321368e-06 0.968528329274 3.06189729477 ;
1.97447630757 4.8051847067 2.61722662833 2.30042777637 3.15834633164 0.966160802432 3.251331694 ;
2.1227152673 4.57884771495 2.91834192222 3.33476679244 2.6490391187 1.71885241039 1.17620540853 ;
2.05634077921 4.70279617438 3.08491638347 4.48573032018 3.02772463649 3.76999203564 2.82905961239 ;
1.60278036907 4.7601261587 0.0 2.23652512933 2.11656586017 0.87072772737 2.71032497308 ;
2.39844267878 4.5521522302 3.05013333475 3.57841508174 3.10108791841 1.96613793249 1.38381172306 ;
2.85044193376 4.51473965358 3.3791002454 4.04992181996 4.42517785567 2.28005817781 3.38344774074 ;
2.28282166094 4.79367828022 2.74489409632 2.83306291374 3.14237222256 1.73450285863 3.25729632827 ;
2.27956058166 4.74515025788 2.73713546866 2.95828263953 3.05071374825 0.0 3.19571522932 ;
1.7969569165 4.77282939671 2.68173582758 2.54960227049 6.91766383182e-06 1.05924267217 2.70475603676 ;
2.05130072828 4.70241608108 3.0817906446 4.48599698227 3.02814300904 3.76980357612 2.82937108767 ;
1.8120881909 4.77618638439 2.66580385143 2.59265146414 6.44656844543e-06 0.987107866537 2.74023881408 ;
2.29333674492 4.79814038783 2.74106624136 2.81468747807 3.13614182987 1.73488576005 3.25941482463 ;
2.40032103429 4.50506993346 3.13607510845 3.71440070833 3.18290651543 2.45760948837 1.75941781377 ;
2.28969510401 4.73966480354 2.7462243585 2.95846571713 3.14000867545 0.0 3.00236385941 ;
2.84849115713 4.51622753505 3.37949335976 4.05197409967 4.42676565147 2.27718490928 3.38311298815 ;
1.60278036907 4.7601261587 0.0 2.23652512933 2.11656586017 0.87072772737 2.71032497308 ;
2.8583838485 4.52008565841 3.38148340455 4.04621356283 4.43237223163 2.2813906482 3.38582552463 ;
1.68339534251 4.79399697367 2.69864408321 2.41530092803 0.501064342202 1.55206788051 2.53356888036 ;
2.19003896408 4.74956900578 2.73089094344 2.8654076691 2.59027421891 0.0 2.95362806066 ;
2.6429208072 4.49279573322 3.05065388174 3.91795251673 2.5978230037 2.68788977001 2.02405973502 ;
2.0430711155 4.70503894645 3.08395719021 4.49193514174 3.04828884034 3.7749453714 2.85583252276 ;
2.30255248091 4.78618211913 2.76087860114 2.88942842586 3.23710799789 1.73881961149 3.27997837628 ;
1.60278036907 4.7601261587 0.0 2.23652512933 2.11656586017 0.87072772737 2.71032497308 ;
1.13448137392 4.74577496937 1.3264290811 2.37624370165 1.51076384342 0.871950125753 2.84355596721 ;
2.82394230326 4.50019096506 3.43264876355 3.93671526445 4.68122350587 2.4161674471 3.4506876035 ;
2.48817406368 4.8230444754 2.72745059829 2.52021399575 2.13865044587 0.939280951271 3.22429079581 ;
2.08312560183 4.70637358628 3.08550405223 4.49685321303 3.02012481228 3.77662925429 3.09614551687 ;
2.92888920364 4.64498828082 3.11803143095 4.16171975654 3.29973837781 1.29025813116 3.16376234906 ;
1.91129879259 4.6619408173 2.48279394183 3.32240484867 2.30599395829 1.7549530406 0.0 ;
1.51893378602 4.72574714781 1.89859277129 2.1034941288 4.02304862174 1.25101318573 3.33569203638 ;
2.40032103429 4.50506993346 3.13607510845 3.71440070833 3.18290651543 2.45760948837 1.75941781377 ;
1.8120881909 4.77618638439 2.66580385143 2.59265146414 6.44656844543e-06 0.987107866537 2.74023881408 ;
2.28969510401 4.73966480354 2.7462243585 2.95846571713 3.14000867545 0.0 3.00236385941 ;
2.05130072828 4.70241608108 3.0817906446 4.48599698227 3.02814300904 3.76980357612 2.82937108767 ;
2.84849115713 4.51622753505 3.37949335976 4.05197409967 4.42676565147 2.27718490928 3.38311298815 ;
2.29333674492 4.79814038783 2.74106624136 2.81468747807 3.13614182987 1.73488576005 3.25941482463 ;
1.60278036907 4.7601261587 0.0 2.23652512933 2.11656586017 0.87072772737 2.71032497308 ;
2.35018625748 4.54657977941 3.04825358771 3.57695023485 3.11152142829 1.96547591933 1.43346197339 ;
2.84829323554 4.51639043127 3.37637922527 4.05169839169 4.41880756714 2.2757113633 3.38209010388 ;
2.29016806153 4.79808374184 2.73968953985 2.81121642838 3.132453299 1.73304396822 3.25932913327 ;
1.80032818593 4.77537152357 2.67574355961 2.58550236491 6.5882512684e-06 1.00880254492 2.72185379467 ;
2.28973832138 4.74314677986 2.74161471675 2.94975054641 3.12611161655 0.0 3.19897527038 ;
2.06225498003 4.70366438784 3.08460087047 4.4875136495 3.029533262 3.7686681264 2.82861837217 ;
1.60278036907 4.7601261587 0.0 2.23652512933 2.11656586017 0.87072772737 2.71032497308 ;
2.82394230326 4.50019096506 3.43264876355 3.93671526445 4.68122350587 2.4161674471 3.4506876035 ;
2.48655546988 4.82312570719 2.72811523443 2.51772686045 2.14220893246 0.939044783722 3.22514899567 ;
1.13448137392 4.74577496937 1.3264290811 2.37624370165 1.51076384342 0.871950125753 2.84355596721 ;
1.51893378602 4.72574714781 1.89859277129 2.1034941288 4.02304862174 1.25101318573 3.33569203638 ;
2.08312560183 4.70637358628 3.08550405223 4.49685321303 3.02012481228 3.77662925429 3.09614551687 ;
2.92985133696 4.64522198044 3.11660281042 4.16145440853 3.29377140063 1.28988011943 3.16293911277 ;
1.91129879259 4.6619408173 2.48279394183 3.32240484867 2.30599395829 1.7549530406 0.0 ;
2.92538239623 4.643742646 3.10773183902 4.12606270362 3.29922510796 1.26078756712 3.12278876904 ;
2.83882735148 4.50760870839 3.41768901345 3.96000861224 4.64535254835 2.39352746489 3.44332352311 ;
1.86195001435 4.77641640442 2.63927282824 2.5933022177 7.0257523292e-06 0.974214628264 3.04228623804 ;
1.60278036907 4.7601261587 0.0 2.23652512933 2.11656586017 0.87072772737 2.71032497308 ;
2.10333457247 4.7125260423 3.09848567467 4.50235893931 3.04476278562 3.77781639556 3.11626449165 ;
1.9106507457 4.78502183834 2.61531834233 2.34406984865 3.15082531821 1.01582388874 3.21661362149 ;
2.00435019644 4.6606156365 2.93107618133 3.46395634584 2.39609723138 1.91406065181 0.0 ;
2.00435019644 4.6606156365 2.93107618133 3.46395634584 2.39609723138 1.91406065181 0.0 ;
2.10333457247 4.7125260423 3.09848567467 4.50235893931 3.04476278562 3.77781639556 3.11626449165 ;
1.91189083055 4.78474814908 2.61523946051 2.34590871968 3.15096956985 1.01693849056 3.21672729697 ;
2.92588696833 4.64345962719 3.10888576792 4.12699602953 3.29751008763 1.259329881 3.12166142711 ;
1.86195001435 4.77641640442 2.63927282824 2.5933022177 7.0257523292e-06 0.974214628264 3.04228623804 ;
2.8386648497 4.5084023555 3.41678323066 3.96025240502 4.64454379696 2.39150750727 3.44361047782 ;
1.60278036907 4.7601261587 0.0 2.23652512933 2.11656586017 0.87072772737 2.71032497308 ;
2.34763553962 4.76986301454 2.65835063691 2.77863841395 8.13842803744e-06 1.01324542007 2.79218008765 ;
2.82678999118 4.50812309182 3.39189332998 4.05043461314 4.46888389935 2.32387331011 3.40087939818 ;
1.80685972605e-05 4.7407035433 2.65946835164 2.52602091331 2.29170714589 1.44958697819 2.73337190184 ;
2.3174396965 4.70374341076 3.10333776452 4.48786905927 3.05204365572 3.77110571406 2.89992213355 ;
2.63834646124 4.80909883628 2.74997726581 2.94845337287 3.13102930826 0.958459762207 3.26223763479 ;
2.69026410557 4.48645060494 3.11805407347 3.78113507149 3.38382165026 1.40011079904 2.03062435853 ;
1.60278036907 4.7601261587 0.0 2.23652512933 2.11656586017 0.87072772737 2.71032497308 ;
1.60278036907 4.7601261587 0.0 2.23652512933 2.11656586017 0.87072772737 2.71032497308 ;
2.8577142336 4.5199566403 3.3806776312 4.04717370173 4.42780250651 2.27815020206 3.38573873259 ;
2.19003896408 4.74956900578 2.73089094344 2.8654076691 2.59027421891 0.0 2.95362806066 ;
2.63652476655 4.49503408351 3.03936391966 3.91471305557 2.58037093281 2.70787557705 2.01054712282 ;
2.04278902692 4.70558103236 3.08561064665 4.49340897988 3.04989875788 3.77548679822 2.85641047624 ;
2.30116106556 4.78660495614 2.76009641482 2.88417584207 3.2349640528 1.73771696418 3.2794379918 ;
1.68339534251 4.79399697367 2.69864408321 2.41530092803 0.501064342202 1.55206788051 2.53356888036 ;
2.00435019644 4.6606156365 2.93107618133 3.46395634584 2.39609723138 1.91406065181 0.0 ;
2.92563360593 4.64307181431 3.10812503621 4.12903455105 3.30150366796 1.26618737973 3.12299997956 ;
1.86195001435 4.77641640442 2.63927282824 2.5933022177 7.0257523292e-06 0.974214628264 3.04228623804 ;
2.83770662523 4.5072165156 3.42004022236 3.95465721309 4.65482967572 2.39702484773 3.4460062041 ;
1.60278036907 4.7601261587 0.0 2.23652512933 2.11656586017 0.87072772737 2.71032497308 ;
2.10333457247 4.7125260423 3.09848567467 4.50235893931 3.04476278562 3.77781639556 3.11626449165 ;
1.9106507457 4.78502183834 2.61531834233 2.34406984865 3.15082531821 1.01582388874 3.21661362149 ;
2.40933087233 4.80580496181 2.10109624704 2.35702826171 3.08558030089 0.950082619148 3.22580458739 ;
2.30489362181 4.70141786039 3.10067911778 4.48922070385 3.04156563607 3.77384390557 2.88558776824 ;
2.59209299071 4.59321784142 2.19150233168 3.07203263294 2.50193884464 1.63155215355 1.35857270196 ;
2.89707850242 4.6628420024 3.08349840501 4.15283364125 3.29679141967 1.11638653268 3.18952206295 ;
2.83849071448 4.50600660299 3.42664966255 3.94946531044 4.66850744879 2.40836066132 3.45371153933 ;
1.83726502651 4.775046249 2.65713653483 2.59417021762 6.44656844543e-06 0.969135815885 2.73673420089 ;
1.66104297623e-05 4.74102795607 1.89605683634 2.46328330036 2.64585544715 1.40810594381 2.76047840118 ;
2.7083180293 4.57820449105 2.96595581942 3.92390864919 2.1952924611 2.58970969203 2.03124444569 ;
2.85060231416 4.51532951587 3.37930785117 4.05485554136 4.41419742525 2.27665547459 3.38801185852 ;
2.31606076396 4.79792144786 2.74597706754 2.83605265885 3.24005657791 1.73074204552 3.28016745289 ;
1.5471185746 4.73910669712 2.77564118791 2.39689527595 0.840067386263 1.62940864288 2.58283723466 ;
1.60278036907 4.7601261587 0.0 2.23652512933 2.11656586017 0.87072772737 2.71032497308 ;
2.03063479233 4.70412187039 3.08119202004 4.49640285522 3.04625820265 3.7750305455 2.85809139442 ;
2.19003896408 4.74956900578 2.73089094344 2.8654076691 2.59027421891 0.0 2.95362806066 ;
2.1227152673 4.57884771495 2.91834192222 3.33476679244 2.6490391187 1.71885241039 1.17620540853 ;
2.82973836758 4.49856345174 3.44729273524 3.88217359385 4.75760466304 2.45191352338 3.47452756889 ;
1.86104467142 4.77636035769 2.64165561899 2.59138574126 7.08107321368e-06 0.968528329274 3.06189729477 ;
2.01612228921 4.70018641687 3.07346590206 4.492725378 3.0039400182 3.77750217844 2.81241613191 ;
1.60278036907 4.7601261587 0.0 2.23652512933 2.11656586017 0.87072772737 2.71032497308 ;
1.97447630757 4.8051847067 2.61722662833 2.30042777637 3.15834633164 0.966160802432 3.251331694 ;
2.92997418006 4.6537983985 3.12380245244 4.19500699737 3.38235281098 1.26280316393 3.20793384714 ;
2.91972307366 4.64302857482 3.10912054337 4.12523694812 3.28729009329 1.26572471872 3.11634296043 ;
2.84243310275 4.50906449113 3.41687480298 3.96172237996 4.64215117401 2.3897810005 3.44356045729 ;
2.10360648517 4.71321508264 3.09797150073 4.50388708204 3.04578111467 3.7786167646 3.11677226923 ;
1.8630270158 4.7765428482 2.6396177004 2.59040798276 7.05330429911e-06 0.971456187635 3.05246204395 ;
2.00435019644 4.6606156365 2.93107618133 3.46395634584 2.39609723138 1.91406065181 0.0 ;
1.60278036907 4.7601261587 0.0 2.23652512933 2.11656586017 0.87072772737 2.71032497308 ;
1.91259856599 4.78437732588 2.6151531411 2.34749774574 3.15503856292 1.01710112988 3.21673927665 ;
2.00435019644 4.6606156365 2.93107618133 3.46395634584 2.39609723138 1.91406065181 0.0 ;
2.31413453062 4.58356493598 3.26655277519 4.17075422308 3.59237870913 3.36073851892 3.19655773681 ;
2.13739443018 4.7815771965 2.67017899488 2.27717915517 3.93570009291 1.1677394 3.33869367313 ;
1.60278036907 4.7601261587 0.0 2.23652512933 2.11656586017 0.87072772737 2.71032497308 ;
1.56850879438 4.64419422107 0.494028351322 1.634056321 1.28425865742 0.0 2.80008041567 ;
1.83507438384 4.77259744852 2.64192749752 2.6846075901 1.32894089608 1.0499433689 2.98617348295 ;
2.925842012 4.63308974606 3.18992325897 4.20333426288 3.77965708212 1.58249021389 3.30958503491 ;
2.00435019644 4.6606156365 2.93107618133 3.46395634584 2.39609723138 1.91406065181 0.0 ;
2.10333457247 4.7125260423 3.09848567467 4.50235893931 3.04476278562 3.77781639556 3.11626449165 ;
1.60278036907 4.7601261587 0.0 2.23652512933 2.11656586017 0.87072772737 2.71032497308 ;
1.86195001435 4.77641640442 2.63927282824 2.5933022177 7.0257523292e-06 0.974214628264 3.04228623804 ;
2.9259175279 4.64268950197 3.10828315949 4.12914586327 3.29972843094 1.26575546107 3.12219872882 ;
2.83754520556 4.50801836221 3.41912070546 3.95491554971 4.65399170105 2.39497827583 3.44628963039 ;
1.9106507457 4.78502183834 2.61531834233 2.34406984865 3.15082531821 1.01582388874 3.21661362149 ;
2.12642685046 4.70816208329 3.09439733242 4.49140605333 3.0470407541 3.76828021808 3.09252824224 ;
1.47322813066 4.71584637874 1.22205670933 2.43883155244 3.05168919056 1.51114686081 3.09067719015 ;
2.86133732143 4.53000888384 3.39185448047 4.0100074929 4.55632745906 2.27269864831 3.42994283251 ;
1.74584236276 4.78246369983 2.12955058434 2.49212291701 5.70981776595e-06 0.909968421879 3.02215031811 ;
2.28448970792 4.74255436449 2.78019706634 2.96447182177 3.17897549807 0.0 3.17892423957 ;
1.91129879259 4.6619408173 2.48279394183 3.32240484867 2.30599395829 1.7549530406 0.0 ;
2.69711946324 4.73628022247 2.90080885181 3.21077692133 3.1039106304 1.8045826321 3.16901216817 ;
2.50607504443 4.57492691323 3.28753935063 4.15253285631 3.65792026615 3.32451620869 3.22228622393 ;
2.12911323207 4.77179976499 2.24836253786 2.5902454261 6.35545087023e-06 0.953432359162 2.63197223082 ;
2.88124922224 4.63828680388 3.16968635957 4.21431626396 3.82593107776 1.57261304265 3.25562838079 ;
0.0 4.75679841732 2.00217777281 2.35486034051 2.28859747004 1.25665794064 3.05353884787 ;
2.47553145724 4.82560207342 2.71778597689 2.42598662328 2.99599700897 0.967566562195 3.26716674036 ;
2.07909725629 4.6308106443 2.59904007467 3.53185950328 2.90769035056 1.9827609891 0.149162154445 ;
2.45415534509 4.6756669981 1.18427551775 2.73527577388 3.2794926223 1.32651275414 3.18461300972 ;
1.60278036907 4.7601261587 0.0 2.23652512933 2.11656586017 0.87072772737 2.71032497308 ;
2.01612228921 4.70018641687 3.07346590206 4.492725378 3.0039400182 3.77750217844 2.81241613191 ;
1.86104467142 4.77636035769 2.64165561899 2.59138574126 7.08107321368e-06 0.968528329274 3.06189729477 ;
2.82977572107 4.49867022502 3.44604898534 3.87936305325 4.75752062415 2.45137969157 3.47467724235 ;
2.1246951125 4.57820769157 2.91425344646 3.33125035747 2.64595831966 1.71050846665 1.18565582887 ;
1.97365973331 4.80571067118 2.61802121087 2.29997263186 3.16002614341 0.967579540761 3.2515201517 ;
2.92977220466 4.65345301251 3.12520242416 4.1963263267 3.384838561 1.26525963911 3.20830516662 ;
2.84849115713 4.51622753505 3.37949335976 4.05197409967 4.42676565147 2.27718490928 3.38311298815 ;
1.8120881909 4.77618638439 2.66580385143 2.59265146414 6.44656844543e-06 0.987107866537 2.74023881408 ;
2.05130072828 4.70241608108 3.0817906446 4.48599698227 3.02814300904 3.76980357612 2.82937108767 ;
2.29333674492 4.79814038783 2.74106624136 2.81468747807 3.13614182987 1.73488576005 3.25941482463 ;
2.28969510401 4.73966480354 2.7462243585 2.95846571713 3.14000867545 0.0 3.00236385941 ;
1.60278036907 4.7601261587 0.0 2.23652512933 2.11656586017 0.87072772737 2.71032497308 ;
2.40032103429 4.50506993346 3.13607510845 3.71440070833 3.18290651543 2.45760948837 1.75941781377 ;
1.97447630757 4.8051847067 2.61722662833 2.30042777637 3.15834633164 0.966160802432 3.251331694 ;
2.01612228921 4.70018641687 3.07346590206 4.492725378 3.0039400182 3.77750217844 2.81241613191 ;
2.93046196316 4.65417636698 3.12280827802 4.19458050878 3.38130930926 1.26155053003 3.20834926843 ;
1.86104467142 4.77636035769 2.64165561899 2.59138574126 7.08107321368e-06 0.968528329274 3.06189729477 ;
2.1227152673 4.57884771495 2.91834192222 3.33476679244 2.6490391187 1.71885241039 1.17620540853 ;
2.82927695899 4.49841057767 3.44791865632 3.88363368084 4.7555288929 2.45064010691 3.47320595587 ;
1.60278036907 4.7601261587 0.0 2.23652512933 2.11656586017 0.87072772737 2.71032497308 ;
