cluster 0
size:527
#377eb8
[ 2.29018201  4.75782359  2.68505873  2.49658752  2.84678977  0.37912241
  3.17094717]

cluster 1
size:429
#ff7f00
[ 2.23785882  4.68906822  3.10503294  4.35897279  2.72578372  3.73711132
  2.96835655]

cluster 2
size:199
#4daf4a
[ 1.12077242  4.73289138  0.26054797  1.11709531  1.37884201  0.34193191
  2.67202935]

cluster 3
size:668
#f781bf
[ 2.94652244  4.48528029  3.32939225  3.64384071  4.56649239  1.93363292
  3.41519613]

cluster 4
size:296
#a65628
[ 0.52463664  4.74169184  2.51737695  0.99567915  3.4951357   0.98818467
  3.17127447]

cluster 5
size:193
#984ea3
[ 2.1205865   4.70854719  0.0634753   2.14758752  3.38360756  0.96775434
  3.04370253]

cluster 6
size:246
#999999
[ 1.64740583  4.76607863  2.54878409  2.16797284  0.18715175  0.78644977
  3.06352325]

cluster 7
size:144
#e41a1c
[ 1.80454943  4.64860163  2.29937613  2.63507689  2.03957516  1.46122043
  0.0273011 ]

cluster 8
size:307
#dede00
[ 2.30463915  4.72337323  2.6967425   2.1694025   3.86596833  1.85688161
  3.26536672]

