2.69363314856 4.58941544931 3.20425574547 3.1407477847 4.4227597691 2.1354644988 3.43721242874 ;
1.30300984677 4.77026584403 1.57483030369 1.55075770033 1.40323539399 0.712731343538 2.7089145781 ;
2.09010902694 4.68894636133 2.76245300887 3.84561824069 1.64263763739 2.44706900268 2.17098050691 ;
2.22067154574 4.76462350623 3.22096183526 4.48370415192 2.98322855416 3.8889162036 3.1504742838 ;
2.26434929831 4.72194113382 2.3204779127 2.54597301273 3.41300562314 0.447886981472 3.09860279914 ;
1.42054301762 4.73670127147 1.4243660468 1.53760354148 3.30236391362 0.871107314918 3.02284858462 ;
2.1717647837 4.74342776471 3.15614576784 4.4363697873 2.82692376043 3.84024985375 2.95802927401 ;
2.7891793335 4.58189044966 3.21723648399 3.30278261236 4.4243192637 1.83647583139 3.43278997449 ;
2.35455093268 4.77825568527 2.55665463625 2.84037548802 2.25475731752 0.733838752168 2.8387590267 ;
1.22454890902 4.76790435718 1.83112666853 1.57258257089 0.3991556441 0.665319787372 2.54853629059 ;
2.82587439078 4.57094341647 3.26723007312 3.35592138266 4.48197948008 1.92454442536 3.45247405429 ;
1.28800485621 4.76437410269 1.6030909986 1.62628982106 0.802293143809 0.638909625778 2.58215022452 ;
2.44180655478 4.77224637553 2.48660917386 2.93523475671 2.42708955984 0.736489920958 2.90459878256 ;
2.17129951384 4.74313984178 3.15781685823 4.43948053877 2.82434158066 3.8490099288 2.9566390013 ;
1.42833064731 4.72915693506 1.78411460594 1.51602657521 3.62853170478 0.98927102887 3.08987591897 ;
1.29266245797 4.76510080895 2.40105934351 1.96260829846 0.597177307302 0.787878833761 2.59959410235 ;
1.93124424235 4.74819437819 2.61261783404 2.04760185207 3.20578759255 0.755246348394 3.05880333048 ;
2.18773723295 4.74425599242 3.14778383077 4.42153132111 2.80805860005 3.78982221742 2.95694481033 ;
1.74469155676 4.74925864268 0.0774768317178 1.87622400617 2.40789378346 0.798579863314 2.74617391417 ;
2.85077129216 4.57654956734 3.26325375002 3.43740263767 4.42999664628 1.91260616602 3.4453733113 ;
2.38920440918 4.76361590126 2.02886399248 2.61649341464 2.63056911895 0.561452491128 2.91401767864 ;
2.87559007593 4.57214924282 3.28200187353 3.44513523793 4.45392804783 1.90164991539 3.45268771655 ;
2.16912537461 4.74233646909 3.14954044691 4.42846477353 2.81296066284 3.81007849102 2.95127204772 ;
1.3372895014 4.71992880504 2.13029703397 1.37662846933 3.72985681258 1.26951783725 3.13946009259 ;
1.18735369292 4.76913040293 1.76388712314 1.75880574048 0.652258934595 0.699858434678 2.56215657523 ;
1.99114185218 4.72047837516 2.20617189413 2.18947838853 3.54455844112 0.687480748857 3.119527038 ;
1.4547190701 4.77457021014 1.72572540872 1.80906607621 1.20431579794 0.706562925141 2.6508171549 ;
2.50573318043 4.77087317513 3.23894278124 4.47184771688 2.98983075624 3.84801536246 3.19288756766 ;
2.85134996399 4.58620903947 3.24394984774 3.36206659905 4.38783539605 2.02553752259 3.44333893832 ;
1.30785250799 4.66816536075 2.86580570933 4.19435578714 2.15760262068 3.36550278193 2.20846683529 ;
2.16893751564 4.74289485343 3.14648008215 4.43173716695 2.80008814341 3.81202390617 2.95589654216 ;
1.43681194709 4.75118579036 1.25086080235 1.46206021431 3.06164023434 0.921613009659 2.89949855977 ;
2.54757295425 4.72030283339 2.770844008 2.91995613698 3.24837919931 0.526532364822 3.08040156412 ;
1.3458830946 4.77063007358 2.0701462879 1.97143534308 0.531575552021 0.72893158466 2.63019839651 ;
2.77485991987 4.57014514437 3.26074713574 3.28456384912 4.50188068657 2.24338399264 3.46101920931 ;
1.4834198428 4.76854647963 2.12098218872 2.09284491564 0.359344160477 0.820666390459 2.62040515546 ;
2.17414011674 4.7430734396 3.15883055798 4.42127505592 2.81731917583 3.80084478504 2.94582958136 ;
2.80576133402 4.60345547503 3.16153875378 3.34052737065 4.22836184485 1.73202677656 3.37664046858 ;
1.56750454743 4.76152990271 2.56116142416 1.6599461207 3.00531685298 0.652525089076 3.02342523054 ;
1.7901816744 4.74027794886 0.0703125760876 1.94178950602 2.79935660618 0.844992004051 2.73300622756 ;
2.16752989663 4.74259976928 3.15708039998 4.43873876173 2.82713189872 3.84633188213 2.95529885396 ;
1.60765911362 4.73080488433 1.61063644066 1.62289572128 3.49014984387 0.904585488253 3.10822629009 ;
1.16667651369 4.76822948222 1.8680193556 1.66027630533 0.728986196533 0.648059429368 2.49174403318 ;
2.8379058055 4.56438719578 3.28321930062 3.39293998683 4.51344275095 1.92964452229 3.458467841 ;
2.51419908332 4.77407598156 2.56883857362 2.98058144769 2.3940013818 0.831276848049 2.93950963321 ;
2.36949834651 4.7085025775 2.76995433943 2.74580506212 3.57092602309 0.483236516514 3.14982392812 ;
2.77213331497 4.57572277351 3.23454345531 3.24219387109 4.46465025127 2.24812475064 3.44589644806 ;
1.67296395493 4.75014135761 0.0683795089126 1.87336357583 2.2698081176 0.811258835184 2.72885071653 ;
1.36067868834 4.77361708919 2.5388879141 1.73681972421 1.39978044749 0.804646575177 2.76149970572 ;
2.18382750383 4.74430902398 3.14306007651 4.41744282867 2.78394927765 3.77414603449 2.93872948011 ;
2.17474145494 4.74447886514 3.14050175558 4.40850041171 2.77061925401 3.73230390323 2.94155584616 ;
1.77116471262 4.74602282986 0.0871302366296 1.9518430624 2.65947948069 0.844291264136 2.73194518663 ;
2.0099800661 4.74160632071 2.63246543037 2.20007397848 3.23156486569 0.737502529273 3.07075338058 ;
2.84780984469 4.57614115349 3.27449750817 3.41621001577 4.47224667477 1.99802419233 3.45895022473 ;
1.26375255793 4.76582699477 2.2285923703 1.72233324152 0.626981812339 0.704380873405 2.63792571959 ;
1.76470853057 4.75215057867 2.23015622672 1.89352019708 3.11642886678 0.826618557648 3.14619281462 ;
2.18958593465 4.7440318735 3.15525067908 4.41438891755 2.81483866006 3.7966571886 2.98009442631 ;
2.83680630004 4.58976943451 3.20687577081 3.42962772919 4.33887239497 1.79249114849 3.42151261849 ;
1.46408367211 4.77493601503 1.37922843576 1.89022843528 0.793401366866 0.686753839885 3.03199868345 ;
1.63550718264 4.7054210803 1.84428958328 2.10546790362 1.69776190378 0.82928489264 0.12822535728 ;
1.75385889466 4.75559316309 1.86685988548 1.85514760592 3.01693216747 0.746937152947 3.13826648027 ;
2.17632152997 4.74498996687 3.15638382061 4.42177511365 2.79829678911 3.78429229369 2.96808857502 ;
1.35857816821 4.77526483672 2.01395612831 1.97269125859 0.330723383804 0.751678944627 3.02584081537 ;
2.82448575731 4.59553455312 3.20111534278 3.37968910242 4.30692098872 1.80154715325 3.41719349287 ;
1.62139122669 4.69938878256 1.69540694075 2.01397009007 1.78157857918 0.805984079659 0.1732972476 ;
2.00895209588 4.74457450603 2.6431759342 2.13757138672 3.27168457308 0.84174573242 3.08677256284 ;
1.30493531793 4.76800062088 2.1600831108 1.86189446798 0.640374518846 0.717183923159 2.64211227938 ;
2.1888657954 4.74399160652 3.14765343948 4.41602172498 2.79153271152 3.77342151097 2.95187820508 ;
2.8667367778 4.5664388784 3.29198401787 3.48936409422 4.49026049621 1.94238910449 3.45582800626 ;
1.77251733952 4.74376216269 0.0800013832065 1.90030904974 2.78728629506 0.811173060606 2.72528531345 ;
2.16790866191 4.74278909746 3.15114381931 4.43047695886 2.80704046733 3.81478115478 2.95768878627 ;
2.81349452561 4.57269452022 3.27873816313 3.3841836793 4.48027110779 1.9447647025 3.45607818553 ;
0.90424808145 4.74990671765 1.75684607525 1.14638299402 3.04334006556 0.895692114528 2.86179064195 ;
1.42748518739 4.76953162023 1.95975454106 1.99877067223 0.298715834597 0.73778424059 2.58921080223 ;
2.41918452542 4.74914200561 2.09047507773 2.56483269163 2.94009061807 0.717083902645 3.00147567363 ;
2.20619557962 4.71995515743 2.75428614604 2.55954532899 3.42249489136 0.475720593456 3.1410419357 ;
2.18400175994 4.744224033 3.14643861736 4.42263172524 2.79560295698 3.78790989675 2.94807084798 ;
1.70813559626 4.74094079896 0.296923812708 1.75998552167 2.87665616604 0.888194845181 2.76210799294 ;
1.35715917504 4.77460923609 2.22361766028 1.82308020803 0.855911880489 0.771217544772 2.6552637304 ;
2.7600777897 4.58477577818 3.2177886104 3.24635780506 4.42114650705 2.19399061113 3.44138189908 ;
2.67756656772 4.58428148482 3.20655892466 3.17118257587 4.45078231943 2.02352721752 3.44610240858 ;
1.46654326628 4.74745808614 0.704848544522 1.6143841502 2.97800002571 0.830718553113 2.79707330789 ;
2.17506350808 4.74308019056 3.15215137668 4.43098445867 2.81758805155 3.81947187061 2.95953786056 ;
1.29440188881 4.76929656752 2.1700788655 1.77804752965 0.580613023897 0.76995321518 2.68035521002 ;
2.38741808379 4.74616025971 2.68527642648 2.6932545014 2.98208266782 0.524917568827 3.00075239665 ;
2.80540612985 4.5833621458 3.22880052963 3.32338842701 4.43736204287 2.07099511787 3.44692021873 ;
2.03208558177 4.7381969041 2.67549490174 2.23442307827 3.24757085057 0.57945042209 3.10030281884 ;
2.19108797571 4.74323764381 3.14093754834 4.405019185 2.78617487867 3.75247300837 2.93955927065 ;
1.71114173661 4.74328836792 0.158908397867 1.8517696264 2.78324033716 0.819185516 2.71801994789 ;
1.31313241024 4.76759038243 2.16982470704 1.87767788075 0.591858721837 0.79200862241 2.62372368148 ;
2.18916624285 4.74299807035 3.14212246684 4.40849005043 2.78969006153 3.75759794129 2.94332244067 ;
2.35507406667 4.71646086924 2.81291757022 2.7352458245 3.46728122002 0.260889917756 3.1735028235 ;
1.53604512605 4.74941189239 1.27467101051 1.65177444928 2.84255931134 1.00299521283 2.81811834722 ;
1.38695233226 4.76967638748 2.12111566028 1.93858591169 0.388709354308 0.732338120915 2.63029840253 ;
2.81020942874 4.58380576005 3.23917482481 3.30086719214 4.41160324523 2.18170649958 3.4448792617 ;
2.17415453405 4.74122455419 3.1502862255 4.42206919006 2.81913364741 3.81480465315 2.95171255 ;
2.86674823536 4.60299799025 3.1732210677 3.38038982414 4.22735290875 1.71890901503 3.38420952998 ;
1.63243295863 4.77329169235 2.56627301227 2.0425805885 1.24998923377 0.69372180084 2.69539678462 ;
1.39744144836 4.72711849546 2.26871780875 1.56129636115 3.83116873317 0.961414118721 3.2150480402 ;
1.73761411389 4.7575935119 0.0603911340517 1.9455740558 1.97990990423 0.719302386564 2.6417252829 ;
2.74377796917 4.61787387 3.11644105304 3.15905159485 4.20056881178 1.62698937214 3.37025080086 ;
0.368616930141 4.74214186424 1.92972984564 1.56096486992 3.10993169266 0.727000901593 2.94384603373 ;
2.18648496697 4.74306657999 3.14924467475 4.42125553857 2.8098708419 3.79550035366 2.95065939391 ;
2.24419745214 4.75020648791 0.332616899618 1.82703667317 2.55735377736 0.838765940452 2.76067715311 ;
1.73302033145 4.77443339155 2.47292514437 2.06175502026 1.10520466092 0.70337534033 2.72085436374 ;
2.17756484885 4.74224581466 3.14750082519 4.42804858302 2.81640180957 3.80488395497 2.94410232214 ;
1.75836795503 4.74314537035 0.0704124413291 1.90384104711 2.78375782197 0.808348334018 2.7147408974 ;
2.83323571539 4.59243297306 3.20179187786 3.42032995504 4.28797981767 1.79578691766 3.40491936865 ;
1.42053331063 4.76860095548 2.11443254323 2.05897094446 0.347495189058 0.804132861758 2.61949144932 ;
1.72391774472 4.75661394138 2.58553017551 1.78935032837 3.07633801483 0.724376093382 3.0362939622 ;
2.18082566737 4.74252234317 3.15161429417 4.42996787052 2.82089878165 3.81827753072 2.961028151 ;
2.55502655228 4.59486488009 3.14812830877 2.95236824741 4.38110641752 2.17897981756 3.41484801531 ;
1.41344910368 4.77473156245 2.53613162877 1.84231236957 1.13274438991 0.755589311156 2.65299117712 ;
2.47104752185 4.71309277591 2.80360228076 2.94832854643 3.4770431664 0.348653996442 3.15851882002 ;
1.66196336572 4.75055801618 0.18571186088 1.80695343378 2.34698157505 0.801556311216 2.77455152844 ;
1.9226085958 4.74853375507 2.60587518541 2.00580489385 3.2314509284 0.812076941738 3.06532619205 ;
2.18301554204 4.74443375688 3.14744042378 4.41706114358 2.79498566395 3.77555901647 2.95182587122 ;
2.86352601399 4.57880997453 3.25194535581 3.46916214825 4.40237287166 1.86508994862 3.43792030707 ;
1.68945126652 4.74915219475 0.060833644185 1.90037758684 2.29098702584 0.802717394883 2.73023067964 ;
1.30085259758 4.76540919695 2.50017002648 1.89145921248 0.663743074936 0.723293900289 2.61400336186 ;
1.04273366306 4.73366929538 2.05091143366 1.43559964549 0.759579575984 0.751225817771 1.7698244843 ;
1.65850673264 4.73654200107 2.26049314831 1.58500672692 3.62382558477 0.970043050195 3.172570906 ;
2.87278007639 4.58303273575 3.22132936393 3.48894478896 4.34261515024 1.77697878957 3.4193596118 ;
2.17907107689 4.74322751417 3.15850142345 4.4286698542 2.83634272812 3.83122884835 2.9719865874 ;
1.97323777274 4.78290238428 1.60604612823 2.48649702773 1.67242664514 0.717400263505 3.03268481502 ;
2.83299863811 4.59242662836 3.20439753192 3.38660917052 4.3159213595 1.80079826049 3.41816351555 ;
2.18522547484 4.74289181785 3.14383057206 4.41152539393 2.79098278023 3.76702915537 2.93665304241 ;
1.34719013687 4.76635414283 2.06169077048 1.92675814724 0.259470747263 0.741140383987 2.60433299434 ;
1.72006299843 4.75844484081 2.58142602591 1.87725796545 3.00192643993 0.718656591526 3.00947206564 ;
1.79244547643 4.74256256868 0.0777330565027 1.90086697281 2.80463053759 0.838185803346 2.7394823014 ;
2.39618234737 4.75747505981 2.03539763768 2.60311663153 2.71014487889 0.702767548796 2.88595118777 ;
2.16902710644 4.74242660874 3.15258811166 4.43192267567 2.81830277894 3.82264792966 2.95740631063 ;
1.26613383447 4.76900884096 1.96508746127 1.86354985261 0.43993933955 0.70152025337 2.63565423107 ;
2.81695648439 4.57504740569 3.26151277762 3.36546542973 4.46613258402 1.90978283099 3.45241116946 ;
1.02257605628 4.73889139723 1.80130575498 1.12699690659 3.45678487434 0.979731189534 3.02492841523 ;
2.87533050159 4.55560130947 3.32584298089 3.35914044124 4.52626657288 2.3002946211 3.4654296072 ;
1.50011369785 4.77458934529 1.78385165152 1.86998584394 1.20097169812 0.684176699846 2.66010818067 ;
1.48683455621 4.71733967377 1.83069328061 1.59592148382 3.7817235841 1.21075347627 3.12969192185 ;
2.71749351801 4.71530182383 2.81645999883 3.23503070741 3.39742893353 0.4572628174 3.11781988167 ;
2.16288366873 4.74356177735 3.14087072086 4.43028275676 2.79533458302 3.80591762629 2.96006080033 ;
2.39500745227 4.73781024121 2.70226420989 2.710466804 3.08387963491 0.523214773219 3.04027346151 ;
2.78194495265 4.57789316131 3.24185301785 3.2974069745 4.47180439783 2.06596304444 3.45421838273 ;
2.17441511604 4.74292467601 3.15208058546 4.43094747929 2.81393863122 3.8197263315 2.95842541893 ;
1.27258009351 4.76992519699 2.18248023592 1.78092861296 0.739824947843 0.749764642204 2.6479473423 ;
1.49774843435 4.74442487774 0.798971333344 1.57892016418 3.10352664425 0.959744084872 2.87373953885 ;
2.18061211372 4.74164681403 3.15429960343 4.42050597608 2.81022803576 3.80721758306 2.93766109797 ;
1.97652554334 4.73266635412 2.64054226974 1.97273926695 3.61643690551 1.0135179241 3.1961045817 ;
1.44088554301 4.77752103539 2.538520646 1.91720731015 1.11737943672 0.679108895564 2.66906640198 ;
2.89233307562 4.57587010547 3.26432319503 3.58355171199 4.34044788865 1.80068131135 3.41805174471 ;
1.67573375936 4.74766150445 0.0517718354745 1.89005454195 2.26141082462 0.815819456185 2.72259827639 ;
1.89377820924 4.76837460931 2.64726386377 2.32571028576 2.68436814679 0.577061066479 3.01006997207 ;
1.67321623563 4.74379311756 0.59350696934 1.62254359766 3.09262215229 0.98248417217 2.94357771941 ;
2.17317325472 4.7428061258 3.15249833266 4.43284611447 2.81773385337 3.82492405498 2.95840034597 ;
2.76999739656 4.58941045468 3.19868899616 3.28712630069 4.38266800003 1.85628987006 3.41558217362 ;
1.33196510825 4.7575598019 1.91644395378 1.72749640271 0.336823164509 0.743766626763 2.41251124452 ;
2.18522698961 4.74392098978 3.14820099275 4.42210741753 2.80802612447 3.78962831462 2.95637806982 ;
1.31058869042 4.76612517067 2.54502950542 1.86285056564 0.75036605182 0.726445288759 2.62766414471 ;
1.64691182177 4.75097352831 0.0620736811482 1.86096222123 2.24917842389 0.788901913442 2.72174862763 ;
2.01749376498 4.75056809911 2.60614818441 2.15157573661 3.18701632113 0.753436464144 3.0563800168 ;
2.80725920985 4.57557993016 3.24562022779 3.38322363417 4.45936878739 1.92643249581 3.44949205738 ;
2.87932038309 4.54510342159 3.33897217259 3.4343666671 4.58330862489 2.18713875579 3.47909911485 ;
1.37790340348 4.7707909923 1.51151001414 1.76518500779 1.08320692565 0.632612524432 2.58914434136 ;
2.15435049786 4.74367511719 3.14502824921 4.43941002236 2.80119000774 3.833323273 2.955409292 ;
1.64566912509 4.73236914892 2.14617801889 1.59561072285 3.59859281616 1.12554396208 3.14150845649 ;
2.64398996133 4.7356381062 2.72612494892 3.31383657765 2.8965973242 0.638737386185 3.03641079508 ;
2.59149943788 4.72643563808 2.78622890805 3.05123444863 3.0905088465 0.561687421107 3.06515728158 ;
2.16976718845 4.74275144595 3.15455902658 4.43657922871 2.81841287084 3.84054259197 2.95450267816 ;
1.269180638 4.77085623471 1.98710355407 1.83153684985 0.631639920295 0.688818555182 2.55983008639 ;
2.81390152155 4.56617863207 3.28495919427 3.33199570283 4.51883098338 2.19030023606 3.47174163298 ;
1.54567189629 4.74370417249 1.42448178792 1.56859729805 3.21782711126 0.972918184704 2.99518764439 ;
1.54300593307 4.7465162731 1.43665124662 1.58032867134 3.06916574752 0.890286826647 2.86388776286 ;
2.79046904561 4.57127746331 3.25966599256 3.255935102 4.47450630353 2.26232426817 3.45529441476 ;
1.3829765706 4.77559713347 2.11517045164 1.97121897574 0.579036324814 0.749027763047 2.67044905755 ;
2.17035295953 4.74260561969 3.14185412495 4.42353658379 2.7958191445 3.79602929775 2.94599564805 ;
2.6516254179 4.71058562673 2.85354438753 3.17163511301 3.39922764337 0.409145633804 3.17494358756 ;
1.68222412077 4.75070961498 0.052282222547 1.87623972335 2.22232001408 0.771207575917 2.72751540335 ;
2.91024565965 4.59133280906 3.20473061642 3.41019776171 4.31645015596 1.76122361546 3.41636674561 ;
1.78754301604 4.77533441517 2.56297095896 2.08487197405 1.46660915125 0.66476403755 2.71613833789 ;
2.17773801865 4.74325499027 3.14660122449 4.42091207679 2.80125574825 3.79483691954 2.95869090599 ;
1.22474216958 4.71288699666 2.5842575732 1.65563458866 3.92573356847 1.1220056137 3.23246655889 ;
1.94330270413 4.7383502799 2.59760808331 1.89798549606 3.6052020685 1.07544090313 3.19335164118 ;
1.50631739857 4.77621066254 2.55173583533 2.0313572885 1.07061693337 0.649563233757 2.68527115061 ;
2.18821250092 4.74307370299 3.14376618213 4.4084148179 2.79094322255 3.75746668422 2.94900726838 ;
1.6105423068 4.74959423181 0.0905437420209 1.81526782749 2.24041837788 0.767961436699 2.67555137437 ;
2.89555390121 4.56839120351 3.26494320131 3.57932698733 4.39229708665 1.78826283461 3.41957871917 ;
2.13445096877 4.78466181738 2.61900433041 2.36499751309 1.79427528242 0.712486656549 2.86513663097 ;
2.17780536733 4.74279141246 3.15372187785 4.42916222683 2.82191764325 3.818923967 2.95918222823 ;
2.53642295382 4.61703594718 3.05739767876 2.98858480564 4.26621851955 1.59603102923 3.3727510266 ;
0.536936025302 4.76105128456 2.06757110603 1.19548378002 0.887890411871 0.680575471656 2.48741482091 ;
1.8207360761 4.74981098929 0.0652116307208 1.97441172055 2.51694226983 0.803676599553 2.75792695557 ;
2.15783574838 4.76616199262 1.98127119004 2.41353446544 2.65757879957 0.497612879461 2.91557176261 ;
2.18661639263 4.74412326918 3.14705292235 4.41653039514 2.79296959515 3.77666258074 2.94658444185 ;
1.31979280791 4.76683752938 1.80710683052 1.77108087043 0.467838157278 0.738834776669 2.53492553121 ;
1.24281030859 4.71521225818 2.04494790371 1.3399332766 3.78349852695 1.38365076953 3.16175871134 ;
2.86861971006 4.57840745172 3.25873290904 3.43717227007 4.40734557489 1.86280144 3.43107919332 ;
2.87740578113 4.58714629732 3.21500660521 3.39585623176 4.35057821907 1.79770308849 3.41170400236 ;
1.66894188215 4.75005552783 0.0564462990137 1.87339504255 2.26268771588 0.79483556511 2.71108388168 ;
2.17196236748 4.74268960856 3.14879564074 4.42569340544 2.81959160872 3.8069699812 2.95775749856 ;
1.37528779988 4.73062710377 2.57518731721 1.5379581981 3.6476903721 0.88174551497 3.14104821433 ;
1.81266775674 4.77631393918 2.57470924075 2.24036641907 1.30842270747 0.71716482025 2.74000218728 ;
2.18089301617 4.74419802984 3.15602265876 4.42696514115 2.80982598494 3.80519868972 2.96130469914 ;
1.43098654305 4.73257903945 2.59418629047 1.53079504579 3.79585314261 0.856588920322 3.21628562553 ;
1.64856689983 4.77294713427 2.55280374212 2.08154851286 1.27467747689 0.706394849798 2.69098409999 ;
1.68317177868 4.747981043 0.0604927148573 1.89902711786 2.26180118347 0.808380158872 2.73515561704 ;
2.85851618295 4.59879341808 3.17849383868 3.3787335201 4.25915730831 1.7500763218 3.3830742667 ;
1.76983395903 4.73782042 0.0911740568877 1.87840547934 2.69036902329 0.857033176969 2.69812047714 ;
2.7572545261 4.6121609755 3.12733166911 3.23537948781 4.21854172982 1.65929557993 3.37843664075 ;
1.24062503856 4.75837074326 2.51868341439 1.26943366405 2.85256977185 0.683643306409 2.95716485104 ;
2.18046266921 4.74300472415 3.16275324638 4.42865435097 2.83079914792 3.82770508081 2.96046188266 ;
1.74370549845 4.77714184857 2.29885101622 2.45719079099 0.797100562769 0.76438050211 2.70247052714 ;
1.60948996058 4.75256705157 0.450249308956 1.65055316179 1.8189985081 0.777587623375 2.66760780247 ;
2.1717647837 4.74281234242 3.15514272049 4.43638893226 2.83186324158 3.84049555303 2.95692033499 ;
2.83010509536 4.58655042364 3.18699654926 3.32556826484 4.39009475184 1.79543897292 3.42575015305 ;
1.13693120419 4.7423177535 2.45960114393 1.37570017728 3.4136968704 0.812822209993 3.11143736383 ;
2.095880421 4.77507950885 2.66069492654 2.67331294095 1.55540121437 0.767581513987 2.75747018311 ;
2.87774007361 4.57970426407 3.2304930563 3.53412456222 4.31960777823 1.7910318637 3.40277314727 ;
1.48620422109 4.77129967317 2.55765406901 2.02603897766 1.11948775372 0.680751697936 2.66964990424 ;
2.18404884365 4.74161711526 3.14977331448 4.41830792819 2.81110031758 3.81108198162 2.94878477086 ;
1.88936803096 4.74430139507 2.61736024545 1.81807223486 3.62686016948 0.974444744036 3.19894147702 ;
1.65947980031 4.74995621879 0.0643415222745 1.86609188248 2.25105005072 0.796854114832 2.71572244048 ;
2.18131341846 4.74425705842 3.14641780784 4.42364154924 2.79545002401 3.78705844555 2.9536438458 ;
1.64260191982 4.77452270312 1.97888991848 2.11999049524 1.05183553744 0.728439700419 2.68608899935 ;
2.58006266731 4.69465283625 2.81532438677 3.03510338472 3.66636146526 0.246725937768 3.19006140379 ;
1.24528197931 4.74213305177 1.38608824432 1.27650480431 3.2545946239 0.984804412525 2.91254155329 ;
2.79497681558 4.5842945665 3.20957640582 3.2526034452 4.37740263617 2.2219229902 3.42808082439 ;
0.823254776651 4.76246527685 2.5093222934 1.24743385835 2.15115560781 0.815172155271 2.82085553178 ;
2.74145088274 4.58439329826 3.19466024047 3.25024117913 4.41281346636 1.84861680347 3.4299125759 ;
2.1705214618 4.7428534444 3.15192588609 4.43370646453 2.81917354417 3.82884840343 2.95616206782 ;
1.69588287736 4.75035450981 0.067308445384 1.89517726442 2.26284721077 0.814167725257 2.72763609236 ;
2.4123933142 4.76834304967 2.64204307628 2.67949039845 2.08380393144 0.625042954136 2.89559306343 ;
2.39826468888 4.76847547769 2.68055409444 3.23328743572 2.09761015851 0.885167108668 2.83285653329 ;
2.68466160306 4.59113195854 3.13782035704 3.13849979062 4.40494096723 1.77340863246 3.41610752181 ;
1.27842632574 4.76886440505 2.5228999938 1.36337290798 1.92123303481 0.636256861494 2.86275933875 ;
2.17974214599 4.74310676362 3.15834476746 4.43864712808 2.83213565051 3.84805353548 2.95971370736 ;
1.63846346865 4.75245824179 0.0650982878562 1.86246563983 2.24730542325 0.780323403432 2.69923580192 ;
1.75712994938 4.74251698402 0.0577472077251 1.85948801295 2.70933059582 0.791937337895 2.73159077607 ;
2.18158552797 4.74225408659 3.14426789138 4.41373193481 2.79823236766 3.77045091316 2.94519879055 ;
2.04748265062 4.72286558337 2.66641594357 2.2056034215 3.54549514174 0.819038647552 3.1685877868 ;
1.42856760492 4.77524057273 2.27947830331 1.9150491425 0.939127903549 0.739719961994 2.65238677137 ;
2.89234068823 4.57097226531 3.30021874679 3.5078114757 4.47189003703 2.03002698136 3.46093254742 ;
1.44385916182 4.76788298572 2.09116167063 2.02368710664 0.269608925949 0.773214059881 2.59830993685 ;
2.81649035365 4.59659859318 3.18466586684 3.37389073632 4.27519570225 1.77921791865 3.40096829761 ;
1.78603709263 4.74420482969 0.0741322344951 1.91458440474 2.78505797619 0.832578110625 2.73474211572 ;
2.17949415001 4.74332638665 3.14674539947 4.41509378466 2.79775322555 3.77343649275 2.9441335085 ;
1.64801301931 4.75845170434 2.57030801124 1.76752207114 3.00944790405 0.685054741858 3.01476327762 ;
2.17531494617 4.74282359868 3.15020248399 4.43092733214 2.81523601419 3.81844502069 2.95828173526 ;
2.80794812533 4.58885758428 3.186489135 3.3144211187 4.35826887864 1.86898964904 3.41751109981 ;
1.15301231885 4.74184150852 1.5573922816 1.03923711536 3.37081484999 1.1369568305 2.92055475122 ;
1.4946543113 4.76988962705 1.49514065244 1.98018858553 0.646048044309 0.713342747018 2.65777569981 ;
2.11303902437 4.75955750619 2.48329209098 2.51601330929 2.72280110485 0.483714602331 2.92468569582 ;
2.87309948939 4.58894506412 3.21840270398 3.44228279528 4.29714363809 1.78510160939 3.41791633887 ;
1.31122643865 4.77387368262 2.10056947305 1.9355647627 0.310191393904 0.769433871282 2.70197689783 ;
1.51654158052 4.7445161248 2.50965583941 1.58742256516 3.58715187264 0.94626789768 3.22827117873 ;
1.99044911443 4.75172292608 1.19853874805 2.1358030773 2.471296685 0.627421000551 2.59751105401 ;
2.17789111249 4.74434024782 3.14392519962 4.40822641628 2.7883689063 3.75746369481 2.94521711341 ;
1.38428220177 4.77114581438 1.81417567398 1.98545433521 0.543655673087 0.706274158621 2.56993608096 ;
2.83165943163 4.58190595428 3.25991323077 3.42352631089 4.40582412221 1.85087256873 3.44302175128 ;
2.175870757 4.74215863431 3.15043750023 4.41267568884 2.8035441695 3.78472715665 2.94911406963 ;
0.963688949155 4.74702397646 2.25143495905 1.11083159753 3.23854290542 0.765203095978 3.0068010776 ;
2.36160543696 4.74790522472 1.82353903961 2.428040745 2.95758365045 0.834277368948 2.96407258501 ;
2.83257728381 4.59204026985 3.19472307947 3.42624978309 4.30378832477 1.79638327717 3.40784473035 ;
1.73506386706 4.75209558486 0.0448720287397 1.8648158135 2.36798955499 0.787846338629 2.78620308084 ;
1.36991826165 4.76125859137 2.41797753274 2.02785066845 0.403932394045 0.76350975717 2.48586789959 ;
2.17967004401 4.74142295641 3.14512444104 4.40858781012 2.79836880047 3.77655733757 2.93825406544 ;
1.73564562504 4.75804966587 2.57213724317 1.81698513115 3.08250250486 0.740225261313 3.06353822886 ;
1.5845157722 4.77483354205 2.63457265122 2.31194789775 0.789236305425 0.777702027226 2.69071898683 ;
2.17889190254 4.74229132244 3.14540424475 4.42883793051 2.81954647456 3.81261450295 2.94674707363 ;
2.85197639224 4.58473457853 3.22892978027 3.45114167836 4.33813851037 1.8281531213 3.42430733531 ;
1.86103062305 4.74361032324 2.2860978587 1.8071730316 3.37546243091 0.859981431632 3.09217932169 ;
1.37400704209 4.75970304286 0.261282479929 1.68425561136 1.78528321891 0.622085289478 2.54470003525 ;
2.18046448785 4.74429770038 3.14664127499 4.41381208427 2.78824500339 3.7719449972 2.94489529967 ;
1.9550464188 4.76342899593 2.10096528564 2.13468092283 2.71061497077 0.385586227457 2.84572460023 ;
2.81292072558 4.59371078793 3.20558033425 3.37443851771 4.31250194157 1.81731561291 3.41573906611 ;
1.36850716382 4.72440726672 1.22922725092 1.31356563641 3.54346171572 1.46484382036 3.04972069034 ;
1.3247040831 4.76850051947 2.02875223006 1.94911480154 0.314261672491 0.78890244522 2.65432067642 ;
2.17133444786 4.74471189099 3.12118682743 4.38771950398 2.74778086314 3.68794193934 2.93147697154 ;
1.52805593207 4.74730733497 1.90456185543 1.54570149877 3.2895216017 1.14463405925 2.98569505885 ;
2.85570847889 4.56723628108 3.27765461516 3.34945398085 4.46570046606 2.27340308337 3.45584325178 ;
1.45259531615 4.76952188579 1.63761780233 1.94420937466 0.883295439539 0.605823861743 2.63118434304 ;
2.65588705626 4.70002245996 2.81639390549 3.1052575043 3.54232422155 0.227248493072 3.19323558834 ;
1.32764870741 4.76908231436 2.55024180206 1.86791561873 0.705841459993 0.730614669077 2.65258576053 ;
2.03002847585 4.73505309388 2.6446635432 2.15847110046 3.32571098447 0.772613065444 3.08130861665 ;
2.87162529197 4.57004368259 3.28969610156 3.47561086404 4.49001037805 2.02678729206 3.45816358673 ;
2.17721034462 4.74568470828 3.13240294778 4.40506258407 2.77084491765 3.73194071309 2.94796853689 ;
1.64238956199 4.75115406544 0.107312814526 1.87392003645 2.24875110106 0.794251403061 2.72316681625 ;
1.92199974669 4.73373835409 0.401234392346 2.17340040928 2.72706992772 0.816869785021 2.5608592861 ;
2.17839079886 4.74564142161 3.15901471592 4.41938040577 2.79336779866 3.77742806334 2.95476378913 ;
2.85457084671 4.59076575676 3.2228903007 3.41966919489 4.2991138591 1.80349614413 3.41287525236 ;
1.68016406459 4.75927467624 2.58889757811 1.7589475207 3.19118074727 0.776247653823 3.13435282434 ;
1.34432716653 4.76587198573 2.1087608337 1.89038945948 0.404328328727 0.724475098564 2.63590675645 ;
1.67195712457 4.74988483928 0.0687242631462 1.8841145859 2.26207606314 0.803028988968 2.72789019038 ;
2.08793005697 4.72118248572 2.67186238185 2.1988111748 3.56484525739 0.859096766662 3.17311925263 ;
2.18295715745 4.74295994801 3.13921458747 4.40769333562 2.78652013902 3.74467459178 2.94609396259 ;
1.41902746687 4.77497247063 2.55031195018 1.92890553565 1.05243999258 0.70969291124 2.65093663669 ;
2.90604824417 4.56527368089 3.31737873477 3.53259946619 4.50864300974 2.04641390395 3.46725383609 ;
1.34088507173 4.76650811599 2.10750589911 1.88932652528 0.374534096258 0.751094195373 2.58960087912 ;
2.84693331228 4.57587236679 3.25973529006 3.41146139897 4.44408302856 1.92224117898 3.44593004198 ;
2.1900072141 4.74398753191 3.14685145889 4.4133500406 2.78988741735 3.76724879894 2.95330084513 ;
1.87527903011 4.75161007431 2.60685643127 2.06842995305 3.10165864351 0.747466431999 3.04998036911 ;
1.76731758519 4.74343218996 0.0745790960118 1.90157700641 2.78263962696 0.811173060606 2.72670059502 ;
1.33952013879 4.76617010926 1.97956701929 1.82813561914 0.247322307839 0.70395589341 2.63863775595 ;
2.80144187319 4.59919060635 3.17352292244 3.30722096825 4.30555445436 1.75116664922 3.40622311701 ;
2.47901568275 4.77296454217 3.26325990653 4.48644753226 3.04603633384 3.9042458844 3.20342067695 ;
1.69747981569 4.75751904244 1.76457100704 1.81387469115 2.9115158192 0.698231969981 2.92358273091 ;
1.58120248354 4.68229489074 2.8375933507 4.09811760166 2.08527994553 3.05629902295 2.32521660578 ;
1.67028516548 4.74915641285 0.0554888826403 1.88420021494 2.26252614099 0.805197982847 2.72337695741 ;
2.13179079615 4.7026574473 2.73519402747 2.41190541666 3.73102127368 0.870424501864 3.20009797918 ;
2.17694749165 4.74466682554 3.13689561939 4.42072936498 2.78237290427 3.77396997832 2.95360224876 ;
1.50639447229 4.78022009311 2.54068976294 1.90591809825 1.19700392369 0.703941971529 2.69125713182 ;
2.94494008327 4.55674013831 3.34892985948 3.52122047637 4.5342945626 2.23006971218 3.47456703429 ;
1.9400779103 4.74438965692 2.60739810492 2.02664380533 3.24015755156 0.721560173118 3.05234309588 ;
2.18495684957 4.7440369899 3.15509957046 4.42975251918 2.80926499276 3.8110606035 2.9539036844 ;
1.35420898339 4.76869209097 2.55962416119 1.98189047723 0.687173085219 0.766750493856 2.6344537084 ;
2.83310082308 4.58464709435 3.24102354612 3.42265579151 4.38581683799 1.91979689574 3.44055743165 ;
1.64770264178 4.74762608954 0.0867225855655 1.87384238496 2.25636476767 0.811790450973 2.72070232846 ;
1.46970309715 4.76540883585 2.53996249343 1.46310595674 2.78560487177 0.655950538805 3.01468945545 ;
2.19099774534 4.74428588608 3.16079601002 4.43017212401 2.85798813889 3.82929163767 2.97539041174 ;
2.77537354406 4.60516467297 3.14984665494 3.27802278871 4.26349276601 1.70378662239 3.38696394787 ;
1.757008191 4.74262805638 0.0845785375223 1.85265595477 2.69765136125 0.821160555658 2.72996749871 ;
1.6422392999 4.76333820398 2.24421680626 2.54993042131 0.591062512106 0.88504879045 2.56347309735 ;
1.77414346797 4.76354008085 2.48720515485 2.79795526434 0.780823744903 0.938278939833 2.64645391164 ;
2.87918621628 4.59415322461 3.21498377507 3.42353271306 4.28038275317 1.75769743376 3.39644979168 ;
2.18437991473 4.74529975144 3.1606344477 4.43471415672 2.86519192055 3.83401941707 2.97363362031 ;
1.70122518422 4.71865906615 2.02651576752 1.76698744165 3.83233973765 0.998898792238 3.19485774094 ;
1.46775736637 4.77726045297 1.43405069956 1.48430283931 1.77046939376 0.566568406564 2.66279087821 ;
1.65621343251 4.74973190585 0.0516930564839 1.86022939516 2.23654733959 0.785686335793 2.72927730003 ;
2.90155290755 4.57438834691 3.25284491391 3.56644660848 4.35862243685 1.78285096963 3.41950353972 ;
1.53199235088 4.77413776016 2.56184520704 2.01435379648 1.20125719544 0.663510629606 2.66791529403 ;
2.1792743748 4.74264917674 3.14321911253 4.41746582029 2.80544363058 3.78437875854 2.94353234131 ;
1.90130601993 4.73437876118 2.62140915576 1.86184161104 3.70470364951 1.07988577872 3.22212384772 ;
2.16879859079 4.7435677788 3.1564608499 4.44044872691 2.82608886741 3.85114170022 2.95387965501 ;
2.63781208681 4.57912414073 3.19002889779 3.10623048707 4.48076257195 1.8867225525 3.4413914132 ;
1.67210577921 4.75211753624 0.0449344855625 1.88401684395 2.24824371107 0.796629796915 2.74090577472 ;
1.2439054953 4.77395115051 2.51724119777 1.522315759 1.75421820112 0.653708914637 2.79233676669 ;
2.66211582791 4.751647937 2.69253378459 3.1803011507 2.63343766286 0.819195098992 2.96153438082 ;
1.68058615433 4.74996600735 0.0775809567593 1.8934630798 2.31300177799 0.809481944169 2.77380926364 ;
1.88541622899 4.74953720082 2.60349055921 2.01253289947 3.18427955995 0.690053589165 3.05760616495 ;
2.17700481173 4.74351087458 3.15482531484 4.43152817331 2.81114913267 3.81525788098 2.95292565086 ;
1.35113843675 4.76333556898 2.49658028915 1.90964282546 0.618325443461 0.796089922397 2.55285573848 ;
2.82769363508 4.58850970018 3.22930101457 3.40875864898 4.34919283774 1.89159498755 3.42850494076 ;
2.22483190688 4.74046000853 2.70452713454 2.63474616435 3.09578414129 0.605648997229 3.05335920889 ;
2.17109386584 4.742450568 3.15099920465 4.43192746924 2.81096220742 3.82236973008 2.95700940804 ;
1.68139542327 4.74452381691 0.615861686895 1.56142756397 3.08452879433 0.963957134702 2.85009161123 ;
1.22933259607 4.76918530488 2.11329593929 1.76366027698 0.706714918973 0.72594623576 2.63320086079 ;
2.80296340677 4.57400428517 3.2579877551 3.31222194896 4.48701212936 2.07693912982 3.45641223371 ;
1.95744364027 4.75531927382 2.62143851462 2.06015239215 3.0393811618 0.674288519857 3.04175819609 ;
2.18185493698 4.74371939655 3.15442956924 4.42700420745 2.80362389518 3.80170583435 2.9473275958 ;
1.74888080392 4.74252027302 0.108868351703 1.90405749349 2.80524488797 0.845173700661 2.72745851597 ;
2.77972622007 4.58386012436 3.22683556191 3.36408534467 4.41045331985 1.91084397488 3.43306850472 ;
1.27255854671 4.76542059491 2.11701564725 1.89360085195 0.436195589466 0.7696039496 2.60967303915 ;
2.19103673109 4.74418501539 3.14747549763 4.41332476983 2.79316371979 3.76731340575 2.95420301129 ;
1.30272369635 4.76459271319 2.12216773434 1.83739235747 0.512919250977 0.764204032114 2.58563168515 ;
1.92242545094 4.75302547927 2.62518088496 2.11787582426 3.12085837074 0.703970305972 3.07641231035 ;
1.78367649125 4.74176162963 0.114347451691 1.90017884843 2.8266562324 0.84534002147 2.72172235037 ;
2.83156442752 4.57749665684 3.25729008448 3.38718571519 4.44056290801 1.92362396411 3.44471422381 ;
1.78768204658 4.7529321967 2.58680925668 1.88173389701 3.16671940204 0.762541294595 3.07244216549 ;
2.18314865469 4.7418377875 3.14854907604 4.41541539094 2.81910615546 3.79595589909 2.94937267992 ;
1.42661585786 4.76439128752 2.55276759082 2.05841807298 0.536494842879 0.792535172483 2.55036023497 ;
2.85902371111 4.5872898167 3.22002085012 3.44665483019 4.33714052889 1.82120396115 3.42615572947 ;
1.65796152238 4.7502378501 0.0735232490034 1.85835261961 2.25459957677 0.784674195644 2.72366231577 ;
1.7970187741 4.74816348245 2.58566875881 1.8302124738 3.28303932127 0.766494264739 3.08926337726 ;
2.18826232209 4.7431692875 3.14102918836 4.40743076212 2.79512163873 3.7548020276 2.95389574678 ;
1.66004087422 4.74886638001 0.0683361182301 1.87296290516 2.26103568368 0.798216497447 2.71619344849 ;
1.46616006109 4.77032662463 2.56172780398 2.10893834571 0.731082325888 0.764908345406 2.60507780357 ;
2.86396506453 4.58409116415 3.23711215591 3.44263760501 4.36463454693 1.8351028977 3.42807372665 ;
1.83198420893 4.71298890491 2.57780956036 1.90137831464 3.98346337827 1.37181369183 3.26112978321 ;
1.65798439566 4.77639133879 2.58032243059 2.03070490026 1.49805229872 0.646439511444 2.75023691144 ;
1.62794922992 4.7544114016 0.09722658886 1.84728397718 2.11334157589 0.754667177053 2.6895125826 ;
2.18087546986 4.74357978243 3.1451439271 4.4188526521 2.79979934462 3.78463686469 2.95041555872 ;
2.94321745883 4.56802493212 3.27526605601 3.59167427298 4.38024832939 1.72674190525 3.4240074502 ;
1.17326602682 4.76259511341 2.27645689085 1.75917263285 0.466667114035 0.742286758671 2.58552937221 ;
2.86616600075 4.57509738734 3.26228439735 3.47185162193 4.43278013273 1.88202674034 3.44505743963 ;
1.86071472777 4.7494048796 0.434814197266 2.13445528513 2.43050809561 0.82622833006 2.7566799733 ;
2.18795644466 4.74439051617 3.15055894882 4.41112671172 2.79157090211 3.75518256162 2.94961701867 ;
1.90548189259 4.74954015162 2.65311107902 1.96905879033 3.24144527169 0.790199847875 3.07691375611 ;
1.35887771434 4.77118655468 1.95562521118 1.97007861591 0.289780395635 0.750966704266 2.60408154392 ;
2.80911339758 4.57500237637 3.25011794829 3.33645509283 4.4578464731 1.93740976817 3.44821107799 ;
2.3985872938 4.75480248969 2.21251782026 2.64071748013 2.79736728844 0.596835226539 2.9789342698 ;
2.17441511604 4.74292467601 3.15208058546 4.43094747929 2.81393863122 3.8197263315 2.95842541893 ;
1.0745404547 4.746831591 1.58692378344 1.19970236536 3.15465793616 0.97673471902 2.87327628915 ;
2.18264966655 4.74401131708 3.15077166709 4.41766610675 2.79902242692 3.78061119481 2.96331437977 ;
1.51959817408 4.72309109583 2.63003256531 1.764182972 3.88963482689 0.967122014383 3.23394581561 ;
1.72774946128 4.77351910787 2.55480794852 2.09445021874 1.37195382013 0.707650785415 2.69804072807 ;
2.91831759929 4.58294289345 3.23926198307 3.44708332519 4.35683520466 1.81621305654 3.42403451339 ;
1.6629827967 4.74885562398 0.0544333857313 1.87852208615 2.26997291467 0.80252506999 2.73223912101 ;
2.17861850125 4.74275874199 3.14969237377 4.43042615712 2.81882912689 3.81545892955 2.95727073603 ;
1.30962607485 4.75142675113 0.605275220562 1.21713379016 1.63773785224 0.722104752931 2.56140301049 ;
1.59548641286 4.7781760829 2.53383447435 2.5816654116 0.672374230026 0.867258806705 2.66339238947 ;
1.88784758879 4.74971865284 2.2339249423 1.98758192952 3.21866217524 0.67987116246 3.04058317338 ;
2.80079727434 4.58901357531 3.20562153889 3.35943942388 4.35503200006 1.86954357276 3.4288224911 ;
2.21572542258 4.7353467838 2.67356888176 2.52400397976 3.15411067505 0.504781771557 3.03523736607 ;
2.17622660668 4.74295797608 3.15112498523 4.42649519698 2.80573295567 3.8065907841 2.95289450698 ;
1.65663015975 4.75156049846 0.0813174484172 1.85983931995 2.26825610476 0.806978015014 2.73992504846 ;
2.71195592302 4.58986572142 3.19087487593 3.19413116974 4.41851501839 2.05332949005 3.44065944244 ;
1.23005144339 4.77233317028 2.53746770701 1.66313890166 0.993850786849 0.775957861447 2.67779191963 ;
2.8189916255 4.60635137727 3.14142216806 3.34403238481 4.20092153998 1.70704537202 3.37139877305 ;
1.45552135392 4.75223190145 2.5452496212 1.51837282148 3.21205272538 0.759058591508 3.0175588049 ;
2.17595458816 4.74080351363 3.15154853837 4.42258691636 2.82098066342 3.81995477776 2.94192154667 ;
1.66974118707 4.75158263537 0.0524565582383 1.88564476534 2.2504121641 0.790851159907 2.71897626159 ;
1.62983920799 4.77437375363 2.57908778022 2.2135014627 0.749541228816 0.721173611097 2.70648167255 ;
2.18160099481 4.743180335 3.14426197133 4.41361040086 2.79750993687 3.77077954816 2.95638517352 ;
1.66666804559 4.74865945614 0.0527771023837 1.87572999541 2.24972763734 0.798279134508 2.73220876115 ;
1.52618624902 4.77372922036 2.54805839033 1.96532214932 1.19108419285 0.722720704938 2.67452224279 ;
2.91861734065 4.57554795467 3.29333318259 3.53876866247 4.43028297988 1.98952350777 3.45363853206 ;
2.00289189995 4.71353218135 2.67251519513 2.13520411168 3.72561727686 0.868210897716 3.18927706359 ;
1.29927248227 4.76922927487 2.14194810288 1.92049896436 0.516994960803 0.726360219503 2.62296726493 ;
2.85082352975 4.57030368901 3.2700998544 3.45061886672 4.46694653139 1.90278844598 3.44814991354 ;
1.96757356366 4.74998990848 2.61849387469 2.06759441939 3.16623035266 0.818605135434 3.0724763853 ;
2.18912411355 4.74417054808 3.14835826732 4.41863030491 2.79706371681 3.77979158798 2.9513146845 ;
1.72592643557 4.74365882442 0.087945000795 1.88462448778 2.78160119547 0.797690379831 2.70605490193 ;
2.62297701289 4.70195772826 2.84158770432 3.09710171684 3.52739766604 0.175895636495 3.18228020591 ;
2.18525634734 4.74460950573 3.14469940668 4.41786002913 2.78579641454 3.77158586517 2.94548619676 ;
1.3852426172 4.77139949027 1.89217086278 1.7874267416 0.779931097881 0.606277411922 2.56200602228 ;
2.84644931471 4.57155749311 3.27191799479 3.34727080319 4.44303510381 2.23615262705 3.45091570849 ;
1.61076648651 4.74484315599 1.67043159993 1.77598654534 3.17628800105 1.15147510843 3.0105730346 ;
1.76693819127 4.73380699774 0.248733336236 1.94328597044 2.74372154463 0.783200140172 2.4834641684 ;
2.18513106281 4.74248349993 3.14644102581 4.40100975408 2.79004925515 3.7458739928 2.94341921516 ;
1.88067286277 4.75602176711 2.60804301625 1.91607504282 3.20849018651 0.856154424041 3.14847747317 ;
1.31824871304 4.77200224745 2.14156779118 1.94134822014 0.46567996368 0.719047648296 2.6926855122 ;
2.87214578947 4.57451292491 3.25719160911 3.4942831998 4.40532883006 1.82607079944 3.43448463269 ;
2.18652827526 4.74736923008 3.16214127253 4.44604592344 2.86438076535 3.84341818784 2.97474504913 ;
1.80311127354 4.75080847413 1.7730178779 1.82178277221 3.18391648908 0.74227463561 2.98369029379 ;
2.79922095259 4.59348133295 3.19410339855 3.33880374068 4.32512146239 1.7925340513 3.42044900438 ;
0.778636545274 4.75991766368 1.53784919368 1.04857365736 0.909926039398 0.606063072469 2.50235358042 ;
2.0289475609 4.76664042869 2.46761522021 2.94156159131 0.97144889011 0.986504337961 2.70985551076 ;
1.71378924583 4.7692872455 1.25532192756 2.29535271443 0.876672046975 0.706486521525 2.60507894138 ;
2.48985782335 4.72043355324 2.44178526833 2.76818211426 3.35195134256 0.643380017433 3.10750693511 ;
2.77075502709 4.56905432719 3.26433857185 3.31670984548 4.50704697705 2.20236316819 3.46278910897 ;
0.986213933638 4.76239145876 2.17539822583 1.10105523926 2.39888884681 0.855447331787 2.82523398059 ;
2.17272823783 4.74335071723 3.15033355571 4.43191955522 2.80450708831 3.81474203711 2.95713980915 ;
1.06936521656 4.75032169387 2.36014126406 0.722214836839 1.49694759219 0.804071126362 2.6139745985 ;
2.74569535522 4.58875552303 3.19001022857 3.25827761776 4.40402317237 1.84326624243 3.42307224803 ;
2.17706477417 4.7433209605 3.15289182078 4.4334411427 2.81690952098 3.82934527528 2.95715635737 ;
1.96278923479 4.76917686139 2.6121066802 2.57734415253 2.31980517949 0.666302577353 2.9687408692 ;
1.72558378275 4.75050903945 0.0627910266921 1.98679112937 2.38018140968 0.806086090973 2.73234000531 ;
2.87505486424 4.59187387596 3.19701060985 3.38761467586 4.3184157702 1.78591572108 3.41296118978 ;
1.28483458312 4.72395696519 2.58824212049 1.62216975052 3.74682020079 0.858969293765 3.1648961291 ;
1.83042233269 4.77660690721 2.57472579981 2.17300583355 1.35428898804 0.743622093521 2.71902519357 ;
2.17279291509 4.74261955034 3.15203802921 4.43243650359 2.82040914671 3.82485702297 2.95615538126 ;
1.64294676942 4.75143716128 0.0756941697027 1.82661099821 2.21897141713 0.776945086809 2.72792178535 ;
1.75067427903 4.74050191056 0.0540635193169 1.92743479518 2.68592467404 0.83213430532 2.69164861667 ;
2.84703333108 4.5901363727 3.22359142483 3.45195701043 4.30964145619 1.79106490996 3.4152854457 ;
1.79813886996 4.75408463507 2.56514531728 1.85905719888 3.12571127208 0.795690454532 3.04498915984 ;
2.17981993913 4.74241034258 3.15419510458 4.41463082421 2.80560784171 3.78691806756 2.94606412443 ;
1.33039837639 4.76872912199 2.17811929934 1.93594609781 0.394174896072 0.71438119219 2.62850563154 ;
1.71783201859 4.76550127282 2.60672444984 2.35029660529 1.02826462548 0.769103543857 2.64885206904 ;
1.65488352927 4.74963252001 2.58719794816 1.63148346184 3.42481534969 0.840886151958 3.11915330842 ;
1.62453800474 4.75317996755 0.127528286142 1.82535249952 2.20636464777 0.777870613868 2.73955575375 ;
2.17393007378 4.74043512952 3.14899731629 4.42046304606 2.82870935945 3.817109847 2.9515756795 ;
2.86977726104 4.58493957614 3.22355356772 3.45314182606 4.3576460497 1.80141389252 3.42423482356 ;
2.93711353307 4.56414751649 3.32221935327 3.54954945491 4.50767570737 2.01431994636 3.46956998531 ;
1.65553647926 4.74962235166 0.0729984021387 1.87231685023 2.25745068032 0.802566877125 2.71905463891 ;
1.48869308248 4.77741118777 2.5523996394 1.91559237175 1.10755498043 0.690545123649 2.66992941678 ;
2.05109310899 4.71570725738 2.67868455705 2.2585038772 3.60530597028 0.939135956507 3.17296560657 ;
2.18273086235 4.74366440298 3.14791128629 4.42277433301 2.79999905979 3.79212324719 2.95393806763 ;
1.30813837622 4.76870192439 2.50474623148 1.81554326889 0.803175615373 0.683738028726 2.63643230019 ;
2.18546337089 4.74364862087 3.1476647199 4.41795068394 2.79979699618 3.77732781451 2.95003274379 ;
2.01903824952 4.74524700881 2.62978585435 2.15330472795 3.29270665823 0.869420596459 3.08810473957 ;
2.86908072267 4.56619474118 3.28700079923 3.48442519126 4.48517579921 1.91509813044 3.45701655946 ;
1.68933571318 4.74967743322 0.0653558580749 1.90859409632 2.2958457326 0.808696389768 2.73239629132 ;
1.72525703604 4.74016569983 2.55000823204 1.68348164181 3.69825819387 0.97317265576 3.19894814038 ;
2.87515653512 4.58885824964 3.21430659577 3.47892868899 4.28127041659 1.7708595527 3.40448382131 ;
1.58029630066 4.77207820131 2.56866028042 2.07190496925 1.17502892438 0.678039547027 2.67463976487 ;
2.17460432039 4.74116922266 3.15024689649 4.42031101477 2.81791311709 3.8118592042 2.95276762579 ;
1.65726231893 4.75019331628 0.0610337514969 1.88336918032 2.20884506233 0.766092527792 2.7009755892 ;
2.87604763363 4.58013688584 3.23932872217 3.50889048918 4.34146991768 1.79801775531 3.4176136228 ;
1.37475996074 4.76714780189 2.15479616063 1.99449119174 0.599414006778 0.7254519331 2.60386150446 ;
1.77251733952 4.74376216269 0.0800013832065 1.90030904974 2.78728629506 0.811173060606 2.72528531345 ;
1.84386468343 4.75387009931 2.62130506891 1.84655436713 3.28556894014 0.85274747844 3.11446755987 ;
2.17682148857 4.74144171715 3.14537235007 4.40452878502 2.80064776745 3.76980516958 2.9452964258 ;
2.89075207353 4.57591763501 3.28665771875 3.50300461862 4.44703546446 2.00584832072 3.45415033501 ;
1.4906050597 4.77475999062 2.54942592027 1.94134555525 1.13271159671 0.717481371671 2.65534021993 ;
2.18122543394 4.74285390013 3.13990567779 4.41101270107 2.79630484291 3.76063115636 2.94624135135 ;
2.02704103981 4.71785252943 2.65837618331 2.15538963309 3.63193163552 0.818755999586 3.18355369024 ;
1.66401398058 4.74894047639 0.0516503719848 1.86855573096 2.25457872118 0.800300119391 2.74086163359 ;
2.18671256777 4.74447976594 3.14592932207 4.4221658197 2.79837879745 3.788560667 2.95564544257 ;
2.24676289315 4.72086486053 2.64619867058 2.5084424845 3.47164042624 0.637077352538 3.14434718206 ;
1.40936363761 4.7783944389 2.51072676192 2.20433364134 0.773327582528 0.764813507813 2.71883178509 ;
1.48859347692 4.749499966 0.654038603516 1.4124776994 2.31552481781 0.796987809512 2.64800829258 ;
2.79714322959 4.57239742696 3.26589664353 3.33985025445 4.48224224917 2.20022461438 3.46322257018 ;
2.19456245542 4.74637515729 3.15492316367 4.42946881533 2.84457263684 3.80156954122 2.97157011101 ;
2.37035466888 4.74614479099 2.07458258399 2.36340970049 3.07061018937 0.681989569716 3.03594786644 ;
2.78968573716 4.57629552311 3.25781938212 3.36578925334 4.45537940333 1.94055403134 3.4457649157 ;
1.64515309548 4.77080800625 2.19772060922 2.35263630429 0.3278435962 0.924243273429 2.61407621524 ;
0.733658825986 4.75306895145 1.55383676161 1.16760023532 2.47833781401 0.767864140156 2.72469034763 ;
1.66198976905 4.75082954251 0.0527942088956 1.89876767055 2.18934945703 0.744077360334 2.7197001492 ;
2.17095331426 4.7422143963 3.146934824 4.42186252693 2.82255400334 3.7980375031 2.96074577234 ;
2.87750202491 4.59214502042 3.19263052896 3.41969065969 4.29311531976 1.70639928752 3.40426176199 ;
1.46266507958 4.72618021632 2.53699862393 1.47338268316 3.84349528405 1.11155620752 3.21692561841 ;
1.69696532106 4.77641781956 2.56086964606 2.13017784327 1.34472153274 0.692450935092 2.69709720444 ;
1.62523684068 4.75001779041 0.0585147126399 1.85152162148 2.2331085319 0.777593676369 2.72589420458 ;
1.87503596683 4.75379585542 2.58005105055 2.05352628952 3.09666189389 0.7156296671 3.042066404 ;
2.1849720725 4.74324614302 3.14589328537 4.42044069147 2.79375464801 3.78472173123 2.94337533301 ;
1.36629240257 4.76270286613 2.55525465056 1.88542645399 0.479180937201 0.760825018255 2.57891159281 ;
2.82367592641 4.58408919592 3.22561349443 3.39039890861 4.39611020288 1.90564373725 3.43437568632 ;
2.18461402932 4.74270106686 3.14723406471 4.41996133932 2.79711772512 3.78464161672 2.93342370116 ;
1.29660070508 4.77408751782 2.5696853143 1.89061862564 0.772977154155 0.734631053097 2.78647849283 ;
1.95903924194 4.74545872346 2.28641041275 1.98156911921 3.3474917045 0.846427288592 3.11817464017 ;
1.54203263314 4.75314898005 0.23715384394 1.87792463087 1.75446757051 0.67661599863 2.34450688286 ;
2.85177402807 4.58183078046 3.24362460549 3.45859233261 4.37174306535 1.84974374517 3.43211003807 ;
