cluster 0
size:303
#377eb8
[ 1.59488454  4.63845844  1.91293177  2.50468624  1.94373293  1.2514386   0.        ]

cluster 1
size:614
#ff7f00
[ 2.70753953  4.77861804  2.80017308  2.89199164  3.31390645  1.73134332
  3.36405225]

cluster 2
size:249
#4daf4a
[ 2.4965146   4.77779481  2.78973327  2.5582472   0.          0.89444419
  3.20260313]

cluster 3
size:360
#f781bf
[ 1.52161341  4.74022142  0.          1.82690024  2.86628685  0.77736733
  2.98320217]

cluster 4
size:300
#a65628
[ 1.07339176  4.71280493  2.62666354  1.94945889  3.29486372  1.79570529
  2.95327178]

cluster 5
size:498
#984ea3
[ 2.87225758  4.45663481  3.44811081  3.9157534   4.5340595   2.3055393
  3.40247543]

cluster 6
size:344
#999999
[ 2.30615838  4.67762492  3.10059858  4.40921874  3.05983488  3.7561082
  3.13177418]

cluster 7
size:317
#e41a1c
[ 1.02000835  4.77605037  1.33911932  1.89409829  0.          0.75695783
  2.90003335]

cluster 8
size:751
#dede00
[ 2.04715583  4.73877789  2.68924768  2.41743788  3.15780724  0.
  3.15634135]

