43.7137096774 8.08467741935 8.47580645161 1.45766129032 0.764112903226 9.01411290323 0.709677419355 164.177419355 6846.97782258 66.0 8.26274083543 2.24165741637 3.02864798808 5.87196719382 48.9576612903 ;
66.3241852487 4.19668381933 3.51057747284 1.25100057176 0.94110920526 8.84905660377 1.03830760435 338.335048599 22420.1526587 130.925100057 21.6844761422 1.87130078359 4.45220435276 8.11515049828 89.2927387078 ;
38.4053648069 8.40042918455 2.27145922747 0.0 0.0 6.02210300429 0.158798283262 282.2527897 11306.8594421 61.7006437768 8.02405949359 1.65576456683 4.08426545739 6.69786131359 43.3463519313 ;
55.4975767367 2.98610662359 2.69757673667 1.12697899838 0.262358642973 15.9806138934 2.26494345719 115.594184168 6708.38642973 92.9647819063 13.1773470815 1.98637424672 2.20025211835 4.24191786092 63.6462035541 ;
55.4975767367 2.98610662359 2.69757673667 1.12697899838 0.262358642973 15.9806138934 2.26494345719 115.594184168 6708.38642973 92.9647819063 13.1773470815 1.98637424672 2.20025211835 4.24191786092 63.6462035541 ;
66.3241852487 4.19668381933 3.51057747284 1.25100057176 0.94110920526 8.84905660377 1.03830760435 338.335048599 22420.1526587 130.925100057 21.6844761422 1.87130078359 4.45220435276 8.11515049828 89.2927387078 ;
38.4053648069 8.40042918455 2.27145922747 0.0 0.0 6.02210300429 0.158798283262 282.2527897 11306.8594421 61.7006437768 8.02405949359 1.65576456683 4.08426545739 6.69786131359 43.3463519313 ;
43.7137096774 8.08467741935 8.47580645161 1.45766129032 0.764112903226 9.01411290323 0.709677419355 164.177419355 6846.97782258 66.0 8.26274083543 2.24165741637 3.02864798808 5.87196719382 48.9576612903 ;
55.4975767367 2.98610662359 2.69757673667 1.12697899838 0.262358642973 15.9806138934 2.26494345719 115.594184168 6708.38642973 92.9647819063 13.1773470815 1.98637424672 2.20025211835 4.24191786092 63.6462035541 ;
66.3241852487 4.19668381933 3.51057747284 1.25100057176 0.94110920526 8.84905660377 1.03830760435 338.335048599 22420.1526587 130.925100057 21.6844761422 1.87130078359 4.45220435276 8.11515049828 89.2927387078 ;
43.7137096774 8.08467741935 8.47580645161 1.45766129032 0.764112903226 9.01411290323 0.709677419355 164.177419355 6846.97782258 66.0 8.26274083543 2.24165741637 3.02864798808 5.87196719382 48.9576612903 ;
38.4053648069 8.40042918455 2.27145922747 0.0 0.0 6.02210300429 0.158798283262 282.2527897 11306.8594421 61.7006437768 8.02405949359 1.65576456683 4.08426545739 6.69786131359 43.3463519313 ;
43.7137096774 8.08467741935 8.47580645161 1.45766129032 0.764112903226 9.01411290323 0.709677419355 164.177419355 6846.97782258 66.0 8.26274083543 2.24165741637 3.02864798808 5.87196719382 48.9576612903 ;
38.4053648069 8.40042918455 2.27145922747 0.0 0.0 6.02210300429 0.158798283262 282.2527897 11306.8594421 61.7006437768 8.02405949359 1.65576456683 4.08426545739 6.69786131359 43.3463519313 ;
55.5020988053 2.98643848886 2.69744914433 1.12689699709 0.263157894737 15.9712625121 2.26348078786 115.626735551 6710.85050048 92.9825637714 13.1814698489 1.98621233006 2.2005199914 4.24182559407 63.6538585728 ;
66.3285632513 4.19748139668 3.51173440183 1.25128792215 0.940469376073 8.85746994848 1.03949627934 338.532341156 22433.7716085 130.937034917 21.6869066216 1.87145608351 4.45430755919 8.11974821764 89.3085289067 ;
55.4975767367 2.98610662359 2.69757673667 1.12697899838 0.262358642973 15.9806138934 2.26494345719 115.594184168 6708.38642973 92.9647819063 13.1773470815 1.98637424672 2.20025211835 4.24191786092 63.6462035541 ;
66.3241852487 4.19668381933 3.51057747284 1.25100057176 0.94110920526 8.84905660377 1.03830760435 338.335048599 22420.1526587 130.925100057 21.6844761422 1.87130078359 4.45220435276 8.11515049828 89.2927387078 ;
38.4053648069 8.40042918455 2.27145922747 0.0 0.0 6.02210300429 0.158798283262 282.2527897 11306.8594421 61.7006437768 8.02405949359 1.65576456683 4.08426545739 6.69786131359 43.3463519313 ;
43.7137096774 8.08467741935 8.47580645161 1.45766129032 0.764112903226 9.01411290323 0.709677419355 164.177419355 6846.97782258 66.0 8.26274083543 2.24165741637 3.02864798808 5.87196719382 48.9576612903 ;
55.5025823112 2.98644286637 2.69561007101 1.12621045836 0.262427372498 15.9654615881 2.26275016139 115.659457715 6713.04680439 92.9857972886 13.181469756 1.98605600177 2.20127679064 4.24283087553 63.6597805036 ;
43.6700404858 8.10526315789 8.48582995951 1.45748987854 0.757085020243 9.04453441296 0.712550607287 164.453441296 6852.83805668 65.9291497976 8.2475891384 2.24151216174 3.02841222021 5.86783125443 48.8927125506 ;
38.4053648069 8.40042918455 2.27145922747 0.0 0.0 6.02210300429 0.158798283262 282.2527897 11306.8594421 61.7006437768 8.02405949359 1.65576456683 4.08426545739 6.69786131359 43.3463519313 ;
66.3203661327 4.19679633867 3.51830663616 1.2528604119 0.943935926773 8.85526315789 1.03890160183 338.324370709 22419.3838673 130.898741419 21.6806951408 1.87213211741 4.45269106818 8.11878205784 89.2848970252 ;
43.6700404858 8.10526315789 8.48582995951 1.45748987854 0.757085020243 9.04453441296 0.712550607287 164.453441296 6852.83805668 65.9291497976 8.2475891384 2.24151216174 3.02841222021 5.86783125443 48.8927125506 ;
38.4053648069 8.40042918455 2.27145922747 0.0 0.0 6.02210300429 0.158798283262 282.2527897 11306.8594421 61.7006437768 8.02405949359 1.65576456683 4.08426545739 6.69786131359 43.3463519313 ;
55.5025823112 2.98644286637 2.69561007101 1.12621045836 0.262427372498 15.9654615881 2.26275016139 115.659457715 6713.04680439 92.9857972886 13.181469756 1.98605600177 2.20127679064 4.24283087553 63.6597805036 ;
66.3203661327 4.19679633867 3.51830663616 1.2528604119 0.943935926773 8.85526315789 1.03890160183 338.324370709 22419.3838673 130.898741419 21.6806951408 1.87213211741 4.45269106818 8.11878205784 89.2848970252 ;
38.4053648069 8.40042918455 2.27145922747 0.0 0.0 6.02210300429 0.158798283262 282.2527897 11306.8594421 61.7006437768 8.02405949359 1.65576456683 4.08426545739 6.69786131359 43.3463519313 ;
43.7137096774 8.08467741935 8.47580645161 1.45766129032 0.764112903226 9.01411290323 0.709677419355 164.177419355 6846.97782258 66.0 8.26274083543 2.24165741637 3.02864798808 5.87196719382 48.9576612903 ;
66.3285632513 4.19748139668 3.51173440183 1.25128792215 0.940469376073 8.85746994848 1.03949627934 338.532341156 22433.7716085 130.937034917 21.6869066216 1.87145608351 4.45430755919 8.11974821764 89.3085289067 ;
55.5020988053 2.98643848886 2.69744914433 1.12689699709 0.263157894737 15.9712625121 2.26348078786 115.626735551 6710.85050048 92.9825637714 13.1814698489 1.98621233006 2.2005199914 4.24182559407 63.6538585728 ;
43.6700404858 8.10526315789 8.48582995951 1.45748987854 0.757085020243 9.04453441296 0.712550607287 164.453441296 6852.83805668 65.9291497976 8.2475891384 2.24151216174 3.02841222021 5.86783125443 48.8927125506 ;
38.4053648069 8.40042918455 2.27145922747 0.0 0.0 6.02210300429 0.158798283262 282.2527897 11306.8594421 61.7006437768 8.02405949359 1.65576456683 4.08426545739 6.69786131359 43.3463519313 ;
66.3203661327 4.19679633867 3.51830663616 1.2528604119 0.943935926773 8.85526315789 1.03890160183 338.324370709 22419.3838673 130.898741419 21.6806951408 1.87213211741 4.45269106818 8.11878205784 89.2848970252 ;
55.5025823112 2.98644286637 2.69561007101 1.12621045836 0.262427372498 15.9654615881 2.26275016139 115.659457715 6713.04680439 92.9857972886 13.181469756 1.98605600177 2.20127679064 4.24283087553 63.6597805036 ;
43.7137096774 8.08467741935 8.47580645161 1.45766129032 0.764112903226 9.01411290323 0.709677419355 164.177419355 6846.97782258 66.0 8.26274083543 2.24165741637 3.02864798808 5.87196719382 48.9576612903 ;
38.4053648069 8.40042918455 2.27145922747 0.0 0.0 6.02210300429 0.158798283262 282.2527897 11306.8594421 61.7006437768 8.02405949359 1.65576456683 4.08426545739 6.69786131359 43.3463519313 ;
55.5 2.98611111111 2.6976744186 1.1269379845 0.262919896641 15.9760981912 2.2642118863 115.614664083 6709.90794574 92.9718992248 13.1795160419 1.98644969955 2.20009282063 4.24177177852 63.6485788114 ;
66.3260869565 4.19736842105 3.51086956522 1.25114416476 0.940503432494 8.85297482838 1.03890160183 338.426201373 22426.4462243 130.934210526 21.6855013298 1.87110131252 4.45377479783 8.11762504276 89.3032036613 ;
43.6700404858 8.10526315789 8.48582995951 1.45748987854 0.757085020243 9.04453441296 0.712550607287 164.453441296 6852.83805668 65.9291497976 8.2475891384 2.24151216174 3.02841222021 5.86783125443 48.8927125506 ;
38.4053648069 8.40042918455 2.27145922747 0.0 0.0 6.02210300429 0.158798283262 282.2527897 11306.8594421 61.7006437768 8.02405949359 1.65576456683 4.08426545739 6.69786131359 43.3463519313 ;
55.5025823112 2.98644286637 2.69561007101 1.12621045836 0.262427372498 15.9654615881 2.26275016139 115.659457715 6713.04680439 92.9857972886 13.181469756 1.98605600177 2.20127679064 4.24283087553 63.6597805036 ;
66.3203661327 4.19679633867 3.51830663616 1.2528604119 0.943935926773 8.85526315789 1.03890160183 338.324370709 22419.3838673 130.898741419 21.6806951408 1.87213211741 4.45269106818 8.11878205784 89.2848970252 ;
55.5025823112 2.98644286637 2.69561007101 1.12621045836 0.262427372498 15.9654615881 2.26275016139 115.659457715 6713.04680439 92.9857972886 13.181469756 1.98605600177 2.20127679064 4.24283087553 63.6597805036 ;
43.6700404858 8.10526315789 8.48582995951 1.45748987854 0.757085020243 9.04453441296 0.712550607287 164.453441296 6852.83805668 65.9291497976 8.2475891384 2.24151216174 3.02841222021 5.86783125443 48.8927125506 ;
66.3203661327 4.19679633867 3.51830663616 1.2528604119 0.943935926773 8.85526315789 1.03890160183 338.324370709 22419.3838673 130.898741419 21.6806951408 1.87213211741 4.45269106818 8.11878205784 89.2848970252 ;
38.4053648069 8.40042918455 2.27145922747 0.0 0.0 6.02210300429 0.158798283262 282.2527897 11306.8594421 61.7006437768 8.02405949359 1.65576456683 4.08426545739 6.69786131359 43.3463519313 ;
43.7137096774 8.08467741935 8.47580645161 1.45766129032 0.764112903226 9.01411290323 0.709677419355 164.177419355 6846.97782258 66.0 8.26274083543 2.24165741637 3.02864798808 5.87196719382 48.9576612903 ;
66.3241852487 4.19668381933 3.51057747284 1.25100057176 0.94110920526 8.84905660377 1.03830760435 338.335048599 22420.1526587 130.925100057 21.6844761422 1.87130078359 4.45220435276 8.11515049828 89.2927387078 ;
38.4053648069 8.40042918455 2.27145922747 0.0 0.0 6.02210300429 0.158798283262 282.2527897 11306.8594421 61.7006437768 8.02405949359 1.65576456683 4.08426545739 6.69786131359 43.3463519313 ;
55.4975767367 2.98610662359 2.69757673667 1.12697899838 0.262358642973 15.9806138934 2.26494345719 115.594184168 6708.38642973 92.9647819063 13.1773470815 1.98637424672 2.20025211835 4.24191786092 63.6462035541 ;
38.4053648069 8.40042918455 2.27145922747 0.0 0.0 6.02210300429 0.158798283262 282.2527897 11306.8594421 61.7006437768 8.02405949359 1.65576456683 4.08426545739 6.69786131359 43.3463519313 ;
43.6700404858 8.10526315789 8.48582995951 1.45748987854 0.757085020243 9.04453441296 0.712550607287 164.453441296 6852.83805668 65.9291497976 8.2475891384 2.24151216174 3.02841222021 5.86783125443 48.8927125506 ;
66.3203661327 4.19679633867 3.51830663616 1.2528604119 0.943935926773 8.85526315789 1.03890160183 338.324370709 22419.3838673 130.898741419 21.6806951408 1.87213211741 4.45269106818 8.11878205784 89.2848970252 ;
55.5025823112 2.98644286637 2.69561007101 1.12621045836 0.262427372498 15.9654615881 2.26275016139 115.659457715 6713.04680439 92.9857972886 13.181469756 1.98605600177 2.20127679064 4.24283087553 63.6597805036 ;
43.7137096774 8.08467741935 8.47580645161 1.45766129032 0.764112903226 9.01411290323 0.709677419355 164.177419355 6846.97782258 66.0 8.26274083543 2.24165741637 3.02864798808 5.87196719382 48.9576612903 ;
38.4053648069 8.40042918455 2.27145922747 0.0 0.0 6.02210300429 0.158798283262 282.2527897 11306.8594421 61.7006437768 8.02405949359 1.65576456683 4.08426545739 6.69786131359 43.3463519313 ;
66.3241852487 4.19668381933 3.51057747284 1.25100057176 0.94110920526 8.84905660377 1.03830760435 338.335048599 22420.1526587 130.925100057 21.6844761422 1.87130078359 4.45220435276 8.11515049828 89.2927387078 ;
55.4975767367 2.98610662359 2.69757673667 1.12697899838 0.262358642973 15.9806138934 2.26494345719 115.594184168 6708.38642973 92.9647819063 13.1773470815 1.98637424672 2.20025211835 4.24191786092 63.6462035541 ;
38.4053648069 8.40042918455 2.27145922747 0.0 0.0 6.02210300429 0.158798283262 282.2527897 11306.8594421 61.7006437768 8.02405949359 1.65576456683 4.08426545739 6.69786131359 43.3463519313 ;
43.6700404858 8.10526315789 8.48582995951 1.45748987854 0.757085020243 9.04453441296 0.712550607287 164.453441296 6852.83805668 65.9291497976 8.2475891384 2.24151216174 3.02841222021 5.86783125443 48.8927125506 ;
66.3203661327 4.19679633867 3.51830663616 1.2528604119 0.943935926773 8.85526315789 1.03890160183 338.324370709 22419.3838673 130.898741419 21.6806951408 1.87213211741 4.45269106818 8.11878205784 89.2848970252 ;
55.5025823112 2.98644286637 2.69561007101 1.12621045836 0.262427372498 15.9654615881 2.26275016139 115.659457715 6713.04680439 92.9857972886 13.181469756 1.98605600177 2.20127679064 4.24283087553 63.6597805036 ;
43.7137096774 8.08467741935 8.47580645161 1.45766129032 0.764112903226 9.01411290323 0.709677419355 164.177419355 6846.97782258 66.0 8.26274083543 2.24165741637 3.02864798808 5.87196719382 48.9576612903 ;
55.4975767367 2.98610662359 2.69757673667 1.12697899838 0.262358642973 15.9806138934 2.26494345719 115.594184168 6708.38642973 92.9647819063 13.1773470815 1.98637424672 2.20025211835 4.24191786092 63.6462035541 ;
66.3241852487 4.19668381933 3.51057747284 1.25100057176 0.94110920526 8.84905660377 1.03830760435 338.335048599 22420.1526587 130.925100057 21.6844761422 1.87130078359 4.45220435276 8.11515049828 89.2927387078 ;
38.4053648069 8.40042918455 2.27145922747 0.0 0.0 6.02210300429 0.158798283262 282.2527897 11306.8594421 61.7006437768 8.02405949359 1.65576456683 4.08426545739 6.69786131359 43.3463519313 ;
38.4053648069 8.40042918455 2.27145922747 0.0 0.0 6.02210300429 0.158798283262 282.2527897 11306.8594421 61.7006437768 8.02405949359 1.65576456683 4.08426545739 6.69786131359 43.3463519313 ;
43.7137096774 8.08467741935 8.47580645161 1.45766129032 0.764112903226 9.01411290323 0.709677419355 164.177419355 6846.97782258 66.0 8.26274083543 2.24165741637 3.02864798808 5.87196719382 48.9576612903 ;
66.3285632513 4.19748139668 3.51173440183 1.25128792215 0.940469376073 8.85746994848 1.03949627934 338.532341156 22433.7716085 130.937034917 21.6869066216 1.87145608351 4.45430755919 8.11974821764 89.3085289067 ;
55.5020988053 2.98643848886 2.69744914433 1.12689699709 0.263157894737 15.9712625121 2.26348078786 115.626735551 6710.85050048 92.9825637714 13.1814698489 1.98621233006 2.2005199914 4.24182559407 63.6538585728 ;
43.6700404858 8.10526315789 8.48582995951 1.45748987854 0.757085020243 9.04453441296 0.712550607287 164.453441296 6852.83805668 65.9291497976 8.2475891384 2.24151216174 3.02841222021 5.86783125443 48.8927125506 ;
38.4053648069 8.40042918455 2.27145922747 0.0 0.0 6.02210300429 0.158798283262 282.2527897 11306.8594421 61.7006437768 8.02405949359 1.65576456683 4.08426545739 6.69786131359 43.3463519313 ;
55.5025823112 2.98644286637 2.69561007101 1.12621045836 0.262427372498 15.9654615881 2.26275016139 115.659457715 6713.04680439 92.9857972886 13.181469756 1.98605600177 2.20127679064 4.24283087553 63.6597805036 ;
66.3203661327 4.19679633867 3.51830663616 1.2528604119 0.943935926773 8.85526315789 1.03890160183 338.324370709 22419.3838673 130.898741419 21.6806951408 1.87213211741 4.45269106818 8.11878205784 89.2848970252 ;
55.4975767367 2.98610662359 2.69757673667 1.12697899838 0.262358642973 15.9806138934 2.26494345719 115.594184168 6708.38642973 92.9647819063 13.1773470815 1.98637424672 2.20025211835 4.24191786092 63.6462035541 ;
38.4053648069 8.40042918455 2.27145922747 0.0 0.0 6.02210300429 0.158798283262 282.2527897 11306.8594421 61.7006437768 8.02405949359 1.65576456683 4.08426545739 6.69786131359 43.3463519313 ;
66.3241852487 4.19668381933 3.51057747284 1.25100057176 0.94110920526 8.84905660377 1.03830760435 338.335048599 22420.1526587 130.925100057 21.6844761422 1.87130078359 4.45220435276 8.11515049828 89.2927387078 ;
43.7137096774 8.08467741935 8.47580645161 1.45766129032 0.764112903226 9.01411290323 0.709677419355 164.177419355 6846.97782258 66.0 8.26274083543 2.24165741637 3.02864798808 5.87196719382 48.9576612903 ;
43.7137096774 8.08467741935 8.47580645161 1.45766129032 0.764112903226 9.01411290323 0.709677419355 164.177419355 6846.97782258 66.0 8.26274083543 2.24165741637 3.02864798808 5.87196719382 48.9576612903 ;
38.4053648069 8.40042918455 2.27145922747 0.0 0.0 6.02210300429 0.158798283262 282.2527897 11306.8594421 61.7006437768 8.02405949359 1.65576456683 4.08426545739 6.69786131359 43.3463519313 ;
55.5020988053 2.98643848886 2.69744914433 1.12689699709 0.263157894737 15.9712625121 2.26348078786 115.626735551 6710.85050048 92.9825637714 13.1814698489 1.98621233006 2.2005199914 4.24182559407 63.6538585728 ;
66.3285632513 4.19748139668 3.51173440183 1.25128792215 0.940469376073 8.85746994848 1.03949627934 338.532341156 22433.7716085 130.937034917 21.6869066216 1.87145608351 4.45430755919 8.11974821764 89.3085289067 ;
43.6700404858 8.10526315789 8.48582995951 1.45748987854 0.757085020243 9.04453441296 0.712550607287 164.453441296 6852.83805668 65.9291497976 8.2475891384 2.24151216174 3.02841222021 5.86783125443 48.8927125506 ;
38.4053648069 8.40042918455 2.27145922747 0.0 0.0 6.02210300429 0.158798283262 282.2527897 11306.8594421 61.7006437768 8.02405949359 1.65576456683 4.08426545739 6.69786131359 43.3463519313 ;
55.5025823112 2.98644286637 2.69561007101 1.12621045836 0.262427372498 15.9654615881 2.26275016139 115.659457715 6713.04680439 92.9857972886 13.181469756 1.98605600177 2.20127679064 4.24283087553 63.6597805036 ;
66.3203661327 4.19679633867 3.51830663616 1.2528604119 0.943935926773 8.85526315789 1.03890160183 338.324370709 22419.3838673 130.898741419 21.6806951408 1.87213211741 4.45269106818 8.11878205784 89.2848970252 ;
38.4053648069 8.40042918455 2.27145922747 0.0 0.0 6.02210300429 0.158798283262 282.2527897 11306.8594421 61.7006437768 8.02405949359 1.65576456683 4.08426545739 6.69786131359 43.3463519313 ;
43.7137096774 8.08467741935 8.47580645161 1.45766129032 0.764112903226 9.01411290323 0.709677419355 164.177419355 6846.97782258 66.0 8.26274083543 2.24165741637 3.02864798808 5.87196719382 48.9576612903 ;
66.3241852487 4.19668381933 3.51057747284 1.25100057176 0.94110920526 8.84905660377 1.03830760435 338.335048599 22420.1526587 130.925100057 21.6844761422 1.87130078359 4.45220435276 8.11515049828 89.2927387078 ;
55.4975767367 2.98610662359 2.69757673667 1.12697899838 0.262358642973 15.9806138934 2.26494345719 115.594184168 6708.38642973 92.9647819063 13.1773470815 1.98637424672 2.20025211835 4.24191786092 63.6462035541 ;
55.4975767367 2.98610662359 2.69757673667 1.12697899838 0.262358642973 15.9806138934 2.26494345719 115.594184168 6708.38642973 92.9647819063 13.1773470815 1.98637424672 2.20025211835 4.24191786092 63.6462035541 ;
66.3241852487 4.19668381933 3.51057747284 1.25100057176 0.94110920526 8.84905660377 1.03830760435 338.335048599 22420.1526587 130.925100057 21.6844761422 1.87130078359 4.45220435276 8.11515049828 89.2927387078 ;
38.4053648069 8.40042918455 2.27145922747 0.0 0.0 6.02210300429 0.158798283262 282.2527897 11306.8594421 61.7006437768 8.02405949359 1.65576456683 4.08426545739 6.69786131359 43.3463519313 ;
43.7137096774 8.08467741935 8.47580645161 1.45766129032 0.764112903226 9.01411290323 0.709677419355 164.177419355 6846.97782258 66.0 8.26274083543 2.24165741637 3.02864798808 5.87196719382 48.9576612903 ;
55.5025823112 2.98644286637 2.69561007101 1.12621045836 0.262427372498 15.9654615881 2.26275016139 115.659457715 6713.04680439 92.9857972886 13.181469756 1.98605600177 2.20127679064 4.24283087553 63.6597805036 ;
43.6700404858 8.10526315789 8.48582995951 1.45748987854 0.757085020243 9.04453441296 0.712550607287 164.453441296 6852.83805668 65.9291497976 8.2475891384 2.24151216174 3.02841222021 5.86783125443 48.8927125506 ;
66.3203661327 4.19679633867 3.51830663616 1.2528604119 0.943935926773 8.85526315789 1.03890160183 338.324370709 22419.3838673 130.898741419 21.6806951408 1.87213211741 4.45269106818 8.11878205784 89.2848970252 ;
38.4053648069 8.40042918455 2.27145922747 0.0 0.0 6.02210300429 0.158798283262 282.2527897 11306.8594421 61.7006437768 8.02405949359 1.65576456683 4.08426545739 6.69786131359 43.3463519313 ;
55.4975767367 2.98610662359 2.69757673667 1.12697899838 0.262358642973 15.9806138934 2.26494345719 115.594184168 6708.38642973 92.9647819063 13.1773470815 1.98637424672 2.20025211835 4.24191786092 63.6462035541 ;
66.3241852487 4.19668381933 3.51057747284 1.25100057176 0.94110920526 8.84905660377 1.03830760435 338.335048599 22420.1526587 130.925100057 21.6844761422 1.87130078359 4.45220435276 8.11515049828 89.2927387078 ;
38.4053648069 8.40042918455 2.27145922747 0.0 0.0 6.02210300429 0.158798283262 282.2527897 11306.8594421 61.7006437768 8.02405949359 1.65576456683 4.08426545739 6.69786131359 43.3463519313 ;
43.7137096774 8.08467741935 8.47580645161 1.45766129032 0.764112903226 9.01411290323 0.709677419355 164.177419355 6846.97782258 66.0 8.26274083543 2.24165741637 3.02864798808 5.87196719382 48.9576612903 ;
43.7137096774 8.08467741935 8.47580645161 1.45766129032 0.764112903226 9.01411290323 0.709677419355 164.177419355 6846.97782258 66.0 8.26274083543 2.24165741637 3.02864798808 5.87196719382 48.9576612903 ;
38.4053648069 8.40042918455 2.27145922747 0.0 0.0 6.02210300429 0.158798283262 282.2527897 11306.8594421 61.7006437768 8.02405949359 1.65576456683 4.08426545739 6.69786131359 43.3463519313 ;
66.3241852487 4.19668381933 3.51057747284 1.25100057176 0.94110920526 8.84905660377 1.03830760435 338.335048599 22420.1526587 130.925100057 21.6844761422 1.87130078359 4.45220435276 8.11515049828 89.2927387078 ;
55.4975767367 2.98610662359 2.69757673667 1.12697899838 0.262358642973 15.9806138934 2.26494345719 115.594184168 6708.38642973 92.9647819063 13.1773470815 1.98637424672 2.20025211835 4.24191786092 63.6462035541 ;
55.4975767367 2.98610662359 2.69757673667 1.12697899838 0.262358642973 15.9806138934 2.26494345719 115.594184168 6708.38642973 92.9647819063 13.1773470815 1.98637424672 2.20025211835 4.24191786092 63.6462035541 ;
66.3241852487 4.19668381933 3.51057747284 1.25100057176 0.94110920526 8.84905660377 1.03830760435 338.335048599 22420.1526587 130.925100057 21.6844761422 1.87130078359 4.45220435276 8.11515049828 89.2927387078 ;
43.7137096774 8.08467741935 8.47580645161 1.45766129032 0.764112903226 9.01411290323 0.709677419355 164.177419355 6846.97782258 66.0 8.26274083543 2.24165741637 3.02864798808 5.87196719382 48.9576612903 ;
38.4053648069 8.40042918455 2.27145922747 0.0 0.0 6.02210300429 0.158798283262 282.2527897 11306.8594421 61.7006437768 8.02405949359 1.65576456683 4.08426545739 6.69786131359 43.3463519313 ;
55.5025823112 2.98644286637 2.69561007101 1.12621045836 0.262427372498 15.9654615881 2.26275016139 115.659457715 6713.04680439 92.9857972886 13.181469756 1.98605600177 2.20127679064 4.24283087553 63.6597805036 ;
43.6700404858 8.10526315789 8.48582995951 1.45748987854 0.757085020243 9.04453441296 0.712550607287 164.453441296 6852.83805668 65.9291497976 8.2475891384 2.24151216174 3.02841222021 5.86783125443 48.8927125506 ;
38.4053648069 8.40042918455 2.27145922747 0.0 0.0 6.02210300429 0.158798283262 282.2527897 11306.8594421 61.7006437768 8.02405949359 1.65576456683 4.08426545739 6.69786131359 43.3463519313 ;
66.3203661327 4.19679633867 3.51830663616 1.2528604119 0.943935926773 8.85526315789 1.03890160183 338.324370709 22419.3838673 130.898741419 21.6806951408 1.87213211741 4.45269106818 8.11878205784 89.2848970252 ;
66.3241852487 4.19668381933 3.51057747284 1.25100057176 0.94110920526 8.84905660377 1.03830760435 338.335048599 22420.1526587 130.925100057 21.6844761422 1.87130078359 4.45220435276 8.11515049828 89.2927387078 ;
55.4975767367 2.98610662359 2.69757673667 1.12697899838 0.262358642973 15.9806138934 2.26494345719 115.594184168 6708.38642973 92.9647819063 13.1773470815 1.98637424672 2.20025211835 4.24191786092 63.6462035541 ;
38.4053648069 8.40042918455 2.27145922747 0.0 0.0 6.02210300429 0.158798283262 282.2527897 11306.8594421 61.7006437768 8.02405949359 1.65576456683 4.08426545739 6.69786131359 43.3463519313 ;
43.7137096774 8.08467741935 8.47580645161 1.45766129032 0.764112903226 9.01411290323 0.709677419355 164.177419355 6846.97782258 66.0 8.26274083543 2.24165741637 3.02864798808 5.87196719382 48.9576612903 ;
43.6700404858 8.10526315789 8.48582995951 1.45748987854 0.757085020243 9.04453441296 0.712550607287 164.453441296 6852.83805668 65.9291497976 8.2475891384 2.24151216174 3.02841222021 5.86783125443 48.8927125506 ;
38.4053648069 8.40042918455 2.27145922747 0.0 0.0 6.02210300429 0.158798283262 282.2527897 11306.8594421 61.7006437768 8.02405949359 1.65576456683 4.08426545739 6.69786131359 43.3463519313 ;
66.3203661327 4.19679633867 3.51830663616 1.2528604119 0.943935926773 8.85526315789 1.03890160183 338.324370709 22419.3838673 130.898741419 21.6806951408 1.87213211741 4.45269106818 8.11878205784 89.2848970252 ;
55.5025823112 2.98644286637 2.69561007101 1.12621045836 0.262427372498 15.9654615881 2.26275016139 115.659457715 6713.04680439 92.9857972886 13.181469756 1.98605600177 2.20127679064 4.24283087553 63.6597805036 ;
38.4053648069 8.40042918455 2.27145922747 0.0 0.0 6.02210300429 0.158798283262 282.2527897 11306.8594421 61.7006437768 8.02405949359 1.65576456683 4.08426545739 6.69786131359 43.3463519313 ;
43.7137096774 8.08467741935 8.47580645161 1.45766129032 0.764112903226 9.01411290323 0.709677419355 164.177419355 6846.97782258 66.0 8.26274083543 2.24165741637 3.02864798808 5.87196719382 48.9576612903 ;
66.3241852487 4.19668381933 3.51057747284 1.25100057176 0.94110920526 8.84905660377 1.03830760435 338.335048599 22420.1526587 130.925100057 21.6844761422 1.87130078359 4.45220435276 8.11515049828 89.2927387078 ;
55.4975767367 2.98610662359 2.69757673667 1.12697899838 0.262358642973 15.9806138934 2.26494345719 115.594184168 6708.38642973 92.9647819063 13.1773470815 1.98637424672 2.20025211835 4.24191786092 63.6462035541 ;
38.4053648069 8.40042918455 2.27145922747 0.0 0.0 6.02210300429 0.158798283262 282.2527897 11306.8594421 61.7006437768 8.02405949359 1.65576456683 4.08426545739 6.69786131359 43.3463519313 ;
55.4975767367 2.98610662359 2.69757673667 1.12697899838 0.262358642973 15.9806138934 2.26494345719 115.594184168 6708.38642973 92.9647819063 13.1773470815 1.98637424672 2.20025211835 4.24191786092 63.6462035541 ;
66.3241852487 4.19668381933 3.51057747284 1.25100057176 0.94110920526 8.84905660377 1.03830760435 338.335048599 22420.1526587 130.925100057 21.6844761422 1.87130078359 4.45220435276 8.11515049828 89.2927387078 ;
43.7137096774 8.08467741935 8.47580645161 1.45766129032 0.764112903226 9.01411290323 0.709677419355 164.177419355 6846.97782258 66.0 8.26274083543 2.24165741637 3.02864798808 5.87196719382 48.9576612903 ;
55.4975767367 2.98610662359 2.69757673667 1.12697899838 0.262358642973 15.9806138934 2.26494345719 115.594184168 6708.38642973 92.9647819063 13.1773470815 1.98637424672 2.20025211835 4.24191786092 63.6462035541 ;
38.4053648069 8.40042918455 2.27145922747 0.0 0.0 6.02210300429 0.158798283262 282.2527897 11306.8594421 61.7006437768 8.02405949359 1.65576456683 4.08426545739 6.69786131359 43.3463519313 ;
66.3241852487 4.19668381933 3.51057747284 1.25100057176 0.94110920526 8.84905660377 1.03830760435 338.335048599 22420.1526587 130.925100057 21.6844761422 1.87130078359 4.45220435276 8.11515049828 89.2927387078 ;
43.7137096774 8.08467741935 8.47580645161 1.45766129032 0.764112903226 9.01411290323 0.709677419355 164.177419355 6846.97782258 66.0 8.26274083543 2.24165741637 3.02864798808 5.87196719382 48.9576612903 ;
38.4053648069 8.40042918455 2.27145922747 0.0 0.0 6.02210300429 0.158798283262 282.2527897 11306.8594421 61.7006437768 8.02405949359 1.65576456683 4.08426545739 6.69786131359 43.3463519313 ;
55.4975767367 2.98610662359 2.69757673667 1.12697899838 0.262358642973 15.9806138934 2.26494345719 115.594184168 6708.38642973 92.9647819063 13.1773470815 1.98637424672 2.20025211835 4.24191786092 63.6462035541 ;
66.3241852487 4.19668381933 3.51057747284 1.25100057176 0.94110920526 8.84905660377 1.03830760435 338.335048599 22420.1526587 130.925100057 21.6844761422 1.87130078359 4.45220435276 8.11515049828 89.2927387078 ;
43.7137096774 8.08467741935 8.47580645161 1.45766129032 0.764112903226 9.01411290323 0.709677419355 164.177419355 6846.97782258 66.0 8.26274083543 2.24165741637 3.02864798808 5.87196719382 48.9576612903 ;
43.6700404858 8.10526315789 8.48582995951 1.45748987854 0.757085020243 9.04453441296 0.712550607287 164.453441296 6852.83805668 65.9291497976 8.2475891384 2.24151216174 3.02841222021 5.86783125443 48.8927125506 ;
38.4053648069 8.40042918455 2.27145922747 0.0 0.0 6.02210300429 0.158798283262 282.2527897 11306.8594421 61.7006437768 8.02405949359 1.65576456683 4.08426545739 6.69786131359 43.3463519313 ;
55.5025823112 2.98644286637 2.69561007101 1.12621045836 0.262427372498 15.9654615881 2.26275016139 115.659457715 6713.04680439 92.9857972886 13.181469756 1.98605600177 2.20127679064 4.24283087553 63.6597805036 ;
66.3203661327 4.19679633867 3.51830663616 1.2528604119 0.943935926773 8.85526315789 1.03890160183 338.324370709 22419.3838673 130.898741419 21.6806951408 1.87213211741 4.45269106818 8.11878205784 89.2848970252 ;
43.6700404858 8.10526315789 8.48582995951 1.45748987854 0.757085020243 9.04453441296 0.712550607287 164.453441296 6852.83805668 65.9291497976 8.2475891384 2.24151216174 3.02841222021 5.86783125443 48.8927125506 ;
38.4053648069 8.40042918455 2.27145922747 0.0 0.0 6.02210300429 0.158798283262 282.2527897 11306.8594421 61.7006437768 8.02405949359 1.65576456683 4.08426545739 6.69786131359 43.3463519313 ;
55.5025823112 2.98644286637 2.69561007101 1.12621045836 0.262427372498 15.9654615881 2.26275016139 115.659457715 6713.04680439 92.9857972886 13.181469756 1.98605600177 2.20127679064 4.24283087553 63.6597805036 ;
66.3203661327 4.19679633867 3.51830663616 1.2528604119 0.943935926773 8.85526315789 1.03890160183 338.324370709 22419.3838673 130.898741419 21.6806951408 1.87213211741 4.45269106818 8.11878205784 89.2848970252 ;
38.4053648069 8.40042918455 2.27145922747 0.0 0.0 6.02210300429 0.158798283262 282.2527897 11306.8594421 61.7006437768 8.02405949359 1.65576456683 4.08426545739 6.69786131359 43.3463519313 ;
55.4975767367 2.98610662359 2.69757673667 1.12697899838 0.262358642973 15.9806138934 2.26494345719 115.594184168 6708.38642973 92.9647819063 13.1773470815 1.98637424672 2.20025211835 4.24191786092 63.6462035541 ;
43.7137096774 8.08467741935 8.47580645161 1.45766129032 0.764112903226 9.01411290323 0.709677419355 164.177419355 6846.97782258 66.0 8.26274083543 2.24165741637 3.02864798808 5.87196719382 48.9576612903 ;
66.3241852487 4.19668381933 3.51057747284 1.25100057176 0.94110920526 8.84905660377 1.03830760435 338.335048599 22420.1526587 130.925100057 21.6844761422 1.87130078359 4.45220435276 8.11515049828 89.2927387078 ;
55.5020988053 2.98643848886 2.69744914433 1.12689699709 0.263157894737 15.9712625121 2.26348078786 115.626735551 6710.85050048 92.9825637714 13.1814698489 1.98621233006 2.2005199914 4.24182559407 63.6538585728 ;
38.4053648069 8.40042918455 2.27145922747 0.0 0.0 6.02210300429 0.158798283262 282.2527897 11306.8594421 61.7006437768 8.02405949359 1.65576456683 4.08426545739 6.69786131359 43.3463519313 ;
43.7137096774 8.08467741935 8.47580645161 1.45766129032 0.764112903226 9.01411290323 0.709677419355 164.177419355 6846.97782258 66.0 8.26274083543 2.24165741637 3.02864798808 5.87196719382 48.9576612903 ;
66.3285632513 4.19748139668 3.51173440183 1.25128792215 0.940469376073 8.85746994848 1.03949627934 338.532341156 22433.7716085 130.937034917 21.6869066216 1.87145608351 4.45430755919 8.11974821764 89.3085289067 ;
43.7137096774 8.08467741935 8.47580645161 1.45766129032 0.764112903226 9.01411290323 0.709677419355 164.177419355 6846.97782258 66.0 8.26274083543 2.24165741637 3.02864798808 5.87196719382 48.9576612903 ;
38.4053648069 8.40042918455 2.27145922747 0.0 0.0 6.02210300429 0.158798283262 282.2527897 11306.8594421 61.7006437768 8.02405949359 1.65576456683 4.08426545739 6.69786131359 43.3463519313 ;
66.3241852487 4.19668381933 3.51057747284 1.25100057176 0.94110920526 8.84905660377 1.03830760435 338.335048599 22420.1526587 130.925100057 21.6844761422 1.87130078359 4.45220435276 8.11515049828 89.2927387078 ;
55.4975767367 2.98610662359 2.69757673667 1.12697899838 0.262358642973 15.9806138934 2.26494345719 115.594184168 6708.38642973 92.9647819063 13.1773470815 1.98637424672 2.20025211835 4.24191786092 63.6462035541 ;
43.7137096774 8.08467741935 8.47580645161 1.45766129032 0.764112903226 9.01411290323 0.709677419355 164.177419355 6846.97782258 66.0 8.26274083543 2.24165741637 3.02864798808 5.87196719382 48.9576612903 ;
38.4053648069 8.40042918455 2.27145922747 0.0 0.0 6.02210300429 0.158798283262 282.2527897 11306.8594421 61.7006437768 8.02405949359 1.65576456683 4.08426545739 6.69786131359 43.3463519313 ;
66.3241852487 4.19668381933 3.51057747284 1.25100057176 0.94110920526 8.84905660377 1.03830760435 338.335048599 22420.1526587 130.925100057 21.6844761422 1.87130078359 4.45220435276 8.11515049828 89.2927387078 ;
55.4975767367 2.98610662359 2.69757673667 1.12697899838 0.262358642973 15.9806138934 2.26494345719 115.594184168 6708.38642973 92.9647819063 13.1773470815 1.98637424672 2.20025211835 4.24191786092 63.6462035541 ;
55.4975767367 2.98610662359 2.69757673667 1.12697899838 0.262358642973 15.9806138934 2.26494345719 115.594184168 6708.38642973 92.9647819063 13.1773470815 1.98637424672 2.20025211835 4.24191786092 63.6462035541 ;
66.3241852487 4.19668381933 3.51057747284 1.25100057176 0.94110920526 8.84905660377 1.03830760435 338.335048599 22420.1526587 130.925100057 21.6844761422 1.87130078359 4.45220435276 8.11515049828 89.2927387078 ;
38.4053648069 8.40042918455 2.27145922747 0.0 0.0 6.02210300429 0.158798283262 282.2527897 11306.8594421 61.7006437768 8.02405949359 1.65576456683 4.08426545739 6.69786131359 43.3463519313 ;
43.7137096774 8.08467741935 8.47580645161 1.45766129032 0.764112903226 9.01411290323 0.709677419355 164.177419355 6846.97782258 66.0 8.26274083543 2.24165741637 3.02864798808 5.87196719382 48.9576612903 ;
43.6700404858 8.10526315789 8.48582995951 1.45748987854 0.757085020243 9.04453441296 0.712550607287 164.453441296 6852.83805668 65.9291497976 8.2475891384 2.24151216174 3.02841222021 5.86783125443 48.8927125506 ;
55.5025823112 2.98644286637 2.69561007101 1.12621045836 0.262427372498 15.9654615881 2.26275016139 115.659457715 6713.04680439 92.9857972886 13.181469756 1.98605600177 2.20127679064 4.24283087553 63.6597805036 ;
66.3203661327 4.19679633867 3.51830663616 1.2528604119 0.943935926773 8.85526315789 1.03890160183 338.324370709 22419.3838673 130.898741419 21.6806951408 1.87213211741 4.45269106818 8.11878205784 89.2848970252 ;
38.4053648069 8.40042918455 2.27145922747 0.0 0.0 6.02210300429 0.158798283262 282.2527897 11306.8594421 61.7006437768 8.02405949359 1.65576456683 4.08426545739 6.69786131359 43.3463519313 ;
43.7137096774 8.08467741935 8.47580645161 1.45766129032 0.764112903226 9.01411290323 0.709677419355 164.177419355 6846.97782258 66.0 8.26274083543 2.24165741637 3.02864798808 5.87196719382 48.9576612903 ;
38.4053648069 8.40042918455 2.27145922747 0.0 0.0 6.02210300429 0.158798283262 282.2527897 11306.8594421 61.7006437768 8.02405949359 1.65576456683 4.08426545739 6.69786131359 43.3463519313 ;
66.3285632513 4.19748139668 3.51173440183 1.25128792215 0.940469376073 8.85746994848 1.03949627934 338.532341156 22433.7716085 130.937034917 21.6869066216 1.87145608351 4.45430755919 8.11974821764 89.3085289067 ;
55.5020988053 2.98643848886 2.69744914433 1.12689699709 0.263157894737 15.9712625121 2.26348078786 115.626735551 6710.85050048 92.9825637714 13.1814698489 1.98621233006 2.2005199914 4.24182559407 63.6538585728 ;
43.6700404858 8.10526315789 8.48582995951 1.45748987854 0.757085020243 9.04453441296 0.712550607287 164.453441296 6852.83805668 65.9291497976 8.2475891384 2.24151216174 3.02841222021 5.86783125443 48.8927125506 ;
38.4053648069 8.40042918455 2.27145922747 0.0 0.0 6.02210300429 0.158798283262 282.2527897 11306.8594421 61.7006437768 8.02405949359 1.65576456683 4.08426545739 6.69786131359 43.3463519313 ;
55.5025823112 2.98644286637 2.69561007101 1.12621045836 0.262427372498 15.9654615881 2.26275016139 115.659457715 6713.04680439 92.9857972886 13.181469756 1.98605600177 2.20127679064 4.24283087553 63.6597805036 ;
66.3203661327 4.19679633867 3.51830663616 1.2528604119 0.943935926773 8.85526315789 1.03890160183 338.324370709 22419.3838673 130.898741419 21.6806951408 1.87213211741 4.45269106818 8.11878205784 89.2848970252 ;
55.4975767367 2.98610662359 2.69757673667 1.12697899838 0.262358642973 15.9806138934 2.26494345719 115.594184168 6708.38642973 92.9647819063 13.1773470815 1.98637424672 2.20025211835 4.24191786092 63.6462035541 ;
66.3241852487 4.19668381933 3.51057747284 1.25100057176 0.94110920526 8.84905660377 1.03830760435 338.335048599 22420.1526587 130.925100057 21.6844761422 1.87130078359 4.45220435276 8.11515049828 89.2927387078 ;
43.7137096774 8.08467741935 8.47580645161 1.45766129032 0.764112903226 9.01411290323 0.709677419355 164.177419355 6846.97782258 66.0 8.26274083543 2.24165741637 3.02864798808 5.87196719382 48.9576612903 ;
38.4053648069 8.40042918455 2.27145922747 0.0 0.0 6.02210300429 0.158798283262 282.2527897 11306.8594421 61.7006437768 8.02405949359 1.65576456683 4.08426545739 6.69786131359 43.3463519313 ;
43.6700404858 8.10526315789 8.48582995951 1.45748987854 0.757085020243 9.04453441296 0.712550607287 164.453441296 6852.83805668 65.9291497976 8.2475891384 2.24151216174 3.02841222021 5.86783125443 48.8927125506 ;
55.5025823112 2.98644286637 2.69561007101 1.12621045836 0.262427372498 15.9654615881 2.26275016139 115.659457715 6713.04680439 92.9857972886 13.181469756 1.98605600177 2.20127679064 4.24283087553 63.6597805036 ;
66.3203661327 4.19679633867 3.51830663616 1.2528604119 0.943935926773 8.85526315789 1.03890160183 338.324370709 22419.3838673 130.898741419 21.6806951408 1.87213211741 4.45269106818 8.11878205784 89.2848970252 ;
38.4053648069 8.40042918455 2.27145922747 0.0 0.0 6.02210300429 0.158798283262 282.2527897 11306.8594421 61.7006437768 8.02405949359 1.65576456683 4.08426545739 6.69786131359 43.3463519313 ;
43.7137096774 8.08467741935 8.47580645161 1.45766129032 0.764112903226 9.01411290323 0.709677419355 164.177419355 6846.97782258 66.0 8.26274083543 2.24165741637 3.02864798808 5.87196719382 48.9576612903 ;
55.4975767367 2.98610662359 2.69757673667 1.12697899838 0.262358642973 15.9806138934 2.26494345719 115.594184168 6708.38642973 92.9647819063 13.1773470815 1.98637424672 2.20025211835 4.24191786092 63.6462035541 ;
66.3241852487 4.19668381933 3.51057747284 1.25100057176 0.94110920526 8.84905660377 1.03830760435 338.335048599 22420.1526587 130.925100057 21.6844761422 1.87130078359 4.45220435276 8.11515049828 89.2927387078 ;
38.4053648069 8.40042918455 2.27145922747 0.0 0.0 6.02210300429 0.158798283262 282.2527897 11306.8594421 61.7006437768 8.02405949359 1.65576456683 4.08426545739 6.69786131359 43.3463519313 ;
55.5025823112 2.98644286637 2.69561007101 1.12621045836 0.262427372498 15.9654615881 2.26275016139 115.659457715 6713.04680439 92.9857972886 13.181469756 1.98605600177 2.20127679064 4.24283087553 63.6597805036 ;
43.6700404858 8.10526315789 8.48582995951 1.45748987854 0.757085020243 9.04453441296 0.712550607287 164.453441296 6852.83805668 65.9291497976 8.2475891384 2.24151216174 3.02841222021 5.86783125443 48.8927125506 ;
38.4053648069 8.40042918455 2.27145922747 0.0 0.0 6.02210300429 0.158798283262 282.2527897 11306.8594421 61.7006437768 8.02405949359 1.65576456683 4.08426545739 6.69786131359 43.3463519313 ;
66.3203661327 4.19679633867 3.51830663616 1.2528604119 0.943935926773 8.85526315789 1.03890160183 338.324370709 22419.3838673 130.898741419 21.6806951408 1.87213211741 4.45269106818 8.11878205784 89.2848970252 ;
43.7137096774 8.08467741935 8.47580645161 1.45766129032 0.764112903226 9.01411290323 0.709677419355 164.177419355 6846.97782258 66.0 8.26274083543 2.24165741637 3.02864798808 5.87196719382 48.9576612903 ;
38.4053648069 8.40042918455 2.27145922747 0.0 0.0 6.02210300429 0.158798283262 282.2527897 11306.8594421 61.7006437768 8.02405949359 1.65576456683 4.08426545739 6.69786131359 43.3463519313 ;
66.3285632513 4.19748139668 3.51173440183 1.25128792215 0.940469376073 8.85746994848 1.03949627934 338.532341156 22433.7716085 130.937034917 21.6869066216 1.87145608351 4.45430755919 8.11974821764 89.3085289067 ;
55.5020988053 2.98643848886 2.69744914433 1.12689699709 0.263157894737 15.9712625121 2.26348078786 115.626735551 6710.85050048 92.9825637714 13.1814698489 1.98621233006 2.2005199914 4.24182559407 63.6538585728 ;
43.6700404858 8.10526315789 8.48582995951 1.45748987854 0.757085020243 9.04453441296 0.712550607287 164.453441296 6852.83805668 65.9291497976 8.2475891384 2.24151216174 3.02841222021 5.86783125443 48.8927125506 ;
38.4053648069 8.40042918455 2.27145922747 0.0 0.0 6.02210300429 0.158798283262 282.2527897 11306.8594421 61.7006437768 8.02405949359 1.65576456683 4.08426545739 6.69786131359 43.3463519313 ;
66.3203661327 4.19679633867 3.51830663616 1.2528604119 0.943935926773 8.85526315789 1.03890160183 338.324370709 22419.3838673 130.898741419 21.6806951408 1.87213211741 4.45269106818 8.11878205784 89.2848970252 ;
55.5025823112 2.98644286637 2.69561007101 1.12621045836 0.262427372498 15.9654615881 2.26275016139 115.659457715 6713.04680439 92.9857972886 13.181469756 1.98605600177 2.20127679064 4.24283087553 63.6597805036 ;
43.7137096774 8.08467741935 8.47580645161 1.45766129032 0.764112903226 9.01411290323 0.709677419355 164.177419355 6846.97782258 66.0 8.26274083543 2.24165741637 3.02864798808 5.87196719382 48.9576612903 ;
38.4053648069 8.40042918455 2.27145922747 0.0 0.0 6.02210300429 0.158798283262 282.2527897 11306.8594421 61.7006437768 8.02405949359 1.65576456683 4.08426545739 6.69786131359 43.3463519313 ;
55.5020988053 2.98643848886 2.69744914433 1.12689699709 0.263157894737 15.9712625121 2.26348078786 115.626735551 6710.85050048 92.9825637714 13.1814698489 1.98621233006 2.2005199914 4.24182559407 63.6538585728 ;
66.3285632513 4.19748139668 3.51173440183 1.25128792215 0.940469376073 8.85746994848 1.03949627934 338.532341156 22433.7716085 130.937034917 21.6869066216 1.87145608351 4.45430755919 8.11974821764 89.3085289067 ;
55.4975767367 2.98610662359 2.69757673667 1.12697899838 0.262358642973 15.9806138934 2.26494345719 115.594184168 6708.38642973 92.9647819063 13.1773470815 1.98637424672 2.20025211835 4.24191786092 63.6462035541 ;
66.3241852487 4.19668381933 3.51057747284 1.25100057176 0.94110920526 8.84905660377 1.03830760435 338.335048599 22420.1526587 130.925100057 21.6844761422 1.87130078359 4.45220435276 8.11515049828 89.2927387078 ;
43.7137096774 8.08467741935 8.47580645161 1.45766129032 0.764112903226 9.01411290323 0.709677419355 164.177419355 6846.97782258 66.0 8.26274083543 2.24165741637 3.02864798808 5.87196719382 48.9576612903 ;
38.4053648069 8.40042918455 2.27145922747 0.0 0.0 6.02210300429 0.158798283262 282.2527897 11306.8594421 61.7006437768 8.02405949359 1.65576456683 4.08426545739 6.69786131359 43.3463519313 ;
43.6700404858 8.10526315789 8.48582995951 1.45748987854 0.757085020243 9.04453441296 0.712550607287 164.453441296 6852.83805668 65.9291497976 8.2475891384 2.24151216174 3.02841222021 5.86783125443 48.8927125506 ;
38.4053648069 8.40042918455 2.27145922747 0.0 0.0 6.02210300429 0.158798283262 282.2527897 11306.8594421 61.7006437768 8.02405949359 1.65576456683 4.08426545739 6.69786131359 43.3463519313 ;
55.5025823112 2.98644286637 2.69561007101 1.12621045836 0.262427372498 15.9654615881 2.26275016139 115.659457715 6713.04680439 92.9857972886 13.181469756 1.98605600177 2.20127679064 4.24283087553 63.6597805036 ;
66.3203661327 4.19679633867 3.51830663616 1.2528604119 0.943935926773 8.85526315789 1.03890160183 338.324370709 22419.3838673 130.898741419 21.6806951408 1.87213211741 4.45269106818 8.11878205784 89.2848970252 ;
43.7137096774 8.08467741935 8.47580645161 1.45766129032 0.764112903226 9.01411290323 0.709677419355 164.177419355 6846.97782258 66.0 8.26274083543 2.24165741637 3.02864798808 5.87196719382 48.9576612903 ;
38.4053648069 8.40042918455 2.27145922747 0.0 0.0 6.02210300429 0.158798283262 282.2527897 11306.8594421 61.7006437768 8.02405949359 1.65576456683 4.08426545739 6.69786131359 43.3463519313 ;
55.5020988053 2.98643848886 2.69744914433 1.12689699709 0.263157894737 15.9712625121 2.26348078786 115.626735551 6710.85050048 92.9825637714 13.1814698489 1.98621233006 2.2005199914 4.24182559407 63.6538585728 ;
66.3285632513 4.19748139668 3.51173440183 1.25128792215 0.940469376073 8.85746994848 1.03949627934 338.532341156 22433.7716085 130.937034917 21.6869066216 1.87145608351 4.45430755919 8.11974821764 89.3085289067 ;
43.7137096774 8.08467741935 8.47580645161 1.45766129032 0.764112903226 9.01411290323 0.709677419355 164.177419355 6846.97782258 66.0 8.26274083543 2.24165741637 3.02864798808 5.87196719382 48.9576612903 ;
66.3285632513 4.19748139668 3.51173440183 1.25128792215 0.940469376073 8.85746994848 1.03949627934 338.532341156 22433.7716085 130.937034917 21.6869066216 1.87145608351 4.45430755919 8.11974821764 89.3085289067 ;
38.4053648069 8.40042918455 2.27145922747 0.0 0.0 6.02210300429 0.158798283262 282.2527897 11306.8594421 61.7006437768 8.02405949359 1.65576456683 4.08426545739 6.69786131359 43.3463519313 ;
55.5020988053 2.98643848886 2.69744914433 1.12689699709 0.263157894737 15.9712625121 2.26348078786 115.626735551 6710.85050048 92.9825637714 13.1814698489 1.98621233006 2.2005199914 4.24182559407 63.6538585728 ;
66.3203661327 4.19679633867 3.51830663616 1.2528604119 0.943935926773 8.85526315789 1.03890160183 338.324370709 22419.3838673 130.898741419 21.6806951408 1.87213211741 4.45269106818 8.11878205784 89.2848970252 ;
43.6700404858 8.10526315789 8.48582995951 1.45748987854 0.757085020243 9.04453441296 0.712550607287 164.453441296 6852.83805668 65.9291497976 8.2475891384 2.24151216174 3.02841222021 5.86783125443 48.8927125506 ;
55.5025823112 2.98644286637 2.69561007101 1.12621045836 0.262427372498 15.9654615881 2.26275016139 115.659457715 6713.04680439 92.9857972886 13.181469756 1.98605600177 2.20127679064 4.24283087553 63.6597805036 ;
38.4053648069 8.40042918455 2.27145922747 0.0 0.0 6.02210300429 0.158798283262 282.2527897 11306.8594421 61.7006437768 8.02405949359 1.65576456683 4.08426545739 6.69786131359 43.3463519313 ;
43.6700404858 8.10526315789 8.48582995951 1.45748987854 0.757085020243 9.04453441296 0.712550607287 164.453441296 6852.83805668 65.9291497976 8.2475891384 2.24151216174 3.02841222021 5.86783125443 48.8927125506 ;
55.5025823112 2.98644286637 2.69561007101 1.12621045836 0.262427372498 15.9654615881 2.26275016139 115.659457715 6713.04680439 92.9857972886 13.181469756 1.98605600177 2.20127679064 4.24283087553 63.6597805036 ;
66.3203661327 4.19679633867 3.51830663616 1.2528604119 0.943935926773 8.85526315789 1.03890160183 338.324370709 22419.3838673 130.898741419 21.6806951408 1.87213211741 4.45269106818 8.11878205784 89.2848970252 ;
38.4053648069 8.40042918455 2.27145922747 0.0 0.0 6.02210300429 0.158798283262 282.2527897 11306.8594421 61.7006437768 8.02405949359 1.65576456683 4.08426545739 6.69786131359 43.3463519313 ;
43.7137096774 8.08467741935 8.47580645161 1.45766129032 0.764112903226 9.01411290323 0.709677419355 164.177419355 6846.97782258 66.0 8.26274083543 2.24165741637 3.02864798808 5.87196719382 48.9576612903 ;
66.3285632513 4.19748139668 3.51173440183 1.25128792215 0.940469376073 8.85746994848 1.03949627934 338.532341156 22433.7716085 130.937034917 21.6869066216 1.87145608351 4.45430755919 8.11974821764 89.3085289067 ;
55.5020988053 2.98643848886 2.69744914433 1.12689699709 0.263157894737 15.9712625121 2.26348078786 115.626735551 6710.85050048 92.9825637714 13.1814698489 1.98621233006 2.2005199914 4.24182559407 63.6538585728 ;
38.4053648069 8.40042918455 2.27145922747 0.0 0.0 6.02210300429 0.158798283262 282.2527897 11306.8594421 61.7006437768 8.02405949359 1.65576456683 4.08426545739 6.69786131359 43.3463519313 ;
66.3285632513 4.19748139668 3.51173440183 1.25128792215 0.940469376073 8.85746994848 1.03949627934 338.532341156 22433.7716085 130.937034917 21.6869066216 1.87145608351 4.45430755919 8.11974821764 89.3085289067 ;
43.7137096774 8.08467741935 8.47580645161 1.45766129032 0.764112903226 9.01411290323 0.709677419355 164.177419355 6846.97782258 66.0 8.26274083543 2.24165741637 3.02864798808 5.87196719382 48.9576612903 ;
38.4053648069 8.40042918455 2.27145922747 0.0 0.0 6.02210300429 0.158798283262 282.2527897 11306.8594421 61.7006437768 8.02405949359 1.65576456683 4.08426545739 6.69786131359 43.3463519313 ;
55.5020988053 2.98643848886 2.69744914433 1.12689699709 0.263157894737 15.9712625121 2.26348078786 115.626735551 6710.85050048 92.9825637714 13.1814698489 1.98621233006 2.2005199914 4.24182559407 63.6538585728 ;
43.6700404858 8.10526315789 8.48582995951 1.45748987854 0.757085020243 9.04453441296 0.712550607287 164.453441296 6852.83805668 65.9291497976 8.2475891384 2.24151216174 3.02841222021 5.86783125443 48.8927125506 ;
38.4053648069 8.40042918455 2.27145922747 0.0 0.0 6.02210300429 0.158798283262 282.2527897 11306.8594421 61.7006437768 8.02405949359 1.65576456683 4.08426545739 6.69786131359 43.3463519313 ;
55.5025823112 2.98644286637 2.69561007101 1.12621045836 0.262427372498 15.9654615881 2.26275016139 115.659457715 6713.04680439 92.9857972886 13.181469756 1.98605600177 2.20127679064 4.24283087553 63.6597805036 ;
66.3203661327 4.19679633867 3.51830663616 1.2528604119 0.943935926773 8.85526315789 1.03890160183 338.324370709 22419.3838673 130.898741419 21.6806951408 1.87213211741 4.45269106818 8.11878205784 89.2848970252 ;
55.5020988053 2.98643848886 2.69744914433 1.12689699709 0.263157894737 15.9712625121 2.26348078786 115.626735551 6710.85050048 92.9825637714 13.1814698489 1.98621233006 2.2005199914 4.24182559407 63.6538585728 ;
66.3285632513 4.19748139668 3.51173440183 1.25128792215 0.940469376073 8.85746994848 1.03949627934 338.532341156 22433.7716085 130.937034917 21.6869066216 1.87145608351 4.45430755919 8.11974821764 89.3085289067 ;
43.7137096774 8.08467741935 8.47580645161 1.45766129032 0.764112903226 9.01411290323 0.709677419355 164.177419355 6846.97782258 66.0 8.26274083543 2.24165741637 3.02864798808 5.87196719382 48.9576612903 ;
38.4053648069 8.40042918455 2.27145922747 0.0 0.0 6.02210300429 0.158798283262 282.2527897 11306.8594421 61.7006437768 8.02405949359 1.65576456683 4.08426545739 6.69786131359 43.3463519313 ;
55.4975767367 2.98610662359 2.69757673667 1.12697899838 0.262358642973 15.9806138934 2.26494345719 115.594184168 6708.38642973 92.9647819063 13.1773470815 1.98637424672 2.20025211835 4.24191786092 63.6462035541 ;
66.3241852487 4.19668381933 3.51057747284 1.25100057176 0.94110920526 8.84905660377 1.03830760435 338.335048599 22420.1526587 130.925100057 21.6844761422 1.87130078359 4.45220435276 8.11515049828 89.2927387078 ;
38.4053648069 8.40042918455 2.27145922747 0.0 0.0 6.02210300429 0.158798283262 282.2527897 11306.8594421 61.7006437768 8.02405949359 1.65576456683 4.08426545739 6.69786131359 43.3463519313 ;
43.7137096774 8.08467741935 8.47580645161 1.45766129032 0.764112903226 9.01411290323 0.709677419355 164.177419355 6846.97782258 66.0 8.26274083543 2.24165741637 3.02864798808 5.87196719382 48.9576612903 ;
43.7137096774 8.08467741935 8.47580645161 1.45766129032 0.764112903226 9.01411290323 0.709677419355 164.177419355 6846.97782258 66.0 8.26274083543 2.24165741637 3.02864798808 5.87196719382 48.9576612903 ;
38.4053648069 8.40042918455 2.27145922747 0.0 0.0 6.02210300429 0.158798283262 282.2527897 11306.8594421 61.7006437768 8.02405949359 1.65576456683 4.08426545739 6.69786131359 43.3463519313 ;
66.3241852487 4.19668381933 3.51057747284 1.25100057176 0.94110920526 8.84905660377 1.03830760435 338.335048599 22420.1526587 130.925100057 21.6844761422 1.87130078359 4.45220435276 8.11515049828 89.2927387078 ;
55.4975767367 2.98610662359 2.69757673667 1.12697899838 0.262358642973 15.9806138934 2.26494345719 115.594184168 6708.38642973 92.9647819063 13.1773470815 1.98637424672 2.20025211835 4.24191786092 63.6462035541 ;
55.4975767367 2.98610662359 2.69757673667 1.12697899838 0.262358642973 15.9806138934 2.26494345719 115.594184168 6708.38642973 92.9647819063 13.1773470815 1.98637424672 2.20025211835 4.24191786092 63.6462035541 ;
66.3241852487 4.19668381933 3.51057747284 1.25100057176 0.94110920526 8.84905660377 1.03830760435 338.335048599 22420.1526587 130.925100057 21.6844761422 1.87130078359 4.45220435276 8.11515049828 89.2927387078 ;
43.7137096774 8.08467741935 8.47580645161 1.45766129032 0.764112903226 9.01411290323 0.709677419355 164.177419355 6846.97782258 66.0 8.26274083543 2.24165741637 3.02864798808 5.87196719382 48.9576612903 ;
38.4053648069 8.40042918455 2.27145922747 0.0 0.0 6.02210300429 0.158798283262 282.2527897 11306.8594421 61.7006437768 8.02405949359 1.65576456683 4.08426545739 6.69786131359 43.3463519313 ;
38.4053648069 8.40042918455 2.27145922747 0.0 0.0 6.02210300429 0.158798283262 282.2527897 11306.8594421 61.7006437768 8.02405949359 1.65576456683 4.08426545739 6.69786131359 43.3463519313 ;
55.4975767367 2.98610662359 2.69757673667 1.12697899838 0.262358642973 15.9806138934 2.26494345719 115.594184168 6708.38642973 92.9647819063 13.1773470815 1.98637424672 2.20025211835 4.24191786092 63.6462035541 ;
66.3241852487 4.19668381933 3.51057747284 1.25100057176 0.94110920526 8.84905660377 1.03830760435 338.335048599 22420.1526587 130.925100057 21.6844761422 1.87130078359 4.45220435276 8.11515049828 89.2927387078 ;
43.7137096774 8.08467741935 8.47580645161 1.45766129032 0.764112903226 9.01411290323 0.709677419355 164.177419355 6846.97782258 66.0 8.26274083543 2.24165741637 3.02864798808 5.87196719382 48.9576612903 ;
55.5020988053 2.98643848886 2.69744914433 1.12689699709 0.263157894737 15.9712625121 2.26348078786 115.626735551 6710.85050048 92.9825637714 13.1814698489 1.98621233006 2.2005199914 4.24182559407 63.6538585728 ;
66.3285632513 4.19748139668 3.51173440183 1.25128792215 0.940469376073 8.85746994848 1.03949627934 338.532341156 22433.7716085 130.937034917 21.6869066216 1.87145608351 4.45430755919 8.11974821764 89.3085289067 ;
43.7137096774 8.08467741935 8.47580645161 1.45766129032 0.764112903226 9.01411290323 0.709677419355 164.177419355 6846.97782258 66.0 8.26274083543 2.24165741637 3.02864798808 5.87196719382 48.9576612903 ;
38.4053648069 8.40042918455 2.27145922747 0.0 0.0 6.02210300429 0.158798283262 282.2527897 11306.8594421 61.7006437768 8.02405949359 1.65576456683 4.08426545739 6.69786131359 43.3463519313 ;
43.7137096774 8.08467741935 8.47580645161 1.45766129032 0.764112903226 9.01411290323 0.709677419355 164.177419355 6846.97782258 66.0 8.26274083543 2.24165741637 3.02864798808 5.87196719382 48.9576612903 ;
66.3241852487 4.19668381933 3.51057747284 1.25100057176 0.94110920526 8.84905660377 1.03830760435 338.335048599 22420.1526587 130.925100057 21.6844761422 1.87130078359 4.45220435276 8.11515049828 89.2927387078 ;
38.4053648069 8.40042918455 2.27145922747 0.0 0.0 6.02210300429 0.158798283262 282.2527897 11306.8594421 61.7006437768 8.02405949359 1.65576456683 4.08426545739 6.69786131359 43.3463519313 ;
55.4975767367 2.98610662359 2.69757673667 1.12697899838 0.262358642973 15.9806138934 2.26494345719 115.594184168 6708.38642973 92.9647819063 13.1773470815 1.98637424672 2.20025211835 4.24191786092 63.6462035541 ;
43.7137096774 8.08467741935 8.47580645161 1.45766129032 0.764112903226 9.01411290323 0.709677419355 164.177419355 6846.97782258 66.0 8.26274083543 2.24165741637 3.02864798808 5.87196719382 48.9576612903 ;
38.4053648069 8.40042918455 2.27145922747 0.0 0.0 6.02210300429 0.158798283262 282.2527897 11306.8594421 61.7006437768 8.02405949359 1.65576456683 4.08426545739 6.69786131359 43.3463519313 ;
66.3285632513 4.19748139668 3.51173440183 1.25128792215 0.940469376073 8.85746994848 1.03949627934 338.532341156 22433.7716085 130.937034917 21.6869066216 1.87145608351 4.45430755919 8.11974821764 89.3085289067 ;
55.5020988053 2.98643848886 2.69744914433 1.12689699709 0.263157894737 15.9712625121 2.26348078786 115.626735551 6710.85050048 92.9825637714 13.1814698489 1.98621233006 2.2005199914 4.24182559407 63.6538585728 ;
43.6700404858 8.10526315789 8.48582995951 1.45748987854 0.757085020243 9.04453441296 0.712550607287 164.453441296 6852.83805668 65.9291497976 8.2475891384 2.24151216174 3.02841222021 5.86783125443 48.8927125506 ;
38.4053648069 8.40042918455 2.27145922747 0.0 0.0 6.02210300429 0.158798283262 282.2527897 11306.8594421 61.7006437768 8.02405949359 1.65576456683 4.08426545739 6.69786131359 43.3463519313 ;
55.5025823112 2.98644286637 2.69561007101 1.12621045836 0.262427372498 15.9654615881 2.26275016139 115.659457715 6713.04680439 92.9857972886 13.181469756 1.98605600177 2.20127679064 4.24283087553 63.6597805036 ;
66.3203661327 4.19679633867 3.51830663616 1.2528604119 0.943935926773 8.85526315789 1.03890160183 338.324370709 22419.3838673 130.898741419 21.6806951408 1.87213211741 4.45269106818 8.11878205784 89.2848970252 ;
43.7137096774 8.08467741935 8.47580645161 1.45766129032 0.764112903226 9.01411290323 0.709677419355 164.177419355 6846.97782258 66.0 8.26274083543 2.24165741637 3.02864798808 5.87196719382 48.9576612903 ;
38.4053648069 8.40042918455 2.27145922747 0.0 0.0 6.02210300429 0.158798283262 282.2527897 11306.8594421 61.7006437768 8.02405949359 1.65576456683 4.08426545739 6.69786131359 43.3463519313 ;
66.3241852487 4.19668381933 3.51057747284 1.25100057176 0.94110920526 8.84905660377 1.03830760435 338.335048599 22420.1526587 130.925100057 21.6844761422 1.87130078359 4.45220435276 8.11515049828 89.2927387078 ;
55.4975767367 2.98610662359 2.69757673667 1.12697899838 0.262358642973 15.9806138934 2.26494345719 115.594184168 6708.38642973 92.9647819063 13.1773470815 1.98637424672 2.20025211835 4.24191786092 63.6462035541 ;
55.5025823112 2.98644286637 2.69561007101 1.12621045836 0.262427372498 15.9654615881 2.26275016139 115.659457715 6713.04680439 92.9857972886 13.181469756 1.98605600177 2.20127679064 4.24283087553 63.6597805036 ;
43.6700404858 8.10526315789 8.48582995951 1.45748987854 0.757085020243 9.04453441296 0.712550607287 164.453441296 6852.83805668 65.9291497976 8.2475891384 2.24151216174 3.02841222021 5.86783125443 48.8927125506 ;
38.4053648069 8.40042918455 2.27145922747 0.0 0.0 6.02210300429 0.158798283262 282.2527897 11306.8594421 61.7006437768 8.02405949359 1.65576456683 4.08426545739 6.69786131359 43.3463519313 ;
66.3203661327 4.19679633867 3.51830663616 1.2528604119 0.943935926773 8.85526315789 1.03890160183 338.324370709 22419.3838673 130.898741419 21.6806951408 1.87213211741 4.45269106818 8.11878205784 89.2848970252 ;
43.6700404858 8.10526315789 8.48582995951 1.45748987854 0.757085020243 9.04453441296 0.712550607287 164.453441296 6852.83805668 65.9291497976 8.2475891384 2.24151216174 3.02841222021 5.86783125443 48.8927125506 ;
38.4053648069 8.40042918455 2.27145922747 0.0 0.0 6.02210300429 0.158798283262 282.2527897 11306.8594421 61.7006437768 8.02405949359 1.65576456683 4.08426545739 6.69786131359 43.3463519313 ;
55.5025823112 2.98644286637 2.69561007101 1.12621045836 0.262427372498 15.9654615881 2.26275016139 115.659457715 6713.04680439 92.9857972886 13.181469756 1.98605600177 2.20127679064 4.24283087553 63.6597805036 ;
66.3203661327 4.19679633867 3.51830663616 1.2528604119 0.943935926773 8.85526315789 1.03890160183 338.324370709 22419.3838673 130.898741419 21.6806951408 1.87213211741 4.45269106818 8.11878205784 89.2848970252 ;
43.7137096774 8.08467741935 8.47580645161 1.45766129032 0.764112903226 9.01411290323 0.709677419355 164.177419355 6846.97782258 66.0 8.26274083543 2.24165741637 3.02864798808 5.87196719382 48.9576612903 ;
38.4053648069 8.40042918455 2.27145922747 0.0 0.0 6.02210300429 0.158798283262 282.2527897 11306.8594421 61.7006437768 8.02405949359 1.65576456683 4.08426545739 6.69786131359 43.3463519313 ;
66.3241852487 4.19668381933 3.51057747284 1.25100057176 0.94110920526 8.84905660377 1.03830760435 338.335048599 22420.1526587 130.925100057 21.6844761422 1.87130078359 4.45220435276 8.11515049828 89.2927387078 ;
55.4975767367 2.98610662359 2.69757673667 1.12697899838 0.262358642973 15.9806138934 2.26494345719 115.594184168 6708.38642973 92.9647819063 13.1773470815 1.98637424672 2.20025211835 4.24191786092 63.6462035541 ;
43.7137096774 8.08467741935 8.47580645161 1.45766129032 0.764112903226 9.01411290323 0.709677419355 164.177419355 6846.97782258 66.0 8.26274083543 2.24165741637 3.02864798808 5.87196719382 48.9576612903 ;
66.3241852487 4.19668381933 3.51057747284 1.25100057176 0.94110920526 8.84905660377 1.03830760435 338.335048599 22420.1526587 130.925100057 21.6844761422 1.87130078359 4.45220435276 8.11515049828 89.2927387078 ;
38.4053648069 8.40042918455 2.27145922747 0.0 0.0 6.02210300429 0.158798283262 282.2527897 11306.8594421 61.7006437768 8.02405949359 1.65576456683 4.08426545739 6.69786131359 43.3463519313 ;
55.4975767367 2.98610662359 2.69757673667 1.12697899838 0.262358642973 15.9806138934 2.26494345719 115.594184168 6708.38642973 92.9647819063 13.1773470815 1.98637424672 2.20025211835 4.24191786092 63.6462035541 ;
55.4975767367 2.98610662359 2.69757673667 1.12697899838 0.262358642973 15.9806138934 2.26494345719 115.594184168 6708.38642973 92.9647819063 13.1773470815 1.98637424672 2.20025211835 4.24191786092 63.6462035541 ;
38.4053648069 8.40042918455 2.27145922747 0.0 0.0 6.02210300429 0.158798283262 282.2527897 11306.8594421 61.7006437768 8.02405949359 1.65576456683 4.08426545739 6.69786131359 43.3463519313 ;
66.3241852487 4.19668381933 3.51057747284 1.25100057176 0.94110920526 8.84905660377 1.03830760435 338.335048599 22420.1526587 130.925100057 21.6844761422 1.87130078359 4.45220435276 8.11515049828 89.2927387078 ;
43.7137096774 8.08467741935 8.47580645161 1.45766129032 0.764112903226 9.01411290323 0.709677419355 164.177419355 6846.97782258 66.0 8.26274083543 2.24165741637 3.02864798808 5.87196719382 48.9576612903 ;
43.7137096774 8.08467741935 8.47580645161 1.45766129032 0.764112903226 9.01411290323 0.709677419355 164.177419355 6846.97782258 66.0 8.26274083543 2.24165741637 3.02864798808 5.87196719382 48.9576612903 ;
38.4053648069 8.40042918455 2.27145922747 0.0 0.0 6.02210300429 0.158798283262 282.2527897 11306.8594421 61.7006437768 8.02405949359 1.65576456683 4.08426545739 6.69786131359 43.3463519313 ;
55.5020988053 2.98643848886 2.69744914433 1.12689699709 0.263157894737 15.9712625121 2.26348078786 115.626735551 6710.85050048 92.9825637714 13.1814698489 1.98621233006 2.2005199914 4.24182559407 63.6538585728 ;
66.3285632513 4.19748139668 3.51173440183 1.25128792215 0.940469376073 8.85746994848 1.03949627934 338.532341156 22433.7716085 130.937034917 21.6869066216 1.87145608351 4.45430755919 8.11974821764 89.3085289067 ;
43.7137096774 8.08467741935 8.47580645161 1.45766129032 0.764112903226 9.01411290323 0.709677419355 164.177419355 6846.97782258 66.0 8.26274083543 2.24165741637 3.02864798808 5.87196719382 48.9576612903 ;
38.4053648069 8.40042918455 2.27145922747 0.0 0.0 6.02210300429 0.158798283262 282.2527897 11306.8594421 61.7006437768 8.02405949359 1.65576456683 4.08426545739 6.69786131359 43.3463519313 ;
66.3241852487 4.19668381933 3.51057747284 1.25100057176 0.94110920526 8.84905660377 1.03830760435 338.335048599 22420.1526587 130.925100057 21.6844761422 1.87130078359 4.45220435276 8.11515049828 89.2927387078 ;
55.4975767367 2.98610662359 2.69757673667 1.12697899838 0.262358642973 15.9806138934 2.26494345719 115.594184168 6708.38642973 92.9647819063 13.1773470815 1.98637424672 2.20025211835 4.24191786092 63.6462035541 ;
43.701010101 8.09292929293 8.48282828283 1.45858585859 0.759595959596 9.02828282828 0.711111111111 164.371717172 6853.82626263 65.9898989899 8.26129438653 2.24177544415 3.02559670856 5.86381002441 48.9292929293 ;
38.4053648069 8.40042918455 2.27145922747 0.0 0.0 6.02210300429 0.158798283262 282.2527897 11306.8594421 61.7006437768 8.02405949359 1.65576456683 4.08426545739 6.69786131359 43.3463519313 ;
66.3148571429 4.19657142857 3.51142857143 1.25085714286 0.942285714286 8.84514285714 1.03771428571 338.180571429 22409.3165714 130.890857143 21.6772157176 1.87147903095 4.45225396819 8.11617599288 89.2777142857 ;
55.4975767367 2.98610662359 2.69757673667 1.12697899838 0.262358642973 15.9806138934 2.26494345719 115.594184168 6708.38642973 92.9647819063 13.1773470815 1.98637424672 2.20025211835 4.24191786092 63.6462035541 ;
43.6700404858 8.10526315789 8.48582995951 1.45748987854 0.757085020243 9.04453441296 0.712550607287 164.453441296 6852.83805668 65.9291497976 8.2475891384 2.24151216174 3.02841222021 5.86783125443 48.8927125506 ;
38.4053648069 8.40042918455 2.27145922747 0.0 0.0 6.02210300429 0.158798283262 282.2527897 11306.8594421 61.7006437768 8.02405949359 1.65576456683 4.08426545739 6.69786131359 43.3463519313 ;
55.5025823112 2.98644286637 2.69561007101 1.12621045836 0.262427372498 15.9654615881 2.26275016139 115.659457715 6713.04680439 92.9857972886 13.181469756 1.98605600177 2.20127679064 4.24283087553 63.6597805036 ;
66.3203661327 4.19679633867 3.51830663616 1.2528604119 0.943935926773 8.85526315789 1.03890160183 338.324370709 22419.3838673 130.898741419 21.6806951408 1.87213211741 4.45269106818 8.11878205784 89.2848970252 ;
43.6700404858 8.10526315789 8.48582995951 1.45748987854 0.757085020243 9.04453441296 0.712550607287 164.453441296 6852.83805668 65.9291497976 8.2475891384 2.24151216174 3.02841222021 5.86783125443 48.8927125506 ;
38.4053648069 8.40042918455 2.27145922747 0.0 0.0 6.02210300429 0.158798283262 282.2527897 11306.8594421 61.7006437768 8.02405949359 1.65576456683 4.08426545739 6.69786131359 43.3463519313 ;
55.5025823112 2.98644286637 2.69561007101 1.12621045836 0.262427372498 15.9654615881 2.26275016139 115.659457715 6713.04680439 92.9857972886 13.181469756 1.98605600177 2.20127679064 4.24283087553 63.6597805036 ;
66.3203661327 4.19679633867 3.51830663616 1.2528604119 0.943935926773 8.85526315789 1.03890160183 338.324370709 22419.3838673 130.898741419 21.6806951408 1.87213211741 4.45269106818 8.11878205784 89.2848970252 ;
55.5020988053 2.98643848886 2.69744914433 1.12689699709 0.263157894737 15.9712625121 2.26348078786 115.626735551 6710.85050048 92.9825637714 13.1814698489 1.98621233006 2.2005199914 4.24182559407 63.6538585728 ;
66.3285632513 4.19748139668 3.51173440183 1.25128792215 0.940469376073 8.85746994848 1.03949627934 338.532341156 22433.7716085 130.937034917 21.6869066216 1.87145608351 4.45430755919 8.11974821764 89.3085289067 ;
43.7137096774 8.08467741935 8.47580645161 1.45766129032 0.764112903226 9.01411290323 0.709677419355 164.177419355 6846.97782258 66.0 8.26274083543 2.24165741637 3.02864798808 5.87196719382 48.9576612903 ;
38.4053648069 8.40042918455 2.27145922747 0.0 0.0 6.02210300429 0.158798283262 282.2527897 11306.8594421 61.7006437768 8.02405949359 1.65576456683 4.08426545739 6.69786131359 43.3463519313 ;
43.7137096774 8.08467741935 8.47580645161 1.45766129032 0.764112903226 9.01411290323 0.709677419355 164.177419355 6846.97782258 66.0 8.26274083543 2.24165741637 3.02864798808 5.87196719382 48.9576612903 ;
38.4053648069 8.40042918455 2.27145922747 0.0 0.0 6.02210300429 0.158798283262 282.2527897 11306.8594421 61.7006437768 8.02405949359 1.65576456683 4.08426545739 6.69786131359 43.3463519313 ;
66.3241852487 4.19668381933 3.51057747284 1.25100057176 0.94110920526 8.84905660377 1.03830760435 338.335048599 22420.1526587 130.925100057 21.6844761422 1.87130078359 4.45220435276 8.11515049828 89.2927387078 ;
55.4975767367 2.98610662359 2.69757673667 1.12697899838 0.262358642973 15.9806138934 2.26494345719 115.594184168 6708.38642973 92.9647819063 13.1773470815 1.98637424672 2.20025211835 4.24191786092 63.6462035541 ;
55.5025823112 2.98644286637 2.69561007101 1.12621045836 0.262427372498 15.9654615881 2.26275016139 115.659457715 6713.04680439 92.9857972886 13.181469756 1.98605600177 2.20127679064 4.24283087553 63.6597805036 ;
43.6700404858 8.10526315789 8.48582995951 1.45748987854 0.757085020243 9.04453441296 0.712550607287 164.453441296 6852.83805668 65.9291497976 8.2475891384 2.24151216174 3.02841222021 5.86783125443 48.8927125506 ;
66.3203661327 4.19679633867 3.51830663616 1.2528604119 0.943935926773 8.85526315789 1.03890160183 338.324370709 22419.3838673 130.898741419 21.6806951408 1.87213211741 4.45269106818 8.11878205784 89.2848970252 ;
38.4053648069 8.40042918455 2.27145922747 0.0 0.0 6.02210300429 0.158798283262 282.2527897 11306.8594421 61.7006437768 8.02405949359 1.65576456683 4.08426545739 6.69786131359 43.3463519313 ;
38.4053648069 8.40042918455 2.27145922747 0.0 0.0 6.02210300429 0.158798283262 282.2527897 11306.8594421 61.7006437768 8.02405949359 1.65576456683 4.08426545739 6.69786131359 43.3463519313 ;
43.7137096774 8.08467741935 8.47580645161 1.45766129032 0.764112903226 9.01411290323 0.709677419355 164.177419355 6846.97782258 66.0 8.26274083543 2.24165741637 3.02864798808 5.87196719382 48.9576612903 ;
66.3241852487 4.19668381933 3.51057747284 1.25100057176 0.94110920526 8.84905660377 1.03830760435 338.335048599 22420.1526587 130.925100057 21.6844761422 1.87130078359 4.45220435276 8.11515049828 89.2927387078 ;
55.4975767367 2.98610662359 2.69757673667 1.12697899838 0.262358642973 15.9806138934 2.26494345719 115.594184168 6708.38642973 92.9647819063 13.1773470815 1.98637424672 2.20025211835 4.24191786092 63.6462035541 ;
66.3241852487 4.19668381933 3.51057747284 1.25100057176 0.94110920526 8.84905660377 1.03830760435 338.335048599 22420.1526587 130.925100057 21.6844761422 1.87130078359 4.45220435276 8.11515049828 89.2927387078 ;
55.4975767367 2.98610662359 2.69757673667 1.12697899838 0.262358642973 15.9806138934 2.26494345719 115.594184168 6708.38642973 92.9647819063 13.1773470815 1.98637424672 2.20025211835 4.24191786092 63.6462035541 ;
38.4053648069 8.40042918455 2.27145922747 0.0 0.0 6.02210300429 0.158798283262 282.2527897 11306.8594421 61.7006437768 8.02405949359 1.65576456683 4.08426545739 6.69786131359 43.3463519313 ;
43.7137096774 8.08467741935 8.47580645161 1.45766129032 0.764112903226 9.01411290323 0.709677419355 164.177419355 6846.97782258 66.0 8.26274083543 2.24165741637 3.02864798808 5.87196719382 48.9576612903 ;
43.7137096774 8.08467741935 8.47580645161 1.45766129032 0.764112903226 9.01411290323 0.709677419355 164.177419355 6846.97782258 66.0 8.26274083543 2.24165741637 3.02864798808 5.87196719382 48.9576612903 ;
38.4053648069 8.40042918455 2.27145922747 0.0 0.0 6.02210300429 0.158798283262 282.2527897 11306.8594421 61.7006437768 8.02405949359 1.65576456683 4.08426545739 6.69786131359 43.3463519313 ;
66.3241852487 4.19668381933 3.51057747284 1.25100057176 0.94110920526 8.84905660377 1.03830760435 338.335048599 22420.1526587 130.925100057 21.6844761422 1.87130078359 4.45220435276 8.11515049828 89.2927387078 ;
55.4975767367 2.98610662359 2.69757673667 1.12697899838 0.262358642973 15.9806138934 2.26494345719 115.594184168 6708.38642973 92.9647819063 13.1773470815 1.98637424672 2.20025211835 4.24191786092 63.6462035541 ;
43.7137096774 8.08467741935 8.47580645161 1.45766129032 0.764112903226 9.01411290323 0.709677419355 164.177419355 6846.97782258 66.0 8.26274083543 2.24165741637 3.02864798808 5.87196719382 48.9576612903 ;
66.3241852487 4.19668381933 3.51057747284 1.25100057176 0.94110920526 8.84905660377 1.03830760435 338.335048599 22420.1526587 130.925100057 21.6844761422 1.87130078359 4.45220435276 8.11515049828 89.2927387078 ;
38.4053648069 8.40042918455 2.27145922747 0.0 0.0 6.02210300429 0.158798283262 282.2527897 11306.8594421 61.7006437768 8.02405949359 1.65576456683 4.08426545739 6.69786131359 43.3463519313 ;
55.4975767367 2.98610662359 2.69757673667 1.12697899838 0.262358642973 15.9806138934 2.26494345719 115.594184168 6708.38642973 92.9647819063 13.1773470815 1.98637424672 2.20025211835 4.24191786092 63.6462035541 ;
43.7137096774 8.08467741935 8.47580645161 1.45766129032 0.764112903226 9.01411290323 0.709677419355 164.177419355 6846.97782258 66.0 8.26274083543 2.24165741637 3.02864798808 5.87196719382 48.9576612903 ;
38.4053648069 8.40042918455 2.27145922747 0.0 0.0 6.02210300429 0.158798283262 282.2527897 11306.8594421 61.7006437768 8.02405949359 1.65576456683 4.08426545739 6.69786131359 43.3463519313 ;
55.4975767367 2.98610662359 2.69757673667 1.12697899838 0.262358642973 15.9806138934 2.26494345719 115.594184168 6708.38642973 92.9647819063 13.1773470815 1.98637424672 2.20025211835 4.24191786092 63.6462035541 ;
66.3241852487 4.19668381933 3.51057747284 1.25100057176 0.94110920526 8.84905660377 1.03830760435 338.335048599 22420.1526587 130.925100057 21.6844761422 1.87130078359 4.45220435276 8.11515049828 89.2927387078 ;
43.7137096774 8.08467741935 8.47580645161 1.45766129032 0.764112903226 9.01411290323 0.709677419355 164.177419355 6846.97782258 66.0 8.26274083543 2.24165741637 3.02864798808 5.87196719382 48.9576612903 ;
66.3285632513 4.19748139668 3.51173440183 1.25128792215 0.940469376073 8.85746994848 1.03949627934 338.532341156 22433.7716085 130.937034917 21.6869066216 1.87145608351 4.45430755919 8.11974821764 89.3085289067 ;
55.5020988053 2.98643848886 2.69744914433 1.12689699709 0.263157894737 15.9712625121 2.26348078786 115.626735551 6710.85050048 92.9825637714 13.1814698489 1.98621233006 2.2005199914 4.24182559407 63.6538585728 ;
38.4053648069 8.40042918455 2.27145922747 0.0 0.0 6.02210300429 0.158798283262 282.2527897 11306.8594421 61.7006437768 8.02405949359 1.65576456683 4.08426545739 6.69786131359 43.3463519313 ;
55.5025823112 2.98644286637 2.69561007101 1.12621045836 0.262427372498 15.9654615881 2.26275016139 115.659457715 6713.04680439 92.9857972886 13.181469756 1.98605600177 2.20127679064 4.24283087553 63.6597805036 ;
43.6700404858 8.10526315789 8.48582995951 1.45748987854 0.757085020243 9.04453441296 0.712550607287 164.453441296 6852.83805668 65.9291497976 8.2475891384 2.24151216174 3.02841222021 5.86783125443 48.8927125506 ;
66.3203661327 4.19679633867 3.51830663616 1.2528604119 0.943935926773 8.85526315789 1.03890160183 338.324370709 22419.3838673 130.898741419 21.6806951408 1.87213211741 4.45269106818 8.11878205784 89.2848970252 ;
38.4053648069 8.40042918455 2.27145922747 0.0 0.0 6.02210300429 0.158798283262 282.2527897 11306.8594421 61.7006437768 8.02405949359 1.65576456683 4.08426545739 6.69786131359 43.3463519313 ;
55.4975767367 2.98610662359 2.69757673667 1.12697899838 0.262358642973 15.9806138934 2.26494345719 115.594184168 6708.38642973 92.9647819063 13.1773470815 1.98637424672 2.20025211835 4.24191786092 63.6462035541 ;
66.3241852487 4.19668381933 3.51057747284 1.25100057176 0.94110920526 8.84905660377 1.03830760435 338.335048599 22420.1526587 130.925100057 21.6844761422 1.87130078359 4.45220435276 8.11515049828 89.2927387078 ;
38.4053648069 8.40042918455 2.27145922747 0.0 0.0 6.02210300429 0.158798283262 282.2527897 11306.8594421 61.7006437768 8.02405949359 1.65576456683 4.08426545739 6.69786131359 43.3463519313 ;
43.7137096774 8.08467741935 8.47580645161 1.45766129032 0.764112903226 9.01411290323 0.709677419355 164.177419355 6846.97782258 66.0 8.26274083543 2.24165741637 3.02864798808 5.87196719382 48.9576612903 ;
43.6700404858 8.10526315789 8.48582995951 1.45748987854 0.757085020243 9.04453441296 0.712550607287 164.453441296 6852.83805668 65.9291497976 8.2475891384 2.24151216174 3.02841222021 5.86783125443 48.8927125506 ;
38.4053648069 8.40042918455 2.27145922747 0.0 0.0 6.02210300429 0.158798283262 282.2527897 11306.8594421 61.7006437768 8.02405949359 1.65576456683 4.08426545739 6.69786131359 43.3463519313 ;
55.5025823112 2.98644286637 2.69561007101 1.12621045836 0.262427372498 15.9654615881 2.26275016139 115.659457715 6713.04680439 92.9857972886 13.181469756 1.98605600177 2.20127679064 4.24283087553 63.6597805036 ;
66.3203661327 4.19679633867 3.51830663616 1.2528604119 0.943935926773 8.85526315789 1.03890160183 338.324370709 22419.3838673 130.898741419 21.6806951408 1.87213211741 4.45269106818 8.11878205784 89.2848970252 ;
55.4975767367 2.98610662359 2.69757673667 1.12697899838 0.262358642973 15.9806138934 2.26494345719 115.594184168 6708.38642973 92.9647819063 13.1773470815 1.98637424672 2.20025211835 4.24191786092 63.6462035541 ;
66.3241852487 4.19668381933 3.51057747284 1.25100057176 0.94110920526 8.84905660377 1.03830760435 338.335048599 22420.1526587 130.925100057 21.6844761422 1.87130078359 4.45220435276 8.11515049828 89.2927387078 ;
38.4053648069 8.40042918455 2.27145922747 0.0 0.0 6.02210300429 0.158798283262 282.2527897 11306.8594421 61.7006437768 8.02405949359 1.65576456683 4.08426545739 6.69786131359 43.3463519313 ;
43.7137096774 8.08467741935 8.47580645161 1.45766129032 0.764112903226 9.01411290323 0.709677419355 164.177419355 6846.97782258 66.0 8.26274083543 2.24165741637 3.02864798808 5.87196719382 48.9576612903 ;
66.3241852487 4.19668381933 3.51057747284 1.25100057176 0.94110920526 8.84905660377 1.03830760435 338.335048599 22420.1526587 130.925100057 21.6844761422 1.87130078359 4.45220435276 8.11515049828 89.2927387078 ;
43.7137096774 8.08467741935 8.47580645161 1.45766129032 0.764112903226 9.01411290323 0.709677419355 164.177419355 6846.97782258 66.0 8.26274083543 2.24165741637 3.02864798808 5.87196719382 48.9576612903 ;
38.4053648069 8.40042918455 2.27145922747 0.0 0.0 6.02210300429 0.158798283262 282.2527897 11306.8594421 61.7006437768 8.02405949359 1.65576456683 4.08426545739 6.69786131359 43.3463519313 ;
55.4975767367 2.98610662359 2.69757673667 1.12697899838 0.262358642973 15.9806138934 2.26494345719 115.594184168 6708.38642973 92.9647819063 13.1773470815 1.98637424672 2.20025211835 4.24191786092 63.6462035541 ;
66.3203661327 4.19679633867 3.51830663616 1.2528604119 0.943935926773 8.85526315789 1.03890160183 338.324370709 22419.3838673 130.898741419 21.6806951408 1.87213211741 4.45269106818 8.11878205784 89.2848970252 ;
55.5025823112 2.98644286637 2.69561007101 1.12621045836 0.262427372498 15.9654615881 2.26275016139 115.659457715 6713.04680439 92.9857972886 13.181469756 1.98605600177 2.20127679064 4.24283087553 63.6597805036 ;
43.6700404858 8.10526315789 8.48582995951 1.45748987854 0.757085020243 9.04453441296 0.712550607287 164.453441296 6852.83805668 65.9291497976 8.2475891384 2.24151216174 3.02841222021 5.86783125443 48.8927125506 ;
38.4053648069 8.40042918455 2.27145922747 0.0 0.0 6.02210300429 0.158798283262 282.2527897 11306.8594421 61.7006437768 8.02405949359 1.65576456683 4.08426545739 6.69786131359 43.3463519313 ;
43.7137096774 8.08467741935 8.47580645161 1.45766129032 0.764112903226 9.01411290323 0.709677419355 164.177419355 6846.97782258 66.0 8.26274083543 2.24165741637 3.02864798808 5.87196719382 48.9576612903 ;
38.4053648069 8.40042918455 2.27145922747 0.0 0.0 6.02210300429 0.158798283262 282.2527897 11306.8594421 61.7006437768 8.02405949359 1.65576456683 4.08426545739 6.69786131359 43.3463519313 ;
55.4975767367 2.98610662359 2.69757673667 1.12697899838 0.262358642973 15.9806138934 2.26494345719 115.594184168 6708.38642973 92.9647819063 13.1773470815 1.98637424672 2.20025211835 4.24191786092 63.6462035541 ;
66.3241852487 4.19668381933 3.51057747284 1.25100057176 0.94110920526 8.84905660377 1.03830760435 338.335048599 22420.1526587 130.925100057 21.6844761422 1.87130078359 4.45220435276 8.11515049828 89.2927387078 ;
43.6700404858 8.10526315789 8.48582995951 1.45748987854 0.757085020243 9.04453441296 0.712550607287 164.453441296 6852.83805668 65.9291497976 8.2475891384 2.24151216174 3.02841222021 5.86783125443 48.8927125506 ;
38.4053648069 8.40042918455 2.27145922747 0.0 0.0 6.02210300429 0.158798283262 282.2527897 11306.8594421 61.7006437768 8.02405949359 1.65576456683 4.08426545739 6.69786131359 43.3463519313 ;
55.5025823112 2.98644286637 2.69561007101 1.12621045836 0.262427372498 15.9654615881 2.26275016139 115.659457715 6713.04680439 92.9857972886 13.181469756 1.98605600177 2.20127679064 4.24283087553 63.6597805036 ;
66.3203661327 4.19679633867 3.51830663616 1.2528604119 0.943935926773 8.85526315789 1.03890160183 338.324370709 22419.3838673 130.898741419 21.6806951408 1.87213211741 4.45269106818 8.11878205784 89.2848970252 ;
55.4975767367 2.98610662359 2.69757673667 1.12697899838 0.262358642973 15.9806138934 2.26494345719 115.594184168 6708.38642973 92.9647819063 13.1773470815 1.98637424672 2.20025211835 4.24191786092 63.6462035541 ;
66.3241852487 4.19668381933 3.51057747284 1.25100057176 0.94110920526 8.84905660377 1.03830760435 338.335048599 22420.1526587 130.925100057 21.6844761422 1.87130078359 4.45220435276 8.11515049828 89.2927387078 ;
38.4053648069 8.40042918455 2.27145922747 0.0 0.0 6.02210300429 0.158798283262 282.2527897 11306.8594421 61.7006437768 8.02405949359 1.65576456683 4.08426545739 6.69786131359 43.3463519313 ;
43.7137096774 8.08467741935 8.47580645161 1.45766129032 0.764112903226 9.01411290323 0.709677419355 164.177419355 6846.97782258 66.0 8.26274083543 2.24165741637 3.02864798808 5.87196719382 48.9576612903 ;
43.6700404858 8.10526315789 8.48582995951 1.45748987854 0.757085020243 9.04453441296 0.712550607287 164.453441296 6852.83805668 65.9291497976 8.2475891384 2.24151216174 3.02841222021 5.86783125443 48.8927125506 ;
38.4053648069 8.40042918455 2.27145922747 0.0 0.0 6.02210300429 0.158798283262 282.2527897 11306.8594421 61.7006437768 8.02405949359 1.65576456683 4.08426545739 6.69786131359 43.3463519313 ;
55.5025823112 2.98644286637 2.69561007101 1.12621045836 0.262427372498 15.9654615881 2.26275016139 115.659457715 6713.04680439 92.9857972886 13.181469756 1.98605600177 2.20127679064 4.24283087553 63.6597805036 ;
66.3203661327 4.19679633867 3.51830663616 1.2528604119 0.943935926773 8.85526315789 1.03890160183 338.324370709 22419.3838673 130.898741419 21.6806951408 1.87213211741 4.45269106818 8.11878205784 89.2848970252 ;
