33.3059782179 4.42406582105 2.01925054719 0.0361804804726 0.00809577806492 4.87402758366 0.110361013686 ;
54.2000634115 3.55326569436 3.59258084971 1.26664552949 0.136017755231 17.9965123653 2.22289156627 ;
38.663059518 23.8588293163 1.47343826857 0.0280373831776 0.0135268076734 4.99754058042 0.177816035416 ;
54.3777679362 4.27192205492 5.19840566873 2.19796279894 0.00797165633304 35.7909654562 5.18246235607 ;
67.2401195616 4.02125539688 2.58767851212 0.851046164065 0.905014945201 3.84556625706 0.270840252408 ;
44.2495194948 5.880697419 2.25350082372 0.149643053267 0.153830313015 4.32866556837 0.0992586490939 ;
42.4986263736 49.3887362637 1.08722527473 0.0192307692308 0.171016483516 3.24244505495 0.0123626373626 ;
58.4213740458 3.80610687023 7.96183206107 3.89923664122 0.00152671755725 63.5190839695 11.0320610687 ;
33.2172241993 3.87459074733 2.00207829181 0.0336797153025 0.00856939501779 4.4111886121 0.0716298932384 ;
44.7853737255 5.39030294139 2.29421257243 0.177363749725 0.170322012763 4.18689943519 0.0959436661043 ;
66.6118854342 3.99846837188 2.65094195129 0.870883749426 0.85863072446 4.50926635013 0.360238933987 ;
60.9359726295 3.37390029326 5.21700879765 2.23069403715 0.0312805474096 32.5796676442 4.81915933529 ;
42.1608040201 42.9958123953 1.10510887772 0.0247068676717 0.113065326633 3.21231155779 0.0205192629816 ;
56.9909793814 3.83505154639 7.71778350515 3.75386597938 0.00257731958763 61.1649484536 10.5038659794 ;
44.6222033418 5.56584536958 3.45171339564 0.95836873407 0.0404984423676 21.6505239309 2.40951571793 ;
36.9333003953 16.8023715415 1.72002635046 0.0204216073781 0.00691699604743 5.85704874835 0.197299077734 ;
55.9208741522 3.81198191409 5.24265259985 2.26036171816 0.0135644310475 35.3669932178 5.1989449887 ;
40.3886397608 5.56387259975 2.31142922847 0.0669771185466 0.0539266413706 3.60106933425 0.0216741405082 ;
67.0748842408 3.97764649529 2.59667890787 0.85597956251 0.878652403002 4.1369950503 0.321251796264 ;
41.2766024629 38.9586359331 1.09125355226 0.022102936533 0.0903062835491 3.04199557941 0.0179981054626 ;
35.9646519484 11.5817348293 2.30823983593 0.0727470141151 0.00253347810351 11.1356013994 0.604777415852 ;
32.1342964968 3.5151526703 1.83459764419 0.0280562650097 0.0102161399764 3.79365684443 0.0311439789578 ;
52.0358551452 4.39637863033 2.76514879885 0.76299749014 0.304230907135 10.1502330584 1.0295804948 ;
58.4865900383 3.81417624521 8.27586206897 4.10153256705 0.00191570881226 66.6360153257 11.7337164751 ;
33.0662384969 3.85426252556 1.91871165644 0.029077198364 0.00971370143149 3.40104166667 0.0125575153374 ;
66.2446587537 3.99258160237 2.63560830861 0.856824925816 0.86765578635 4.24643916914 0.323145400593 ;
58.2430703625 3.82729211087 8.42217484009 4.18976545842 0.00213219616205 68.0767590618 12.0639658849 ;
40.9238239757 38.4075872534 1.10166919575 0.0203338391502 0.0874051593323 3.12928679818 0.0257966616085 ;
35.4750367107 8.89385357667 2.51363541011 0.0883155024124 0.00241241871198 11.5736312146 0.588839941263 ;
56.1973684211 4.07789473684 5.63631578947 2.43315789474 0.00736842105263 39.3894736842 5.90631578947 ;
44.2572110171 6.61027976578 2.13843707077 0.136846671004 0.146027615123 3.6702812116 0.0558085737006 ;
53.7187603033 3.31486976591 3.69106495219 1.4032311243 0.0830860534125 20.4470820969 2.64424662051 ;
36.4834286676 9.11541049798 2.40183378197 0.0793236877524 0.0028600269179 10.2238391655 0.487634589502 ;
55.4162679426 3.3608218407 4.03490008444 1.56994089502 0.0793695468618 22.9560934422 3.0866873065 ;
39.7345160286 26.6697790227 1.19078742608 0.0199190787426 0.0177404295051 3.2558356676 0.047619047619 ;
33.5687666637 3.65785926126 1.99832239897 0.0340912495132 0.00970612024805 3.43800365477 0.0159971241125 ;
56.9049043062 3.95454545455 6.69258373206 3.09150717703 0.00358851674641 50.2368421053 8.1764354067 ;
48.5379968823 4.86311379579 2.1074629774 0.286438035853 0.323363211224 3.72720187062 0.119349181606 ;
69.6261354253 4.11643270025 2.72295623452 0.923410404624 0.926094137077 4.23265895954 0.32617671346 ;
42.1634241245 50.8575875486 1.09727626459 0.020233463035 0.188326848249 3.25680933852 0.011673151751 ;
33.2592557553 3.36493219804 2.01122674235 0.0351939451277 0.00964995269631 3.65260170293 0.0283191422264 ;
50.6363337714 3.81208935611 3.46287779238 1.1599868594 0.0919842312746 18.7651116951 2.23455978975 ;
41.3033707865 39.6834104428 1.1100462657 0.022141440846 0.0938532716457 3.1827495043 0.0284203569068 ;
68.4209677419 4.0582437276 2.78100358423 0.933154121864 0.9 4.61577060932 0.378673835125 ;
36.6116483676 10.7065367556 2.15262124627 0.0434814222351 0.00283574492838 8.11866501854 0.326983203665 ;
57.6115569823 3.95826645265 7.99518459069 3.92295345104 0.0016051364366 64.27929374 11.1669341894 ;
56.9387755102 3.90017746229 5.32874889086 2.29325643301 0.0133096716948 35.7834960071 5.27107364685 ;
47.5084075173 4.98318496538 2.0821958457 0.217507418398 0.275766567755 3.42027695351 0.0700296735905 ;
32.345885853 3.09614029594 1.83375088076 0.0266577937838 0.0111954904877 3.39254677836 0.0224692711188 ;
69.6475118483 4.0916271722 2.89435229068 0.992693522907 0.876974723539 5.45181674566 0.504541864139 ;
49.5436573311 4.64579901153 3.86271279517 1.36024162548 0.0373421197144 24.4080175728 3.0595826469 ;
37.451402151 7.02362046437 2.43702884712 0.0563875766409 0.00643280731732 6.63644587396 0.199316514223 ;
58.8623145401 3.75133531157 6.74421364985 3.11572700297 0.0053412462908 49.6771513353 8.12284866469 ;
50.2962920966 4.50799410364 2.0735911101 0.360131534188 0.390747250255 3.94534527724 0.17507653929 ;
42.4398364486 47.4147196262 1.0683411215 0.018691588785 0.151869158879 3.23422897196 0.0140186915888 ;
38.4496518479 23.07873594 1.41938939475 0.023835029459 0.0117836100696 4.28816282807 0.120246384574 ;
33.1714452517 3.3737026466 1.98949143747 0.0344447327452 0.0100220550078 3.47898287494 0.0207576543851 ;
55.9810453762 3.31935669156 4.00919012062 1.50976450316 0.127225732338 20.7748420448 2.7354968409 ;
56.0525561395 4.07883420927 6.33301481128 2.87147634974 0.00573339703774 46.9388437649 7.48447204969 ;
43.5749260156 15.1579230562 2.10815173527 0.0495022867904 0.00726392251816 5.08770513855 0.103040086091 ;
69.7909168809 4.10796915167 2.64395886889 0.902099400171 0.942159383033 3.89867180805 0.279562982005 ;
40.9358838115 40.6829613886 1.08076514346 0.0223166843783 0.099539496989 3.17038611406 0.0269217144881 ;
48.5528904609 3.81286614347 2.03791312037 0.295125455952 0.358019232895 3.37680999226 0.112634022328 ;
36.1709331746 9.00007441584 2.27868730466 0.0650394403929 0.00305104926328 8.99047477303 0.396561988391 ;
37.3590419436 13.1729314692 1.76713270685 0.0201696080678 0.00481320192528 4.62628925052 0.0723126289251 ;
68.4508312699 4.03095153873 2.89370357269 0.978776087726 0.850194552529 5.65210470463 0.527767951892 ;
31.7917915736 2.81490161879 1.61089006377 0.0167329808688 0.0130811576825 2.59546519867 0.00474191965989 ;
48.8427419355 4.61952026468 2.10225392887 0.298180314309 0.328680727874 3.80035153019 0.136786600496 ;
41.6362672322 40.6433368682 1.10993283846 0.022622834924 0.0986214209968 3.22834924001 0.0275715800636 ;
57.6064681396 3.55715658021 5.75280179315 2.58309317963 0.0112071725905 40.1649055395 6.27281460134 ;
35.6431325163 4.48132803959 2.58996490017 0.0603026641349 0.00448817538408 5.98711088095 0.107946372058 ;
40.6819221968 7.29610983982 2.98764302059 0.515102974828 0.0205949656751 18.2949656751 1.68718535469 ;
38.6094440568 21.7869271924 1.53663642708 0.0293091416609 0.0104675505932 4.97278436846 0.166085136078 ;
34.1903950196 6.38034536426 2.21470392055 0.0536574520122 0.000444675016675 9.64477877418 0.365004076188 ;
55.1549368394 3.58778035576 4.33745810776 1.72131992782 0.0489816963135 26.4681618974 3.64990977056 ;
33.0775034564 3.42089670156 1.93817894529 0.0314043057476 0.0118901836856 2.65186648232 0.00379221805254 ;
57.522556391 3.97556390977 7.31766917293 3.51127819549 0.00281954887218 56.780075188 9.54605263158 ;
66.1390001483 4.00726895119 2.60124610592 0.847352024922 0.861741581368 4.19670672007 0.313603322949 ;
44.5955089378 5.54712660659 2.30728320284 0.186659772492 0.157630373763 4.39400206825 0.128674841188 ;
41.9119141728 47.0400903444 1.07622811971 0.0191981931112 0.147939017504 3.25352907962 0.0203274985884 ;
36.1363436446 8.55079900308 2.57542882275 0.159360797537 0.00586424277965 14.1317988565 0.929042662366 ;
32.4822856729 3.31617992979 1.92230304346 0.0314117178736 0.0103499439076 3.6888502877 0.0229073933341 ;
71.3535844471 4.18857837181 2.92660996355 1.0 0.931713244228 4.95722964763 0.434507897934 ;
57.7643391521 3.93142144638 7.72194513716 3.73690773067 0.00249376558603 60.7443890274 10.3890274314 ;
53.1852899576 4.13308473705 2.18503278899 0.517037418028 0.489391796322 4.78500707214 0.324418156101 ;
40.8698468787 37.9458186101 1.1160188457 0.0212014134276 0.0851001177856 3.13250883392 0.0244405182568 ;
56.046287667 3.44703324014 4.7284871078 1.9760795278 0.0276483379932 30.2224293259 4.33457595527 ;
39.5897655628 7.8021668605 2.19844524699 0.049580706372 0.0247291424374 3.83724061945 0.017934749342 ;
32.4285714286 3.64786615909 1.91888733053 0.031556802244 0.00941695051092 4.40322580645 0.0793762105123 ;
72.8113314448 4.2790368272 2.99858356941 1.0433427762 0.921529745042 5.45099150142 0.509065155807 ;
52.2678315669 4.18905757663 4.28759667717 1.64050415354 0.0289315382412 27.4270982526 3.66084216557 ;
38.2236960432 21.4316546763 1.5553057554 0.0245053956835 0.00989208633094 5.43120503597 0.197841726619 ;
42.1119153675 46.85077951 1.06570155902 0.0183741648107 0.145879732739 3.22048997773 0.0161469933185 ;
58.8345864662 3.68755221387 7.18128654971 3.44110275689 0.00250626566416 54.8187134503 9.18713450292 ;
54.7142287234 3.90093085106 2.20186170213 0.566622340426 0.558111702128 4.57207446809 0.318218085106 ;
39.9239489324 6.47853841074 2.41250275149 0.0800132071319 0.0334580673564 5.41921637684 0.147974906449 ;
36.5694890429 7.77843501775 2.39237226072 0.0661371190355 0.00292941242747 8.11188102079 0.308940341389 ;
68.7746719909 4.08233504469 2.72314128161 0.911580148317 0.914622551816 4.2352158205 0.322684921088 ;
55.8678529755 3.43319719953 4.17532088681 1.6321470245 0.0694282380397 24.1942823804 3.28967327888 ;
32.7660550459 3.11982546431 1.90449019169 0.0297232788842 0.0110763034236 3.18169612889 0.013239352577 ;
42.8465909091 49.7301136364 1.11079545455 0.0205965909091 0.172585227273 3.3359375 0.0134943181818 ;
55.2939001848 4.37892791128 6.63524337646 3.05483672212 0.00308071472582 50.5896487985 8.16759088108 ;
38.968696642 25.3155947638 1.31587933978 0.0241889584519 0.0162208309619 3.91605008537 0.100170745589 ;
48.110453266 4.74259924294 2.1078326701 0.281374356983 0.295836164224 3.90032029506 0.145782781714 ;
38.4006451613 20.371827957 1.5647311828 0.0260215053763 0.0101075268817 4.86774193548 0.150107526882 ;
68.4696122633 4.05788999098 2.78485121731 0.932912533814 0.892696122633 4.72587917042 0.39477006312 ;
33.0260405317 3.370269485 1.86427689402 0.0251325633762 0.0110408948936 2.94875426745 0.0070458342413 ;
54.5419954904 3.71561443067 4.35597519729 1.72970687711 0.0372040586246 27.1395152198 3.72519729425 ;
36.0235782705 6.79824502646 2.5366066046 0.0803804675464 0.0019425279657 9.0426016478 0.348047424476 ;
47.8395746648 4.77290799815 2.13675450763 0.280073971336 0.279426722145 4.09745723532 0.166250577901 ;
57.6772486772 3.93738977072 7.27954144621 3.47707231041 0.0026455026455 55.8500881834 9.35537918871 ;
42.1362467866 45.8262210797 1.0822622108 0.0185089974293 0.135218508997 3.24010282776 0.0210796915167 ;
42.5079198767 5.48776579353 2.29885978428 0.118089368259 0.108844375963 3.7401540832 0.0472110939908 ;
54.0644726194 3.46533585109 3.87402212031 1.4852980847 0.0782303749663 21.9757216078 2.89236579444 ;
42.184836746 46.7681239624 1.06751521859 0.0182623132263 0.14554510238 3.22523519646 0.016602102933 ;
57.0310421286 4.0487804878 6.60421286031 3.022172949 0.00609756097561 49.1086474501 7.93736141907 ;
65.5424873382 4.01688238604 2.58483398987 0.827518289252 0.855936972425 4.09158694429 0.298255486775 ;
38.7928013261 21.6090457021 1.50153919015 0.0229694529955 0.010655931802 4.32299313284 0.105848922567 ;
34.6724698479 7.18342947037 2.34053487153 0.0720503408495 0.00104876769795 11.549868904 0.559412690089 ;
32.4667393251 3.42209334008 1.8803472033 0.0295044957378 0.0109376824569 3.16196333346 0.00794052391888 ;
33.2474699159 3.53320578017 1.49624893006 0.00548814259101 0.0115804843663 2.08202003927 0.00100699864055 ;
65.8722891566 4.00240963855 2.67739192062 0.868603827073 0.844082211198 4.63090007087 0.376470588235 ;
55.1943243243 3.58135135135 4.64513513514 1.91594594595 0.0297297297297 29.7040540541 4.2127027027 ;
41.1640625 39.4443359375 1.09407552083 0.0218098958333 0.0927734375 3.10123697917 0.0227864583333 ;
32.9877187822 4.02787174584 2.74077070157 0.0820708927783 0.00544197676129 6.62663627004 0.0981026621562 ;
58.7313642757 3.84950773558 7.88185654008 3.8382559775 0.0014064697609 62.3023909986 10.7637130802 ;
36.1146128278 11.986950634 2.19438631048 0.0673396528376 0.00369321679183 10.7146374492 0.583405145882 ;
44.65 5.88018597997 2.21673819742 0.182117310443 0.147711015737 4.31859799714 0.13469241774 ;
36.4168872419 9.48782424563 2.30827598377 0.0570848773602 0.00238221281101 9.53988000706 0.418563613905 ;
59.3805923125 3.74039067423 6.79647132955 3.16950220542 0.00504095778198 50.3919344675 8.28229363579 ;
43.1730959446 53.4035608309 1.11177052423 0.0217606330366 0.205736894164 3.48565776459 0.0128585558853 ;
64.7240894569 4.01239616613 2.58159744409 0.82428115016 0.806773162939 4.55693290735 0.361022364217 ;
42.7543624161 5.00833627693 2.28265630519 0.127022253621 0.116001412928 3.39385376192 0.0504415400918 ;
32.3973534277 3.3245359309 1.89781290204 0.0309501929792 0.0101819518471 3.68325675427 0.0276052196287 ;
39.6258886256 28.1877962085 1.18394549763 0.0195497630332 0.0266587677725 3.20793838863 0.0462085308057 ;
51.6185195453 4.03631827003 4.05627945661 1.51815913502 0.0512891599667 24.6512337122 3.21458275575 ;
70.147485081 4.10720375107 2.82885763001 0.964833759591 0.909207161125 4.82054560955 0.414322250639 ;
32.1979831552 3.34275031159 1.85749896136 0.0290440759905 0.0102730671904 3.8851833667 0.0379952411527 ;
57.571942446 3.9520383693 7.66306954436 3.70143884892 0.00359712230216 60.2098321343 10.2685851319 ;
41.3301981861 39.8965401411 1.09439032583 0.0221699697682 0.0950621430971 3.08867987907 0.0208263352368 ;
52.0498976459 4.44472876151 2.19882292733 0.489636642784 0.435772773797 5.13331627431 0.352354145343 ;
36.1220118343 12.3358579882 2.19692307692 0.0676923076923 0.00378698224852 10.5791715976 0.573017751479 ;
55.3601429848 3.55615132559 4.66994340185 1.92820971105 0.0282990765564 29.8218647602 4.2326481978 ;
39.5581725495 5.75311350584 2.40769181132 0.0651739046267 0.0253597470478 3.91979092728 0.0362005549461 ;
34.8263646922 9.10878823074 2.52516453736 0.101238869532 0.000193573364305 14.8433991483 0.977351916376 ;
72.9279953917 4.26036866359 2.91877880184 1.02044930876 0.924539170507 5.16359447005 0.468894009217 ;
39.8720415001 7.55376634605 2.25651140171 0.0617637522966 0.0333945747325 4.13606397925 0.0370690586837 ;
40.7981812848 37.8718099149 1.11293634497 0.0202405397477 0.0853622763274 3.10384276914 0.0208272220593 ;
57.430373605 3.83406113537 6.42406598738 2.91703056769 0.00630761766133 47.0223192625 7.55458515284 ;
32.4171703197 3.37220563606 1.89452413894 0.0299279108716 0.0102308308454 3.73986019078 0.0244302046166 ;
55.0179131214 4.11240483654 2.14763397522 0.52276459173 0.609792506344 3.56336766682 0.172264517092 ;
53.0719662752 3.34296898525 3.7482685938 1.42035531466 0.0755796446853 21.0882264378 2.74405299609 ;
51.9929165383 3.87958115183 4.11918694179 1.55897751771 0.0545118570989 24.7372959655 3.24422543887 ;
33.3037207688 3.47369583741 2.00444977436 0.035314166693 0.00978319184524 3.4778931423 0.0184618297725 ;
59.1062830299 3.73810921903 6.69054609513 3.0951262478 0.00469759248385 49.4257193188 8.07927187317 ;
40.8939216832 37.8351841029 1.11776738749 0.021040327294 0.0853302162478 3.15575686733 0.0289304500292 ;
78.0590219224 4.59752670039 2.89488476672 1.05958403598 0.976391231029 5.05283867341 0.448566610455 ;
36.3096833834 10.0509976119 2.20052384254 0.0471458285186 0.00215699869039 9.00701024574 0.387412371928 ;
46.4792412658 5.22432981709 2.14061743927 0.216490854544 0.217168295751 3.95122423304 0.121842640085 ;
62.3356911884 3.79486661277 2.60691188359 0.82316087308 0.799110751819 4.65541632983 0.379749393694 ;
35.4842281879 3.59597315436 9.51073825503 0.613087248322 0.13288590604 3.82281879195 0.0476510067114 ;
42.4433436533 7.1707852519 1.93414016324 0.0887700534759 0.0908528004503 5.33858710948 0.167520405291 ;
57.8349447514 3.93715469613 6.94267955801 3.25552486188 0.00414364640884 52.263121547 8.60635359116 ;
65.4223713034 3.96371851041 2.60692771084 0.839950711939 0.839813800657 4.37787513691 0.339676889376 ;
52.3265151515 4.14671717172 4.00505050505 1.48813131313 0.0449494949495 24.6343434343 3.21111111111 ;
32.8584966816 4.13171785769 1.48402531255 0.00271646859083 0.00385862015743 4.58070689921 0.0889334773885 ;
39.1972434916 28.8309341501 1.23062787136 0.0229709035222 0.0278713629403 3.68667687596 0.0839203675345 ;
43.3784333672 53.6714140387 1.11190233978 0.0223804679552 0.209562563581 3.46185147508 0.0101729399797 ;
42.4032983508 50.4272863568 1.08545727136 0.0194902548726 0.182908545727 3.26461769115 0.0112443778111 ;
55.5855713533 3.86334913112 2.43931016324 0.68233280674 0.540547656661 6.21563981043 0.559373354397 ;
32.3459819766 3.47531094064 1.89264169211 0.0307216801966 0.010463990467 3.57421613167 0.0162731809041 ;
39.2077680234 25.0260707635 1.32721468476 0.0218143123171 0.0159616919393 3.59457302474 0.0611864857675 ;
56.7578915109 3.63898253141 5.68096843396 2.54612319951 0.012258657677 39.8225559301 6.17499233834 ;
73.0629226698 4.28462216995 2.88973831226 1.01117318436 0.935313143193 4.97824169362 0.44163481329 ;
36.0339122111 7.78353616847 2.54423629154 0.178586079584 0.00601668261999 14.1063858881 0.944892656912 ;
40.5080820265 6.18425814234 2.29674306393 0.0700844390832 0.0478890229192 3.87056694813 0.0271411338963 ;
57.4345991561 3.97046413502 6.72573839662 3.10669077758 0.0042194092827 50.3092224231 8.194092827 ;
36.827472117 5.19808954587 2.31341053418 0.0416777843001 0.00512300549656 4.55787395272 0.0724691819201 ;
66.9453689168 4.01240188383 2.65023547881 0.873940345369 0.873940345369 4.34332810047 0.340659340659 ;
41.7283710055 42.0381917381 1.08534684334 0.022992985191 0.1075604053 3.12353858145 0.0175370226033 ;
47.052295366 5.34560415764 2.10264183629 0.21708531832 0.24588566479 3.92669987007 0.103291468168 ;
31.4021005974 3.03170167662 1.84920023126 0.0345924070148 0.0112738485257 4.1980150318 0.0657641164001 ;
52.7517730496 3.66666666667 3.94680851064 1.46529888551 0.0668693009119 22.9181864235 2.96935157042 ;
36.638001758 15.4878406094 1.94579548784 0.0383826545561 0.00512745385292 8.32581306768 0.400380896572 ;
47.4322089947 5.21296296296 2.20552248677 0.273313492063 0.257605820106 4.36665013228 0.171461640212 ;
33.7079828422 4.14784691661 2.00729764359 0.0339535401927 0.00896885967356 3.6345328951 0.0155701632221 ;
35.8556568823 7.87432316899 2.53035052722 0.138216015959 0.00256483328584 13.856369336 0.874465659732 ;
68.6125961186 4.07781032589 2.77975100696 0.93024533138 0.892347125595 4.67154888319 0.387037715123 ;
56.2171290712 3.40802171291 4.56121833534 1.87907117008 0.0334740651387 28.5989143546 4.05699638118 ;
42.5743626062 49.7457507082 1.09348441926 0.0198300283286 0.172804532578 3.26983002833 0.0120396600567 ;
38.6766194332 24.0625 1.3661437247 0.0217611336032 0.0156882591093 3.70470647773 0.066548582996 ;
57.2409766454 4.00530785563 7.52547770701 3.61995753715 0.0031847133758 58.5042462845 9.8991507431 ;
58.7095588235 3.80735294118 7.03676470588 3.32205882353 0.00514705882353 52.9683823529 8.78970588235 ;
40.6039136727 5.71874410118 2.42433775876 0.0878374126974 0.042911973825 4.84955640848 0.11136978544 ;
72.165615142 4.22581493165 2.96135646688 1.02287066246 0.923238696109 5.21976866456 0.476603575184 ;
41.9743707094 44.2768878719 1.08512585812 0.0187643020595 0.122654462243 3.18306636156 0.0201372997712 ;
32.5219078047 3.74065984221 1.92632196649 0.0322422898872 0.00919345373932 4.42058420812 0.0782421594836 ;
37.5005151099 17.9144917582 1.77524038462 0.0279876373626 0.00755494505495 6.86023351648 0.288461538462 ;
51.6896743668 4.08210409129 4.13331477874 1.54828833844 0.033676593376 26.1335930977 3.42415808517 ;
54.754987439 4.03265848973 2.19122210729 0.557115413034 0.566573075218 4.4182059997 0.292300871878 ;
37.2279665899 9.18994815668 2.34194988479 0.063724078341 0.00360023041475 8.70852534562 0.366719470046 ;
69.8706539735 4.11858443709 2.82988410596 0.962955298013 0.90625 4.83340231788 0.414528145695 ;
33.3585308497 3.44872826289 1.99576087629 0.0339129896652 0.00993254533078 3.55220001238 0.0241970418962 ;
42.6248025276 51.0031595577 1.10031595577 0.019747235387 0.1887835703 3.3214849921 0.0118483412322 ;
57.9223378703 3.93354683747 7.14411529223 3.39391513211 0.00240192153723 54.4211369095 9.05844675741 ;
49.5439885691 4.44600938967 2.10951214534 0.340579710145 0.361604409063 3.91090018371 0.169116146152 ;
53.9555921053 3.73108552632 4.23163377193 1.65268640351 0.0427631578947 26.1436403509 3.53782894737 ;
39.4501773621 27.1763947114 1.2002579813 0.0216059335698 0.0190261206063 3.32215414382 0.0554659787165 ;
34.0446583482 4.44187759952 2.08240047534 0.0391681521093 0.00793820558526 4.79653000594 0.102483660131 ;
57.6572302984 3.92578423871 7.06350420811 3.34276970161 0.00306044376435 53.7941851568 8.91201224178 ;
78.4460176991 4.67256637168 3.02772861357 1.09616519174 0.985250737463 5.35221238938 0.490855457227 ;
47.1642917907 4.98989791578 2.15333900468 0.254997873245 0.246703530413 4.40546575925 0.16875797533 ;
42.1602390005 46.536121673 1.06789788159 0.0184682237914 0.142857142857 3.25149375339 0.0200977729495 ;
53.4248608534 3.87251523986 4.18870924993 1.60005300822 0.0485025178903 25.658097005 3.42618605884 ;
38.4580472921 20.0013348589 1.66037376049 0.0289855072464 0.00877192982456 5.70118230359 0.20995423341 ;
62.6914513758 3.75509346776 2.54862423861 0.805503045579 0.825456836799 4.1911363159 0.314639781558 ;
33.3623382554 3.93837722637 1.97043690059 0.0327294869843 0.00946871669965 3.41549703151 0.0113563708327 ;
67.4672416653 4.03085088738 2.66312821363 0.883728644883 0.885387294742 4.31116271355 0.334217946591 ;
57.312275664 4.02297200287 6.9791816224 3.28140703518 0.00358937544867 52.9030868629 8.71428571429 ;
39.1179742389 25.6416861827 1.26053864169 0.0213700234192 0.0169789227166 3.38378220141 0.0538641686183 ;
45.8657085828 5.48646706587 2.21165668663 0.208223552894 0.2049500998 3.98387225549 0.105948103792 ;
42.5241581259 50.1427525622 1.09224011713 0.0190336749634 0.178623718887 3.28843338214 0.0117130307467 ;
35.5777481383 8.22640880293 2.45993108814 0.0929198621763 0.00177837056797 12.2240746916 0.655774146938 ;
55.2465287617 3.35420799093 4.16945310286 1.64749220742 0.0597903088694 24.7866251063 3.39699631624 ;
59.5261029412 3.29669117647 4.63492647059 1.86801470588 0.0599264705882 26.8485294118 3.81176470588 ;
33.7478254196 4.20006139992 2.04541035612 0.0354072861236 0.00813548915268 4.43363692182 0.0711983217356 ;
42.0301234568 45.3012345679 1.08938271605 0.0177777777778 0.12987654321 3.19061728395 0.0167901234568 ;
47.2541666667 4.91015625 2.20894097222 0.267708333333 0.252170138889 4.42569444444 0.174913194444 ;
68.2917123038 4.04107338445 2.68510405257 0.895582329317 0.9142022636 4.13599853961 0.309602044542 ;
40.2348544453 6.87490165224 3.38316286389 0.796223446105 0.0161290322581 23.1825334382 2.40479937057 ;
57.5479186834 3.701839303 7.36689254598 3.54985479187 0.00290416263311 57.123910939 9.66214908035 ;
38.158061117 18.4476642079 1.70565507552 0.0261678960309 0.00860554970144 5.42641376888 0.167193537057 ;
71.3022868032 4.172939495 2.91829442592 1.01262505955 0.89828489757 5.40257265364 0.50285850405 ;
33.8567814518 3.59849995536 2.02532813477 0.0362808416917 0.0132444417989 3.34852227745 0.00967290693175 ;
52.4443109849 3.85782922035 2.29001965495 0.532321467569 0.447150032758 5.45392006988 0.423236514523 ;
39.9962830396 11.5550660793 2.02120044053 0.0278083700441 0.00743392070485 4.58314977974 0.0495594713656 ;
38.6609149278 27.3683788122 1.18980738363 0.0212680577849 0.01886035313 3.45064205457 0.0682182985554 ;
42.7616511318 48.9673768309 1.10186418109 0.0213049267643 0.165778961385 3.2896138482 0.0139813581891 ;
35.9360858409 6.77525075811 2.5122463261 0.15581992069 0.0060648472125 13.0473524609 0.78866340098 ;
56.5158466647 3.73830365228 5.65288258376 2.52429821914 0.011168125566 39.6725022638 6.13250830063 ;
40.3681044853 5.78243684482 2.50025777625 0.102022111474 0.0415306180902 5.64277940081 0.176891791259 ;
56.7761732852 4.11407942238 6.95812274368 3.26353790614 0.00361010830325 53.0180505415 8.70613718412 ;
73.7903120936 4.32867360208 2.89564369311 1.01235370611 0.954486345904 4.71716514954 0.402470741222 ;
41.9955067399 45.4518222666 1.08187718422 0.0184722915627 0.131303045432 3.1927109336 0.0184722915627 ;
54.9582981121 3.53451676529 4.20653705269 1.65004226543 0.0473372781065 25.3975767822 3.45308537616 ;
55.6963533343 3.95249164608 2.20819410141 0.572570100247 0.628214441377 3.90062472759 0.228824640418 ;
38.0325632163 19.1133345461 1.70529379662 0.0334728033473 0.00855011824632 6.46516281608 0.272512279425 ;
32.4534214876 3.7720661157 1.88370247934 0.0296859504132 0.00932231404959 4.29438016529 0.0724958677686 ;
78.7317819963 4.57991426822 2.95774647887 1.08389467238 0.982853643601 5.20575627679 0.470912431108 ;
32.3871307129 3.01759111186 1.79362006565 0.0236091238111 0.0119518559044 2.97352916421 0.00980557192156 ;
47.3599725436 4.74396940577 2.22445577564 0.330162777015 0.230437340655 5.56942537753 0.355559913709 ;
42.1431492843 45.7459100204 1.07208588957 0.0173824130879 0.13445807771 3.17024539877 0.0143149284254 ;
55.7467785436 3.86095295175 5.63320347618 2.49955049446 0.0107881330536 39.7554689841 6.10997902307 ;
62.5258369723 3.76510189229 2.75600436681 0.886098981077 0.75 5.94523289665 0.57441775837 ;
36.3101873476 6.58840624838 2.47028906534 0.0652343141834 0.00233535730967 7.45959831854 0.251595827495 ;
38.3753652506 20.7567992807 1.58799730276 0.0294448190605 0.0101146325017 5.40233760396 0.200494493145 ;
69.2966085081 4.09390315624 2.80356792786 0.948049402078 0.905900803764 4.65614585375 0.38600274456 ;
36.8534272902 9.9000640615 2.22600896861 0.0488148622678 0.00307495195388 8.01960281871 0.312171684817 ;
41.1493383743 38.9732199118 1.12413358538 0.0226843100189 0.0901071203529 3.2006931317 0.0293005671078 ;
57.7960965588 3.82229070365 5.53312788906 2.37647663071 0.0138674884438 37.0590652286 5.52850539291 ;
48.8336964415 4.85890652557 2.05519244735 0.277207179168 0.33312584293 3.54217242453 0.100425355327 ;
51.3275065963 3.82354881266 3.59300791557 1.28298153034 0.0791556728232 20.5171503958 2.54947229551 ;
57.3011456628 3.99018003273 8.01145662848 3.93617021277 0.00163666121113 64.5384615385 11.2242225859 ;
33.2530174918 3.3074614342 1.99615955593 0.0344349060866 0.010198154005 3.49302910992 0.0221713031692 ;
31.9632742965 3.19760855884 1.79937966376 0.0268362851749 0.0119122538883 3.14897060146 0.00764182324912 ;
52.9827778466 4.04894065172 2.34729277661 0.589270226738 0.442324371206 6.33428323628 0.546276793458 ;
56.3387096774 3.78194789082 5.70998759305 2.54900744417 0.0111662531017 40.1730769231 6.22053349876 ;
41.7346938776 42.7146938776 1.09632653061 0.0244897959184 0.111428571429 3.19142857143 0.0220408163265 ;
34.7638095238 6.07738095238 2.38333333333 0.120476190476 0.00214285714286 12.3397619048 0.678571428571 ;
38.2232533707 17.1959376642 1.80283663106 0.0297671160918 0.00700402731571 5.77709683068 0.181054106111 ;
39.4637681159 5.25472308489 2.41162008282 0.0625 0.0315734989648 3.60364906832 0.0168866459627 ;
70.6290180537 4.13628357552 2.90246587406 1.00220167327 0.893879348305 5.37450462351 0.497357992074 ;
32.7178166494 3.2929863875 1.9294290779 0.0301682330513 0.00963242917823 4.03013478712 0.0542827519315 ;
56.6842480399 3.89451176051 6.94939415538 3.26372059872 0.00356379187455 52.7369921597 8.69280114041 ;
53.3252979778 4.1475826972 2.04874782376 0.454667202357 0.527922860587 3.58376858176 0.16807285389 ;
41.0548895899 39.0028391167 1.11514195584 0.0214511041009 0.0902208201893 3.24416403785 0.0331230283912 ;
38.7935574521 8.87807035803 2.28075562032 0.0554225645296 0.0186303080766 5.5617194005 0.137177352206 ;
61.644783715 3.39643765903 4.64987277354 1.88295165394 0.0661577608142 26.4575063613 3.74351145038 ;
44.2100151745 5.60880121396 3.35720789074 0.915326251897 0.0424886191199 20.9374810319 2.2846737481 ;
71.9891451832 4.24179104478 2.86160108548 0.978561736771 0.977204884668 4.31099050204 0.337313432836 ;
41.7398900032 7.45901002912 2.21552895503 0.0841151730831 0.0646392753154 4.12921384665 0.0498220640569 ;
40.9287705172 38.701455559 1.11551563952 0.020439764633 0.0888820068133 3.12232889439 0.0219882316507 ;
57.3568376068 3.9188034188 7.49893162393 3.61752136752 0.00320512820513 58.5865384615 9.92521367521 ;
32.9073914721 4.153585947 1.95786475179 0.0318388178392 0.00893148571259 4.14504020652 0.0478917539539 ;
73.664324497 4.31938677739 2.94123283296 1.02427339508 0.947620568508 4.90641967423 0.428297668477 ;
56.7368339768 3.87938223938 2.34671814672 0.661003861004 0.626872586873 4.89451737452 0.378687258687 ;
38.0782647585 8.62567084079 2.8123881932 0.345483005367 0.0116279069767 17.5026833631 1.47428443649 ;
57.5253609774 3.2602739726 4.81932617549 2.02665679378 0.0303591262495 30.1795631248 4.37282487967 ;
36.9333923155 7.95007583418 2.61109706775 0.159630940344 0.0064459049545 13.246966633 0.813953488372 ;
42.3134582624 47.0834752981 1.0760931289 0.0193072118115 0.148211243612 3.27370812039 0.0193072118115 ;
33.8195517563 4.05474272563 2.01282262042 0.0335086854074 0.00909638884322 3.64200778125 0.0185215628254 ;
69.3013296832 4.09366445053 2.78901055925 0.945639421197 0.88971450919 4.82186155651 0.412006257333 ;
56.1886328725 3.41044546851 4.64946236559 1.92749615975 0.03133640553 29.3450076805 4.18064516129 ;
38.6453364817 21.5539551358 1.45407319953 0.0207792207792 0.0110979929162 3.71971664699 0.0590318772137 ;
57.4484711212 4.04416761042 7.5832389581 3.65458663647 0.00339750849377 59.4122310306 10.0985277463 ;
48.9230990232 4.71403945604 2.16175062249 0.324267381728 0.325991189427 4.15408925493 0.182915150354 ;
35.2837608544 9.74358718435 2.31999201517 0.0661742688891 0.00109791396347 10.8505838906 0.540872342549 ;
66.22406639 4.00948429164 2.63144635448 0.854475400119 0.865145228216 4.24436870184 0.321873147599 ;
40.929512894 37.5315186246 1.11747851003 0.0206303724928 0.0842406876791 3.14441260745 0.0266475644699 ;
59.0076880835 3.61998901702 5.63536518396 2.4288852279 0.0159253157606 37.3305875892 5.63097199341 ;
43.9696235815 6.03964849156 2.19519789648 0.137904788265 0.140741765846 3.74093551066 0.0586769997232 ;
52.0633663366 3.52508250825 3.60792079208 1.34323432343 0.0811881188119 20.5290429043 2.60396039604 ;
56.7701149425 4.12972085386 7.99178981938 3.92610837438 0.00164203612479 64.5402298851 11.2068965517 ;
32.9145033577 3.58096956333 1.94296882831 0.0318398984331 0.00992282249173 3.45431158331 0.0147338879423 ;
33.3886165252 3.52699390171 2.02863804855 0.0351249551596 0.00923711586751 3.85453784527 0.0324644266412 ;
68.5130909091 4.06490909091 2.77927272727 0.930727272727 0.892545454545 4.67745454545 0.387818181818 ;
41.5465201465 41.1761904762 1.10476190476 0.0234432234432 0.102197802198 3.2021978022 0.0263736263736 ;
57.6272806255 3.94526498697 7.25803649001 3.46133796699 0.00260642919201 55.6394439618 9.30929626412 ;
38.0526766595 7.03468950749 2.82184154176 0.297858672377 0.0130620985011 16.3055674518 1.27644539615 ;
37.3745261562 13.1978771797 1.86948987328 0.0265352539803 0.00454890068234 5.34127585833 0.102458572512 ;
47.9830639698 4.63950450015 2.14913384303 0.268557050227 0.2922674925 3.77344430465 0.121261976193 ;
56.5951831079 3.29099307159 4.51270207852 1.84031672715 0.0419003629165 27.5037941274 3.88518640713 ;
44.7454401964 5.22325499825 2.27770957559 0.202472816556 0.14679059979 4.61987022098 0.187302700807 ;
32.9042781352 3.2922451744 1.90194529104 0.0288595402039 0.0111750761937 2.93302479588 0.00669752041239 ;
55.8196067256 3.83129096609 5.5508691935 2.45825021374 0.0131091479054 38.9108007979 5.96295240809 ;
76.0472340426 4.45276595745 3.02808510638 1.08042553191 0.958723404255 5.26595744681 0.483829787234 ;
42.1398128898 45.9656964657 1.079002079 0.0181912681913 0.136694386694 3.22869022869 0.018711018711 ;
59.5679211759 3.71070909385 2.56759812631 0.792440639638 0.670973994508 5.94201259893 0.558068163463 ;
35.3210196587 7.03679700439 2.3952617556 0.0751782242385 0.00122416648664 9.56498883848 0.394037589112 ;
38.4927195867 21.0930014091 1.52418976045 0.0246594645373 0.0108031939878 4.67167684359 0.141850634101 ;
33.6700830694 3.61396641367 2.02536903126 0.0344528775474 0.00971134883165 3.50926313273 0.0127592183111 ;
48.8530077779 4.59200551344 2.16451708182 0.316432017328 0.332184700207 4.04410751206 0.157822191592 ;
35.5601589103 7.17281498297 2.54327468785 0.132377979569 0.00468217934166 13.636492622 0.832434733258 ;
57.3872472784 3.98133748056 7.08242612753 3.35069984448 0.00311041990669 54.0575427683 8.95878693624 ;
37.996248958 14.9141428174 1.78952486802 0.0225062517366 0.00583495415393 4.54584606835 0.0661294804112 ;
55.7486098917 3.33216271583 4.2829967808 1.71027216857 0.0509218612818 25.6795434592 3.56043312848 ;
69.4623267028 4.09965842877 2.75748442837 0.935101466747 0.908780389793 4.49929676512 0.364275668073 ;
41.743629949 42.1462171697 1.09878479028 0.0243041944336 0.107800862407 3.23912191298 0.0270482163857 ;
33.3065326633 3.51006605354 1.93325116147 0.0305300085332 0.0113460383679 3.35902784362 0.0175721374166 ;
42.7589928058 47.6744604317 1.08992805755 0.0197841726619 0.152877697842 3.2793764988 0.0143884892086 ;
71.1674517193 4.15967969854 2.95949128592 1.01483749411 0.913565708902 5.29627885068 0.485869053227 ;
54.0099146241 3.93114844395 4.49931148444 1.80694023685 0.0261635912972 28.9027816029 4.00275406224 ;
52.0543831169 4.21718460111 2.10760667904 0.441326530612 0.4573283859 4.15120593692 0.235273654917 ;
38.0723780449 7.72956814857 2.48769318832 0.0851618647841 0.0104941804999 8.51179800293 0.349360809006 ;
38.3791044776 23.3622795115 1.34626865672 0.0208955223881 0.0135685210312 3.82170963365 0.087381275441 ;
58.0566893424 3.86281179138 7.59637188209 3.67346938776 0.00340136054422 59.3741496599 10.1145124717 ;
46.5787806131 4.70671347834 2.27359136838 0.266740880288 0.222812125364 4.62262373694 0.206799109437 ;
56.3184549356 3.69527896996 5.5556509299 2.46809728183 0.0125894134478 38.7842632332 5.97539341917 ;
66.7808485211 3.96414699731 2.79265013445 0.933074394981 0.817000298775 5.57977293098 0.520017926501 ;
33.2277367009 3.42380422692 2.00369691814 0.0348099195184 0.00978211084211 3.44984623438 0.0116796440489 ;
42.8059836809 52.508612874 1.12148685403 0.0226654578422 0.20398912058 3.36536718042 0.011786038078 ;
37.3398307646 12.9327591417 1.83484436386 0.0222121486854 0.00453309156845 4.37156240556 0.0441220912662 ;
35.6307059448 7.13176751592 2.49177282378 0.140392781316 0.00212314225053 13.5776273885 0.845939490446 ;
40.3858921162 30.5385892116 1.15228215768 0.0207468879668 0.0269709543568 3.30788381743 0.051867219917 ;
32.3518213948 3.43349546838 1.92518458901 0.0331035448088 0.00993806207789 4.17111663226 0.0655072260909 ;
58.9250513347 3.7227926078 7.45379876797 3.60369609856 0.00308008213552 57.7833675565 9.80184804928 ;
69.2797527048 4.09292890263 2.79945904173 0.95285935085 0.878863987635 5.01854714065 0.441267387944 ;
42.4905198777 47.9767584098 1.08073394495 0.0195718654434 0.157798165138 3.22691131498 0.0128440366972 ;
53.7753473249 3.97930830624 4.52911616908 1.81288796926 0.0251256281407 29.1152822938 4.02364765001 ;
50.9992416582 4.20133973711 2.15697674419 0.447168857432 0.414307381193 4.83240647118 0.309908998989 ;
38.7954965735 7.00418796911 2.38735994779 0.0615141955836 0.0133797454585 6.04095507451 0.185304035679 ;
38.1873305398 22.938871087 1.48558047819 0.0268671432093 0.0115849149618 5.11165886123 0.184126201627 ;
33.2236618325 3.84662481833 1.96218188565 0.0318191657132 0.00952410402301 3.49247039179 0.0136677077213 ;
66.8062402496 4.00499219969 2.65522620905 0.872698907956 0.872698907956 4.33556942278 0.336349453978 ;
57.4613601236 4.00695517774 7.07264296754 3.34544049459 0.00309119010819 53.9659969088 8.93817619784 ;
42.5270690728 48.1873055383 1.09023024269 0.0205351586808 0.158680771624 3.28064716864 0.0161792159303 ;
38.7036834925 23.597271487 1.34406548431 0.0210095497954 0.0139154160982 3.52523874488 0.0589358799454 ;
35.5774406655 8.15475899193 2.46843650599 0.101174455591 0.00207976510888 12.6975776853 0.713237093222 ;
45.1465221043 5.5158433229 2.24799572421 0.191341528594 0.178132396732 4.04619378484 0.101473619913 ;
55.3033579966 3.37080250427 4.2453044963 1.68924302789 0.053500284576 25.5344336938 3.52219692658 ;
32.3862146051 3.49731743666 1.86318926975 0.0285767511177 0.0103576751118 3.52004470939 0.0140834575261 ;
70.2687620269 4.1109685696 2.78148385717 0.956596108617 0.910412657687 4.76266837716 0.412016249733 ;
42.176439514 46.1737982039 1.08663497095 0.0190174326466 0.138932910724 3.26730058109 0.0211304807184 ;
56.8519470977 3.71050698016 5.99669360764 2.70242468773 0.00808229243204 42.7685525349 6.73291697281 ;
53.9165385153 3.88745980707 2.6324619041 0.768209143017 0.417307423459 8.76429470152 0.899482734517 ;
38.5154861945 21.1450180072 1.48163265306 0.0208883553421 0.0110444177671 3.95294117647 0.0720288115246 ;
40.8350354518 5.66545241657 2.36043713003 0.0741559877708 0.0575034150784 3.7291354973 0.0223118454433 ;
35.3579771884 7.74275113371 2.49512161605 0.134121203793 0.00192386972654 13.6638724749 0.85103751546 ;
33.2759715006 3.54304470925 1.9950219346 0.0346286674341 0.00942721134999 3.5766777636 0.0218101490308 ;
77.3424518744 4.53698074975 3.06940222898 1.10385005066 0.963525835866 5.55927051672 0.524316109422 ;
41.2263492063 39.073015873 1.10825396825 0.0228571428571 0.0907936507937 3.14412698413 0.0260317460317 ;
54.1941883208 3.57585917854 4.17267393127 1.63593182453 0.0488963397597 25.4003911707 3.44230231908 ;
61.0841405508 3.75821462488 2.43190883191 0.748528015195 0.792592592593 3.98689458689 0.279772079772 ;
45.36738041 5.54760820046 2.20009111617 0.186697038724 0.170569476082 4.08437357631 0.114624145786 ;
57.5658284024 3.95414201183 7.01479289941 3.30769230769 0.00295857988166 53.3106508876 8.81139053254 ;
36.0303497942 10.7328532236 2.21210562414 0.0557270233196 0.00300068587106 9.48491083676 0.442386831276 ;
38.7084262149 15.9308961213 1.71986922277 0.0193193639471 0.00579580918413 4.71243869817 0.101500965968 ;
37.3903592168 5.31651163986 2.54936019323 0.0658821111054 0.0118197235212 6.10293437484 0.152628603731 ;
70.1497933884 4.10165289256 3.06280991736 1.07396694215 0.827685950413 6.77871900826 0.701859504132 ;
44.7250859107 5.91171028284 3.40364789849 0.954004758128 0.0293417922284 21.9085381972 2.4314036479 ;
58.157350869 3.68482855801 6.38562705496 2.90042273368 0.00704556129638 46.2249882574 7.42977923908 ;
41.6264862649 42.7917179172 1.10004100041 0.0246002460025 0.112341123411 3.24149241492 0.0250102501025 ;
31.9488306664 3.17491647617 1.7166344294 0.0212326358361 0.011781255495 3.18559873395 0.0152540882715 ;
52.0179355324 4.09017935532 2.08616580961 0.425686692587 0.477486516995 3.80383795309 0.184121409758 ;
68.6351251841 4.06553755523 2.77209131075 0.928755522828 0.902245949926 4.56590574374 0.371870397644 ;
37.6294469357 16.222122571 1.88266068759 0.0355754857997 0.00568011958146 7.27055306428 0.315994020927 ;
41.7777777778 42.4636983554 1.09626955475 0.0244685118331 0.110308864822 3.18050541516 0.0224628961091 ;
57.6514492754 3.94637681159 7.00144927536 3.29855072464 0.0036231884058 53.0014492754 8.75217391304 ;
32.0757270641 2.97705240481 1.70800355922 0.0205123401864 0.0125977614387 2.81417131082 0.00786774692081 ;
48.2499239891 4.70457079153 2.07763251242 0.280632411067 0.30343569474 3.85456572413 0.137123745819 ;
54.0298547606 3.57369553523 4.13743948359 1.60247444863 0.0551371705218 24.9725658956 3.35960193653 ;
36.1802577346 5.46371367454 2.52726039547 0.0662597172223 0.00328689935827 6.77122137006 0.191057546825 ;
31.4380740741 2.94809876543 1.79214814815 0.0284444444444 0.0112098765432 3.86004938272 0.036 ;
68.873857404 4.04149908592 2.87257769653 0.981170018282 0.849177330896 5.60859232176 0.525045703839 ;
49.9929998871 4.91791803094 2.11098566106 0.364005871062 0.368522072937 4.32606977532 0.21508411426 ;
53.313561848 3.79761549925 4.46348733234 1.79105812221 0.0232488822653 28.7263785395 3.96929955291 ;
36.2546470521 11.3814574068 2.25099783328 0.0700193864751 0.00376325692781 10.7334929867 0.570532557874 ;
41.1807857581 38.5411295273 1.10220994475 0.0214855739718 0.0880908532842 3.06691221608 0.0202578268877 ;
59.0822467402 3.71414242728 7.42126379137 3.58375125376 0.00300902708124 57.3971915747 9.72316950853 ;
37.4852695361 5.36659005433 2.32119724196 0.0469076473046 0.0111262014208 3.67697450898 0.0185959047221 ;
48.3988406881 5.04085639491 2.12247569185 0.283657442034 0.309741959611 3.89659685864 0.127337322364 ;
36.1168597169 8.23037323037 2.53088803089 0.120592020592 0.0030888030888 13.1025740026 0.767567567568 ;
42.5234042553 47.8996960486 1.08875379939 0.0200607902736 0.157446808511 3.28996960486 0.0170212765957 ;
33.8269113994 4.04791609164 2.01796853436 0.0340325696936 0.00916367651118 3.59627380624 0.0158156224124 ;
69.5009089073 4.10523126641 2.77358109473 0.938396283579 0.91698646738 4.43768935569 0.354675823066 ;
55.6597792245 3.30144353241 4.20634022078 1.66459099915 0.0648174356071 24.7976224172 3.41522785168 ;
38.6673490276 22.7932446264 1.39559877175 0.0204708290686 0.0125383828045 3.52635619243 0.0532241555783 ;
57.0329188003 4.0482809071 6.9685442575 3.28237015362 0.00292611558157 53.1945866862 8.76737381127 ;
32.3729274659 3.53387743098 1.87441638175 0.0295209734936 0.0102937392008 3.5974780339 0.0174993566413 ;
40.7209468223 5.7944228275 2.35680933852 0.075486381323 0.0514267185473 3.76783398184 0.0249675745785 ;
72.9169778799 4.26084458489 2.96610169492 1.03361103131 0.933352484918 5.22780810112 0.478598103993 ;
42.2652950731 46.4780725501 1.07958852193 0.0184082295615 0.142393069843 3.25717379534 0.018949648078 ;
56.6997121842 3.67476814839 5.76239206908 2.58586504637 0.0115126319156 40.546850016 6.3086024944 ;
55.5409061064 3.88942875903 2.41497045305 0.678135259357 0.530400525279 6.29717662508 0.569533814839 ;
38.5343275906 21.8989457444 1.44253021342 0.0213422473644 0.0113139624582 3.85960401131 0.0694265878118 ;
36.3215425532 7.64507978723 2.55 0.186037234043 0.0061170212766 14.0089095745 0.936968085106 ;
37.7845096814 20.4245263377 1.62939829273 0.0318550905684 0.00936914428482 6.11305434104 0.256506350198 ;
40.7966176563 6.19694579416 2.45958225532 0.101848930397 0.0436675711491 5.70757872152 0.18855303843 ;
53.0939968404 3.95718799368 2.36903633491 0.618957345972 0.445339652449 6.68199052133 0.606951026856 ;
32.7116213222 3.88135541056 1.93958512865 0.0328388526407 0.00892527391358 4.44509417703 0.0817739751323 ;
55.5136908157 3.8787792356 5.55476326298 2.45208214489 0.0116942384484 39.0231032516 5.96177980605 ;
42.3028391167 46.0856992639 1.07676130389 0.0178759200841 0.138275499474 3.18717139853 0.0136698212408 ;
78.8907828283 4.64267676768 3.10858585859 1.14330808081 0.951388888889 6.05429292929 0.597853535354 ;
65.0811331133 3.80775577558 2.63338833883 0.862761276128 0.850660066007 4.47359735974 0.370737073707 ;
33.6897927943 4.0772511071 2.01823301077 0.0344431687715 0.00874747143404 3.83554753704 0.0247116068012 ;
47.4319888249 4.92247249869 2.1884057971 0.267242884582 0.259298061812 4.22612187882 0.159071066876 ;
56.6006144393 3.28172043011 4.56835637481 1.87496159754 0.0384024577573 28.0860215054 3.9910906298 ;
38.5203847916 20.4867155291 1.51259734311 0.0233623453962 0.0105359596885 3.83417315621 0.0540540540541 ;
68.3546010065 4.05248023005 2.7688713156 0.927749820273 0.896477354421 4.6214953271 0.378324946082 ;
57.3076152305 3.97394789579 7.40581162325 3.56513026052 0.00300601202405 57.6933867735 9.73046092184 ;
36.409701242 8.28096676737 2.61916750587 0.176401477006 0.00587445451494 14.9236320913 1.03071500504 ;
42.1398855954 45.9708788352 1.07592303692 0.0176807072283 0.136765470619 3.21580863235 0.0166406656266 ;
54.6460911561 3.87971626924 2.16631451856 0.550256565047 0.578629640809 4.14533655297 0.259734379716 ;
32.9194639384 3.01390885263 2.01386657648 0.0374566669485 0.0123869113046 2.69366703306 0.00439671937093 ;
58.9408352668 3.74477958237 6.72447795824 3.09570765661 0.00580046403712 49.2894431555 8.04988399072 ;
40.8677758319 37.8347927612 1.12784588441 0.0210157618214 0.084938704028 3.22095738471 0.0312317571512 ;
50.1359279698 4.54952076677 3.90705779843 1.41010746442 0.0380482137671 24.5196049956 3.11065930874 ;
41.4274765004 7.84302241504 2.25336225597 0.0759219088937 0.045697758496 4.33412870571 0.067172812726 ;
71.9122360722 4.20172983974 2.98957008395 1.03663190028 0.902569320784 5.5914525566 0.529381836683 ;
33.6393138274 7.14324966583 2.00705480469 0.0304470518342 0.000816872122382 9.0401009951 0.327639982177 ;
44.7848328647 5.26890034364 2.21977507029 0.181271477663 0.157606997813 4.08169322087 0.120431115276 ;
54.6868225898 3.66286366229 4.41043924701 1.77181973759 0.032230462065 27.6660011409 3.82458642327 ;
38.2816814974 23.2332003682 1.29825099724 0.0208652961031 0.0135010739491 3.54034980055 0.0702669530531 ;
32.957151986 3.50371640938 1.92187132143 0.030303030303 0.010089799213 3.38775098376 0.0145293108667 ;
65.7617841565 3.9950752779 2.6808780076 0.869002392008 0.84311242437 4.63796257211 0.376389475165 ;
42.6012965964 46.3824959481 1.08752025932 0.0189086980011 0.141004862237 3.27390599676 0.0183684494868 ;
57.9169776119 3.91791044776 7.3125 3.51212686567 0.00279850746269 56.6305970149 9.52611940299 ;
35.7986627043 8.47622585438 2.47752600297 0.0792161961367 0.00176448736999 10.5882243685 0.502321693908 ;
33.4052233269 3.9252411337 1.9842706633 0.0328832170945 0.00917050007419 3.5556907553 0.0150170648464 ;
66.8708286764 4.00973974134 2.63148650806 0.861408270797 0.892862845282 4.04183298739 0.294587258502 ;
42.5916886544 48.8878627968 1.0765171504 0.0197889182058 0.165567282322 3.26715039578 0.0138522427441 ;
57.7240319607 3.85003073141 6.76090964966 3.13644744929 0.00430239704978 50.5365703749 8.26244622004 ;
45.3631711478 5.77873446511 2.1734221428 0.176346356917 0.181707416132 3.95686784177 0.0852083502559 ;
38.6130851664 24.4328821207 1.3361534123 0.0225606316977 0.0152284263959 3.58798646362 0.066271855612 ;
55.1701828411 3.30014064698 4.05625879044 1.58340365682 0.0801687763713 23.0438818565 3.1099859353 ;
35.4841175695 8.25780941083 2.49822064057 0.107420587848 0.00197706603401 13.129431923 0.762752075919 ;
35.0928336781 9.13213286288 2.3650079085 0.0886969217666 0.0024333860567 12.3361722837 0.694123372673 ;
55.0960241137 3.98119707191 2.23051528635 0.581311898952 0.584182574996 4.46648485718 0.305296397302 ;
58.0973782772 3.85018726592 7.73782771536 3.74531835206 0.00249687890137 60.7315855181 10.4007490637 ;
41.0038011696 37.8365497076 1.11608187135 0.0210526315789 0.0847953216374 3.14415204678 0.0254385964912 ;
40.8994968307 7.29745801477 2.23171927073 0.0739070770437 0.0458733581651 3.92321766974 0.0422139449781 ;
55.0848567531 3.56671214188 4.55470668486 1.8687585266 0.0300136425648 28.992633015 4.08622100955 ;
32.6653557256 3.36656746032 1.93615362812 0.0326318027211 0.0102395124717 3.51225907029 0.016191893424 ;
72.7946301057 4.24878606113 2.95858326193 1.02227934876 0.933161953728 5.12310768352 0.460725506998 ;
47.5576186266 4.72443265547 2.12506140092 0.257883878574 0.276844483741 3.79104037725 0.123293054328 ;
53.9106052193 3.65713492504 4.08828428651 1.58273181566 0.0566352026652 24.5888395336 3.29289283731 ;
41.928317008 43.9042742654 1.09483526269 0.0262689225289 0.119768477293 3.19902048085 0.0204808548531 ;
32.9766772348 3.34914908349 1.86141175613 0.0252541816989 0.0110418716519 2.97977478955 0.00761634051237 ;
68.1628315475 4.04689970139 2.71684524855 0.909713683471 0.890743017741 4.49587212366 0.362374846302 ;
38.1383624655 18.2 1.68794848206 0.0242870285189 0.00791168353266 5.42796688132 0.177184912603 ;
36.0305517881 6.44000285531 2.57049039903 0.0809479620244 0.0025697765722 9.03626240274 0.344350060675 ;
57.6448160535 3.99130434783 6.88695652174 3.21605351171 0.00401337792642 51.8214046823 8.50903010033 ;
39.91919499 7.71885450234 2.22070894388 0.0573964856813 0.0318599136621 3.83565391865 0.0220100930261 ;
55.8616957306 3.4624173181 4.63680096212 1.91521346963 0.0306674684305 29.2684906795 4.16145520144 ;
40.9220549159 37.9926188367 1.11721287275 0.0212577502214 0.0853262474166 3.15618541482 0.0262769412459 ;
53.9232406545 4.08154849009 2.18677663962 0.53744845018 0.526406811228 4.63190102434 0.311294399361 ;
35.6402790822 8.31973701865 2.50181135113 0.133503287267 0.00536696632229 13.5723869583 0.843418757547 ;
72.0131095962 4.22312532774 2.94572627163 1.01127425275 0.93051914001 5.04011536445 0.446775039329 ;
57.6933638444 3.95080091533 7.5995423341 3.6704805492 0.00343249427918 59.5446224256 10.1350114416 ;
32.4984605234 3.31793856755 1.91155340518 0.0309728025805 0.0104831024118 3.55212227843 0.0169342423576 ;
34.6587926509 3.42060367454 9.38090551181 0.576771653543 0.115485564304 3.56594488189 0.0331364829396 ;
39.7276063135 6.838091887 1.82597768171 0.0253342716397 0.0289534533025 4.08495023625 0.0605710264401 ;
57.0367504836 4.01982591876 6.40280464217 2.89893617021 0.00628626692456 47.0585106383 7.53191489362 ;
74.6842480399 4.36707056308 3.0652173913 1.07982893799 0.951532430506 5.44654312188 0.507840342124 ;
40.7581753229 36.93569662 1.15416323166 0.0225336630943 0.080791426216 3.42731519648 0.0483649354218 ;
32.2463095281 4.41064887019 1.46360306119 0.00475136919227 0.00232127960538 5.42954553698 0.143665445577 ;
56.066778196 4.14680050188 2.11612993169 0.534643803151 0.629164924021 3.52070263488 0.171058134672 ;
51.416816201 4.39041271469 3.67828761856 1.28069725711 0.0687003332479 21.3047936427 2.63291463727 ;
41.0270711024 5.78382257012 2.37821265492 0.085518590998 0.0525114155251 4.60971950424 0.091128506197 ;
72.4517259978 4.23489751888 3.06877022654 1.06661272923 0.901024811219 5.87055016181 0.572006472492 ;
37.7449490269 18.8665430955 1.69008341057 0.0259499536608 0.00889712696942 5.92567191844 0.21686746988 ;
32.6407350109 3.82584535724 1.94708426736 0.0322040854987 0.00899820035993 4.46639093234 0.0783001294478 ;
48.5235142119 4.67906976744 3.71963824289 1.24987080103 0.0359173126615 23.4310077519 2.85478036176 ;
58.7588136542 3.73866815893 6.69557918299 3.06603245663 0.00783435926133 48.7811975378 7.94627867935 ;
42.0393777346 45.0909090909 1.08313077297 0.0179873602333 0.127856101118 3.20855614973 0.0184735051045 ;
55.6210191083 3.98821656051 2.17022292994 0.565605095541 0.613853503185 3.97308917197 0.236942675159 ;
35.1848722176 7.54884583677 2.40416323166 0.0817188788129 0.00144270403957 11.6368507832 0.579348722176 ;
54.8970873786 3.5253814147 4.20748959778 1.66768377254 0.0513176144244 25.5262135922 3.49625520111 ;
66.1828782288 3.98804428044 2.6252398524 0.85741697417 0.859335793358 4.32442804428 0.332693726937 ;
38.4399898503 22.0743466125 1.43466125349 0.0220756153261 0.0114184217204 3.85942654149 0.0796752093377 ;
33.0308912897 3.63349088454 1.94554355165 0.0315665091155 0.0102295746117 3.25496286293 0.009081701553 ;
57.4837962963 3.99691358025 7.06944444444 3.34413580247 0.00308641975309 53.9421296296 8.93441358025 ;
44.557426113 5.470781893 2.25798728021 0.174111485223 0.158249158249 4.01556303779 0.0950991395436 ;
42.3745819398 46.8333333333 1.07971014493 0.0189520624303 0.146042363434 3.2474916388 0.0161649944259 ;
65.375089786 4.01695158742 2.46760522913 0.782646171527 0.870995546617 3.57348082172 0.227840827467 ;
41.5404556585 7.40194825934 2.19982966039 0.0866070478016 0.0798466943469 4.11833280102 0.0468433940168 ;
55.6929982047 4.02154398564 7.1947935368 3.41831238779 0.00269299820467 55.907540395 9.33752244165 ;
59.8255813953 3.34936575053 5.10993657505 2.18234672304 0.0280126849894 31.8181818182 4.6511627907 ;
32.6707694311 3.69994464524 1.92250333757 0.0310312265963 0.00954055550129 3.9319462082 0.0385855231025 ;
35.5128848347 10.4472063854 2.64401368301 0.147776510832 0.00114025085519 15.9174458381 1.11881413911 ;
41.160593357 39.2821670429 1.09416317317 0.0206385037085 0.0919058368268 3.0316027088 0.0148339245405 ;
52.7685714286 3.43841269841 3.37365079365 1.16 0.173968253968 16.0612698413 1.94825396825 ;
38.2877101587 21.4816481175 1.54179493251 0.0281790196543 0.010655931802 5.02888941511 0.17191569974 ;
37.9325189374 6.83505814574 2.47082044169 0.0713218820015 0.00949535900992 7.2738184146 0.259682065507 ;
70.6928149159 4.15461573442 2.85152341974 0.974533879036 0.93542519327 4.63619827194 0.386766712142 ;
54.0310315907 3.61056751468 3.99440872239 1.53312831982 0.0642996924797 23.4635169136 3.10986860498 ;
42.2685531233 46.294714362 1.07100907635 0.0181526962093 0.140416444207 3.21569674319 0.0160170848905 ;
51.1395094706 4.35587663915 2.03788246722 0.375060709082 0.439898008742 3.56143759106 0.137081107334 ;
57.1740674956 4.00828892836 6.68975725281 3.08229721729 0.00414446417999 50.0740082889 8.14328004737 ;
32.5226259229 3.3090138168 1.86764383361 0.0283646465385 0.0106001900724 3.41501571752 0.0222969515315 ;
36.4133424098 7.73696392103 2.6133424098 0.209802586794 0.0068073519401 14.3908781484 1.00095302927 ;
69.577708617 4.07002528691 2.94067302081 1.02314724762 0.841859560397 6.14860922 0.608052907995 ;
42.4665641814 50.7094542659 1.10069177556 0.0199846272098 0.186010760953 3.29054573405 0.0115295926211 ;
56.745286253 3.66678093932 5.8556736373 2.63729859445 0.00857044909153 41.6160438807 6.51765512513 ;
40.0467506865 7.10075336197 2.19876082518 0.0458353868901 0.0273181722171 3.84277969443 0.0157713159192 ;
32.5871274907 3.43283371539 1.95669194146 0.0338211955563 0.0101922059601 3.62574501852 0.0185505201904 ;
39.2104147744 26.4026642446 1.24947017863 0.0217983651226 0.0169542839843 3.47381168635 0.0584317287315 ;
52.4736562707 3.99442601194 2.2797611148 0.54797611148 0.447511612475 5.76270736563 0.463702720637 ;
32.699656271 3.14545606975 1.87449698189 0.0278755868545 0.0122401073105 2.71759725017 0.00469483568075 ;
43.462452815 5.4068749498 2.3504136214 0.158782427114 0.108906915107 4.44502449602 0.139426552084 ;
55.5216706068 3.84817441555 5.41239821382 2.36958234831 0.0144470711847 37.6435513528 5.72419227738 ;
41.9827755906 45.2652559055 1.09153543307 0.0187007874016 0.129429133858 3.22687007874 0.0206692913386 ;
74.6480228001 4.37406483791 2.94335589597 1.04346277164 0.948699679373 5.10687566797 0.46099038119 ;
58.0275027503 3.74917491749 2.48703441773 0.741631305988 0.638849599246 5.76080465189 0.513279899419 ;
38.3713325868 20.2786114222 1.55610302352 0.0250839865622 0.0103023516237 4.84434490482 0.149384098544 ;
34.6124031008 6.58223339619 2.30470004889 0.0607584328515 0.000698372791396 9.26084223759 0.35149102591 ;
32.9116647029 3.71331425686 1.95714526174 0.0329910789429 0.010166638613 3.33637434775 0.010031981148 ;
56.0538116592 4.2869955157 7.21704035874 3.42242152466 0.00269058295964 56.069058296 9.31748878924 ;
65.0781981019 3.97299826226 2.60553401952 0.838256917524 0.823285656998 4.53709397139 0.35931025264 ;
43.7116542933 5.90986132512 2.23917915674 0.149530746603 0.127889060092 4.05077741981 0.0909090909091 ;
38.6635237069 24.6298491379 1.34105603448 0.0234375 0.0161637931034 3.75619612069 0.081088362069 ;
56.2042978208 3.39830508475 4.49969733656 1.83202179177 0.0378329297821 27.6156174334 3.88347457627 ;
35.5044628099 7.40374655647 2.39955922865 0.105785123967 0.00330578512397 12.3349862259 0.674049586777 ;
42.7244755245 49.5713286713 1.1006993007 0.0202797202797 0.171328671329 3.31538461538 0.013986013986 ;
38.7079357824 7.44209564075 2.27663829058 0.0466777123922 0.0179969148146 3.88916185797 0.0144546649146 ;
73.4726815241 4.2900790798 3.56182602444 1.31524083393 0.717828900072 10.4899352983 1.25269590223 ;
56.5087576375 3.70957230143 6.11568228106 2.76741344196 0.0061099796334 44.266395112 7.02321792261 ;
40.7364864865 36.6586486486 1.14486486486 0.022972972973 0.0797297297297 3.2472972973 0.032972972973 ;
32.2144007732 3.1271746134 1.84862274485 0.0281088917526 0.0109536082474 3.47913981959 0.0149403994845 ;
35.6500636762 7.81349936324 2.5650205179 0.181406537427 0.00169803311165 14.4738927409 0.987547757181 ;
50.0344920145 4.59562474836 2.42048047242 0.534290699235 0.286270299289 7.54650382499 0.656153536438 ;
62.080974478 3.68097447796 2.26635730858 0.699535962877 0.861020881671 2.88051044084 0.139443155452 ;
36.4644277508 7.93342171159 2.58108705259 0.197083517455 0.00589188392989 14.6127559287 1.01841213728 ;
42.8118824586 5.8523675093 2.30424740151 0.130309251893 0.104131913255 4.13242653664 0.0751315282946 ;
42.6754863813 50.8272373541 1.09961089494 0.0194552529183 0.187548638132 3.32529182879 0.011673151751 ;
56.9118171021 3.41538004751 4.966152019 2.11490498812 0.0261282660333 32.2250593824 4.72832541568 ;
32.7775924109 3.79064442264 1.92028132156 0.0304219823356 0.00961727183513 3.68344782466 0.0199542034675 ;
64.3621225301 3.98185659252 2.63464645209 0.838200571642 0.79520318131 4.82341245185 0.396172486641 ;
57.8410462777 3.92756539235 8.33601609658 4.13883299799 0.00201207243461 67.3319919517 11.8651911469 ;
38.8082364831 24.7983830217 1.31859525013 0.0207175341081 0.0161697827185 3.52880242547 0.056088933805 ;
40.0407953377 6.36618672152 2.48457319164 0.0963889841161 0.0332533424751 6.16403839561 0.208204776597 ;
57.974 3.888 7.413 3.577 0.003 57.61 9.735 ;
72.3933803581 4.25990233315 2.98969072165 1.03391209984 0.934617471514 5.19343461747 0.469886055345 ;
42.260326087 46.5260869565 1.07173913043 0.0184782608696 0.142934782609 3.2152173913 0.0163043478261 ;
54.4580618328 3.98516567309 2.15998890891 0.534728961597 0.557604325523 4.25107444891 0.273949812838 ;
37.9436710216 20.8849860784 1.58363675305 0.0252730777468 0.0096380381238 5.62561576355 0.213107731848 ;
53.8075970273 3.89870630333 4.40930360584 1.74649050372 0.028351224883 28.1178089733 3.84668318194 ;
32.5557482737 3.69398173905 1.89675033544 0.0295186045751 0.00939228327388 4.11152927316 0.0607062211605 ;
34.0728971963 6.33582554517 2.23894080997 0.0751817237799 0.00103842159917 11.4317757009 0.552440290758 ;
40.8701769346 6.56441412634 2.48937682086 0.0915938321609 0.041924252114 4.39671711789 0.063383784552 ;
55.661594016 3.80061903534 5.37786948672 2.35130255352 0.0157338148053 37.2568996647 5.66958988909 ;
42.7407651715 48.8581794195 1.08575197889 0.0197889182058 0.164907651715 3.2691292876 0.0131926121372 ;
71.2281576448 4.18138651472 3.00902184236 1.03062678063 0.917853751187 5.42948717949 0.504036087369 ;
38.5968547179 23.656015976 1.44258612082 0.0259610584124 0.0137294058912 4.56839740389 0.140289565652 ;
32.6833130806 3.41930931755 1.86578338756 0.0277527341147 0.0112892477755 2.93794833601 0.00529183489475 ;
53.7902405498 3.86391752577 2.15821305842 0.552439862543 0.498969072165 5.19381443299 0.399862542955 ;
56.1909043524 3.91034662497 2.43914516549 0.681131091999 0.566588480584 5.84558248632 0.508991399531 ;
32.2020056778 3.55111897651 1.84843122074 0.027762415662 0.00995465103418 4.02805736829 0.0393761752019 ;
38.1322226908 19.533951919 1.54787009701 0.0215099114298 0.0101223112611 4.18810628427 0.0714888232813 ;
57.4409746054 3.59231297186 5.88778311599 2.65030885381 0.00995195607412 41.4272477694 6.4986273164 ;
42.0192402565 45.2900838678 1.08880118402 0.0177602368032 0.129748396645 3.1983226443 0.0167735569808 ;
40.2226037535 5.4866496951 2.40755431887 0.0762536261915 0.0472440944882 3.85323545083 0.0274702504292 ;
38.4094079771 7.5959577893 2.76676802003 0.351815417635 0.0116258272223 16.599356108 1.38043283849 ;
73.7644996813 4.31708094328 2.91586998088 1.03091140854 0.933397068196 5.16347992352 0.470363288719 ;
33.0343896104 3.4196017316 1.39310822511 0.00128138528139 0.00422510822511 3.70285714286 0.0313073593074 ;
53.8815036775 3.6360664669 4.09942794879 1.5845818578 0.0555706891855 24.734132389 3.31135930264 ;
41.2730220493 39.39461738 1.11381322957 0.0230220492866 0.0924124513619 3.16374837873 0.0262645914397 ;
57.5414364641 4.00828729282 6.92541436464 3.24723756906 0.00345303867403 52.3100828729 8.6070441989 ;
36.7572156197 10.7098988706 1.94397283531 0.0238429172511 0.00236214660072 8.34885952609 0.352919465564 ;
68.6043613707 4.05973978376 2.78559648158 0.932013927066 0.905076049111 4.58438702584 0.375297782664 ;
47.9809200969 4.86208232446 1.9201937046 0.250266343826 0.276707021792 3.89472154964 0.136658595642 ;
36.1827782291 3.54427294882 8.3243975088 0.463308962903 0.0828594638505 3.71405361495 0.0265366910371 ;
38.6623272487 5.39474553087 2.45752558842 0.0794302155559 0.0269326918542 5.35786047828 0.13890854205 ;
53.6139635968 3.8470524314 4.60825862537 1.87992393371 0.0190165715838 30.4229828851 4.26813365933 ;
53.9645289809 4.1908495052 2.16823030459 0.522297905154 0.523583087007 4.51522940496 0.292507389796 ;
58.7039274924 3.78549848943 7.98187311178 3.89879154079 0.00151057401813 63.3187311178 11.0 ;
37.2500374532 16.2325093633 1.86861423221 0.0323595505618 0.00614232209738 7.6334082397 0.347865168539 ;
41.9695987029 42.5772192947 1.09647344953 0.0239156870693 0.110255370896 3.17308471828 0.0198621807864 ;
71.9635990772 4.19559087413 3.08382466034 1.07126377852 0.886439374519 6.07587798001 0.59753909254 ;
31.8100876454 3.22391707399 1.78720714647 0.0264621607956 0.0110820832631 3.79896342491 0.0432327658857 ;
32.6613481071 3.13314866113 1.94072022161 0.0328716528163 0.0105263157895 3.45861495845 0.0185780240074 ;
72.2377267876 4.21905016009 2.92796157951 1.01147278549 0.927161152615 5.03975453575 0.449039487727 ;
53.3247017748 3.82048297934 4.20133837649 1.64154786151 0.0346232179226 26.4463194646 3.55804480652 ;
42.0884705882 5.95090196078 2.33654901961 0.0990588235294 0.063137254902 4.05231372549 0.0701960784314 ;
41.3250236668 38.9801199116 1.11864941622 0.0227201009782 0.0902492899968 3.20511202272 0.0287156831808 ;
55.1915969041 4.05370399621 2.23977254778 0.5860053704 0.59105986416 4.4871268362 0.305638919602 ;
58.4855403349 3.85844748858 7.11948249619 3.36377473364 0.00456621004566 53.5502283105 8.900304414 ;
35.1448354513 10.2644998371 2.11893124796 0.0442326490714 0.00260671228413 9.06199087651 0.400048875855 ;
32.9716641068 3.92455254992 1.94060119738 0.0311255994734 0.0094348493872 3.67796132025 0.0196846691534 ;
70.9922662292 4.14576986173 2.75814389501 0.950082024842 0.928521209281 4.47176001875 0.37145535505 ;
39.4081325301 28.4048192771 1.17078313253 0.0183734939759 0.0268072289157 3.11054216867 0.0349397590361 ;
56.5023681718 3.68203347016 5.74739501105 2.5724660562 0.0116829807389 40.3991158825 6.27976002526 ;
55.135857461 3.83630289532 2.61310849507 0.773623926185 0.482023544384 8.03197581928 0.807031498568 ;
42.4510988596 6.27550789215 2.26493467261 0.0918359640511 0.0836794804018 3.81942451476 0.0367041764217 ;
43.0853413655 53.578313253 1.13052208835 0.0251004016064 0.20983935743 3.4578313253 0.0120481927711 ;
35.7563583815 8.74046242775 2.53338150289 0.140462427746 0.00202312138728 13.8833815029 0.889306358382 ;
39.3766783597 5.9859078263 2.36319100036 0.0562477319463 0.0266723116003 3.73599854845 0.0143340994315 ;
70.4554284481 4.12108784805 2.92272825383 1.00906540039 0.882797323548 5.57306281027 0.525793222534 ;
42.4892703863 48.0104230533 1.08338442673 0.0196198651134 0.158185162477 3.24954015941 0.0134886572655 ;
38.7584631918 23.3772165502 1.36378291241 0.0209564750134 0.0123589468028 3.65153143471 0.0631380977969 ;
56.7699711261 3.66025024062 5.76836701957 2.58934873276 0.0115495668912 40.5646454925 6.316008983 ;
36.3152607679 7.84381450392 2.55291041695 0.183431952663 0.00385303426448 14.1988440897 0.958992706757 ;
32.0839130262 3.37198394085 1.83841475534 0.0282227610605 0.0107325992765 3.63668163931 0.0199546845808 ;
52.8175146162 4.14218186342 2.31421818634 0.560019902973 0.445453414604 5.93058838164 0.479412862296 ;
33.5993391879 3.82789902327 2.01391183375 0.0339100947744 0.00918760687476 3.63901689708 0.0167231834913 ;
55.7751196172 3.34838516746 4.38516746411 1.77063397129 0.0406698564593 26.8068181818 3.745215311 ;
68.5203207582 4.06342263532 2.7798432659 0.930016402406 0.899034080554 4.61818844542 0.379624567159 ;
38.260235558 17.5144886895 1.65227145261 0.0213123948402 0.00803888577304 4.09123200598 0.0534679379323 ;
47.6287186907 4.71046206709 2.18401302107 0.275522199114 0.274165837779 4.11737046749 0.153359254906 ;
35.8592979402 7.79721496954 2.53669857847 0.130403249202 0.00232085871773 13.7940237888 0.858427618219 ;
41.863794604 43.6048738033 1.09921671018 0.026544821584 0.117493472585 3.28285465622 0.0269799825936 ;
57.5171526587 3.95711835334 7.2332761578 3.44425385935 0.00257289879931 55.4648370497 9.2590051458 ;
37.3099490827 7.67178533904 2.54683585226 0.103774347369 0.00541501656833 10.2216115736 0.484603572295 ;
70.0294923109 4.10996418791 2.81588371603 0.96018538024 0.901411417738 4.82431009058 0.413945649884 ;
42.1088251218 46.5013535463 1.06984298863 0.0184082295615 0.142393069843 3.26637791012 0.022198159177 ;
33.5701398286 3.71387761239 1.96211096076 0.0314839873703 0.0107352277853 3.3385054879 0.0139527890543 ;
55.3305305886 3.65729196869 4.58451725138 1.87445636416 0.0316033632937 29.0707451435 4.08785155117 ;
50.2443763861 4.45052275848 2.14647798078 0.379554335199 0.383039391699 4.19864822051 0.215967895237 ;
57.7062780269 3.93609865471 7.56838565022 3.65582959641 0.00336322869955 59.2544843049 10.0762331839 ;
38.6760078663 21.5889872173 1.4378072763 0.0216322517207 0.0110619469027 3.92428711898 0.0845624385447 ;
39.0532125672 26.5403339938 1.23521086895 0.0192470987829 0.0206623266346 3.32804981602 0.0467025191056 ;
33.7468915836 4.45373907247 2.01743276848 0.0336349885918 0.00838311072372 4.09359858487 0.0409926423462 ;
60.092578125 3.35703125 4.1125 1.582421875 0.119140625 21.151171875 2.839453125 ;
56.6200807265 3.76034308779 6.46821392533 2.95509586276 0.00605449041372 47.5776992936 7.67356205853 ;
47.0578919112 5.33580887616 2.14969577666 0.228972798855 0.252326413744 3.8137079456 0.0952934860415 ;
43.0330508475 51.736440678 1.12118644068 0.021186440678 0.193220338983 3.38983050847 0.0127118644068 ;
68.3948896632 4.05729771583 2.59930313589 0.866240805265 0.951219512195 3.49922570654 0.221447928765 ;
38.7916666667 8.13937409025 2.84934497817 0.360989810771 0.0129184861718 16.5005458515 1.36026200873 ;
33.4428370872 3.7196178966 1.98095586889 0.0332661905634 0.00958310443753 3.39986571446 0.0139473844839 ;
68.6232284189 4.06534143199 2.77397386343 0.928584575741 0.901343640714 4.575740843 0.372722252899 ;
36.2845024172 8.54401167564 2.44631943811 0.0825503967892 0.00228039770136 10.7472407188 0.521390130439 ;
38.8630764824 24.4906903466 1.27184187912 0.0197651102836 0.0151818963048 3.41162990547 0.056430822114 ;
55.0456608054 3.51985252411 4.31366988088 1.71752694271 0.0431083380601 26.3576290414 3.63244469654 ;
57.4678747941 3.97775947282 7.16062602965 3.40197693575 0.00247116968699 54.8896210873 9.13179571664 ;
42.5793963255 48.8261154856 1.08530183727 0.0196850393701 0.16469816273 3.27362204724 0.0137795275591 ;
47.6436555486 4.93043011714 2.15031744612 0.268800858446 0.273182509166 3.99847983546 0.145935795404 ;
37.4059986595 17.7377680965 1.79038203753 0.0293230563003 0.00720509383378 7.01441018767 0.307305630027 ;
42.1024058357 5.64669986673 2.38107596268 0.123448130743 0.073016763695 5.04930911131 0.151925369994 ;
32.9090504187 3.88597897737 1.97980877724 0.0346517014074 0.00872973454481 4.49652592197 0.0831106360235 ;
57.9033232628 3.92145015106 7.42396777442 3.58106747231 0.00302114803625 57.7190332326 9.75327291037 ;
56.7878546382 3.91106152375 2.31479120179 0.643608543194 0.643767931144 4.52773350335 0.32961428116 ;
54.0214664065 3.80819626429 4.44800669083 1.76526345135 0.0292723724561 28.2436576526 3.87900752718 ;
41.9945280438 44.2248062016 1.1016871865 0.0264477884177 0.122663018696 3.1910624715 0.0205198358413 ;
73.7031746032 4.31873015873 2.94222222222 1.03015873016 0.938412698413 5.06507936508 0.454285714286 ;
57.4816835542 3.96648480125 7.08807482463 3.3546375682 0.00311769290725 54.0841777085 8.96570537802 ;
38.4503806417 9.1155519304 2.12132952692 0.0366367591082 0.00870038064165 3.98423056009 0.0161092985318 ;
69.4683112716 4.10108303249 2.7492980345 0.933814681107 0.903931006819 4.53770557561 0.370236662655 ;
55.5773165741 3.29874305759 4.27155802397 1.70827243496 0.0508623209588 25.6977491961 3.56299327682 ;
41.1798889977 39.5021221025 1.11198171727 0.0222004570682 0.0930460333007 3.17205354228 0.0254652301665 ;
35.5856466877 8.35 2.56025236593 0.134542586751 0.00315457413249 14.3348580442 0.935173501577 ;
32.6653037595 3.12646090386 1.96378043927 0.0329268733944 0.010456996056 3.63718927525 0.0202265079423 ;
50.0317625318 4.46373296373 2.11446061446 0.364633864634 0.386116886117 4.1124971125 0.184915684916 ;
53.6131920609 3.95120131324 2.47679450828 0.671541560961 0.454857483958 7.18042083271 0.667512311595 ;
40.863875016 7.69150979639 2.20943782815 0.063516455372 0.0490459725957 3.7666794724 0.0229862978614 ;
40.9810323383 38.7733208955 1.10883084577 0.021144278607 0.0892412935323 3.11815920398 0.0239427860697 ;
58.1720733427 3.86741889986 7.85472496474 3.83215796897 0.00141043723554 62.4386459803 10.778561354 ;
32.6929042792 3.56762364787 1.91485815362 0.0305462956664 0.00993264847949 3.62436220151 0.0193890740867 ;
70.1071199487 4.0912978405 2.7466324567 0.93713919179 0.917254650417 4.47722899294 0.369039982895 ;
35.6476923077 8.76265734266 2.5365034965 0.143776223776 0.00223776223776 13.8837762238 0.886853146853 ;
56.7206385405 3.49980995819 5.06575446598 2.18358038769 0.0190041809198 33.1698973774 4.84758646902 ;
32.8321873378 3.37331344058 1.96672288531 0.0331473793461 0.00969771665802 3.97003113648 0.0510508562532 ;
66.2867355044 3.67434471803 4.67513899921 1.78554408261 0.17791898332 21.7434471803 2.96981731533 ;
53.32763646 4.14016958135 2.07525172231 0.455484896661 0.544515103339 3.44157392687 0.147588765236 ;
48.5835820896 4.28059701493 3.64626865672 1.27313432836 0.0498507462687 22.5907462687 2.79104477612 ;
40.9078987496 38.5074717902 1.13418725221 0.0231777981092 0.0875266849649 3.29978652028 0.0393412625801 ;
38.8392781316 8.96417197452 2.25881104034 0.0541932059448 0.0172505307856 6.25302547771 0.194639065817 ;
57.3331314355 3.84373107208 6.74682010902 3.11568746214 0.00484554815263 50.287098728 8.21017565112 ;
72.459742592 4.24962586052 2.70128703981 0.932954205328 0.996707572583 3.64651302005 0.243639628854 ;
32.1682875627 2.91564200334 1.83616811619 0.0277623066707 0.0114390985819 3.3392313954 0.0117390000428 ;
69.4733668342 4.07236180905 2.74653266332 0.934673366834 0.904924623116 4.54492462312 0.372462311558 ;
41.0003087373 38.6606977462 1.11577647422 0.0206853967274 0.0882988576721 3.18122877431 0.0271688792837 ;
56.3215898826 4.21499548329 7.24209575429 3.44083107498 0.00271002710027 56.1996386631 9.3613369467 ;
38.1305472522 7.78684755116 2.28017935158 0.0465624281444 0.0115543803173 3.80443780179 0.0127615543803 ;
56.197758934 3.37492428831 4.47274379164 1.82344033919 0.0354330708661 27.6150817686 3.88461538462 ;
35.1641337386 7.86258865248 2.41717325228 0.10663627153 0.00164640324215 13.1855369807 0.774062816616 ;
50.3691768431 4.86521935776 2.16734509272 0.393939393939 0.380031659882 4.60425146992 0.249095431931 ;
44.7484845659 5.70055021916 2.23873915882 0.175137554789 0.13251888464 4.48298050919 0.153035531101 ;
33.0048824269 3.12349667923 1.98560402082 0.0351462933046 0.0106264584455 3.2549632023 0.013211272662 ;
58.1070038911 3.87548638132 7.37159533074 3.55155642023 0.00291828793774 57.1974708171 9.65272373541 ;
74.1014735432 4.35130609511 2.99564634963 1.05157401206 0.951774949766 5.1992632284 0.469859343603 ;
41.029933159 37.7535600116 1.12031386225 0.0209241499564 0.0845684394071 3.21505376344 0.0316768381285 ;
35.5491264942 9.29022724287 2.16044923158 0.0453172205438 0.00190463680546 8.46597924603 0.338171548667 ;
54.2221913237 3.85038932147 4.41852057842 1.7575083426 0.0308676307008 27.8915461624 3.83370411568 ;
58.3403241182 3.73670162059 2.35748331745 0.686558627264 0.716301239276 4.18360343184 0.297998093422 ;
32.3750877467 2.99688011856 1.91369627954 0.0303018485298 0.0108025895016 3.66289680992 0.0222681538102 ;
56.8108941418 3.65433367592 5.87153134635 2.64337101747 0.0085645769099 41.6145940391 6.51832819459 ;
75.5785456006 4.41462434713 2.93009240659 1.04539975894 0.962233828847 4.89795098433 0.428686219365 ;
46.9700996678 5.18604651163 2.1077361177 0.227218794495 0.228523967727 4.22140484101 0.144399620313 ;
36.6523099851 8.05856929955 2.66453055142 0.227272727273 0.00685543964232 15.0497764531 1.09910581222 ;
41.1216174184 38.7645412131 1.1234836703 0.0220839813375 0.0889580093313 3.15054432348 0.0236391912908 ;
59.9020591798 3.67866412874 2.77470150545 0.894272365461 0.642844782834 7.36078906385 0.762588683163 ;
37.4938999866 8.56334629307 2.14834428208 0.0373374446977 0.00536264914868 3.91821960048 0.0135406891004 ;
35.7686084142 10.1262135922 2.76181229773 0.213268608414 0.00258899676375 18.2867313916 1.40614886731 ;
43.5612277253 5.37630794597 2.32633648297 0.163802397108 0.135709303063 4.35804426406 0.114274843046 ;
66.0866578986 4.00175361683 2.6212187637 0.853280724828 0.852257781675 4.36285255005 0.336840567003 ;
41.8730964467 45.676142132 1.07106598985 0.0177664974619 0.133502538071 3.16649746193 0.0152284263959 ;
32.968939484 4.01848769469 1.96210319819 0.0323980501724 0.00864938770657 4.27157888479 0.0562061586018 ;
57.5046082949 3.8099078341 7.60368663594 3.6797235023 0.00345622119816 59.6290322581 10.1670506912 ;
38.9478842936 20.5579727468 1.49916327994 0.0222328472388 0.0109968921826 3.86062634473 0.0513985178102 ;
56.0996517546 3.21001875167 4.47173854808 1.83177069381 0.0447361371551 27.4117331905 3.89204393249 ;
37.9751943725 14.8668394422 1.75934838949 0.0212267061582 0.00604714303344 4.66185363446 0.0915710230779 ;
67.5628140704 4.00722361809 2.87986809045 0.978800251256 0.817525125628 5.96608040201 0.579459798995 ;
41.7632583793 43.2554094188 1.09588459907 0.0246075519728 0.114976665252 3.20958845991 0.0207891387357 ;
58.6269146608 3.72428884026 6.65043763676 3.04266958425 0.00765864332604 48.4715536105 7.88730853392 ;
47.3378273521 4.59835111542 2.20640155189 0.257516973812 0.270029097963 3.90484966052 0.121047526673 ;
46.6701191093 5.68254790264 3.58518902123 1.10978767478 0.0302951838426 23.0445365096 2.69834282755 ;
33.2185232608 3.15872812633 2.04041826718 0.0376867264191 0.0129748186086 2.44327784891 0.00264618011097 ;
34.2046669556 5.18768964023 2.10273081925 0.0348215575784 0.000361219476954 8.44010981072 0.239271781534 ;
42.3320144201 4.68996746681 2.60951376066 0.129077640025 0.0881913303438 3.83548755825 0.0520531082388 ;
56.1901850362 4.09300080451 2.21496379726 0.603700724055 0.596460176991 4.64167337088 0.341110217216 ;
41.1902225008 38.8890629897 1.13412723284 0.0225634597305 0.0896270761517 3.25509244751 0.0313381385146 ;
57.9539720423 3.56358677122 5.86225707467 2.63961813842 0.0102284350494 41.0647800886 6.45005114218 ;
32.4114999437 3.09313229061 1.9026668167 0.0299688683845 0.0103897078129 3.8361651851 0.0382206218821 ;
40.8136781054 6.89656839053 3.06839052682 0.583856935718 0.0227162880619 19.2174963751 1.84026099565 ;
72.4469074986 4.24438970991 3.04570333881 1.05528188287 0.907498631637 5.70634920635 0.546798029557 ;
36.3478005865 10.8990364474 1.84599916213 0.0189359028069 0.00310012568077 5.8082111437 0.132383745287 ;
45.3331827082 6.07516192198 2.19136918211 0.184666365416 0.181277300798 4.0334387709 0.0990359993975 ;
33.2166268351 3.69026971663 1.94834414476 0.031717309662 0.0104813929669 3.006725845 0.00580402867873 ;
53.2254432874 3.78440754292 4.04925415142 1.55277230509 0.0602307908809 24.1913875598 3.20461581762 ;
38.7754456584 27.3663024727 1.27688326624 0.0247268545141 0.0250143760782 3.84128809661 0.0971822886717 ;
67.1596933887 3.99185563718 2.68348770361 0.886458000639 0.87895241137 4.43660172469 0.354199936123 ;
58.4670846395 3.81253918495 6.8131661442 3.16363636364 0.00438871473354 50.6614420063 8.30971786834 ;
34.8981361075 7.23797139142 2.3341135674 0.06285218899 0.0011270047681 10.5703511053 0.455049848288 ;
43.6825969342 52.2714156898 1.13165013526 0.0225428313796 0.190261496844 3.4427412083 0.0108205590622 ;
33.0466876382 3.78325598779 1.96222007662 0.0328588781263 0.00953063194942 3.61129971657 0.0220824119351 ;
58.7273908102 3.7556421497 2.50300373437 0.746062672512 0.684851436922 5.24127293392 0.444552687125 ;
38.8338247119 25.5111230233 1.27981774323 0.0214419726615 0.017957652104 3.55266684535 0.0683462878585 ;
43.973654167 5.61974181084 2.2669711074 0.151488539563 0.122771581628 3.91411258453 0.0931764292614 ;
55.7886958776 3.75395385014 5.39797770288 2.36245786881 0.0176302826031 37.2942701582 5.68135856884 ;
42.9065200314 50.8955223881 1.10604870385 0.019638648861 0.186959937156 3.34799685782 0.0117831893166 ;
36.71875 8.38756672598 2.4440613879 0.112544483986 0.00266903914591 11.9541814947 0.667037366548 ;
75.2898997687 4.41518889746 2.94178874325 1.05127216654 0.937162683115 5.24942174248 0.483037779491 ;
33.0175282438 3.41448134201 1.94005477576 0.0313591235878 0.0103046901746 3.25439917836 0.0117425539199 ;
75.4000782167 4.40398904967 2.9452483379 1.0527962456 0.9475948377 5.12905748925 0.464998044583 ;
55.7879828326 3.83175965665 5.5547925608 2.46123032904 0.0123032904149 38.9765379113 5.97424892704 ;
44.9748618785 5.23268876611 2.2226519337 0.192909760589 0.15349907919 4.31611418048 0.159300184162 ;
42.5670771225 48.6772521063 1.0907323396 0.0207388204796 0.162670123137 3.26506804925 0.0136098509397 ;
35.9891287467 8.13270694207 2.40355645287 0.0817673551794 0.00170833980432 9.96249417611 0.459155148315 ;
59.2655885295 3.71540513505 2.63171057019 0.810770256752 0.665388462821 6.23707902634 0.596365455152 ;
38.8741219444 24.3250913178 1.31188536106 0.0219162686148 0.0146108457432 3.72351784209 0.0812025849958 ;
32.389971947 3.42388409503 1.95021483612 0.0345158197507 0.00990731863215 4.04449415859 0.0446361989986 ;
54.4462952326 3.27972429638 3.98793796669 1.55083285468 0.067777139575 23.0680643308 3.0947731189 ;
41.3820915926 40.1332877649 1.08373205742 0.0215311004785 0.0967190704033 3.04408749146 0.0160628844839 ;
57.0994117647 3.96176470588 6.67352941176 3.07705882353 0.00411764705882 49.9770588235 8.12588235294 ;
70.649106941 4.15080262265 2.84331901424 0.974451729595 0.926520461225 4.69500339136 0.395432964052 ;
52.5187683284 4.37126099707 2.0706744868 0.433870967742 0.50219941349 3.72434017595 0.162903225806 ;
39.8867813844 6.28112371268 2.25954895059 0.0572285230087 0.0258766783992 3.89721027245 0.0370225524703 ;
36.0408501242 12.886558101 2.22964394148 0.0714877173613 0.00345017940933 11.2094948937 0.637593154844 ;
51.4006065619 4.23683484974 4.1323407775 1.54066721809 0.0325337744693 26.2125723739 3.43396746623 ;
36.0059458269 4.0181127505 2.74069588196 0.0756441312486 0.0114512221978 5.6637855098 0.129156573442 ;
70.5585801394 4.1300087108 2.95818815331 1.02286585366 0.889808362369 5.63022648084 0.531794425087 ;
41.1684782609 39.1978900256 1.11061381074 0.0210997442455 0.0911125319693 3.19469309463 0.0278132992327 ;
51.8605918039 4.08493252445 2.05893277207 0.431224464529 0.461681317321 4.0011142751 0.21654079485 ;
38.6489262372 11.2125739185 2.04738562092 0.0396047307812 0.0083255524432 6.71638655462 0.231870525988 ;
58.5007575758 3.85681818182 7.07954545455 3.35075757576 0.00454545454545 53.4825757576 8.88712121212 ;
31.4932388222 3.15158124318 1.4572519084 0.0104143947655 0.0115049073064 2.84836423119 0.0082878953108 ;
33.90567017 4.1973790061 2.03145192682 0.0350071363695 0.00877124691839 3.91828208122 0.0331127546386 ;
58.8804123711 3.74226804124 7.45463917526 3.60515463918 0.00309278350515 57.8567010309 9.81340206186 ;
48.1944203025 5.15635320702 2.15105162524 0.301060316357 0.287936728663 4.44072657744 0.194072657744 ;
69.0794939577 4.07533987915 2.85253021148 0.964879154079 0.884252265861 5.09497734139 0.450528700906 ;
42.5540453074 48.6634304207 1.08478964401 0.0200647249191 0.162459546926 3.26601941748 0.0135922330097 ;
54.7366855103 3.44213031836 4.52038083904 1.84022612318 0.0303481106813 28.4584944957 3.99375185957 ;
36.0926539871 10.1127202931 2.58803001221 0.112022334671 0.00174489617868 13.9411969988 0.872971558192 ;
38.9800380228 25.0060202788 1.19486692015 0.016793409379 0.0158428390368 3.00602027883 0.0256653992395 ;
33.3191442296 3.39871697636 2.01576918215 0.0348881304513 0.00992289217545 3.58374415371 0.016748830742 ;
55.8230563003 3.49746797736 4.67024128686 1.93595472148 0.0297885016384 29.6922847781 4.23503127793 ;
68.5963636364 4.05727272727 2.77381818182 0.932727272727 0.88 4.81527272727 0.408363636364 ;
41.3354904632 40.1321525886 1.1113760218 0.0224795640327 0.0963896457766 3.19482288828 0.0275885558583 ;
58.1497524752 3.84900990099 7.72772277228 3.7400990099 0.00247524752475 60.6027227723 10.375 ;
38.4373912153 11.9708201085 1.9188082318 0.0260059383639 0.00409542336439 4.37882666121 0.0352206409338 ;
48.7619291419 4.27851730494 2.22865041982 0.344460372722 0.322854802376 4.49365144378 0.225066557444 ;
35.5300537804 7.69867130655 2.54792787093 0.14109459032 0.00284720025308 14.3473584309 0.940050616893 ;
35.6693527647 7.6349764252 2.42837548221 0.0754393484784 0.0018002571796 10.5594513502 0.472781825975 ;
68.1186855445 4.04736934102 2.73675930781 0.913301870302 0.890753364796 4.52368467051 0.365495542737 ;
57.7341964966 3.953541508 7.06169078446 3.33815689261 0.003046458492 53.7227722772 8.89870525514 ;
42.3529751589 47.29231658 1.07163489313 0.0190641247834 0.150202195263 3.24667822068 0.0161756210283 ;
54.3821026626 3.63656327203 4.1992863025 1.64452374417 0.0532528136152 25.4699423552 3.46253088114 ;
46.9295134946 5.12507642589 2.17032055201 0.241767839986 0.246047689755 3.94514804786 0.124028299415 ;
33.3363968192 3.620616608 1.95887107287 0.0314170251597 0.0101681658193 3.16669925694 0.00857124234129 ;
38.626348228 22.5028248588 1.40703646636 0.0223420647149 0.0118130457114 3.83487416538 0.0839753466872 ;
