cluster 0
size:254
#377eb8
[ 0.40421366  4.73376068  2.490056    1.07252489  3.73217053  1.06359626
  3.21622098]

cluster 1
size:567
#ff7f00
[ 2.94237582  4.48293343  3.35596106  3.63282839  4.61768173  2.32874667
  3.41973646]

cluster 2
size:344
#4daf4a
[ 2.38552538  4.71993529  2.65606685  2.16085072  3.66593269  1.85215072
  3.24882311]

cluster 3
size:463
#f781bf
[ 2.17167732  4.68266825  3.06915331  4.34220255  2.63247044  3.62301893
  2.84146872]

cluster 4
size:224
#a65628
[ 1.58602983  4.77272452  2.5310565   2.01702763  0.07795599  0.70650418
  3.06631047]

cluster 5
size:344
#984ea3
[ 1.69021942  4.72313531  0.04410878  1.644686    2.40649656  0.67449376
  3.03607407]

cluster 6
size:353
#999999
[ 2.61038111  4.67334318  2.88681545  2.97202559  3.89421921  0.07815948
  3.26346118]

cluster 7
size:314
#e41a1c
[ 1.85698981  4.77977839  2.58757532  2.09183789  2.10293213  0.49463466
  3.08241519]

cluster 8
size:146
#dede00
[ 1.76105945  4.66366348  1.93623117  2.19532286  1.9330426   0.94256853
  0.02402336]

