cluster 0
size:239
#377eb8
[ 0.58826844  4.73044641  0.9559218   0.75015909  1.84966456  0.56101822
  2.47376315]

cluster 1
size:736
#ff7f00
[ 2.95644869  4.50950503  3.30216741  3.60375024  4.46773723  1.94586656
  3.39395367]

cluster 2
size:777
#4daf4a
[ 1.84485731  4.73211647  2.67337193  1.95762236  3.75235601  1.01039265
  3.17201339]

cluster 3
size:235
#f781bf
[ 2.19306813  4.71446099  0.08444537  2.10304806  3.10474049  0.82841937
  2.86554985]

cluster 4
size:550
#a65628
[ 1.83857554  4.76469677  2.4891098   2.25701908  1.07856786  0.64359317
  2.76884202]

cluster 5
size:472
#984ea3
[ 2.15868811  4.67438013  3.05391502  4.32579519  2.62686731  3.63555672
  2.74079544]

