cluster 0
size:367
#377eb8
[ 2.12834562  4.69223786  3.11758764  4.40341313  2.79532807  3.82768974
  2.84331567]

cluster 1
size:840
#ff7f00
[ 1.67593563  4.76211628  2.61421043  1.96282378  3.54656418  1.0308125
  3.2334063 ]

cluster 2
size:376
#4daf4a
[ 1.65910293  4.71694718  0.          1.74387034  2.39602556  0.77489825
  2.79396739]

cluster 3
size:713
#f781bf
[ 2.54690488  4.68187904  2.96474846  2.96654892  2.5493358   1.06813318
  3.31763401]

cluster 4
size:320
#a65628
[ 1.50502836  4.67497133  2.36353292  2.18916222  1.920613    1.09357639
  1.62460552]

cluster 5
size:393
#984ea3
[ 3.01582986  4.40520146  3.45060011  3.54674747  4.75937722  2.39802549
  3.43083912]

