60.0750267953 3.15058949625 3.09056806002 1.33922829582 0.237942122186 18.7995712755 2.78403001072 156.01607717 9426.35155413 108.519292605 16.781446786 1.91187440097 2.55161585662 4.7933157632 71.4088960343 ;
63.4120707596 3.80749219563 4.83662851197 1.66597294485 0.912591050989 13.0634755463 1.71279916753 472.341311134 30507.9989594 131.144640999 20.1796360838 1.82898800793 3.96132181965 7.160086046 81.5140478668 ;
48.8797517455 2.74398758728 2.03568657874 0.77812257564 0.281613653995 11.1807602793 1.38712179984 54.4344453064 2712.53607448 70.6299456943 8.03238557979 2.16150909317 1.60459563313 3.33971346541 52.4197051978 ;
67.3366555925 4.4772978959 3.37430786268 1.10631229236 1.25138427464 4.95127353267 0.414174972315 145.335548173 10483.4296788 121.334440753 21.0954679296 1.99708583929 4.45106935242 8.34244701131 92.6168327796 ;
50.4231955583 2.74521900062 2.09068476249 0.818013571869 0.23257248612 12.0672424429 1.5367057372 66.7649599013 3456.09623689 75.873534855 9.22433776839 2.09053881847 1.71441962635 3.49411033404 54.8846391117 ;
67.725974026 4.57272727273 2.75194805195 1.00519480519 1.0025974026 5.35324675325 0.474025974026 139.207792208 10177.8948052 121.549350649 21.348587435 2.10341750565 4.56757437941 8.67352911787 94.3922077922 ;
63.9451672862 3.86524163569 3.52044609665 1.35594795539 0.719330855019 12.4200743494 1.61988847584 462.205390335 29922.7360595 133.477695167 20.7001103755 1.81677195814 3.96839941166 7.12736322028 82.5604089219 ;
60.6701030928 3.21391752577 4.375 1.63853092784 0.574097938144 18.9884020619 2.83762886598 150.580541237 9171.76546392 108.845360825 17.0395489179 1.90175728787 2.63510347942 4.9302043268 72.3588917526 ;
50.4231955583 2.74521900062 2.09068476249 0.818013571869 0.23257248612 12.0672424429 1.5367057372 66.7649599013 3456.09623689 75.873534855 9.22433776839 2.09053881847 1.71441962635 3.49411033404 54.8846391117 ;
63.9451672862 3.86524163569 3.52044609665 1.35594795539 0.719330855019 12.4200743494 1.61988847584 462.205390335 29922.7360595 133.477695167 20.7001103755 1.81677195814 3.96839941166 7.12736322028 82.5604089219 ;
60.6701030928 3.21391752577 4.375 1.63853092784 0.574097938144 18.9884020619 2.83762886598 150.580541237 9171.76546392 108.845360825 17.0395489179 1.90175728787 2.63510347942 4.9302043268 72.3588917526 ;
67.725974026 4.57272727273 2.75194805195 1.00519480519 1.0025974026 5.35324675325 0.474025974026 139.207792208 10177.8948052 121.549350649 21.348587435 2.10341750565 4.56757437941 8.67352911787 94.3922077922 ;
60.0750267953 3.15058949625 3.09056806002 1.33922829582 0.237942122186 18.7995712755 2.78403001072 156.01607717 9426.35155413 108.519292605 16.781446786 1.91187440097 2.55161585662 4.7933157632 71.4088960343 ;
63.4120707596 3.80749219563 4.83662851197 1.66597294485 0.912591050989 13.0634755463 1.71279916753 472.341311134 30507.9989594 131.144640999 20.1796360838 1.82898800793 3.96132181965 7.160086046 81.5140478668 ;
48.8797517455 2.74398758728 2.03568657874 0.77812257564 0.281613653995 11.1807602793 1.38712179984 54.4344453064 2712.53607448 70.6299456943 8.03238557979 2.16150909317 1.60459563313 3.33971346541 52.4197051978 ;
67.3366555925 4.4772978959 3.37430786268 1.10631229236 1.25138427464 4.95127353267 0.414174972315 145.335548173 10483.4296788 121.334440753 21.0954679296 1.99708583929 4.45106935242 8.34244701131 92.6168327796 ;
60.6701030928 3.21391752577 4.375 1.63853092784 0.574097938144 18.9884020619 2.83762886598 150.580541237 9171.76546392 108.845360825 17.0395489179 1.90175728787 2.63510347942 4.9302043268 72.3588917526 ;
67.725974026 4.57272727273 2.75194805195 1.00519480519 1.0025974026 5.35324675325 0.474025974026 139.207792208 10177.8948052 121.549350649 21.348587435 2.10341750565 4.56757437941 8.67352911787 94.3922077922 ;
50.4231955583 2.74521900062 2.09068476249 0.818013571869 0.23257248612 12.0672424429 1.5367057372 66.7649599013 3456.09623689 75.873534855 9.22433776839 2.09053881847 1.71441962635 3.49411033404 54.8846391117 ;
63.9451672862 3.86524163569 3.52044609665 1.35594795539 0.719330855019 12.4200743494 1.61988847584 462.205390335 29922.7360595 133.477695167 20.7001103755 1.81677195814 3.96839941166 7.12736322028 82.5604089219 ;
48.8797517455 2.74398758728 2.03568657874 0.77812257564 0.281613653995 11.1807602793 1.38712179984 54.4344453064 2712.53607448 70.6299456943 8.03238557979 2.16150909317 1.60459563313 3.33971346541 52.4197051978 ;
63.4120707596 3.80749219563 4.83662851197 1.66597294485 0.912591050989 13.0634755463 1.71279916753 472.341311134 30507.9989594 131.144640999 20.1796360838 1.82898800793 3.96132181965 7.160086046 81.5140478668 ;
67.3366555925 4.4772978959 3.37430786268 1.10631229236 1.25138427464 4.95127353267 0.414174972315 145.335548173 10483.4296788 121.334440753 21.0954679296 1.99708583929 4.45106935242 8.34244701131 92.6168327796 ;
60.0750267953 3.15058949625 3.09056806002 1.33922829582 0.237942122186 18.7995712755 2.78403001072 156.01607717 9426.35155413 108.519292605 16.781446786 1.91187440097 2.55161585662 4.7933157632 71.4088960343 ;
63.9451672862 3.86524163569 3.52044609665 1.35594795539 0.719330855019 12.4200743494 1.61988847584 462.205390335 29922.7360595 133.477695167 20.7001103755 1.81677195814 3.96839941166 7.12736322028 82.5604089219 ;
50.4231955583 2.74521900062 2.09068476249 0.818013571869 0.23257248612 12.0672424429 1.5367057372 66.7649599013 3456.09623689 75.873534855 9.22433776839 2.09053881847 1.71441962635 3.49411033404 54.8846391117 ;
60.6701030928 3.21391752577 4.375 1.63853092784 0.574097938144 18.9884020619 2.83762886598 150.580541237 9171.76546392 108.845360825 17.0395489179 1.90175728787 2.63510347942 4.9302043268 72.3588917526 ;
67.725974026 4.57272727273 2.75194805195 1.00519480519 1.0025974026 5.35324675325 0.474025974026 139.207792208 10177.8948052 121.549350649 21.348587435 2.10341750565 4.56757437941 8.67352911787 94.3922077922 ;
48.8797517455 2.74398758728 2.03568657874 0.77812257564 0.281613653995 11.1807602793 1.38712179984 54.4344453064 2712.53607448 70.6299456943 8.03238557979 2.16150909317 1.60459563313 3.33971346541 52.4197051978 ;
67.3366555925 4.4772978959 3.37430786268 1.10631229236 1.25138427464 4.95127353267 0.414174972315 145.335548173 10483.4296788 121.334440753 21.0954679296 1.99708583929 4.45106935242 8.34244701131 92.6168327796 ;
63.4120707596 3.80749219563 4.83662851197 1.66597294485 0.912591050989 13.0634755463 1.71279916753 472.341311134 30507.9989594 131.144640999 20.1796360838 1.82898800793 3.96132181965 7.160086046 81.5140478668 ;
60.0750267953 3.15058949625 3.09056806002 1.33922829582 0.237942122186 18.7995712755 2.78403001072 156.01607717 9426.35155413 108.519292605 16.781446786 1.91187440097 2.55161585662 4.7933157632 71.4088960343 ;
67.3366555925 4.4772978959 3.37430786268 1.10631229236 1.25138427464 4.95127353267 0.414174972315 145.335548173 10483.4296788 121.334440753 21.0954679296 1.99708583929 4.45106935242 8.34244701131 92.6168327796 ;
48.8797517455 2.74398758728 2.03568657874 0.77812257564 0.281613653995 11.1807602793 1.38712179984 54.4344453064 2712.53607448 70.6299456943 8.03238557979 2.16150909317 1.60459563313 3.33971346541 52.4197051978 ;
63.4143302181 3.80685358255 4.83592938733 1.66770508827 0.910695742471 13.1038421599 1.72066458982 472.096573209 30491.6988577 131.146417445 20.1790180101 1.82839639143 3.96190605293 7.15881618454 81.5140186916 ;
60.07027897 3.15021459227 3.08905579399 1.33798283262 0.238197424893 18.7848712446 2.78111587983 155.803111588 9412.152897 108.494098712 16.7781199762 1.91226898224 2.5498014636 4.79143235978 71.3980686695 ;
60.07027897 3.15021459227 3.08905579399 1.33798283262 0.238197424893 18.7848712446 2.78111587983 155.803111588 9412.152897 108.494098712 16.7781199762 1.91226898224 2.5498014636 4.79143235978 71.3980686695 ;
63.4143302181 3.80685358255 4.83592938733 1.66770508827 0.910695742471 13.1038421599 1.72066458982 472.096573209 30491.6988577 131.146417445 20.1790180101 1.82839639143 3.96190605293 7.15881618454 81.5140186916 ;
67.3366555925 4.4772978959 3.37430786268 1.10631229236 1.25138427464 4.95127353267 0.414174972315 145.335548173 10483.4296788 121.334440753 21.0954679296 1.99708583929 4.45106935242 8.34244701131 92.6168327796 ;
48.8797517455 2.74398758728 2.03568657874 0.77812257564 0.281613653995 11.1807602793 1.38712179984 54.4344453064 2712.53607448 70.6299456943 8.03238557979 2.16150909317 1.60459563313 3.33971346541 52.4197051978 ;
60.6265533028 3.18181818182 4.21124918247 1.5925441465 0.537606278613 19.0954872466 2.85480706344 149.678875082 9098.79267495 108.990843689 17.0708454795 1.91257988361 2.53009572923 4.76557876301 71.9993459778 ;
68.5866834171 4.65954773869 2.78266331658 1.01884422111 1.04899497487 5.00628140704 0.418341708543 163.746231156 12008.6658291 125.371859296 22.0935387509 2.04913355 4.71512712624 8.91147193275 96.0213567839 ;
50.0905063291 2.73670886076 2.05379746835 0.801898734177 0.235443037975 11.8120253165 1.49367088608 63.7829113924 3276.22278481 74.6835443038 8.96893114326 2.11713449725 1.69066447665 3.46741171622 54.3797468354 ;
63.2082585278 3.7881508079 3.75852782765 1.42639138241 0.704667863555 13.170556553 1.74596050269 436.68940754 28028.1606822 129.884201077 19.9740320842 1.80812512416 3.91631725124 7.00599471608 81.1005385996 ;
50.4231955583 2.74521900062 2.09068476249 0.818013571869 0.23257248612 12.0672424429 1.5367057372 66.7649599013 3456.09623689 75.873534855 9.22433776839 2.09053881847 1.71441962635 3.49411033404 54.8846391117 ;
67.725974026 4.57272727273 2.75194805195 1.00519480519 1.0025974026 5.35324675325 0.474025974026 139.207792208 10177.8948052 121.549350649 21.348587435 2.10341750565 4.56757437941 8.67352911787 94.3922077922 ;
60.6701030928 3.21391752577 4.375 1.63853092784 0.574097938144 18.9884020619 2.83762886598 150.580541237 9171.76546392 108.845360825 17.0395489179 1.90175728787 2.63510347942 4.9302043268 72.3588917526 ;
63.9451672862 3.86524163569 3.52044609665 1.35594795539 0.719330855019 12.4200743494 1.61988847584 462.205390335 29922.7360595 133.477695167 20.7001103755 1.81677195814 3.96839941166 7.12736322028 82.5604089219 ;
60.6701030928 3.21391752577 4.375 1.63853092784 0.574097938144 18.9884020619 2.83762886598 150.580541237 9171.76546392 108.845360825 17.0395489179 1.90175728787 2.63510347942 4.9302043268 72.3588917526 ;
50.4231955583 2.74521900062 2.09068476249 0.818013571869 0.23257248612 12.0672424429 1.5367057372 66.7649599013 3456.09623689 75.873534855 9.22433776839 2.09053881847 1.71441962635 3.49411033404 54.8846391117 ;
63.9451672862 3.86524163569 3.52044609665 1.35594795539 0.719330855019 12.4200743494 1.61988847584 462.205390335 29922.7360595 133.477695167 20.7001103755 1.81677195814 3.96839941166 7.12736322028 82.5604089219 ;
67.725974026 4.57272727273 2.75194805195 1.00519480519 1.0025974026 5.35324675325 0.474025974026 139.207792208 10177.8948052 121.549350649 21.348587435 2.10341750565 4.56757437941 8.67352911787 94.3922077922 ;
48.8797517455 2.74398758728 2.03568657874 0.77812257564 0.281613653995 11.1807602793 1.38712179984 54.4344453064 2712.53607448 70.6299456943 8.03238557979 2.16150909317 1.60459563313 3.33971346541 52.4197051978 ;
67.3366555925 4.4772978959 3.37430786268 1.10631229236 1.25138427464 4.95127353267 0.414174972315 145.335548173 10483.4296788 121.334440753 21.0954679296 1.99708583929 4.45106935242 8.34244701131 92.6168327796 ;
63.4143302181 3.80685358255 4.83592938733 1.66770508827 0.910695742471 13.1038421599 1.72066458982 472.096573209 30491.6988577 131.146417445 20.1790180101 1.82839639143 3.96190605293 7.15881618454 81.5140186916 ;
60.07027897 3.15021459227 3.08905579399 1.33798283262 0.238197424893 18.7848712446 2.78111587983 155.803111588 9412.152897 108.494098712 16.7781199762 1.91226898224 2.5498014636 4.79143235978 71.3980686695 ;
60.6701030928 3.21391752577 4.375 1.63853092784 0.574097938144 18.9884020619 2.83762886598 150.580541237 9171.76546392 108.845360825 17.0395489179 1.90175728787 2.63510347942 4.9302043268 72.3588917526 ;
50.4231955583 2.74521900062 2.09068476249 0.818013571869 0.23257248612 12.0672424429 1.5367057372 66.7649599013 3456.09623689 75.873534855 9.22433776839 2.09053881847 1.71441962635 3.49411033404 54.8846391117 ;
63.9451672862 3.86524163569 3.52044609665 1.35594795539 0.719330855019 12.4200743494 1.61988847584 462.205390335 29922.7360595 133.477695167 20.7001103755 1.81677195814 3.96839941166 7.12736322028 82.5604089219 ;
67.725974026 4.57272727273 2.75194805195 1.00519480519 1.0025974026 5.35324675325 0.474025974026 139.207792208 10177.8948052 121.549350649 21.348587435 2.10341750565 4.56757437941 8.67352911787 94.3922077922 ;
60.6701030928 3.21391752577 4.375 1.63853092784 0.574097938144 18.9884020619 2.83762886598 150.580541237 9171.76546392 108.845360825 17.0395489179 1.90175728787 2.63510347942 4.9302043268 72.3588917526 ;
63.9451672862 3.86524163569 3.52044609665 1.35594795539 0.719330855019 12.4200743494 1.61988847584 462.205390335 29922.7360595 133.477695167 20.7001103755 1.81677195814 3.96839941166 7.12736322028 82.5604089219 ;
50.4231955583 2.74521900062 2.09068476249 0.818013571869 0.23257248612 12.0672424429 1.5367057372 66.7649599013 3456.09623689 75.873534855 9.22433776839 2.09053881847 1.71441962635 3.49411033404 54.8846391117 ;
67.725974026 4.57272727273 2.75194805195 1.00519480519 1.0025974026 5.35324675325 0.474025974026 139.207792208 10177.8948052 121.549350649 21.348587435 2.10341750565 4.56757437941 8.67352911787 94.3922077922 ;
50.4231955583 2.74521900062 2.09068476249 0.818013571869 0.23257248612 12.0672424429 1.5367057372 66.7649599013 3456.09623689 75.873534855 9.22433776839 2.09053881847 1.71441962635 3.49411033404 54.8846391117 ;
67.725974026 4.57272727273 2.75194805195 1.00519480519 1.0025974026 5.35324675325 0.474025974026 139.207792208 10177.8948052 121.549350649 21.348587435 2.10341750565 4.56757437941 8.67352911787 94.3922077922 ;
63.9451672862 3.86524163569 3.52044609665 1.35594795539 0.719330855019 12.4200743494 1.61988847584 462.205390335 29922.7360595 133.477695167 20.7001103755 1.81677195814 3.96839941166 7.12736322028 82.5604089219 ;
60.6701030928 3.21391752577 4.375 1.63853092784 0.574097938144 18.9884020619 2.83762886598 150.580541237 9171.76546392 108.845360825 17.0395489179 1.90175728787 2.63510347942 4.9302043268 72.3588917526 ;
50.4231955583 2.74521900062 2.09068476249 0.818013571869 0.23257248612 12.0672424429 1.5367057372 66.7649599013 3456.09623689 75.873534855 9.22433776839 2.09053881847 1.71441962635 3.49411033404 54.8846391117 ;
67.725974026 4.57272727273 2.75194805195 1.00519480519 1.0025974026 5.35324675325 0.474025974026 139.207792208 10177.8948052 121.549350649 21.348587435 2.10341750565 4.56757437941 8.67352911787 94.3922077922 ;
60.6701030928 3.21391752577 4.375 1.63853092784 0.574097938144 18.9884020619 2.83762886598 150.580541237 9171.76546392 108.845360825 17.0395489179 1.90175728787 2.63510347942 4.9302043268 72.3588917526 ;
63.9451672862 3.86524163569 3.52044609665 1.35594795539 0.719330855019 12.4200743494 1.61988847584 462.205390335 29922.7360595 133.477695167 20.7001103755 1.81677195814 3.96839941166 7.12736322028 82.5604089219 ;
48.8797517455 2.74398758728 2.03568657874 0.77812257564 0.281613653995 11.1807602793 1.38712179984 54.4344453064 2712.53607448 70.6299456943 8.03238557979 2.16150909317 1.60459563313 3.33971346541 52.4197051978 ;
63.4143302181 3.80685358255 4.83592938733 1.66770508827 0.910695742471 13.1038421599 1.72066458982 472.096573209 30491.6988577 131.146417445 20.1790180101 1.82839639143 3.96190605293 7.15881618454 81.5140186916 ;
67.3366555925 4.4772978959 3.37430786268 1.10631229236 1.25138427464 4.95127353267 0.414174972315 145.335548173 10483.4296788 121.334440753 21.0954679296 1.99708583929 4.45106935242 8.34244701131 92.6168327796 ;
60.07027897 3.15021459227 3.08905579399 1.33798283262 0.238197424893 18.7848712446 2.78111587983 155.803111588 9412.152897 108.494098712 16.7781199762 1.91226898224 2.5498014636 4.79143235978 71.3980686695 ;
60.6701030928 3.21391752577 4.375 1.63853092784 0.574097938144 18.9884020619 2.83762886598 150.580541237 9171.76546392 108.845360825 17.0395489179 1.90175728787 2.63510347942 4.9302043268 72.3588917526 ;
50.4231955583 2.74521900062 2.09068476249 0.818013571869 0.23257248612 12.0672424429 1.5367057372 66.7649599013 3456.09623689 75.873534855 9.22433776839 2.09053881847 1.71441962635 3.49411033404 54.8846391117 ;
63.9451672862 3.86524163569 3.52044609665 1.35594795539 0.719330855019 12.4200743494 1.61988847584 462.205390335 29922.7360595 133.477695167 20.7001103755 1.81677195814 3.96839941166 7.12736322028 82.5604089219 ;
67.725974026 4.57272727273 2.75194805195 1.00519480519 1.0025974026 5.35324675325 0.474025974026 139.207792208 10177.8948052 121.549350649 21.348587435 2.10341750565 4.56757437941 8.67352911787 94.3922077922 ;
67.725974026 4.57272727273 2.75194805195 1.00519480519 1.0025974026 5.35324675325 0.474025974026 139.207792208 10177.8948052 121.549350649 21.348587435 2.10341750565 4.56757437941 8.67352911787 94.3922077922 ;
50.4231955583 2.74521900062 2.09068476249 0.818013571869 0.23257248612 12.0672424429 1.5367057372 66.7649599013 3456.09623689 75.873534855 9.22433776839 2.09053881847 1.71441962635 3.49411033404 54.8846391117 ;
60.6701030928 3.21391752577 4.375 1.63853092784 0.574097938144 18.9884020619 2.83762886598 150.580541237 9171.76546392 108.845360825 17.0395489179 1.90175728787 2.63510347942 4.9302043268 72.3588917526 ;
63.9451672862 3.86524163569 3.52044609665 1.35594795539 0.719330855019 12.4200743494 1.61988847584 462.205390335 29922.7360595 133.477695167 20.7001103755 1.81677195814 3.96839941166 7.12736322028 82.5604089219 ;
60.0750267953 3.15058949625 3.09056806002 1.33922829582 0.237942122186 18.7995712755 2.78403001072 156.01607717 9426.35155413 108.519292605 16.781446786 1.91187440097 2.55161585662 4.7933157632 71.4088960343 ;
63.4120707596 3.80749219563 4.83662851197 1.66597294485 0.912591050989 13.0634755463 1.71279916753 472.341311134 30507.9989594 131.144640999 20.1796360838 1.82898800793 3.96132181965 7.160086046 81.5140478668 ;
67.3366555925 4.4772978959 3.37430786268 1.10631229236 1.25138427464 4.95127353267 0.414174972315 145.335548173 10483.4296788 121.334440753 21.0954679296 1.99708583929 4.45106935242 8.34244701131 92.6168327796 ;
48.8797517455 2.74398758728 2.03568657874 0.77812257564 0.281613653995 11.1807602793 1.38712179984 54.4344453064 2712.53607448 70.6299456943 8.03238557979 2.16150909317 1.60459563313 3.33971346541 52.4197051978 ;
50.4231955583 2.74521900062 2.09068476249 0.818013571869 0.23257248612 12.0672424429 1.5367057372 66.7649599013 3456.09623689 75.873534855 9.22433776839 2.09053881847 1.71441962635 3.49411033404 54.8846391117 ;
63.9451672862 3.86524163569 3.52044609665 1.35594795539 0.719330855019 12.4200743494 1.61988847584 462.205390335 29922.7360595 133.477695167 20.7001103755 1.81677195814 3.96839941166 7.12736322028 82.5604089219 ;
60.6701030928 3.21391752577 4.375 1.63853092784 0.574097938144 18.9884020619 2.83762886598 150.580541237 9171.76546392 108.845360825 17.0395489179 1.90175728787 2.63510347942 4.9302043268 72.3588917526 ;
67.725974026 4.57272727273 2.75194805195 1.00519480519 1.0025974026 5.35324675325 0.474025974026 139.207792208 10177.8948052 121.549350649 21.348587435 2.10341750565 4.56757437941 8.67352911787 94.3922077922 ;
67.3366555925 4.4772978959 3.37430786268 1.10631229236 1.25138427464 4.95127353267 0.414174972315 145.335548173 10483.4296788 121.334440753 21.0954679296 1.99708583929 4.45106935242 8.34244701131 92.6168327796 ;
60.07027897 3.15021459227 3.08905579399 1.33798283262 0.238197424893 18.7848712446 2.78111587983 155.803111588 9412.152897 108.494098712 16.7781199762 1.91226898224 2.5498014636 4.79143235978 71.3980686695 ;
63.4143302181 3.80685358255 4.83592938733 1.66770508827 0.910695742471 13.1038421599 1.72066458982 472.096573209 30491.6988577 131.146417445 20.1790180101 1.82839639143 3.96190605293 7.15881618454 81.5140186916 ;
48.8797517455 2.74398758728 2.03568657874 0.77812257564 0.281613653995 11.1807602793 1.38712179984 54.4344453064 2712.53607448 70.6299456943 8.03238557979 2.16150909317 1.60459563313 3.33971346541 52.4197051978 ;
67.725974026 4.57272727273 2.75194805195 1.00519480519 1.0025974026 5.35324675325 0.474025974026 139.207792208 10177.8948052 121.549350649 21.348587435 2.10341750565 4.56757437941 8.67352911787 94.3922077922 ;
50.4231955583 2.74521900062 2.09068476249 0.818013571869 0.23257248612 12.0672424429 1.5367057372 66.7649599013 3456.09623689 75.873534855 9.22433776839 2.09053881847 1.71441962635 3.49411033404 54.8846391117 ;
63.9451672862 3.86524163569 3.52044609665 1.35594795539 0.719330855019 12.4200743494 1.61988847584 462.205390335 29922.7360595 133.477695167 20.7001103755 1.81677195814 3.96839941166 7.12736322028 82.5604089219 ;
60.6701030928 3.21391752577 4.375 1.63853092784 0.574097938144 18.9884020619 2.83762886598 150.580541237 9171.76546392 108.845360825 17.0395489179 1.90175728787 2.63510347942 4.9302043268 72.3588917526 ;
48.8797517455 2.74398758728 2.03568657874 0.77812257564 0.281613653995 11.1807602793 1.38712179984 54.4344453064 2712.53607448 70.6299456943 8.03238557979 2.16150909317 1.60459563313 3.33971346541 52.4197051978 ;
63.4120707596 3.80749219563 4.83662851197 1.66597294485 0.912591050989 13.0634755463 1.71279916753 472.341311134 30507.9989594 131.144640999 20.1796360838 1.82898800793 3.96132181965 7.160086046 81.5140478668 ;
67.3366555925 4.4772978959 3.37430786268 1.10631229236 1.25138427464 4.95127353267 0.414174972315 145.335548173 10483.4296788 121.334440753 21.0954679296 1.99708583929 4.45106935242 8.34244701131 92.6168327796 ;
60.0750267953 3.15058949625 3.09056806002 1.33922829582 0.237942122186 18.7995712755 2.78403001072 156.01607717 9426.35155413 108.519292605 16.781446786 1.91187440097 2.55161585662 4.7933157632 71.4088960343 ;
67.3366555925 4.4772978959 3.37430786268 1.10631229236 1.25138427464 4.95127353267 0.414174972315 145.335548173 10483.4296788 121.334440753 21.0954679296 1.99708583929 4.45106935242 8.34244701131 92.6168327796 ;
48.8797517455 2.74398758728 2.03568657874 0.77812257564 0.281613653995 11.1807602793 1.38712179984 54.4344453064 2712.53607448 70.6299456943 8.03238557979 2.16150909317 1.60459563313 3.33971346541 52.4197051978 ;
63.4076763485 3.80705394191 4.83402489627 1.66701244813 0.910788381743 13.0985477178 1.71991701245 471.71473029 30466.3246888 131.106846473 20.1718417074 1.8281858104 3.96246683245 7.1589816685 81.5020746888 ;
60.0719269995 3.14975845411 3.08910359635 1.33816425121 0.237788513151 18.7906602254 2.782071927 155.830917874 9413.96779388 108.502415459 16.7800078225 1.91242296651 2.54875331758 4.79007599351 71.398819109 ;
60.6222222222 3.18104575163 4.20849673203 1.59150326797 0.537254901961 19.0843137255 2.85294117647 149.637908497 9095.95620915 108.993464052 17.0683968369 1.91275737463 2.52943280652 4.76462790992 71.9934640523 ;
68.6035131744 4.66248431619 2.78419071518 1.01882057716 1.05018820577 5.00376411543 0.417816813049 164.232120452 12050.4090339 125.451693852 22.1102862799 2.04862866034 4.71376140736 8.90778393227 96.0464240903 ;
50.088030399 2.73717542749 2.05509816339 0.802406586447 0.235592146928 11.818239392 1.49461684611 63.7682077264 3275.28372388 74.6592780241 8.96617275747 2.11709206112 1.69077520528 3.4675109171 54.3742875237 ;
63.1913746631 3.78526504942 3.75831087152 1.42677448338 0.703504043127 13.1796945193 1.74752920036 436.586702606 28012.6621743 129.831087152 19.9601351505 1.80827012743 3.91657751006 7.00692361021 81.0691823899 ;
48.8797517455 2.74398758728 2.03568657874 0.77812257564 0.281613653995 11.1807602793 1.38712179984 54.4344453064 2712.53607448 70.6299456943 8.03238557979 2.16150909317 1.60459563313 3.33971346541 52.4197051978 ;
63.4143302181 3.80685358255 4.83592938733 1.66770508827 0.910695742471 13.1038421599 1.72066458982 472.096573209 30491.6988577 131.146417445 20.1790180101 1.82839639143 3.96190605293 7.15881618454 81.5140186916 ;
67.3366555925 4.4772978959 3.37430786268 1.10631229236 1.25138427464 4.95127353267 0.414174972315 145.335548173 10483.4296788 121.334440753 21.0954679296 1.99708583929 4.45106935242 8.34244701131 92.6168327796 ;
60.07027897 3.15021459227 3.08905579399 1.33798283262 0.238197424893 18.7848712446 2.78111587983 155.803111588 9412.152897 108.494098712 16.7781199762 1.91226898224 2.5498014636 4.79143235978 71.3980686695 ;
67.3366555925 4.4772978959 3.37430786268 1.10631229236 1.25138427464 4.95127353267 0.414174972315 145.335548173 10483.4296788 121.334440753 21.0954679296 1.99708583929 4.45106935242 8.34244701131 92.6168327796 ;
60.07027897 3.15021459227 3.08905579399 1.33798283262 0.238197424893 18.7848712446 2.78111587983 155.803111588 9412.152897 108.494098712 16.7781199762 1.91226898224 2.5498014636 4.79143235978 71.3980686695 ;
63.4143302181 3.80685358255 4.83592938733 1.66770508827 0.910695742471 13.1038421599 1.72066458982 472.096573209 30491.6988577 131.146417445 20.1790180101 1.82839639143 3.96190605293 7.15881618454 81.5140186916 ;
48.8797517455 2.74398758728 2.03568657874 0.77812257564 0.281613653995 11.1807602793 1.38712179984 54.4344453064 2712.53607448 70.6299456943 8.03238557979 2.16150909317 1.60459563313 3.33971346541 52.4197051978 ;
60.6701030928 3.21391752577 4.375 1.63853092784 0.574097938144 18.9884020619 2.83762886598 150.580541237 9171.76546392 108.845360825 17.0395489179 1.90175728787 2.63510347942 4.9302043268 72.3588917526 ;
67.725974026 4.57272727273 2.75194805195 1.00519480519 1.0025974026 5.35324675325 0.474025974026 139.207792208 10177.8948052 121.549350649 21.348587435 2.10341750565 4.56757437941 8.67352911787 94.3922077922 ;
50.4231955583 2.74521900062 2.09068476249 0.818013571869 0.23257248612 12.0672424429 1.5367057372 66.7649599013 3456.09623689 75.873534855 9.22433776839 2.09053881847 1.71441962635 3.49411033404 54.8846391117 ;
63.9451672862 3.86524163569 3.52044609665 1.35594795539 0.719330855019 12.4200743494 1.61988847584 462.205390335 29922.7360595 133.477695167 20.7001103755 1.81677195814 3.96839941166 7.12736322028 82.5604089219 ;
67.3366555925 4.4772978959 3.37430786268 1.10631229236 1.25138427464 4.95127353267 0.414174972315 145.335548173 10483.4296788 121.334440753 21.0954679296 1.99708583929 4.45106935242 8.34244701131 92.6168327796 ;
48.8797517455 2.74398758728 2.03568657874 0.77812257564 0.281613653995 11.1807602793 1.38712179984 54.4344453064 2712.53607448 70.6299456943 8.03238557979 2.16150909317 1.60459563313 3.33971346541 52.4197051978 ;
63.4143302181 3.80685358255 4.83592938733 1.66770508827 0.910695742471 13.1038421599 1.72066458982 472.096573209 30491.6988577 131.146417445 20.1790180101 1.82839639143 3.96190605293 7.15881618454 81.5140186916 ;
60.07027897 3.15021459227 3.08905579399 1.33798283262 0.238197424893 18.7848712446 2.78111587983 155.803111588 9412.152897 108.494098712 16.7781199762 1.91226898224 2.5498014636 4.79143235978 71.3980686695 ;
60.6701030928 3.21391752577 4.375 1.63853092784 0.574097938144 18.9884020619 2.83762886598 150.580541237 9171.76546392 108.845360825 17.0395489179 1.90175728787 2.63510347942 4.9302043268 72.3588917526 ;
67.725974026 4.57272727273 2.75194805195 1.00519480519 1.0025974026 5.35324675325 0.474025974026 139.207792208 10177.8948052 121.549350649 21.348587435 2.10341750565 4.56757437941 8.67352911787 94.3922077922 ;
50.4231955583 2.74521900062 2.09068476249 0.818013571869 0.23257248612 12.0672424429 1.5367057372 66.7649599013 3456.09623689 75.873534855 9.22433776839 2.09053881847 1.71441962635 3.49411033404 54.8846391117 ;
63.9451672862 3.86524163569 3.52044609665 1.35594795539 0.719330855019 12.4200743494 1.61988847584 462.205390335 29922.7360595 133.477695167 20.7001103755 1.81677195814 3.96839941166 7.12736322028 82.5604089219 ;
50.4231955583 2.74521900062 2.09068476249 0.818013571869 0.23257248612 12.0672424429 1.5367057372 66.7649599013 3456.09623689 75.873534855 9.22433776839 2.09053881847 1.71441962635 3.49411033404 54.8846391117 ;
67.725974026 4.57272727273 2.75194805195 1.00519480519 1.0025974026 5.35324675325 0.474025974026 139.207792208 10177.8948052 121.549350649 21.348587435 2.10341750565 4.56757437941 8.67352911787 94.3922077922 ;
63.9451672862 3.86524163569 3.52044609665 1.35594795539 0.719330855019 12.4200743494 1.61988847584 462.205390335 29922.7360595 133.477695167 20.7001103755 1.81677195814 3.96839941166 7.12736322028 82.5604089219 ;
60.6701030928 3.21391752577 4.375 1.63853092784 0.574097938144 18.9884020619 2.83762886598 150.580541237 9171.76546392 108.845360825 17.0395489179 1.90175728787 2.63510347942 4.9302043268 72.3588917526 ;
50.4231955583 2.74521900062 2.09068476249 0.818013571869 0.23257248612 12.0672424429 1.5367057372 66.7649599013 3456.09623689 75.873534855 9.22433776839 2.09053881847 1.71441962635 3.49411033404 54.8846391117 ;
67.725974026 4.57272727273 2.75194805195 1.00519480519 1.0025974026 5.35324675325 0.474025974026 139.207792208 10177.8948052 121.549350649 21.348587435 2.10341750565 4.56757437941 8.67352911787 94.3922077922 ;
60.6701030928 3.21391752577 4.375 1.63853092784 0.574097938144 18.9884020619 2.83762886598 150.580541237 9171.76546392 108.845360825 17.0395489179 1.90175728787 2.63510347942 4.9302043268 72.3588917526 ;
63.9451672862 3.86524163569 3.52044609665 1.35594795539 0.719330855019 12.4200743494 1.61988847584 462.205390335 29922.7360595 133.477695167 20.7001103755 1.81677195814 3.96839941166 7.12736322028 82.5604089219 ;
50.4231955583 2.74521900062 2.09068476249 0.818013571869 0.23257248612 12.0672424429 1.5367057372 66.7649599013 3456.09623689 75.873534855 9.22433776839 2.09053881847 1.71441962635 3.49411033404 54.8846391117 ;
67.725974026 4.57272727273 2.75194805195 1.00519480519 1.0025974026 5.35324675325 0.474025974026 139.207792208 10177.8948052 121.549350649 21.348587435 2.10341750565 4.56757437941 8.67352911787 94.3922077922 ;
60.6701030928 3.21391752577 4.375 1.63853092784 0.574097938144 18.9884020619 2.83762886598 150.580541237 9171.76546392 108.845360825 17.0395489179 1.90175728787 2.63510347942 4.9302043268 72.3588917526 ;
63.9451672862 3.86524163569 3.52044609665 1.35594795539 0.719330855019 12.4200743494 1.61988847584 462.205390335 29922.7360595 133.477695167 20.7001103755 1.81677195814 3.96839941166 7.12736322028 82.5604089219 ;
60.07027897 3.15021459227 3.08905579399 1.33798283262 0.238197424893 18.7848712446 2.78111587983 155.803111588 9412.152897 108.494098712 16.7781199762 1.91226898224 2.5498014636 4.79143235978 71.3980686695 ;
67.3366555925 4.4772978959 3.37430786268 1.10631229236 1.25138427464 4.95127353267 0.414174972315 145.335548173 10483.4296788 121.334440753 21.0954679296 1.99708583929 4.45106935242 8.34244701131 92.6168327796 ;
63.4143302181 3.80685358255 4.83592938733 1.66770508827 0.910695742471 13.1038421599 1.72066458982 472.096573209 30491.6988577 131.146417445 20.1790180101 1.82839639143 3.96190605293 7.15881618454 81.5140186916 ;
48.8797517455 2.74398758728 2.03568657874 0.77812257564 0.281613653995 11.1807602793 1.38712179984 54.4344453064 2712.53607448 70.6299456943 8.03238557979 2.16150909317 1.60459563313 3.33971346541 52.4197051978 ;
50.4231955583 2.74521900062 2.09068476249 0.818013571869 0.23257248612 12.0672424429 1.5367057372 66.7649599013 3456.09623689 75.873534855 9.22433776839 2.09053881847 1.71441962635 3.49411033404 54.8846391117 ;
67.725974026 4.57272727273 2.75194805195 1.00519480519 1.0025974026 5.35324675325 0.474025974026 139.207792208 10177.8948052 121.549350649 21.348587435 2.10341750565 4.56757437941 8.67352911787 94.3922077922 ;
60.6701030928 3.21391752577 4.375 1.63853092784 0.574097938144 18.9884020619 2.83762886598 150.580541237 9171.76546392 108.845360825 17.0395489179 1.90175728787 2.63510347942 4.9302043268 72.3588917526 ;
63.9451672862 3.86524163569 3.52044609665 1.35594795539 0.719330855019 12.4200743494 1.61988847584 462.205390335 29922.7360595 133.477695167 20.7001103755 1.81677195814 3.96839941166 7.12736322028 82.5604089219 ;
60.0750267953 3.15058949625 3.09056806002 1.33922829582 0.237942122186 18.7995712755 2.78403001072 156.01607717 9426.35155413 108.519292605 16.781446786 1.91187440097 2.55161585662 4.7933157632 71.4088960343 ;
63.4120707596 3.80749219563 4.83662851197 1.66597294485 0.912591050989 13.0634755463 1.71279916753 472.341311134 30507.9989594 131.144640999 20.1796360838 1.82898800793 3.96132181965 7.160086046 81.5140478668 ;
48.8797517455 2.74398758728 2.03568657874 0.77812257564 0.281613653995 11.1807602793 1.38712179984 54.4344453064 2712.53607448 70.6299456943 8.03238557979 2.16150909317 1.60459563313 3.33971346541 52.4197051978 ;
67.3366555925 4.4772978959 3.37430786268 1.10631229236 1.25138427464 4.95127353267 0.414174972315 145.335548173 10483.4296788 121.334440753 21.0954679296 1.99708583929 4.45106935242 8.34244701131 92.6168327796 ;
50.4231955583 2.74521900062 2.09068476249 0.818013571869 0.23257248612 12.0672424429 1.5367057372 66.7649599013 3456.09623689 75.873534855 9.22433776839 2.09053881847 1.71441962635 3.49411033404 54.8846391117 ;
67.725974026 4.57272727273 2.75194805195 1.00519480519 1.0025974026 5.35324675325 0.474025974026 139.207792208 10177.8948052 121.549350649 21.348587435 2.10341750565 4.56757437941 8.67352911787 94.3922077922 ;
63.9451672862 3.86524163569 3.52044609665 1.35594795539 0.719330855019 12.4200743494 1.61988847584 462.205390335 29922.7360595 133.477695167 20.7001103755 1.81677195814 3.96839941166 7.12736322028 82.5604089219 ;
60.6701030928 3.21391752577 4.375 1.63853092784 0.574097938144 18.9884020619 2.83762886598 150.580541237 9171.76546392 108.845360825 17.0395489179 1.90175728787 2.63510347942 4.9302043268 72.3588917526 ;
50.4231955583 2.74521900062 2.09068476249 0.818013571869 0.23257248612 12.0672424429 1.5367057372 66.7649599013 3456.09623689 75.873534855 9.22433776839 2.09053881847 1.71441962635 3.49411033404 54.8846391117 ;
67.725974026 4.57272727273 2.75194805195 1.00519480519 1.0025974026 5.35324675325 0.474025974026 139.207792208 10177.8948052 121.549350649 21.348587435 2.10341750565 4.56757437941 8.67352911787 94.3922077922 ;
60.6701030928 3.21391752577 4.375 1.63853092784 0.574097938144 18.9884020619 2.83762886598 150.580541237 9171.76546392 108.845360825 17.0395489179 1.90175728787 2.63510347942 4.9302043268 72.3588917526 ;
63.9451672862 3.86524163569 3.52044609665 1.35594795539 0.719330855019 12.4200743494 1.61988847584 462.205390335 29922.7360595 133.477695167 20.7001103755 1.81677195814 3.96839941166 7.12736322028 82.5604089219 ;
50.4231955583 2.74521900062 2.09068476249 0.818013571869 0.23257248612 12.0672424429 1.5367057372 66.7649599013 3456.09623689 75.873534855 9.22433776839 2.09053881847 1.71441962635 3.49411033404 54.8846391117 ;
67.725974026 4.57272727273 2.75194805195 1.00519480519 1.0025974026 5.35324675325 0.474025974026 139.207792208 10177.8948052 121.549350649 21.348587435 2.10341750565 4.56757437941 8.67352911787 94.3922077922 ;
60.6701030928 3.21391752577 4.375 1.63853092784 0.574097938144 18.9884020619 2.83762886598 150.580541237 9171.76546392 108.845360825 17.0395489179 1.90175728787 2.63510347942 4.9302043268 72.3588917526 ;
63.9451672862 3.86524163569 3.52044609665 1.35594795539 0.719330855019 12.4200743494 1.61988847584 462.205390335 29922.7360595 133.477695167 20.7001103755 1.81677195814 3.96839941166 7.12736322028 82.5604089219 ;
60.6701030928 3.21391752577 4.375 1.63853092784 0.574097938144 18.9884020619 2.83762886598 150.580541237 9171.76546392 108.845360825 17.0395489179 1.90175728787 2.63510347942 4.9302043268 72.3588917526 ;
63.9451672862 3.86524163569 3.52044609665 1.35594795539 0.719330855019 12.4200743494 1.61988847584 462.205390335 29922.7360595 133.477695167 20.7001103755 1.81677195814 3.96839941166 7.12736322028 82.5604089219 ;
67.725974026 4.57272727273 2.75194805195 1.00519480519 1.0025974026 5.35324675325 0.474025974026 139.207792208 10177.8948052 121.549350649 21.348587435 2.10341750565 4.56757437941 8.67352911787 94.3922077922 ;
50.4231955583 2.74521900062 2.09068476249 0.818013571869 0.23257248612 12.0672424429 1.5367057372 66.7649599013 3456.09623689 75.873534855 9.22433776839 2.09053881847 1.71441962635 3.49411033404 54.8846391117 ;
67.3366555925 4.4772978959 3.37430786268 1.10631229236 1.25138427464 4.95127353267 0.414174972315 145.335548173 10483.4296788 121.334440753 21.0954679296 1.99708583929 4.45106935242 8.34244701131 92.6168327796 ;
48.8797517455 2.74398758728 2.03568657874 0.77812257564 0.281613653995 11.1807602793 1.38712179984 54.4344453064 2712.53607448 70.6299456943 8.03238557979 2.16150909317 1.60459563313 3.33971346541 52.4197051978 ;
63.4143302181 3.80685358255 4.83592938733 1.66770508827 0.910695742471 13.1038421599 1.72066458982 472.096573209 30491.6988577 131.146417445 20.1790180101 1.82839639143 3.96190605293 7.15881618454 81.5140186916 ;
60.07027897 3.15021459227 3.08905579399 1.33798283262 0.238197424893 18.7848712446 2.78111587983 155.803111588 9412.152897 108.494098712 16.7781199762 1.91226898224 2.5498014636 4.79143235978 71.3980686695 ;
67.725974026 4.57272727273 2.75194805195 1.00519480519 1.0025974026 5.35324675325 0.474025974026 139.207792208 10177.8948052 121.549350649 21.348587435 2.10341750565 4.56757437941 8.67352911787 94.3922077922 ;
50.4231955583 2.74521900062 2.09068476249 0.818013571869 0.23257248612 12.0672424429 1.5367057372 66.7649599013 3456.09623689 75.873534855 9.22433776839 2.09053881847 1.71441962635 3.49411033404 54.8846391117 ;
60.6701030928 3.21391752577 4.375 1.63853092784 0.574097938144 18.9884020619 2.83762886598 150.580541237 9171.76546392 108.845360825 17.0395489179 1.90175728787 2.63510347942 4.9302043268 72.3588917526 ;
63.9451672862 3.86524163569 3.52044609665 1.35594795539 0.719330855019 12.4200743494 1.61988847584 462.205390335 29922.7360595 133.477695167 20.7001103755 1.81677195814 3.96839941166 7.12736322028 82.5604089219 ;
50.4231955583 2.74521900062 2.09068476249 0.818013571869 0.23257248612 12.0672424429 1.5367057372 66.7649599013 3456.09623689 75.873534855 9.22433776839 2.09053881847 1.71441962635 3.49411033404 54.8846391117 ;
67.725974026 4.57272727273 2.75194805195 1.00519480519 1.0025974026 5.35324675325 0.474025974026 139.207792208 10177.8948052 121.549350649 21.348587435 2.10341750565 4.56757437941 8.67352911787 94.3922077922 ;
63.9451672862 3.86524163569 3.52044609665 1.35594795539 0.719330855019 12.4200743494 1.61988847584 462.205390335 29922.7360595 133.477695167 20.7001103755 1.81677195814 3.96839941166 7.12736322028 82.5604089219 ;
60.6701030928 3.21391752577 4.375 1.63853092784 0.574097938144 18.9884020619 2.83762886598 150.580541237 9171.76546392 108.845360825 17.0395489179 1.90175728787 2.63510347942 4.9302043268 72.3588917526 ;
67.3366555925 4.4772978959 3.37430786268 1.10631229236 1.25138427464 4.95127353267 0.414174972315 145.335548173 10483.4296788 121.334440753 21.0954679296 1.99708583929 4.45106935242 8.34244701131 92.6168327796 ;
48.8797517455 2.74398758728 2.03568657874 0.77812257564 0.281613653995 11.1807602793 1.38712179984 54.4344453064 2712.53607448 70.6299456943 8.03238557979 2.16150909317 1.60459563313 3.33971346541 52.4197051978 ;
63.4120707596 3.80749219563 4.83662851197 1.66597294485 0.912591050989 13.0634755463 1.71279916753 472.341311134 30507.9989594 131.144640999 20.1796360838 1.82898800793 3.96132181965 7.160086046 81.5140478668 ;
60.0750267953 3.15058949625 3.09056806002 1.33922829582 0.237942122186 18.7995712755 2.78403001072 156.01607717 9426.35155413 108.519292605 16.781446786 1.91187440097 2.55161585662 4.7933157632 71.4088960343 ;
50.4231955583 2.74521900062 2.09068476249 0.818013571869 0.23257248612 12.0672424429 1.5367057372 66.7649599013 3456.09623689 75.873534855 9.22433776839 2.09053881847 1.71441962635 3.49411033404 54.8846391117 ;
67.725974026 4.57272727273 2.75194805195 1.00519480519 1.0025974026 5.35324675325 0.474025974026 139.207792208 10177.8948052 121.549350649 21.348587435 2.10341750565 4.56757437941 8.67352911787 94.3922077922 ;
63.9451672862 3.86524163569 3.52044609665 1.35594795539 0.719330855019 12.4200743494 1.61988847584 462.205390335 29922.7360595 133.477695167 20.7001103755 1.81677195814 3.96839941166 7.12736322028 82.5604089219 ;
60.6701030928 3.21391752577 4.375 1.63853092784 0.574097938144 18.9884020619 2.83762886598 150.580541237 9171.76546392 108.845360825 17.0395489179 1.90175728787 2.63510347942 4.9302043268 72.3588917526 ;
50.4231955583 2.74521900062 2.09068476249 0.818013571869 0.23257248612 12.0672424429 1.5367057372 66.7649599013 3456.09623689 75.873534855 9.22433776839 2.09053881847 1.71441962635 3.49411033404 54.8846391117 ;
67.725974026 4.57272727273 2.75194805195 1.00519480519 1.0025974026 5.35324675325 0.474025974026 139.207792208 10177.8948052 121.549350649 21.348587435 2.10341750565 4.56757437941 8.67352911787 94.3922077922 ;
63.9451672862 3.86524163569 3.52044609665 1.35594795539 0.719330855019 12.4200743494 1.61988847584 462.205390335 29922.7360595 133.477695167 20.7001103755 1.81677195814 3.96839941166 7.12736322028 82.5604089219 ;
60.6701030928 3.21391752577 4.375 1.63853092784 0.574097938144 18.9884020619 2.83762886598 150.580541237 9171.76546392 108.845360825 17.0395489179 1.90175728787 2.63510347942 4.9302043268 72.3588917526 ;
67.725974026 4.57272727273 2.75194805195 1.00519480519 1.0025974026 5.35324675325 0.474025974026 139.207792208 10177.8948052 121.549350649 21.348587435 2.10341750565 4.56757437941 8.67352911787 94.3922077922 ;
50.4231955583 2.74521900062 2.09068476249 0.818013571869 0.23257248612 12.0672424429 1.5367057372 66.7649599013 3456.09623689 75.873534855 9.22433776839 2.09053881847 1.71441962635 3.49411033404 54.8846391117 ;
63.9451672862 3.86524163569 3.52044609665 1.35594795539 0.719330855019 12.4200743494 1.61988847584 462.205390335 29922.7360595 133.477695167 20.7001103755 1.81677195814 3.96839941166 7.12736322028 82.5604089219 ;
60.6701030928 3.21391752577 4.375 1.63853092784 0.574097938144 18.9884020619 2.83762886598 150.580541237 9171.76546392 108.845360825 17.0395489179 1.90175728787 2.63510347942 4.9302043268 72.3588917526 ;
60.07027897 3.15021459227 3.08905579399 1.33798283262 0.238197424893 18.7848712446 2.78111587983 155.803111588 9412.152897 108.494098712 16.7781199762 1.91226898224 2.5498014636 4.79143235978 71.3980686695 ;
63.4143302181 3.80685358255 4.83592938733 1.66770508827 0.910695742471 13.1038421599 1.72066458982 472.096573209 30491.6988577 131.146417445 20.1790180101 1.82839639143 3.96190605293 7.15881618454 81.5140186916 ;
67.3366555925 4.4772978959 3.37430786268 1.10631229236 1.25138427464 4.95127353267 0.414174972315 145.335548173 10483.4296788 121.334440753 21.0954679296 1.99708583929 4.45106935242 8.34244701131 92.6168327796 ;
48.8797517455 2.74398758728 2.03568657874 0.77812257564 0.281613653995 11.1807602793 1.38712179984 54.4344453064 2712.53607448 70.6299456943 8.03238557979 2.16150909317 1.60459563313 3.33971346541 52.4197051978 ;
48.8797517455 2.74398758728 2.03568657874 0.77812257564 0.281613653995 11.1807602793 1.38712179984 54.4344453064 2712.53607448 70.6299456943 8.03238557979 2.16150909317 1.60459563313 3.33971346541 52.4197051978 ;
63.4143302181 3.80685358255 4.83592938733 1.66770508827 0.910695742471 13.1038421599 1.72066458982 472.096573209 30491.6988577 131.146417445 20.1790180101 1.82839639143 3.96190605293 7.15881618454 81.5140186916 ;
60.07027897 3.15021459227 3.08905579399 1.33798283262 0.238197424893 18.7848712446 2.78111587983 155.803111588 9412.152897 108.494098712 16.7781199762 1.91226898224 2.5498014636 4.79143235978 71.3980686695 ;
67.3366555925 4.4772978959 3.37430786268 1.10631229236 1.25138427464 4.95127353267 0.414174972315 145.335548173 10483.4296788 121.334440753 21.0954679296 1.99708583929 4.45106935242 8.34244701131 92.6168327796 ;
68.6035131744 4.66248431619 2.78419071518 1.01882057716 1.05018820577 5.00376411543 0.417816813049 164.232120452 12050.4090339 125.451693852 22.1102862799 2.04862866034 4.71376140736 8.90778393227 96.0464240903 ;
50.088030399 2.73717542749 2.05509816339 0.802406586447 0.235592146928 11.818239392 1.49461684611 63.7682077264 3275.28372388 74.6592780241 8.96617275747 2.11709206112 1.69077520528 3.4675109171 54.3742875237 ;
63.1913746631 3.78526504942 3.75831087152 1.42677448338 0.703504043127 13.1796945193 1.74752920036 436.586702606 28012.6621743 129.831087152 19.9601351505 1.80827012743 3.91657751006 7.00692361021 81.0691823899 ;
60.6222222222 3.18104575163 4.20849673203 1.59150326797 0.537254901961 19.0843137255 2.85294117647 149.637908497 9095.95620915 108.993464052 17.0683968369 1.91275737463 2.52943280652 4.76462790992 71.9934640523 ;
50.088030399 2.73717542749 2.05509816339 0.802406586447 0.235592146928 11.818239392 1.49461684611 63.7682077264 3275.28372388 74.6592780241 8.96617275747 2.11709206112 1.69077520528 3.4675109171 54.3742875237 ;
68.6035131744 4.66248431619 2.78419071518 1.01882057716 1.05018820577 5.00376411543 0.417816813049 164.232120452 12050.4090339 125.451693852 22.1102862799 2.04862866034 4.71376140736 8.90778393227 96.0464240903 ;
60.6222222222 3.18104575163 4.20849673203 1.59150326797 0.537254901961 19.0843137255 2.85294117647 149.637908497 9095.95620915 108.993464052 17.0683968369 1.91275737463 2.52943280652 4.76462790992 71.9934640523 ;
63.1913746631 3.78526504942 3.75831087152 1.42677448338 0.703504043127 13.1796945193 1.74752920036 436.586702606 28012.6621743 129.831087152 19.9601351505 1.80827012743 3.91657751006 7.00692361021 81.0691823899 ;
50.4231955583 2.74521900062 2.09068476249 0.818013571869 0.23257248612 12.0672424429 1.5367057372 66.7649599013 3456.09623689 75.873534855 9.22433776839 2.09053881847 1.71441962635 3.49411033404 54.8846391117 ;
67.725974026 4.57272727273 2.75194805195 1.00519480519 1.0025974026 5.35324675325 0.474025974026 139.207792208 10177.8948052 121.549350649 21.348587435 2.10341750565 4.56757437941 8.67352911787 94.3922077922 ;
60.6701030928 3.21391752577 4.375 1.63853092784 0.574097938144 18.9884020619 2.83762886598 150.580541237 9171.76546392 108.845360825 17.0395489179 1.90175728787 2.63510347942 4.9302043268 72.3588917526 ;
63.9451672862 3.86524163569 3.52044609665 1.35594795539 0.719330855019 12.4200743494 1.61988847584 462.205390335 29922.7360595 133.477695167 20.7001103755 1.81677195814 3.96839941166 7.12736322028 82.5604089219 ;
63.9451672862 3.86524163569 3.52044609665 1.35594795539 0.719330855019 12.4200743494 1.61988847584 462.205390335 29922.7360595 133.477695167 20.7001103755 1.81677195814 3.96839941166 7.12736322028 82.5604089219 ;
50.4231955583 2.74521900062 2.09068476249 0.818013571869 0.23257248612 12.0672424429 1.5367057372 66.7649599013 3456.09623689 75.873534855 9.22433776839 2.09053881847 1.71441962635 3.49411033404 54.8846391117 ;
67.725974026 4.57272727273 2.75194805195 1.00519480519 1.0025974026 5.35324675325 0.474025974026 139.207792208 10177.8948052 121.549350649 21.348587435 2.10341750565 4.56757437941 8.67352911787 94.3922077922 ;
60.6701030928 3.21391752577 4.375 1.63853092784 0.574097938144 18.9884020619 2.83762886598 150.580541237 9171.76546392 108.845360825 17.0395489179 1.90175728787 2.63510347942 4.9302043268 72.3588917526 ;
50.4231955583 2.74521900062 2.09068476249 0.818013571869 0.23257248612 12.0672424429 1.5367057372 66.7649599013 3456.09623689 75.873534855 9.22433776839 2.09053881847 1.71441962635 3.49411033404 54.8846391117 ;
63.9451672862 3.86524163569 3.52044609665 1.35594795539 0.719330855019 12.4200743494 1.61988847584 462.205390335 29922.7360595 133.477695167 20.7001103755 1.81677195814 3.96839941166 7.12736322028 82.5604089219 ;
60.6701030928 3.21391752577 4.375 1.63853092784 0.574097938144 18.9884020619 2.83762886598 150.580541237 9171.76546392 108.845360825 17.0395489179 1.90175728787 2.63510347942 4.9302043268 72.3588917526 ;
67.725974026 4.57272727273 2.75194805195 1.00519480519 1.0025974026 5.35324675325 0.474025974026 139.207792208 10177.8948052 121.549350649 21.348587435 2.10341750565 4.56757437941 8.67352911787 94.3922077922 ;
50.4231955583 2.74521900062 2.09068476249 0.818013571869 0.23257248612 12.0672424429 1.5367057372 66.7649599013 3456.09623689 75.873534855 9.22433776839 2.09053881847 1.71441962635 3.49411033404 54.8846391117 ;
67.725974026 4.57272727273 2.75194805195 1.00519480519 1.0025974026 5.35324675325 0.474025974026 139.207792208 10177.8948052 121.549350649 21.348587435 2.10341750565 4.56757437941 8.67352911787 94.3922077922 ;
60.6701030928 3.21391752577 4.375 1.63853092784 0.574097938144 18.9884020619 2.83762886598 150.580541237 9171.76546392 108.845360825 17.0395489179 1.90175728787 2.63510347942 4.9302043268 72.3588917526 ;
63.9451672862 3.86524163569 3.52044609665 1.35594795539 0.719330855019 12.4200743494 1.61988847584 462.205390335 29922.7360595 133.477695167 20.7001103755 1.81677195814 3.96839941166 7.12736322028 82.5604089219 ;
60.6265533028 3.18181818182 4.21124918247 1.5925441465 0.537606278613 19.0954872466 2.85480706344 149.678875082 9098.79267495 108.990843689 17.0708454795 1.91257988361 2.53009572923 4.76557876301 71.9993459778 ;
68.5866834171 4.65954773869 2.78266331658 1.01884422111 1.04899497487 5.00628140704 0.418341708543 163.746231156 12008.6658291 125.371859296 22.0935387509 2.04913355 4.71512712624 8.91147193275 96.0213567839 ;
63.2082585278 3.7881508079 3.75852782765 1.42639138241 0.704667863555 13.170556553 1.74596050269 436.68940754 28028.1606822 129.884201077 19.9740320842 1.80812512416 3.91631725124 7.00599471608 81.1005385996 ;
50.0905063291 2.73670886076 2.05379746835 0.801898734177 0.235443037975 11.8120253165 1.49367088608 63.7829113924 3276.22278481 74.6835443038 8.96893114326 2.11713449725 1.69066447665 3.46741171622 54.3797468354 ;
48.8797517455 2.74398758728 2.03568657874 0.77812257564 0.281613653995 11.1807602793 1.38712179984 54.4344453064 2712.53607448 70.6299456943 8.03238557979 2.16150909317 1.60459563313 3.33971346541 52.4197051978 ;
63.4120707596 3.80749219563 4.83662851197 1.66597294485 0.912591050989 13.0634755463 1.71279916753 472.341311134 30507.9989594 131.144640999 20.1796360838 1.82898800793 3.96132181965 7.160086046 81.5140478668 ;
67.3366555925 4.4772978959 3.37430786268 1.10631229236 1.25138427464 4.95127353267 0.414174972315 145.335548173 10483.4296788 121.334440753 21.0954679296 1.99708583929 4.45106935242 8.34244701131 92.6168327796 ;
60.0750267953 3.15058949625 3.09056806002 1.33922829582 0.237942122186 18.7995712755 2.78403001072 156.01607717 9426.35155413 108.519292605 16.781446786 1.91187440097 2.55161585662 4.7933157632 71.4088960343 ;
50.4231955583 2.74521900062 2.09068476249 0.818013571869 0.23257248612 12.0672424429 1.5367057372 66.7649599013 3456.09623689 75.873534855 9.22433776839 2.09053881847 1.71441962635 3.49411033404 54.8846391117 ;
67.725974026 4.57272727273 2.75194805195 1.00519480519 1.0025974026 5.35324675325 0.474025974026 139.207792208 10177.8948052 121.549350649 21.348587435 2.10341750565 4.56757437941 8.67352911787 94.3922077922 ;
60.6701030928 3.21391752577 4.375 1.63853092784 0.574097938144 18.9884020619 2.83762886598 150.580541237 9171.76546392 108.845360825 17.0395489179 1.90175728787 2.63510347942 4.9302043268 72.3588917526 ;
63.9451672862 3.86524163569 3.52044609665 1.35594795539 0.719330855019 12.4200743494 1.61988847584 462.205390335 29922.7360595 133.477695167 20.7001103755 1.81677195814 3.96839941166 7.12736322028 82.5604089219 ;
60.0750267953 3.15058949625 3.09056806002 1.33922829582 0.237942122186 18.7995712755 2.78403001072 156.01607717 9426.35155413 108.519292605 16.781446786 1.91187440097 2.55161585662 4.7933157632 71.4088960343 ;
63.4120707596 3.80749219563 4.83662851197 1.66597294485 0.912591050989 13.0634755463 1.71279916753 472.341311134 30507.9989594 131.144640999 20.1796360838 1.82898800793 3.96132181965 7.160086046 81.5140478668 ;
48.8797517455 2.74398758728 2.03568657874 0.77812257564 0.281613653995 11.1807602793 1.38712179984 54.4344453064 2712.53607448 70.6299456943 8.03238557979 2.16150909317 1.60459563313 3.33971346541 52.4197051978 ;
67.3366555925 4.4772978959 3.37430786268 1.10631229236 1.25138427464 4.95127353267 0.414174972315 145.335548173 10483.4296788 121.334440753 21.0954679296 1.99708583929 4.45106935242 8.34244701131 92.6168327796 ;
50.4231955583 2.74521900062 2.09068476249 0.818013571869 0.23257248612 12.0672424429 1.5367057372 66.7649599013 3456.09623689 75.873534855 9.22433776839 2.09053881847 1.71441962635 3.49411033404 54.8846391117 ;
67.725974026 4.57272727273 2.75194805195 1.00519480519 1.0025974026 5.35324675325 0.474025974026 139.207792208 10177.8948052 121.549350649 21.348587435 2.10341750565 4.56757437941 8.67352911787 94.3922077922 ;
60.6701030928 3.21391752577 4.375 1.63853092784 0.574097938144 18.9884020619 2.83762886598 150.580541237 9171.76546392 108.845360825 17.0395489179 1.90175728787 2.63510347942 4.9302043268 72.3588917526 ;
63.9451672862 3.86524163569 3.52044609665 1.35594795539 0.719330855019 12.4200743494 1.61988847584 462.205390335 29922.7360595 133.477695167 20.7001103755 1.81677195814 3.96839941166 7.12736322028 82.5604089219 ;
48.8797517455 2.74398758728 2.03568657874 0.77812257564 0.281613653995 11.1807602793 1.38712179984 54.4344453064 2712.53607448 70.6299456943 8.03238557979 2.16150909317 1.60459563313 3.33971346541 52.4197051978 ;
67.3366555925 4.4772978959 3.37430786268 1.10631229236 1.25138427464 4.95127353267 0.414174972315 145.335548173 10483.4296788 121.334440753 21.0954679296 1.99708583929 4.45106935242 8.34244701131 92.6168327796 ;
63.4120707596 3.80749219563 4.83662851197 1.66597294485 0.912591050989 13.0634755463 1.71279916753 472.341311134 30507.9989594 131.144640999 20.1796360838 1.82898800793 3.96132181965 7.160086046 81.5140478668 ;
60.0750267953 3.15058949625 3.09056806002 1.33922829582 0.237942122186 18.7995712755 2.78403001072 156.01607717 9426.35155413 108.519292605 16.781446786 1.91187440097 2.55161585662 4.7933157632 71.4088960343 ;
60.6701030928 3.21391752577 4.375 1.63853092784 0.574097938144 18.9884020619 2.83762886598 150.580541237 9171.76546392 108.845360825 17.0395489179 1.90175728787 2.63510347942 4.9302043268 72.3588917526 ;
63.9451672862 3.86524163569 3.52044609665 1.35594795539 0.719330855019 12.4200743494 1.61988847584 462.205390335 29922.7360595 133.477695167 20.7001103755 1.81677195814 3.96839941166 7.12736322028 82.5604089219 ;
50.4231955583 2.74521900062 2.09068476249 0.818013571869 0.23257248612 12.0672424429 1.5367057372 66.7649599013 3456.09623689 75.873534855 9.22433776839 2.09053881847 1.71441962635 3.49411033404 54.8846391117 ;
67.725974026 4.57272727273 2.75194805195 1.00519480519 1.0025974026 5.35324675325 0.474025974026 139.207792208 10177.8948052 121.549350649 21.348587435 2.10341750565 4.56757437941 8.67352911787 94.3922077922 ;
60.0750267953 3.15058949625 3.09056806002 1.33922829582 0.237942122186 18.7995712755 2.78403001072 156.01607717 9426.35155413 108.519292605 16.781446786 1.91187440097 2.55161585662 4.7933157632 71.4088960343 ;
63.4120707596 3.80749219563 4.83662851197 1.66597294485 0.912591050989 13.0634755463 1.71279916753 472.341311134 30507.9989594 131.144640999 20.1796360838 1.82898800793 3.96132181965 7.160086046 81.5140478668 ;
48.8797517455 2.74398758728 2.03568657874 0.77812257564 0.281613653995 11.1807602793 1.38712179984 54.4344453064 2712.53607448 70.6299456943 8.03238557979 2.16150909317 1.60459563313 3.33971346541 52.4197051978 ;
67.3366555925 4.4772978959 3.37430786268 1.10631229236 1.25138427464 4.95127353267 0.414174972315 145.335548173 10483.4296788 121.334440753 21.0954679296 1.99708583929 4.45106935242 8.34244701131 92.6168327796 ;
50.4231955583 2.74521900062 2.09068476249 0.818013571869 0.23257248612 12.0672424429 1.5367057372 66.7649599013 3456.09623689 75.873534855 9.22433776839 2.09053881847 1.71441962635 3.49411033404 54.8846391117 ;
67.725974026 4.57272727273 2.75194805195 1.00519480519 1.0025974026 5.35324675325 0.474025974026 139.207792208 10177.8948052 121.549350649 21.348587435 2.10341750565 4.56757437941 8.67352911787 94.3922077922 ;
60.6701030928 3.21391752577 4.375 1.63853092784 0.574097938144 18.9884020619 2.83762886598 150.580541237 9171.76546392 108.845360825 17.0395489179 1.90175728787 2.63510347942 4.9302043268 72.3588917526 ;
63.9451672862 3.86524163569 3.52044609665 1.35594795539 0.719330855019 12.4200743494 1.61988847584 462.205390335 29922.7360595 133.477695167 20.7001103755 1.81677195814 3.96839941166 7.12736322028 82.5604089219 ;
50.4231955583 2.74521900062 2.09068476249 0.818013571869 0.23257248612 12.0672424429 1.5367057372 66.7649599013 3456.09623689 75.873534855 9.22433776839 2.09053881847 1.71441962635 3.49411033404 54.8846391117 ;
67.725974026 4.57272727273 2.75194805195 1.00519480519 1.0025974026 5.35324675325 0.474025974026 139.207792208 10177.8948052 121.549350649 21.348587435 2.10341750565 4.56757437941 8.67352911787 94.3922077922 ;
63.9451672862 3.86524163569 3.52044609665 1.35594795539 0.719330855019 12.4200743494 1.61988847584 462.205390335 29922.7360595 133.477695167 20.7001103755 1.81677195814 3.96839941166 7.12736322028 82.5604089219 ;
60.6701030928 3.21391752577 4.375 1.63853092784 0.574097938144 18.9884020619 2.83762886598 150.580541237 9171.76546392 108.845360825 17.0395489179 1.90175728787 2.63510347942 4.9302043268 72.3588917526 ;
48.8797517455 2.74398758728 2.03568657874 0.77812257564 0.281613653995 11.1807602793 1.38712179984 54.4344453064 2712.53607448 70.6299456943 8.03238557979 2.16150909317 1.60459563313 3.33971346541 52.4197051978 ;
63.4120707596 3.80749219563 4.83662851197 1.66597294485 0.912591050989 13.0634755463 1.71279916753 472.341311134 30507.9989594 131.144640999 20.1796360838 1.82898800793 3.96132181965 7.160086046 81.5140478668 ;
67.3366555925 4.4772978959 3.37430786268 1.10631229236 1.25138427464 4.95127353267 0.414174972315 145.335548173 10483.4296788 121.334440753 21.0954679296 1.99708583929 4.45106935242 8.34244701131 92.6168327796 ;
60.0750267953 3.15058949625 3.09056806002 1.33922829582 0.237942122186 18.7995712755 2.78403001072 156.01607717 9426.35155413 108.519292605 16.781446786 1.91187440097 2.55161585662 4.7933157632 71.4088960343 ;
67.3366555925 4.4772978959 3.37430786268 1.10631229236 1.25138427464 4.95127353267 0.414174972315 145.335548173 10483.4296788 121.334440753 21.0954679296 1.99708583929 4.45106935242 8.34244701131 92.6168327796 ;
48.8797517455 2.74398758728 2.03568657874 0.77812257564 0.281613653995 11.1807602793 1.38712179984 54.4344453064 2712.53607448 70.6299456943 8.03238557979 2.16150909317 1.60459563313 3.33971346541 52.4197051978 ;
63.4076763485 3.80705394191 4.83402489627 1.66701244813 0.910788381743 13.0985477178 1.71991701245 471.71473029 30466.3246888 131.106846473 20.1718417074 1.8281858104 3.96246683245 7.1589816685 81.5020746888 ;
60.0719269995 3.14975845411 3.08910359635 1.33816425121 0.237788513151 18.7906602254 2.782071927 155.830917874 9413.96779388 108.502415459 16.7800078225 1.91242296651 2.54875331758 4.79007599351 71.398819109 ;
60.07027897 3.15021459227 3.08905579399 1.33798283262 0.238197424893 18.7848712446 2.78111587983 155.803111588 9412.152897 108.494098712 16.7781199762 1.91226898224 2.5498014636 4.79143235978 71.3980686695 ;
63.4143302181 3.80685358255 4.83592938733 1.66770508827 0.910695742471 13.1038421599 1.72066458982 472.096573209 30491.6988577 131.146417445 20.1790180101 1.82839639143 3.96190605293 7.15881618454 81.5140186916 ;
67.3366555925 4.4772978959 3.37430786268 1.10631229236 1.25138427464 4.95127353267 0.414174972315 145.335548173 10483.4296788 121.334440753 21.0954679296 1.99708583929 4.45106935242 8.34244701131 92.6168327796 ;
48.8797517455 2.74398758728 2.03568657874 0.77812257564 0.281613653995 11.1807602793 1.38712179984 54.4344453064 2712.53607448 70.6299456943 8.03238557979 2.16150909317 1.60459563313 3.33971346541 52.4197051978 ;
67.725974026 4.57272727273 2.75194805195 1.00519480519 1.0025974026 5.35324675325 0.474025974026 139.207792208 10177.8948052 121.549350649 21.348587435 2.10341750565 4.56757437941 8.67352911787 94.3922077922 ;
50.4231955583 2.74521900062 2.09068476249 0.818013571869 0.23257248612 12.0672424429 1.5367057372 66.7649599013 3456.09623689 75.873534855 9.22433776839 2.09053881847 1.71441962635 3.49411033404 54.8846391117 ;
60.6701030928 3.21391752577 4.375 1.63853092784 0.574097938144 18.9884020619 2.83762886598 150.580541237 9171.76546392 108.845360825 17.0395489179 1.90175728787 2.63510347942 4.9302043268 72.3588917526 ;
63.9451672862 3.86524163569 3.52044609665 1.35594795539 0.719330855019 12.4200743494 1.61988847584 462.205390335 29922.7360595 133.477695167 20.7001103755 1.81677195814 3.96839941166 7.12736322028 82.5604089219 ;
50.4231955583 2.74521900062 2.09068476249 0.818013571869 0.23257248612 12.0672424429 1.5367057372 66.7649599013 3456.09623689 75.873534855 9.22433776839 2.09053881847 1.71441962635 3.49411033404 54.8846391117 ;
63.9451672862 3.86524163569 3.52044609665 1.35594795539 0.719330855019 12.4200743494 1.61988847584 462.205390335 29922.7360595 133.477695167 20.7001103755 1.81677195814 3.96839941166 7.12736322028 82.5604089219 ;
67.725974026 4.57272727273 2.75194805195 1.00519480519 1.0025974026 5.35324675325 0.474025974026 139.207792208 10177.8948052 121.549350649 21.348587435 2.10341750565 4.56757437941 8.67352911787 94.3922077922 ;
60.6701030928 3.21391752577 4.375 1.63853092784 0.574097938144 18.9884020619 2.83762886598 150.580541237 9171.76546392 108.845360825 17.0395489179 1.90175728787 2.63510347942 4.9302043268 72.3588917526 ;
67.725974026 4.57272727273 2.75194805195 1.00519480519 1.0025974026 5.35324675325 0.474025974026 139.207792208 10177.8948052 121.549350649 21.348587435 2.10341750565 4.56757437941 8.67352911787 94.3922077922 ;
50.4231955583 2.74521900062 2.09068476249 0.818013571869 0.23257248612 12.0672424429 1.5367057372 66.7649599013 3456.09623689 75.873534855 9.22433776839 2.09053881847 1.71441962635 3.49411033404 54.8846391117 ;
63.9451672862 3.86524163569 3.52044609665 1.35594795539 0.719330855019 12.4200743494 1.61988847584 462.205390335 29922.7360595 133.477695167 20.7001103755 1.81677195814 3.96839941166 7.12736322028 82.5604089219 ;
60.6701030928 3.21391752577 4.375 1.63853092784 0.574097938144 18.9884020619 2.83762886598 150.580541237 9171.76546392 108.845360825 17.0395489179 1.90175728787 2.63510347942 4.9302043268 72.3588917526 ;
50.4231955583 2.74521900062 2.09068476249 0.818013571869 0.23257248612 12.0672424429 1.5367057372 66.7649599013 3456.09623689 75.873534855 9.22433776839 2.09053881847 1.71441962635 3.49411033404 54.8846391117 ;
67.725974026 4.57272727273 2.75194805195 1.00519480519 1.0025974026 5.35324675325 0.474025974026 139.207792208 10177.8948052 121.549350649 21.348587435 2.10341750565 4.56757437941 8.67352911787 94.3922077922 ;
63.9451672862 3.86524163569 3.52044609665 1.35594795539 0.719330855019 12.4200743494 1.61988847584 462.205390335 29922.7360595 133.477695167 20.7001103755 1.81677195814 3.96839941166 7.12736322028 82.5604089219 ;
60.6701030928 3.21391752577 4.375 1.63853092784 0.574097938144 18.9884020619 2.83762886598 150.580541237 9171.76546392 108.845360825 17.0395489179 1.90175728787 2.63510347942 4.9302043268 72.3588917526 ;
60.6701030928 3.21391752577 4.375 1.63853092784 0.574097938144 18.9884020619 2.83762886598 150.580541237 9171.76546392 108.845360825 17.0395489179 1.90175728787 2.63510347942 4.9302043268 72.3588917526 ;
50.4231955583 2.74521900062 2.09068476249 0.818013571869 0.23257248612 12.0672424429 1.5367057372 66.7649599013 3456.09623689 75.873534855 9.22433776839 2.09053881847 1.71441962635 3.49411033404 54.8846391117 ;
63.9451672862 3.86524163569 3.52044609665 1.35594795539 0.719330855019 12.4200743494 1.61988847584 462.205390335 29922.7360595 133.477695167 20.7001103755 1.81677195814 3.96839941166 7.12736322028 82.5604089219 ;
67.725974026 4.57272727273 2.75194805195 1.00519480519 1.0025974026 5.35324675325 0.474025974026 139.207792208 10177.8948052 121.549350649 21.348587435 2.10341750565 4.56757437941 8.67352911787 94.3922077922 ;
50.4231955583 2.74521900062 2.09068476249 0.818013571869 0.23257248612 12.0672424429 1.5367057372 66.7649599013 3456.09623689 75.873534855 9.22433776839 2.09053881847 1.71441962635 3.49411033404 54.8846391117 ;
67.725974026 4.57272727273 2.75194805195 1.00519480519 1.0025974026 5.35324675325 0.474025974026 139.207792208 10177.8948052 121.549350649 21.348587435 2.10341750565 4.56757437941 8.67352911787 94.3922077922 ;
60.6701030928 3.21391752577 4.375 1.63853092784 0.574097938144 18.9884020619 2.83762886598 150.580541237 9171.76546392 108.845360825 17.0395489179 1.90175728787 2.63510347942 4.9302043268 72.3588917526 ;
63.9451672862 3.86524163569 3.52044609665 1.35594795539 0.719330855019 12.4200743494 1.61988847584 462.205390335 29922.7360595 133.477695167 20.7001103755 1.81677195814 3.96839941166 7.12736322028 82.5604089219 ;
50.4231955583 2.74521900062 2.09068476249 0.818013571869 0.23257248612 12.0672424429 1.5367057372 66.7649599013 3456.09623689 75.873534855 9.22433776839 2.09053881847 1.71441962635 3.49411033404 54.8846391117 ;
67.725974026 4.57272727273 2.75194805195 1.00519480519 1.0025974026 5.35324675325 0.474025974026 139.207792208 10177.8948052 121.549350649 21.348587435 2.10341750565 4.56757437941 8.67352911787 94.3922077922 ;
60.6701030928 3.21391752577 4.375 1.63853092784 0.574097938144 18.9884020619 2.83762886598 150.580541237 9171.76546392 108.845360825 17.0395489179 1.90175728787 2.63510347942 4.9302043268 72.3588917526 ;
63.9451672862 3.86524163569 3.52044609665 1.35594795539 0.719330855019 12.4200743494 1.61988847584 462.205390335 29922.7360595 133.477695167 20.7001103755 1.81677195814 3.96839941166 7.12736322028 82.5604089219 ;
48.8797517455 2.74398758728 2.03568657874 0.77812257564 0.281613653995 11.1807602793 1.38712179984 54.4344453064 2712.53607448 70.6299456943 8.03238557979 2.16150909317 1.60459563313 3.33971346541 52.4197051978 ;
63.4143302181 3.80685358255 4.83592938733 1.66770508827 0.910695742471 13.1038421599 1.72066458982 472.096573209 30491.6988577 131.146417445 20.1790180101 1.82839639143 3.96190605293 7.15881618454 81.5140186916 ;
60.07027897 3.15021459227 3.08905579399 1.33798283262 0.238197424893 18.7848712446 2.78111587983 155.803111588 9412.152897 108.494098712 16.7781199762 1.91226898224 2.5498014636 4.79143235978 71.3980686695 ;
67.3366555925 4.4772978959 3.37430786268 1.10631229236 1.25138427464 4.95127353267 0.414174972315 145.335548173 10483.4296788 121.334440753 21.0954679296 1.99708583929 4.45106935242 8.34244701131 92.6168327796 ;
50.4231955583 2.74521900062 2.09068476249 0.818013571869 0.23257248612 12.0672424429 1.5367057372 66.7649599013 3456.09623689 75.873534855 9.22433776839 2.09053881847 1.71441962635 3.49411033404 54.8846391117 ;
63.9451672862 3.86524163569 3.52044609665 1.35594795539 0.719330855019 12.4200743494 1.61988847584 462.205390335 29922.7360595 133.477695167 20.7001103755 1.81677195814 3.96839941166 7.12736322028 82.5604089219 ;
60.6701030928 3.21391752577 4.375 1.63853092784 0.574097938144 18.9884020619 2.83762886598 150.580541237 9171.76546392 108.845360825 17.0395489179 1.90175728787 2.63510347942 4.9302043268 72.3588917526 ;
67.725974026 4.57272727273 2.75194805195 1.00519480519 1.0025974026 5.35324675325 0.474025974026 139.207792208 10177.8948052 121.549350649 21.348587435 2.10341750565 4.56757437941 8.67352911787 94.3922077922 ;
48.8797517455 2.74398758728 2.03568657874 0.77812257564 0.281613653995 11.1807602793 1.38712179984 54.4344453064 2712.53607448 70.6299456943 8.03238557979 2.16150909317 1.60459563313 3.33971346541 52.4197051978 ;
63.4120707596 3.80749219563 4.83662851197 1.66597294485 0.912591050989 13.0634755463 1.71279916753 472.341311134 30507.9989594 131.144640999 20.1796360838 1.82898800793 3.96132181965 7.160086046 81.5140478668 ;
67.3366555925 4.4772978959 3.37430786268 1.10631229236 1.25138427464 4.95127353267 0.414174972315 145.335548173 10483.4296788 121.334440753 21.0954679296 1.99708583929 4.45106935242 8.34244701131 92.6168327796 ;
60.0750267953 3.15058949625 3.09056806002 1.33922829582 0.237942122186 18.7995712755 2.78403001072 156.01607717 9426.35155413 108.519292605 16.781446786 1.91187440097 2.55161585662 4.7933157632 71.4088960343 ;
60.6701030928 3.21391752577 4.375 1.63853092784 0.574097938144 18.9884020619 2.83762886598 150.580541237 9171.76546392 108.845360825 17.0395489179 1.90175728787 2.63510347942 4.9302043268 72.3588917526 ;
63.9451672862 3.86524163569 3.52044609665 1.35594795539 0.719330855019 12.4200743494 1.61988847584 462.205390335 29922.7360595 133.477695167 20.7001103755 1.81677195814 3.96839941166 7.12736322028 82.5604089219 ;
67.725974026 4.57272727273 2.75194805195 1.00519480519 1.0025974026 5.35324675325 0.474025974026 139.207792208 10177.8948052 121.549350649 21.348587435 2.10341750565 4.56757437941 8.67352911787 94.3922077922 ;
50.4231955583 2.74521900062 2.09068476249 0.818013571869 0.23257248612 12.0672424429 1.5367057372 66.7649599013 3456.09623689 75.873534855 9.22433776839 2.09053881847 1.71441962635 3.49411033404 54.8846391117 ;
60.07027897 3.15021459227 3.08905579399 1.33798283262 0.238197424893 18.7848712446 2.78111587983 155.803111588 9412.152897 108.494098712 16.7781199762 1.91226898224 2.5498014636 4.79143235978 71.3980686695 ;
63.4143302181 3.80685358255 4.83592938733 1.66770508827 0.910695742471 13.1038421599 1.72066458982 472.096573209 30491.6988577 131.146417445 20.1790180101 1.82839639143 3.96190605293 7.15881618454 81.5140186916 ;
67.3366555925 4.4772978959 3.37430786268 1.10631229236 1.25138427464 4.95127353267 0.414174972315 145.335548173 10483.4296788 121.334440753 21.0954679296 1.99708583929 4.45106935242 8.34244701131 92.6168327796 ;
48.8797517455 2.74398758728 2.03568657874 0.77812257564 0.281613653995 11.1807602793 1.38712179984 54.4344453064 2712.53607448 70.6299456943 8.03238557979 2.16150909317 1.60459563313 3.33971346541 52.4197051978 ;
63.4143302181 3.80685358255 4.83592938733 1.66770508827 0.910695742471 13.1038421599 1.72066458982 472.096573209 30491.6988577 131.146417445 20.1790180101 1.82839639143 3.96190605293 7.15881618454 81.5140186916 ;
60.07027897 3.15021459227 3.08905579399 1.33798283262 0.238197424893 18.7848712446 2.78111587983 155.803111588 9412.152897 108.494098712 16.7781199762 1.91226898224 2.5498014636 4.79143235978 71.3980686695 ;
67.3366555925 4.4772978959 3.37430786268 1.10631229236 1.25138427464 4.95127353267 0.414174972315 145.335548173 10483.4296788 121.334440753 21.0954679296 1.99708583929 4.45106935242 8.34244701131 92.6168327796 ;
48.8797517455 2.74398758728 2.03568657874 0.77812257564 0.281613653995 11.1807602793 1.38712179984 54.4344453064 2712.53607448 70.6299456943 8.03238557979 2.16150909317 1.60459563313 3.33971346541 52.4197051978 ;
60.0750267953 3.15058949625 3.09056806002 1.33922829582 0.237942122186 18.7995712755 2.78403001072 156.01607717 9426.35155413 108.519292605 16.781446786 1.91187440097 2.55161585662 4.7933157632 71.4088960343 ;
63.4120707596 3.80749219563 4.83662851197 1.66597294485 0.912591050989 13.0634755463 1.71279916753 472.341311134 30507.9989594 131.144640999 20.1796360838 1.82898800793 3.96132181965 7.160086046 81.5140478668 ;
48.8797517455 2.74398758728 2.03568657874 0.77812257564 0.281613653995 11.1807602793 1.38712179984 54.4344453064 2712.53607448 70.6299456943 8.03238557979 2.16150909317 1.60459563313 3.33971346541 52.4197051978 ;
67.3366555925 4.4772978959 3.37430786268 1.10631229236 1.25138427464 4.95127353267 0.414174972315 145.335548173 10483.4296788 121.334440753 21.0954679296 1.99708583929 4.45106935242 8.34244701131 92.6168327796 ;
50.4231955583 2.74521900062 2.09068476249 0.818013571869 0.23257248612 12.0672424429 1.5367057372 66.7649599013 3456.09623689 75.873534855 9.22433776839 2.09053881847 1.71441962635 3.49411033404 54.8846391117 ;
60.6701030928 3.21391752577 4.375 1.63853092784 0.574097938144 18.9884020619 2.83762886598 150.580541237 9171.76546392 108.845360825 17.0395489179 1.90175728787 2.63510347942 4.9302043268 72.3588917526 ;
67.725974026 4.57272727273 2.75194805195 1.00519480519 1.0025974026 5.35324675325 0.474025974026 139.207792208 10177.8948052 121.549350649 21.348587435 2.10341750565 4.56757437941 8.67352911787 94.3922077922 ;
63.9451672862 3.86524163569 3.52044609665 1.35594795539 0.719330855019 12.4200743494 1.61988847584 462.205390335 29922.7360595 133.477695167 20.7001103755 1.81677195814 3.96839941166 7.12736322028 82.5604089219 ;
50.4231955583 2.74521900062 2.09068476249 0.818013571869 0.23257248612 12.0672424429 1.5367057372 66.7649599013 3456.09623689 75.873534855 9.22433776839 2.09053881847 1.71441962635 3.49411033404 54.8846391117 ;
63.9451672862 3.86524163569 3.52044609665 1.35594795539 0.719330855019 12.4200743494 1.61988847584 462.205390335 29922.7360595 133.477695167 20.7001103755 1.81677195814 3.96839941166 7.12736322028 82.5604089219 ;
67.725974026 4.57272727273 2.75194805195 1.00519480519 1.0025974026 5.35324675325 0.474025974026 139.207792208 10177.8948052 121.549350649 21.348587435 2.10341750565 4.56757437941 8.67352911787 94.3922077922 ;
60.6701030928 3.21391752577 4.375 1.63853092784 0.574097938144 18.9884020619 2.83762886598 150.580541237 9171.76546392 108.845360825 17.0395489179 1.90175728787 2.63510347942 4.9302043268 72.3588917526 ;
48.8797517455 2.74398758728 2.03568657874 0.77812257564 0.281613653995 11.1807602793 1.38712179984 54.4344453064 2712.53607448 70.6299456943 8.03238557979 2.16150909317 1.60459563313 3.33971346541 52.4197051978 ;
63.4143302181 3.80685358255 4.83592938733 1.66770508827 0.910695742471 13.1038421599 1.72066458982 472.096573209 30491.6988577 131.146417445 20.1790180101 1.82839639143 3.96190605293 7.15881618454 81.5140186916 ;
67.3366555925 4.4772978959 3.37430786268 1.10631229236 1.25138427464 4.95127353267 0.414174972315 145.335548173 10483.4296788 121.334440753 21.0954679296 1.99708583929 4.45106935242 8.34244701131 92.6168327796 ;
60.07027897 3.15021459227 3.08905579399 1.33798283262 0.238197424893 18.7848712446 2.78111587983 155.803111588 9412.152897 108.494098712 16.7781199762 1.91226898224 2.5498014636 4.79143235978 71.3980686695 ;
50.4231955583 2.74521900062 2.09068476249 0.818013571869 0.23257248612 12.0672424429 1.5367057372 66.7649599013 3456.09623689 75.873534855 9.22433776839 2.09053881847 1.71441962635 3.49411033404 54.8846391117 ;
67.725974026 4.57272727273 2.75194805195 1.00519480519 1.0025974026 5.35324675325 0.474025974026 139.207792208 10177.8948052 121.549350649 21.348587435 2.10341750565 4.56757437941 8.67352911787 94.3922077922 ;
63.9451672862 3.86524163569 3.52044609665 1.35594795539 0.719330855019 12.4200743494 1.61988847584 462.205390335 29922.7360595 133.477695167 20.7001103755 1.81677195814 3.96839941166 7.12736322028 82.5604089219 ;
60.6701030928 3.21391752577 4.375 1.63853092784 0.574097938144 18.9884020619 2.83762886598 150.580541237 9171.76546392 108.845360825 17.0395489179 1.90175728787 2.63510347942 4.9302043268 72.3588917526 ;
50.4231955583 2.74521900062 2.09068476249 0.818013571869 0.23257248612 12.0672424429 1.5367057372 66.7649599013 3456.09623689 75.873534855 9.22433776839 2.09053881847 1.71441962635 3.49411033404 54.8846391117 ;
63.9451672862 3.86524163569 3.52044609665 1.35594795539 0.719330855019 12.4200743494 1.61988847584 462.205390335 29922.7360595 133.477695167 20.7001103755 1.81677195814 3.96839941166 7.12736322028 82.5604089219 ;
60.6701030928 3.21391752577 4.375 1.63853092784 0.574097938144 18.9884020619 2.83762886598 150.580541237 9171.76546392 108.845360825 17.0395489179 1.90175728787 2.63510347942 4.9302043268 72.3588917526 ;
67.725974026 4.57272727273 2.75194805195 1.00519480519 1.0025974026 5.35324675325 0.474025974026 139.207792208 10177.8948052 121.549350649 21.348587435 2.10341750565 4.56757437941 8.67352911787 94.3922077922 ;
50.0905063291 2.73670886076 2.05379746835 0.801898734177 0.235443037975 11.8120253165 1.49367088608 63.7829113924 3276.22278481 74.6835443038 8.96893114326 2.11713449725 1.69066447665 3.46741171622 54.3797468354 ;
63.2082585278 3.7881508079 3.75852782765 1.42639138241 0.704667863555 13.170556553 1.74596050269 436.68940754 28028.1606822 129.884201077 19.9740320842 1.80812512416 3.91631725124 7.00599471608 81.1005385996 ;
68.5866834171 4.65954773869 2.78266331658 1.01884422111 1.04899497487 5.00628140704 0.418341708543 163.746231156 12008.6658291 125.371859296 22.0935387509 2.04913355 4.71512712624 8.91147193275 96.0213567839 ;
60.6265533028 3.18181818182 4.21124918247 1.5925441465 0.537606278613 19.0954872466 2.85480706344 149.678875082 9098.79267495 108.990843689 17.0708454795 1.91257988361 2.53009572923 4.76557876301 71.9993459778 ;
50.4231955583 2.74521900062 2.09068476249 0.818013571869 0.23257248612 12.0672424429 1.5367057372 66.7649599013 3456.09623689 75.873534855 9.22433776839 2.09053881847 1.71441962635 3.49411033404 54.8846391117 ;
67.725974026 4.57272727273 2.75194805195 1.00519480519 1.0025974026 5.35324675325 0.474025974026 139.207792208 10177.8948052 121.549350649 21.348587435 2.10341750565 4.56757437941 8.67352911787 94.3922077922 ;
60.6701030928 3.21391752577 4.375 1.63853092784 0.574097938144 18.9884020619 2.83762886598 150.580541237 9171.76546392 108.845360825 17.0395489179 1.90175728787 2.63510347942 4.9302043268 72.3588917526 ;
63.9451672862 3.86524163569 3.52044609665 1.35594795539 0.719330855019 12.4200743494 1.61988847584 462.205390335 29922.7360595 133.477695167 20.7001103755 1.81677195814 3.96839941166 7.12736322028 82.5604089219 ;
63.9451672862 3.86524163569 3.52044609665 1.35594795539 0.719330855019 12.4200743494 1.61988847584 462.205390335 29922.7360595 133.477695167 20.7001103755 1.81677195814 3.96839941166 7.12736322028 82.5604089219 ;
60.6701030928 3.21391752577 4.375 1.63853092784 0.574097938144 18.9884020619 2.83762886598 150.580541237 9171.76546392 108.845360825 17.0395489179 1.90175728787 2.63510347942 4.9302043268 72.3588917526 ;
50.4231955583 2.74521900062 2.09068476249 0.818013571869 0.23257248612 12.0672424429 1.5367057372 66.7649599013 3456.09623689 75.873534855 9.22433776839 2.09053881847 1.71441962635 3.49411033404 54.8846391117 ;
67.725974026 4.57272727273 2.75194805195 1.00519480519 1.0025974026 5.35324675325 0.474025974026 139.207792208 10177.8948052 121.549350649 21.348587435 2.10341750565 4.56757437941 8.67352911787 94.3922077922 ;
67.725974026 4.57272727273 2.75194805195 1.00519480519 1.0025974026 5.35324675325 0.474025974026 139.207792208 10177.8948052 121.549350649 21.348587435 2.10341750565 4.56757437941 8.67352911787 94.3922077922 ;
50.4231955583 2.74521900062 2.09068476249 0.818013571869 0.23257248612 12.0672424429 1.5367057372 66.7649599013 3456.09623689 75.873534855 9.22433776839 2.09053881847 1.71441962635 3.49411033404 54.8846391117 ;
63.9451672862 3.86524163569 3.52044609665 1.35594795539 0.719330855019 12.4200743494 1.61988847584 462.205390335 29922.7360595 133.477695167 20.7001103755 1.81677195814 3.96839941166 7.12736322028 82.5604089219 ;
60.6701030928 3.21391752577 4.375 1.63853092784 0.574097938144 18.9884020619 2.83762886598 150.580541237 9171.76546392 108.845360825 17.0395489179 1.90175728787 2.63510347942 4.9302043268 72.3588917526 ;
60.6222222222 3.18104575163 4.20849673203 1.59150326797 0.537254901961 19.0843137255 2.85294117647 149.637908497 9095.95620915 108.993464052 17.0683968369 1.91275737463 2.52943280652 4.76462790992 71.9934640523 ;
63.1913746631 3.78526504942 3.75831087152 1.42677448338 0.703504043127 13.1796945193 1.74752920036 436.586702606 28012.6621743 129.831087152 19.9601351505 1.80827012743 3.91657751006 7.00692361021 81.0691823899 ;
68.6035131744 4.66248431619 2.78419071518 1.01882057716 1.05018820577 5.00376411543 0.417816813049 164.232120452 12050.4090339 125.451693852 22.1102862799 2.04862866034 4.71376140736 8.90778393227 96.0464240903 ;
50.088030399 2.73717542749 2.05509816339 0.802406586447 0.235592146928 11.818239392 1.49461684611 63.7682077264 3275.28372388 74.6592780241 8.96617275747 2.11709206112 1.69077520528 3.4675109171 54.3742875237 ;
60.6701030928 3.21391752577 4.375 1.63853092784 0.574097938144 18.9884020619 2.83762886598 150.580541237 9171.76546392 108.845360825 17.0395489179 1.90175728787 2.63510347942 4.9302043268 72.3588917526 ;
63.9451672862 3.86524163569 3.52044609665 1.35594795539 0.719330855019 12.4200743494 1.61988847584 462.205390335 29922.7360595 133.477695167 20.7001103755 1.81677195814 3.96839941166 7.12736322028 82.5604089219 ;
50.4231955583 2.74521900062 2.09068476249 0.818013571869 0.23257248612 12.0672424429 1.5367057372 66.7649599013 3456.09623689 75.873534855 9.22433776839 2.09053881847 1.71441962635 3.49411033404 54.8846391117 ;
67.725974026 4.57272727273 2.75194805195 1.00519480519 1.0025974026 5.35324675325 0.474025974026 139.207792208 10177.8948052 121.549350649 21.348587435 2.10341750565 4.56757437941 8.67352911787 94.3922077922 ;
50.4231955583 2.74521900062 2.09068476249 0.818013571869 0.23257248612 12.0672424429 1.5367057372 66.7649599013 3456.09623689 75.873534855 9.22433776839 2.09053881847 1.71441962635 3.49411033404 54.8846391117 ;
60.6701030928 3.21391752577 4.375 1.63853092784 0.574097938144 18.9884020619 2.83762886598 150.580541237 9171.76546392 108.845360825 17.0395489179 1.90175728787 2.63510347942 4.9302043268 72.3588917526 ;
63.9451672862 3.86524163569 3.52044609665 1.35594795539 0.719330855019 12.4200743494 1.61988847584 462.205390335 29922.7360595 133.477695167 20.7001103755 1.81677195814 3.96839941166 7.12736322028 82.5604089219 ;
67.725974026 4.57272727273 2.75194805195 1.00519480519 1.0025974026 5.35324675325 0.474025974026 139.207792208 10177.8948052 121.549350649 21.348587435 2.10341750565 4.56757437941 8.67352911787 94.3922077922 ;
67.725974026 4.57272727273 2.75194805195 1.00519480519 1.0025974026 5.35324675325 0.474025974026 139.207792208 10177.8948052 121.549350649 21.348587435 2.10341750565 4.56757437941 8.67352911787 94.3922077922 ;
50.4231955583 2.74521900062 2.09068476249 0.818013571869 0.23257248612 12.0672424429 1.5367057372 66.7649599013 3456.09623689 75.873534855 9.22433776839 2.09053881847 1.71441962635 3.49411033404 54.8846391117 ;
60.6701030928 3.21391752577 4.375 1.63853092784 0.574097938144 18.9884020619 2.83762886598 150.580541237 9171.76546392 108.845360825 17.0395489179 1.90175728787 2.63510347942 4.9302043268 72.3588917526 ;
63.9451672862 3.86524163569 3.52044609665 1.35594795539 0.719330855019 12.4200743494 1.61988847584 462.205390335 29922.7360595 133.477695167 20.7001103755 1.81677195814 3.96839941166 7.12736322028 82.5604089219 ;
60.6701030928 3.21391752577 4.375 1.63853092784 0.574097938144 18.9884020619 2.83762886598 150.580541237 9171.76546392 108.845360825 17.0395489179 1.90175728787 2.63510347942 4.9302043268 72.3588917526 ;
50.4231955583 2.74521900062 2.09068476249 0.818013571869 0.23257248612 12.0672424429 1.5367057372 66.7649599013 3456.09623689 75.873534855 9.22433776839 2.09053881847 1.71441962635 3.49411033404 54.8846391117 ;
63.9451672862 3.86524163569 3.52044609665 1.35594795539 0.719330855019 12.4200743494 1.61988847584 462.205390335 29922.7360595 133.477695167 20.7001103755 1.81677195814 3.96839941166 7.12736322028 82.5604089219 ;
67.725974026 4.57272727273 2.75194805195 1.00519480519 1.0025974026 5.35324675325 0.474025974026 139.207792208 10177.8948052 121.549350649 21.348587435 2.10341750565 4.56757437941 8.67352911787 94.3922077922 ;
48.8797517455 2.74398758728 2.03568657874 0.77812257564 0.281613653995 11.1807602793 1.38712179984 54.4344453064 2712.53607448 70.6299456943 8.03238557979 2.16150909317 1.60459563313 3.33971346541 52.4197051978 ;
63.4143302181 3.80685358255 4.83592938733 1.66770508827 0.910695742471 13.1038421599 1.72066458982 472.096573209 30491.6988577 131.146417445 20.1790180101 1.82839639143 3.96190605293 7.15881618454 81.5140186916 ;
67.3366555925 4.4772978959 3.37430786268 1.10631229236 1.25138427464 4.95127353267 0.414174972315 145.335548173 10483.4296788 121.334440753 21.0954679296 1.99708583929 4.45106935242 8.34244701131 92.6168327796 ;
60.07027897 3.15021459227 3.08905579399 1.33798283262 0.238197424893 18.7848712446 2.78111587983 155.803111588 9412.152897 108.494098712 16.7781199762 1.91226898224 2.5498014636 4.79143235978 71.3980686695 ;
