cluster 0
size:567
#377eb8
[ 1.6678334   4.77580698  1.97379966  2.18612886  0.          0.81863154
  3.03311398]

cluster 1
size:359
#ff7f00
[ 1.52393892  4.74171596  0.          1.82613296  2.87427094  0.77537714
  2.98310838]

cluster 2
size:631
#4daf4a
[ 1.05025177  4.73483801  2.47210586  1.95683617  3.14861688  1.13469356
  2.97657539]

cluster 3
size:940
#f781bf
[ 2.68371571  4.80471561  2.84151677  2.75020319  3.23915649  0.99549785
  3.3316325 ]

cluster 4
size:936
#a65628
[ 2.73521576  4.5204346   3.2903535   4.08427159  3.92486259  2.55369291
  3.29458486]

cluster 5
size:303
#984ea3
[ 1.59488454  4.63845844  1.91293177  2.50468624  1.94373293  1.2514386   0.        ]

