56.5576653696 3.0633463035 3.89774319066 1.75844357977 0.0 26.4319066148 3.91252918288 ;
60.3187611144 3.47154712507 1.61144042679 0.527267338471 0.815204505039 1.98192056906 0.0 ;
63.7373211964 4.56306892068 7.31859557867 1.95123537061 1.69635890767 8.62158647594 1.03966189857 ;
60.3113515116 3.47050978068 1.6072910492 0.526081802015 0.813722584469 1.98295791346 0.0 ;
56.5643980688 3.06400872138 3.89985983492 1.75953901261 0.0 26.4458807039 3.91496651612 ;
63.7230869001 4.56095979248 7.31906614786 1.9513618677 1.69844357977 8.60505836576 1.03696498054 ;
63.7230869001 4.56095979248 7.31906614786 1.9513618677 1.69844357977 8.60505836576 1.03696498054 ;
56.5643980688 3.06400872138 3.89985983492 1.75953901261 0.0 26.4458807039 3.91496651612 ;
60.3113515116 3.47050978068 1.6072910492 0.526081802015 0.813722584469 1.98295791346 0.0 ;
60.3187611144 3.47154712507 1.61144042679 0.527267338471 0.815204505039 1.98192056906 0.0 ;
63.7373211964 4.56306892068 7.31859557867 1.95123537061 1.69635890767 8.62158647594 1.03966189857 ;
56.5576653696 3.0633463035 3.89774319066 1.75844357977 0.0 26.4319066148 3.91252918288 ;
60.3187611144 3.47154712507 1.61144042679 0.527267338471 0.815204505039 1.98192056906 0.0 ;
56.5576653696 3.0633463035 3.89774319066 1.75844357977 0.0 26.4319066148 3.91252918288 ;
63.7373211964 4.56306892068 7.31859557867 1.95123537061 1.69635890767 8.62158647594 1.03966189857 ;
60.32063445 3.47198339757 1.61191817373 0.527423658464 0.815446190335 1.98132226505 0.0 ;
63.7373211964 4.56306892068 7.31859557867 1.95123537061 1.69635890767 8.62158647594 1.03966189857 ;
56.556869457 3.06301540377 3.89653026295 1.75789637467 0.0 26.424926093 3.91131165396 ;
63.7373211964 4.56306892068 7.31859557867 1.95123537061 1.69635890767 8.62158647594 1.03966189857 ;
56.556869457 3.06301540377 3.89653026295 1.75789637467 0.0 26.424926093 3.91131165396 ;
60.32063445 3.47198339757 1.61191817373 0.527423658464 0.815446190335 1.98132226505 0.0 ;
60.32063445 3.47198339757 1.61191817373 0.527423658464 0.815446190335 1.98132226505 0.0 ;
56.556869457 3.06301540377 3.89653026295 1.75789637467 0.0 26.424926093 3.91131165396 ;
63.7373211964 4.56306892068 7.31859557867 1.95123537061 1.69635890767 8.62158647594 1.03966189857 ;
63.7373211964 4.56306892068 7.31859557867 1.95123537061 1.69635890767 8.62158647594 1.03966189857 ;
56.5576653696 3.0633463035 3.89774319066 1.75844357977 0.0 26.4319066148 3.91252918288 ;
60.3187611144 3.47154712507 1.61144042679 0.527267338471 0.815204505039 1.98192056906 0.0 ;
63.7373211964 4.56306892068 7.31859557867 1.95123537061 1.69635890767 8.62158647594 1.03966189857 ;
60.3187611144 3.47154712507 1.61144042679 0.527267338471 0.815204505039 1.98192056906 0.0 ;
56.5576653696 3.0633463035 3.89774319066 1.75844357977 0.0 26.4319066148 3.91252918288 ;
63.7373211964 4.56306892068 7.31859557867 1.95123537061 1.69635890767 8.62158647594 1.03966189857 ;
56.556869457 3.06301540377 3.89653026295 1.75789637467 0.0 26.424926093 3.91131165396 ;
60.32063445 3.47198339757 1.61191817373 0.527423658464 0.815446190335 1.98132226505 0.0 ;
63.7373211964 4.56306892068 7.31859557867 1.95123537061 1.69635890767 8.62158647594 1.03966189857 ;
56.5576653696 3.0633463035 3.89774319066 1.75844357977 0.0 26.4319066148 3.91252918288 ;
60.3187611144 3.47154712507 1.61144042679 0.527267338471 0.815204505039 1.98192056906 0.0 ;
56.7213657645 2.97076624415 2.95546420007 1.31997259335 0.0 19.7447756081 2.86821970995 ;
62.7317943337 4.09905561385 2.16348373557 0.74480587618 1.1647429171 2.90535152151 0.120251836306 ;
61.2413793103 3.85113540791 9.23717409588 2.31202691337 2.15306980656 8.16652649285 0.880571909167 ;
60.3187611144 3.47154712507 1.61144042679 0.527267338471 0.815204505039 1.98192056906 0.0 ;
56.5576653696 3.0633463035 3.89774319066 1.75844357977 0.0 26.4319066148 3.91252918288 ;
63.7373211964 4.56306892068 7.31859557867 1.95123537061 1.69635890767 8.62158647594 1.03966189857 ;
63.7373211964 4.56306892068 7.31859557867 1.95123537061 1.69635890767 8.62158647594 1.03966189857 ;
60.3187611144 3.47154712507 1.61144042679 0.527267338471 0.815204505039 1.98192056906 0.0 ;
56.5576653696 3.0633463035 3.89774319066 1.75844357977 0.0 26.4319066148 3.91252918288 ;
61.2413793103 3.85113540791 9.23717409588 2.31202691337 2.15306980656 8.16652649285 0.880571909167 ;
62.7317943337 4.09905561385 2.16348373557 0.74480587618 1.1647429171 2.90535152151 0.120251836306 ;
56.7213657645 2.97076624415 2.95546420007 1.31997259335 0.0 19.7447756081 2.86821970995 ;
60.32063445 3.47198339757 1.61191817373 0.527423658464 0.815446190335 1.98132226505 0.0 ;
56.556869457 3.06301540377 3.89653026295 1.75789637467 0.0 26.424926093 3.91131165396 ;
63.7373211964 4.56306892068 7.31859557867 1.95123537061 1.69635890767 8.62158647594 1.03966189857 ;
62.7338371117 4.09907640638 2.16330814442 0.744752308984 1.1647774979 2.90386230059 0.120067170445 ;
56.7213657645 2.97076624415 2.95546420007 1.31997259335 0.0 19.7447756081 2.86821970995 ;
61.2344537815 3.8512605042 9.23193277311 2.31092436975 2.15210084034 8.16806722689 0.880672268908 ;
62.7317943337 4.09905561385 2.16348373557 0.74480587618 1.1647429171 2.90535152151 0.120251836306 ;
56.7213657645 2.97076624415 2.95546420007 1.31997259335 0.0 19.7447756081 2.86821970995 ;
61.2413793103 3.85113540791 9.23717409588 2.31202691337 2.15306980656 8.16652649285 0.880571909167 ;
63.7373211964 4.56306892068 7.31859557867 1.95123537061 1.69635890767 8.62158647594 1.03966189857 ;
60.32063445 3.47198339757 1.61191817373 0.527423658464 0.815446190335 1.98132226505 0.0 ;
56.556869457 3.06301540377 3.89653026295 1.75789637467 0.0 26.424926093 3.91131165396 ;
60.3187611144 3.47154712507 1.61144042679 0.527267338471 0.815204505039 1.98192056906 0.0 ;
56.5576653696 3.0633463035 3.89774319066 1.75844357977 0.0 26.4319066148 3.91252918288 ;
63.7373211964 4.56306892068 7.31859557867 1.95123537061 1.69635890767 8.62158647594 1.03966189857 ;
61.2413793103 3.85113540791 9.23717409588 2.31202691337 2.15306980656 8.16652649285 0.880571909167 ;
62.7317943337 4.09905561385 2.16348373557 0.74480587618 1.1647429171 2.90535152151 0.120251836306 ;
56.7213657645 2.97076624415 2.95546420007 1.31997259335 0.0 19.7447756081 2.86821970995 ;
56.556869457 3.06301540377 3.89653026295 1.75789637467 0.0 26.424926093 3.91131165396 ;
63.7373211964 4.56306892068 7.31859557867 1.95123537061 1.69635890767 8.62158647594 1.03966189857 ;
60.32063445 3.47198339757 1.61191817373 0.527423658464 0.815446190335 1.98132226505 0.0 ;
60.32063445 3.47198339757 1.61191817373 0.527423658464 0.815446190335 1.98132226505 0.0 ;
56.556869457 3.06301540377 3.89653026295 1.75789637467 0.0 26.424926093 3.91131165396 ;
63.7373211964 4.56306892068 7.31859557867 1.95123537061 1.69635890767 8.62158647594 1.03966189857 ;
63.7373211964 4.56306892068 7.31859557867 1.95123537061 1.69635890767 8.62158647594 1.03966189857 ;
60.32063445 3.47198339757 1.61191817373 0.527423658464 0.815446190335 1.98132226505 0.0 ;
56.556869457 3.06301540377 3.89653026295 1.75789637467 0.0 26.424926093 3.91131165396 ;
56.5576653696 3.0633463035 3.89774319066 1.75844357977 0.0 26.4319066148 3.91252918288 ;
63.7373211964 4.56306892068 7.31859557867 1.95123537061 1.69635890767 8.62158647594 1.03966189857 ;
60.3187611144 3.47154712507 1.61144042679 0.527267338471 0.815204505039 1.98192056906 0.0 ;
60.3113515116 3.47050978068 1.6072910492 0.526081802015 0.813722584469 1.98295791346 0.0 ;
56.5643980688 3.06400872138 3.89985983492 1.75953901261 0.0 26.4458807039 3.91496651612 ;
63.7230869001 4.56095979248 7.31906614786 1.9513618677 1.69844357977 8.60505836576 1.03696498054 ;
62.7317943337 4.09905561385 2.16348373557 0.74480587618 1.1647429171 2.90535152151 0.120251836306 ;
61.2413793103 3.85113540791 9.23717409588 2.31202691337 2.15306980656 8.16652649285 0.880571909167 ;
56.7213657645 2.97076624415 2.95546420007 1.31997259335 0.0 19.7447756081 2.86821970995 ;
56.7213657645 2.97076624415 2.95546420007 1.31997259335 0.0 19.7447756081 2.86821970995 ;
62.7317943337 4.09905561385 2.16348373557 0.74480587618 1.1647429171 2.90535152151 0.120251836306 ;
61.2413793103 3.85113540791 9.23717409588 2.31202691337 2.15306980656 8.16652649285 0.880571909167 ;
61.2344537815 3.8512605042 9.23193277311 2.31092436975 2.15210084034 8.16806722689 0.880672268908 ;
62.7338371117 4.09907640638 2.16330814442 0.744752308984 1.1647774979 2.90386230059 0.120067170445 ;
56.7213657645 2.97076624415 2.95546420007 1.31997259335 0.0 19.7447756081 2.86821970995 ;
63.7373211964 4.56306892068 7.31859557867 1.95123537061 1.69635890767 8.62158647594 1.03966189857 ;
56.5576653696 3.0633463035 3.89774319066 1.75844357977 0.0 26.4319066148 3.91252918288 ;
60.3187611144 3.47154712507 1.61144042679 0.527267338471 0.815204505039 1.98192056906 0.0 ;
60.3187611144 3.47154712507 1.61144042679 0.527267338471 0.815204505039 1.98192056906 0.0 ;
56.5576653696 3.0633463035 3.89774319066 1.75844357977 0.0 26.4319066148 3.91252918288 ;
63.7373211964 4.56306892068 7.31859557867 1.95123537061 1.69635890767 8.62158647594 1.03966189857 ;
60.3113515116 3.47050978068 1.6072910492 0.526081802015 0.813722584469 1.98295791346 0.0 ;
56.5643980688 3.06400872138 3.89985983492 1.75953901261 0.0 26.4458807039 3.91496651612 ;
63.7230869001 4.56095979248 7.31906614786 1.9513618677 1.69844357977 8.60505836576 1.03696498054 ;
60.32063445 3.47198339757 1.61191817373 0.527423658464 0.815446190335 1.98132226505 0.0 ;
56.556869457 3.06301540377 3.89653026295 1.75789637467 0.0 26.424926093 3.91131165396 ;
63.7373211964 4.56306892068 7.31859557867 1.95123537061 1.69635890767 8.62158647594 1.03966189857 ;
60.3187611144 3.47154712507 1.61144042679 0.527267338471 0.815204505039 1.98192056906 0.0 ;
63.7373211964 4.56306892068 7.31859557867 1.95123537061 1.69635890767 8.62158647594 1.03966189857 ;
56.5576653696 3.0633463035 3.89774319066 1.75844357977 0.0 26.4319066148 3.91252918288 ;
63.7373211964 4.56306892068 7.31859557867 1.95123537061 1.69635890767 8.62158647594 1.03966189857 ;
56.5576653696 3.0633463035 3.89774319066 1.75844357977 0.0 26.4319066148 3.91252918288 ;
60.3187611144 3.47154712507 1.61144042679 0.527267338471 0.815204505039 1.98192056906 0.0 ;
56.556869457 3.06301540377 3.89653026295 1.75789637467 0.0 26.424926093 3.91131165396 ;
60.32063445 3.47198339757 1.61191817373 0.527423658464 0.815446190335 1.98132226505 0.0 ;
63.7373211964 4.56306892068 7.31859557867 1.95123537061 1.69635890767 8.62158647594 1.03966189857 ;
62.7317943337 4.09905561385 2.16348373557 0.74480587618 1.1647429171 2.90535152151 0.120251836306 ;
61.2413793103 3.85113540791 9.23717409588 2.31202691337 2.15306980656 8.16652649285 0.880571909167 ;
56.7213657645 2.97076624415 2.95546420007 1.31997259335 0.0 19.7447756081 2.86821970995 ;
60.32063445 3.47198339757 1.61191817373 0.527423658464 0.815446190335 1.98132226505 0.0 ;
63.7373211964 4.56306892068 7.31859557867 1.95123537061 1.69635890767 8.62158647594 1.03966189857 ;
56.556869457 3.06301540377 3.89653026295 1.75789637467 0.0 26.424926093 3.91131165396 ;
63.7230869001 4.56095979248 7.31906614786 1.9513618677 1.69844357977 8.60505836576 1.03696498054 ;
56.5643980688 3.06400872138 3.89985983492 1.75953901261 0.0 26.4458807039 3.91496651612 ;
60.3113515116 3.47050978068 1.6072910492 0.526081802015 0.813722584469 1.98295791346 0.0 ;
60.3187611144 3.47154712507 1.61144042679 0.527267338471 0.815204505039 1.98192056906 0.0 ;
63.7373211964 4.56306892068 7.31859557867 1.95123537061 1.69635890767 8.62158647594 1.03966189857 ;
56.5576653696 3.0633463035 3.89774319066 1.75844357977 0.0 26.4319066148 3.91252918288 ;
62.7317943337 4.09905561385 2.16348373557 0.74480587618 1.1647429171 2.90535152151 0.120251836306 ;
61.2413793103 3.85113540791 9.23717409588 2.31202691337 2.15306980656 8.16652649285 0.880571909167 ;
56.7213657645 2.97076624415 2.95546420007 1.31997259335 0.0 19.7447756081 2.86821970995 ;
63.7373211964 4.56306892068 7.31859557867 1.95123537061 1.69635890767 8.62158647594 1.03966189857 ;
60.3187611144 3.47154712507 1.61144042679 0.527267338471 0.815204505039 1.98192056906 0.0 ;
56.5576653696 3.0633463035 3.89774319066 1.75844357977 0.0 26.4319066148 3.91252918288 ;
61.2344537815 3.8512605042 9.23193277311 2.31092436975 2.15210084034 8.16806722689 0.880672268908 ;
56.7213657645 2.97076624415 2.95546420007 1.31997259335 0.0 19.7447756081 2.86821970995 ;
62.7338371117 4.09907640638 2.16330814442 0.744752308984 1.1647774979 2.90386230059 0.120067170445 ;
60.3113515116 3.47050978068 1.6072910492 0.526081802015 0.813722584469 1.98295791346 0.0 ;
63.7230869001 4.56095979248 7.31906614786 1.9513618677 1.69844357977 8.60505836576 1.03696498054 ;
56.5643980688 3.06400872138 3.89985983492 1.75953901261 0.0 26.4458807039 3.91496651612 ;
63.7373211964 4.56306892068 7.31859557867 1.95123537061 1.69635890767 8.62158647594 1.03966189857 ;
56.556869457 3.06301540377 3.89653026295 1.75789637467 0.0 26.424926093 3.91131165396 ;
60.32063445 3.47198339757 1.61191817373 0.527423658464 0.815446190335 1.98132226505 0.0 ;
61.2344537815 3.8512605042 9.23193277311 2.31092436975 2.15210084034 8.16806722689 0.880672268908 ;
62.7338371117 4.09907640638 2.16330814442 0.744752308984 1.1647774979 2.90386230059 0.120067170445 ;
56.7213657645 2.97076624415 2.95546420007 1.31997259335 0.0 19.7447756081 2.86821970995 ;
62.7317943337 4.09905561385 2.16348373557 0.74480587618 1.1647429171 2.90535152151 0.120251836306 ;
56.7213657645 2.97076624415 2.95546420007 1.31997259335 0.0 19.7447756081 2.86821970995 ;
61.2413793103 3.85113540791 9.23717409588 2.31202691337 2.15306980656 8.16652649285 0.880571909167 ;
63.7373211964 4.56306892068 7.31859557867 1.95123537061 1.69635890767 8.62158647594 1.03966189857 ;
56.556869457 3.06301540377 3.89653026295 1.75789637467 0.0 26.424926093 3.91131165396 ;
60.32063445 3.47198339757 1.61191817373 0.527423658464 0.815446190335 1.98132226505 0.0 ;
62.7338371117 4.09907640638 2.16330814442 0.744752308984 1.1647774979 2.90386230059 0.120067170445 ;
56.7213657645 2.97076624415 2.95546420007 1.31997259335 0.0 19.7447756081 2.86821970995 ;
61.2344537815 3.8512605042 9.23193277311 2.31092436975 2.15210084034 8.16806722689 0.880672268908 ;
62.7317943337 4.09905561385 2.16348373557 0.74480587618 1.1647429171 2.90535152151 0.120251836306 ;
61.2413793103 3.85113540791 9.23717409588 2.31202691337 2.15306980656 8.16652649285 0.880571909167 ;
56.7213657645 2.97076624415 2.95546420007 1.31997259335 0.0 19.7447756081 2.86821970995 ;
63.7373211964 4.56306892068 7.31859557867 1.95123537061 1.69635890767 8.62158647594 1.03966189857 ;
60.32063445 3.47198339757 1.61191817373 0.527423658464 0.815446190335 1.98132226505 0.0 ;
56.556869457 3.06301540377 3.89653026295 1.75789637467 0.0 26.424926093 3.91131165396 ;
60.32063445 3.47198339757 1.61191817373 0.527423658464 0.815446190335 1.98132226505 0.0 ;
56.556869457 3.06301540377 3.89653026295 1.75789637467 0.0 26.424926093 3.91131165396 ;
63.7373211964 4.56306892068 7.31859557867 1.95123537061 1.69635890767 8.62158647594 1.03966189857 ;
61.2413793103 3.85113540791 9.23717409588 2.31202691337 2.15306980656 8.16652649285 0.880571909167 ;
62.7317943337 4.09905561385 2.16348373557 0.74480587618 1.1647429171 2.90535152151 0.120251836306 ;
56.7213657645 2.97076624415 2.95546420007 1.31997259335 0.0 19.7447756081 2.86821970995 ;
56.5643980688 3.06400872138 3.89985983492 1.75953901261 0.0 26.4458807039 3.91496651612 ;
63.7230869001 4.56095979248 7.31906614786 1.9513618677 1.69844357977 8.60505836576 1.03696498054 ;
60.3113515116 3.47050978068 1.6072910492 0.526081802015 0.813722584469 1.98295791346 0.0 ;
62.7338371117 4.09907640638 2.16330814442 0.744752308984 1.1647774979 2.90386230059 0.120067170445 ;
61.2344537815 3.8512605042 9.23193277311 2.31092436975 2.15210084034 8.16806722689 0.880672268908 ;
56.7213657645 2.97076624415 2.95546420007 1.31997259335 0.0 19.7447756081 2.86821970995 ;
62.7317943337 4.09905561385 2.16348373557 0.74480587618 1.1647429171 2.90535152151 0.120251836306 ;
56.7213657645 2.97076624415 2.95546420007 1.31997259335 0.0 19.7447756081 2.86821970995 ;
61.2413793103 3.85113540791 9.23717409588 2.31202691337 2.15306980656 8.16652649285 0.880571909167 ;
63.7230869001 4.56095979248 7.31906614786 1.9513618677 1.69844357977 8.60505836576 1.03696498054 ;
56.5643980688 3.06400872138 3.89985983492 1.75953901261 0.0 26.4458807039 3.91496651612 ;
60.3113515116 3.47050978068 1.6072910492 0.526081802015 0.813722584469 1.98295791346 0.0 ;
60.3187611144 3.47154712507 1.61144042679 0.527267338471 0.815204505039 1.98192056906 0.0 ;
56.5576653696 3.0633463035 3.89774319066 1.75844357977 0.0 26.4319066148 3.91252918288 ;
63.7373211964 4.56306892068 7.31859557867 1.95123537061 1.69635890767 8.62158647594 1.03966189857 ;
60.3113515116 3.47050978068 1.6072910492 0.526081802015 0.813722584469 1.98295791346 0.0 ;
56.5643980688 3.06400872138 3.89985983492 1.75953901261 0.0 26.4458807039 3.91496651612 ;
63.7230869001 4.56095979248 7.31906614786 1.9513618677 1.69844357977 8.60505836576 1.03696498054 ;
60.3187611144 3.47154712507 1.61144042679 0.527267338471 0.815204505039 1.98192056906 0.0 ;
56.5576653696 3.0633463035 3.89774319066 1.75844357977 0.0 26.4319066148 3.91252918288 ;
63.7373211964 4.56306892068 7.31859557867 1.95123537061 1.69635890767 8.62158647594 1.03966189857 ;
63.7230869001 4.56095979248 7.31906614786 1.9513618677 1.69844357977 8.60505836576 1.03696498054 ;
56.5643980688 3.06400872138 3.89985983492 1.75953901261 0.0 26.4458807039 3.91496651612 ;
60.3113515116 3.47050978068 1.6072910492 0.526081802015 0.813722584469 1.98295791346 0.0 ;
63.7373211964 4.56306892068 7.31859557867 1.95123537061 1.69635890767 8.62158647594 1.03966189857 ;
56.556869457 3.06301540377 3.89653026295 1.75789637467 0.0 26.424926093 3.91131165396 ;
60.32063445 3.47198339757 1.61191817373 0.527423658464 0.815446190335 1.98132226505 0.0 ;
61.2413793103 3.85113540791 9.23717409588 2.31202691337 2.15306980656 8.16652649285 0.880571909167 ;
62.7317943337 4.09905561385 2.16348373557 0.74480587618 1.1647429171 2.90535152151 0.120251836306 ;
56.7213657645 2.97076624415 2.95546420007 1.31997259335 0.0 19.7447756081 2.86821970995 ;
60.3113515116 3.47050978068 1.6072910492 0.526081802015 0.813722584469 1.98295791346 0.0 ;
56.5643980688 3.06400872138 3.89985983492 1.75953901261 0.0 26.4458807039 3.91496651612 ;
63.7230869001 4.56095979248 7.31906614786 1.9513618677 1.69844357977 8.60505836576 1.03696498054 ;
60.32063445 3.47198339757 1.61191817373 0.527423658464 0.815446190335 1.98132226505 0.0 ;
56.556869457 3.06301540377 3.89653026295 1.75789637467 0.0 26.424926093 3.91131165396 ;
63.7373211964 4.56306892068 7.31859557867 1.95123537061 1.69635890767 8.62158647594 1.03966189857 ;
60.32063445 3.47198339757 1.61191817373 0.527423658464 0.815446190335 1.98132226505 0.0 ;
56.556869457 3.06301540377 3.89653026295 1.75789637467 0.0 26.424926093 3.91131165396 ;
63.7373211964 4.56306892068 7.31859557867 1.95123537061 1.69635890767 8.62158647594 1.03966189857 ;
60.32063445 3.47198339757 1.61191817373 0.527423658464 0.815446190335 1.98132226505 0.0 ;
56.556869457 3.06301540377 3.89653026295 1.75789637467 0.0 26.424926093 3.91131165396 ;
63.7373211964 4.56306892068 7.31859557867 1.95123537061 1.69635890767 8.62158647594 1.03966189857 ;
62.7317943337 4.09905561385 2.16348373557 0.74480587618 1.1647429171 2.90535152151 0.120251836306 ;
56.7213657645 2.97076624415 2.95546420007 1.31997259335 0.0 19.7447756081 2.86821970995 ;
61.2413793103 3.85113540791 9.23717409588 2.31202691337 2.15306980656 8.16652649285 0.880571909167 ;
60.3113515116 3.47050978068 1.6072910492 0.526081802015 0.813722584469 1.98295791346 0.0 ;
63.7230869001 4.56095979248 7.31906614786 1.9513618677 1.69844357977 8.60505836576 1.03696498054 ;
56.5643980688 3.06400872138 3.89985983492 1.75953901261 0.0 26.4458807039 3.91496651612 ;
60.32063445 3.47198339757 1.61191817373 0.527423658464 0.815446190335 1.98132226505 0.0 ;
63.7373211964 4.56306892068 7.31859557867 1.95123537061 1.69635890767 8.62158647594 1.03966189857 ;
56.556869457 3.06301540377 3.89653026295 1.75789637467 0.0 26.424926093 3.91131165396 ;
60.3187611144 3.47154712507 1.61144042679 0.527267338471 0.815204505039 1.98192056906 0.0 ;
56.5576653696 3.0633463035 3.89774319066 1.75844357977 0.0 26.4319066148 3.91252918288 ;
63.7373211964 4.56306892068 7.31859557867 1.95123537061 1.69635890767 8.62158647594 1.03966189857 ;
60.32063445 3.47198339757 1.61191817373 0.527423658464 0.815446190335 1.98132226505 0.0 ;
63.7373211964 4.56306892068 7.31859557867 1.95123537061 1.69635890767 8.62158647594 1.03966189857 ;
56.556869457 3.06301540377 3.89653026295 1.75789637467 0.0 26.424926093 3.91131165396 ;
62.7317943337 4.09905561385 2.16348373557 0.74480587618 1.1647429171 2.90535152151 0.120251836306 ;
56.7213657645 2.97076624415 2.95546420007 1.31997259335 0.0 19.7447756081 2.86821970995 ;
61.2413793103 3.85113540791 9.23717409588 2.31202691337 2.15306980656 8.16652649285 0.880571909167 ;
62.7317943337 4.09905561385 2.16348373557 0.74480587618 1.1647429171 2.90535152151 0.120251836306 ;
61.2413793103 3.85113540791 9.23717409588 2.31202691337 2.15306980656 8.16652649285 0.880571909167 ;
56.7213657645 2.97076624415 2.95546420007 1.31997259335 0.0 19.7447756081 2.86821970995 ;
63.7373211964 4.56306892068 7.31859557867 1.95123537061 1.69635890767 8.62158647594 1.03966189857 ;
60.32063445 3.47198339757 1.61191817373 0.527423658464 0.815446190335 1.98132226505 0.0 ;
56.556869457 3.06301540377 3.89653026295 1.75789637467 0.0 26.424926093 3.91131165396 ;
56.5576653696 3.0633463035 3.89774319066 1.75844357977 0.0 26.4319066148 3.91252918288 ;
60.3187611144 3.47154712507 1.61144042679 0.527267338471 0.815204505039 1.98192056906 0.0 ;
63.7373211964 4.56306892068 7.31859557867 1.95123537061 1.69635890767 8.62158647594 1.03966189857 ;
62.7317943337 4.09905561385 2.16348373557 0.74480587618 1.1647429171 2.90535152151 0.120251836306 ;
56.7213657645 2.97076624415 2.95546420007 1.31997259335 0.0 19.7447756081 2.86821970995 ;
61.2413793103 3.85113540791 9.23717409588 2.31202691337 2.15306980656 8.16652649285 0.880571909167 ;
62.7317943337 4.09905561385 2.16348373557 0.74480587618 1.1647429171 2.90535152151 0.120251836306 ;
56.7213657645 2.97076624415 2.95546420007 1.31997259335 0.0 19.7447756081 2.86821970995 ;
61.2413793103 3.85113540791 9.23717409588 2.31202691337 2.15306980656 8.16652649285 0.880571909167 ;
63.7373211964 4.56306892068 7.31859557867 1.95123537061 1.69635890767 8.62158647594 1.03966189857 ;
60.32063445 3.47198339757 1.61191817373 0.527423658464 0.815446190335 1.98132226505 0.0 ;
56.556869457 3.06301540377 3.89653026295 1.75789637467 0.0 26.424926093 3.91131165396 ;
56.5643980688 3.06400872138 3.89985983492 1.75953901261 0.0 26.4458807039 3.91496651612 ;
60.3113515116 3.47050978068 1.6072910492 0.526081802015 0.813722584469 1.98295791346 0.0 ;
63.7230869001 4.56095979248 7.31906614786 1.9513618677 1.69844357977 8.60505836576 1.03696498054 ;
60.3113515116 3.47050978068 1.6072910492 0.526081802015 0.813722584469 1.98295791346 0.0 ;
56.5643980688 3.06400872138 3.89985983492 1.75953901261 0.0 26.4458807039 3.91496651612 ;
63.7230869001 4.56095979248 7.31906614786 1.9513618677 1.69844357977 8.60505836576 1.03696498054 ;
63.7373211964 4.56306892068 7.31859557867 1.95123537061 1.69635890767 8.62158647594 1.03966189857 ;
56.556869457 3.06301540377 3.89653026295 1.75789637467 0.0 26.424926093 3.91131165396 ;
60.32063445 3.47198339757 1.61191817373 0.527423658464 0.815446190335 1.98132226505 0.0 ;
63.7373211964 4.56306892068 7.31859557867 1.95123537061 1.69635890767 8.62158647594 1.03966189857 ;
60.32063445 3.47198339757 1.61191817373 0.527423658464 0.815446190335 1.98132226505 0.0 ;
56.556869457 3.06301540377 3.89653026295 1.75789637467 0.0 26.424926093 3.91131165396 ;
62.7317943337 4.09905561385 2.16348373557 0.74480587618 1.1647429171 2.90535152151 0.120251836306 ;
61.2413793103 3.85113540791 9.23717409588 2.31202691337 2.15306980656 8.16652649285 0.880571909167 ;
56.7213657645 2.97076624415 2.95546420007 1.31997259335 0.0 19.7447756081 2.86821970995 ;
63.7230869001 4.56095979248 7.31906614786 1.9513618677 1.69844357977 8.60505836576 1.03696498054 ;
56.5643980688 3.06400872138 3.89985983492 1.75953901261 0.0 26.4458807039 3.91496651612 ;
60.3113515116 3.47050978068 1.6072910492 0.526081802015 0.813722584469 1.98295791346 0.0 ;
60.32063445 3.47198339757 1.61191817373 0.527423658464 0.815446190335 1.98132226505 0.0 ;
56.556869457 3.06301540377 3.89653026295 1.75789637467 0.0 26.424926093 3.91131165396 ;
63.7373211964 4.56306892068 7.31859557867 1.95123537061 1.69635890767 8.62158647594 1.03966189857 ;
56.5576653696 3.0633463035 3.89774319066 1.75844357977 0.0 26.4319066148 3.91252918288 ;
60.3187611144 3.47154712507 1.61144042679 0.527267338471 0.815204505039 1.98192056906 0.0 ;
63.7373211964 4.56306892068 7.31859557867 1.95123537061 1.69635890767 8.62158647594 1.03966189857 ;
56.5643980688 3.06400872138 3.89985983492 1.75953901261 0.0 26.4458807039 3.91496651612 ;
63.7230869001 4.56095979248 7.31906614786 1.9513618677 1.69844357977 8.60505836576 1.03696498054 ;
60.3113515116 3.47050978068 1.6072910492 0.526081802015 0.813722584469 1.98295791346 0.0 ;
60.3187611144 3.47154712507 1.61144042679 0.527267338471 0.815204505039 1.98192056906 0.0 ;
56.5576653696 3.0633463035 3.89774319066 1.75844357977 0.0 26.4319066148 3.91252918288 ;
63.7373211964 4.56306892068 7.31859557867 1.95123537061 1.69635890767 8.62158647594 1.03966189857 ;
56.5576653696 3.0633463035 3.89774319066 1.75844357977 0.0 26.4319066148 3.91252918288 ;
60.3187611144 3.47154712507 1.61144042679 0.527267338471 0.815204505039 1.98192056906 0.0 ;
63.7373211964 4.56306892068 7.31859557867 1.95123537061 1.69635890767 8.62158647594 1.03966189857 ;
56.5576653696 3.0633463035 3.89774319066 1.75844357977 0.0 26.4319066148 3.91252918288 ;
63.7373211964 4.56306892068 7.31859557867 1.95123537061 1.69635890767 8.62158647594 1.03966189857 ;
60.3187611144 3.47154712507 1.61144042679 0.527267338471 0.815204505039 1.98192056906 0.0 ;
63.7230869001 4.56095979248 7.31906614786 1.9513618677 1.69844357977 8.60505836576 1.03696498054 ;
56.5643980688 3.06400872138 3.89985983492 1.75953901261 0.0 26.4458807039 3.91496651612 ;
60.3113515116 3.47050978068 1.6072910492 0.526081802015 0.813722584469 1.98295791346 0.0 ;
60.32063445 3.47198339757 1.61191817373 0.527423658464 0.815446190335 1.98132226505 0.0 ;
63.7373211964 4.56306892068 7.31859557867 1.95123537061 1.69635890767 8.62158647594 1.03966189857 ;
56.556869457 3.06301540377 3.89653026295 1.75789637467 0.0 26.424926093 3.91131165396 ;
60.3187611144 3.47154712507 1.61144042679 0.527267338471 0.815204505039 1.98192056906 0.0 ;
56.5576653696 3.0633463035 3.89774319066 1.75844357977 0.0 26.4319066148 3.91252918288 ;
63.7373211964 4.56306892068 7.31859557867 1.95123537061 1.69635890767 8.62158647594 1.03966189857 ;
56.5576653696 3.0633463035 3.89774319066 1.75844357977 0.0 26.4319066148 3.91252918288 ;
60.3187611144 3.47154712507 1.61144042679 0.527267338471 0.815204505039 1.98192056906 0.0 ;
63.7373211964 4.56306892068 7.31859557867 1.95123537061 1.69635890767 8.62158647594 1.03966189857 ;
56.7213657645 2.97076624415 2.95546420007 1.31997259335 0.0 19.7447756081 2.86821970995 ;
62.7317943337 4.09905561385 2.16348373557 0.74480587618 1.1647429171 2.90535152151 0.120251836306 ;
61.2413793103 3.85113540791 9.23717409588 2.31202691337 2.15306980656 8.16652649285 0.880571909167 ;
61.2344537815 3.8512605042 9.23193277311 2.31092436975 2.15210084034 8.16806722689 0.880672268908 ;
62.7338371117 4.09907640638 2.16330814442 0.744752308984 1.1647774979 2.90386230059 0.120067170445 ;
56.7213657645 2.97076624415 2.95546420007 1.31997259335 0.0 19.7447756081 2.86821970995 ;
61.2413793103 3.85113540791 9.23717409588 2.31202691337 2.15306980656 8.16652649285 0.880571909167 ;
62.7317943337 4.09905561385 2.16348373557 0.74480587618 1.1647429171 2.90535152151 0.120251836306 ;
56.7213657645 2.97076624415 2.95546420007 1.31997259335 0.0 19.7447756081 2.86821970995 ;
62.7338371117 4.09907640638 2.16330814442 0.744752308984 1.1647774979 2.90386230059 0.120067170445 ;
56.7213657645 2.97076624415 2.95546420007 1.31997259335 0.0 19.7447756081 2.86821970995 ;
61.2344537815 3.8512605042 9.23193277311 2.31092436975 2.15210084034 8.16806722689 0.880672268908 ;
