35.9961421879 6.04601818683 2.80490493249 0.062000551116 0.00303113805456 6.45274180215 0.196197299532 ;
57.8237704918 3.37295081967 5.30601092896 2.26912568306 0.0218579234973 33.6461748634 4.97131147541 ;
68.5218328841 3.95309973046 2.70943396226 0.921293800539 0.945552560647 3.98544474394 0.283018867925 ;
48.4569155988 4.93194874061 1.93725143615 0.287229341582 0.397260273973 3.63190455148 0.111356606275 ;
52.9442013129 3.3818380744 3.41028446389 1.24070021882 0.155361050328 17.4715536105 2.16630196937 ;
58.4609665428 3.7063197026 7.74721189591 3.72862453532 0.00743494423792 60.2044609665 10.2973977695 ;
43.1272189349 37.7100591716 1.78698224852 0.0502958579882 0.0384615384615 4.87869822485 0.118343195266 ;
55.6760070053 3.48423817863 4.60945709282 1.8887915937 0.0341506129597 28.6068301226 4.0534150613 ;
44.0202898551 6.49082125604 2.28164251208 0.215458937198 0.14154589372 5.94347826087 0.290821256039 ;
43.5090252708 41.0938628159 1.71480144404 0.0541516245487 0.0469314079422 4.19133574007 0.0613718411552 ;
72.2540919719 4.15510522214 2.89867498051 1.01325019486 0.947778643804 4.81293842557 0.402182385035 ;
58.9174917492 3.6798679868 7.61056105611 3.65346534653 0.00660066006601 58.498349835 9.94389438944 ;
35.2378656381 5.82674381228 2.83349405336 0.0620379299261 0.00353584056573 6.41433622629 0.194149791064 ;
55.9437706725 3.50992282249 2.19184123484 0.651047409041 0.69625137817 4.12513781698 0.296030871003 ;
55.7983725136 3.20162748644 4.50904159132 1.84448462929 0.0379746835443 27.3670886076 3.86075949367 ;
38.2819872329 4.53122398002 2.65611990008 0.107965584235 0.0643907854566 4.54315847905 0.075492645018 ;
55.965330932 3.70463755065 2.26294461954 0.657361548852 0.679873930662 4.33318325079 0.310220621342 ;
38.0977388767 10.9037199125 2.5886214442 0.103574033552 0.00802334062728 10.7986870897 0.612691466083 ;
43.7204724409 42.531496063 1.74803149606 0.0590551181102 0.0511811023622 4.2125984252 0.0551181102362 ;
58.8833333333 3.61944444444 7.34444444444 3.50277777778 0.00555555555556 56.0722222222 9.44722222222 ;
73.6774193548 4.22857142857 2.81843317972 1.0064516129 0.946543778802 4.74562211982 0.398156682028 ;
56.5906040268 3.57094918504 2.30728667306 0.6907957814 0.703259827421 4.41418983701 0.33125599233 ;
34.785518591 4.76790606654 2.87436399217 0.0645792563601 0.00391389432485 5.40195694716 0.110763209393 ;
55.8134529148 3.46726457399 4.67264573991 1.92556053812 0.0331838565022 29.133632287 4.15246636771 ;
42.4775715391 7.39868522815 2.37277648879 0.179040989946 0.108662026295 7.11175560712 0.358468677494 ;
73.6632934683 4.22723091076 2.81692732291 1.00643974241 0.944802207912 4.77000919963 0.401103955842 ;
43.4982078853 40.9749103943 1.70967741935 0.0537634408602 0.0465949820789 4.17921146953 0.0609318996416 ;
58.9212328767 3.70205479452 7.65753424658 3.67808219178 0.00684931506849 59.0239726027 10.0479452055 ;
71.6846915461 4.12185833968 2.79664889566 0.966488956588 1.00609291698 3.91012947449 0.269611576542 ;
37.0966666667 6.16380952381 2.72261904762 0.0709523809524 0.0190476190476 5.83952380952 0.147619047619 ;
45.3916532905 5.04494382022 3.75922953451 1.23916532905 0.0513643659711 23.6934189406 2.93258426966 ;
60.0023668639 3.32899408284 4.27455621302 1.65917159763 0.121893491124 22.0556213018 3.0 ;
52.7149240393 4.06300268097 1.9253798034 0.471849865952 0.57417336908 3.53351206434 0.169347631814 ;
58.9348268839 3.46435845214 6.93279022403 3.23217922607 0.0061099796334 51.466395112 8.52138492872 ;
43.4310344828 40.3034482759 1.73793103448 0.051724137931 0.0448275862069 4.25862068966 0.0655172413793 ;
54.5752448798 3.52092609083 4.24844167409 1.66696349065 0.0623330365093 25.0614425646 3.41585040071 ;
45.5999140524 5.96991834981 2.15771379459 0.244950580146 0.234207133648 5.03051138805 0.22518263859 ;
60.577257889 3.61207834603 2.45321001088 0.780739934712 0.821001088139 3.85146898803 0.260065288357 ;
58.8655462185 3.52521008403 6.98319327731 3.26890756303 0.0063025210084 51.987394958 8.61974789916 ;
43.3442028986 41.1594202899 1.72101449275 0.054347826087 0.0471014492754 4.24637681159 0.0652173913043 ;
35.4439324117 5.87004608295 2.80399385561 0.0608294930876 0.00337941628264 6.43102918587 0.195084485407 ;
77.0553191489 4.4085106383 2.90921985816 1.06808510638 0.97304964539 5.23546099291 0.459574468085 ;
55.5697781885 3.70194085028 2.13262476895 0.597966728281 0.69685767098 3.5623844732 0.194547134935 ;
58.5258126195 3.51625239006 6.83173996176 3.16634799235 0.0057361376673 50.6520076482 8.34608030593 ;
37.015858209 4.49284825871 2.67910447761 0.0764925373134 0.0450870646766 4.31871890547 0.0441542288557 ;
43.6185185185 41.5555555556 1.73333333333 0.0592592592593 0.0481481481481 4.32592592593 0.0740740740741 ;
40.1221281741 9.77267230955 2.64268440145 0.16807738815 0.03446191052 10.3053204353 0.587666263603 ;
55.4531104921 3.17641597029 4.22841225627 1.67873723305 0.066852367688 24.1114206128 3.30640668524 ;
73.5857664234 4.22810218978 2.81113138686 1.0045620438 0.94799270073 4.7454379562 0.398722627737 ;
51.3436532508 3.8080495356 3.56243550052 1.25696594427 0.105263157895 19.3488132095 2.39628482972 ;
37.1441190144 6.2480241748 2.71617852162 0.0688052068805 0.0211529521153 6.00325430033 0.164342166434 ;
59.0757575758 3.67171717172 8.06565656566 3.94444444444 0.0 64.3737373737 11.2121212121 ;
71.3676781934 4.09244883557 2.90825688073 1.00846859562 0.952717007763 4.77840508116 0.395906845448 ;
58.2175792507 3.45389048991 5.58357348703 2.40201729107 0.0201729106628 36.2219020173 5.45389048991 ;
53.0647887324 4.01924882629 1.90093896714 0.466197183099 0.594835680751 3.29061032864 0.142723004695 ;
43.5 40.2931034483 1.72068965517 0.051724137931 0.0448275862069 4.24827586207 0.0655172413793 ;
35.7720715522 6.10415464512 2.79544143104 0.068667051356 0.00375072129256 6.72417772649 0.221292556261 ;
55.6009009009 3.32162162162 3.86036036036 1.5009009009 0.111711711712 20.7873873874 2.73423423423 ;
59.2077922078 3.32467532468 9.42857142857 4.72727272727 0.0 76.0909090909 13.9220779221 ;
57.7555910543 3.5750798722 6.11182108626 2.69968051118 0.00958466453674 42.6373801917 6.66932907348 ;
67.1925343811 3.89833005894 2.5800589391 0.86394891945 0.942043222004 3.57907662083 0.224459724951 ;
43.3003194888 39.0191693291 1.76357827476 0.0543130990415 0.0415335463259 4.63897763578 0.0990415335463 ;
47.0670320405 5.16441821248 2.08558178752 0.280354131535 0.321669477234 4.1323777403 0.160623946037 ;
36.6777204618 6.3677229182 2.76492262343 0.0687791697372 0.00786047654139 6.38933922869 0.199459592238 ;
55.1870689655 3.43965517241 4.26810344828 1.69051724138 0.0637931034483 25.2370689655 3.46293103448 ;
49.2561775088 4.40393343419 1.92687846697 0.38880484115 0.415532022189 4.34896621281 0.245083207262 ;
62.8717221828 3.67682494685 2.62934089298 0.846208362863 0.89156626506 3.792345854 0.250885896527 ;
58.5200892857 3.546875 7.08258928571 3.32366071429 0.00669642857143 52.9129464286 8.80133928571 ;
43.623655914 40.9892473118 1.75268817204 0.0573476702509 0.0465949820789 4.31182795699 0.0716845878136 ;
77.6388888889 4.44290123457 2.89814814815 1.06172839506 0.976851851852 5.09567901235 0.441358024691 ;
49.8727552591 4.19394561313 1.87275525911 0.384812724474 0.453052847614 3.95792714212 0.207798871216 ;
36.7336956522 6.1020256917 2.76976284585 0.0691699604743 0.0108695652174 6.22480237154 0.181818181818 ;
59.3727272727 3.56136363636 7.10227272727 3.33863636364 0.00681818181818 53.0386363636 8.84318181818 ;
43.3909348442 36.8838526912 1.73654390935 0.042492917847 0.0368271954674 4.52124645892 0.0736543909348 ;
63.2272727273 3.68394886364 2.79048295455 0.911221590909 0.856534090909 4.73153409091 0.380681818182 ;
77.6753445636 4.43797856049 2.95712098009 1.08728943338 0.967840735069 5.4471669219 0.49617151608 ;
53.3768494343 3.64751958225 4.19321148825 1.64664926023 0.0487380330722 25.5935596171 3.48128807659 ;
45.3840436075 5.35282457879 2.16551040634 0.240832507433 0.230921704658 4.76015857284 0.213082259663 ;
74.44612286 4.28096676737 2.91037260826 1.04330312185 0.954682779456 5.0110775428 0.435045317221 ;
58.9892933619 3.54175588865 7.00214132762 3.2869379015 0.00642398286938 52.2462526767 8.67880085653 ;
54.6 3.43423423423 4.26846846847 1.68288288288 0.0585585585586 25.3027027027 3.45585585586 ;
43.1695906433 37.5263157895 1.78362573099 0.0526315789474 0.0380116959064 4.87426900585 0.111111111111 ;
58.5579499126 3.61560861969 2.33430401864 0.725101921957 0.775189283634 3.89225393128 0.255678509027 ;
35.6233223979 6.01759618252 2.80107366537 0.0629287205488 0.00328064419922 6.57739337906 0.205785863406 ;
38.3501374885 4.9535594256 2.61808738161 0.0858539566147 0.0632447296059 3.81912618393 0.0265811182401 ;
58.8795180723 3.56144578313 7.18554216867 3.39277108434 0.00722891566265 53.9975903614 9.0265060241 ;
55.4279580153 3.83778625954 2.18606870229 0.610687022901 0.672232824427 3.92938931298 0.24427480916 ;
43.5314685315 40.5594405594 1.73776223776 0.0559440559441 0.0454545454545 4.26923076923 0.0699300699301 ;
55.5828166519 3.20814880425 4.34455270151 1.75465013286 0.0469441984057 25.928255093 3.61204605846 ;
72.9686174724 4.19168787108 2.8481764207 1.00763358779 0.949109414758 4.74978795589 0.394402035623 ;
37.6399506782 8.53205918619 2.70345252774 0.151048088779 0.0203452527744 11.2404438964 0.622688039457 ;
36.0924574209 6.29818869965 2.78480670451 0.0616382806164 0.00351446336848 6.44120032441 0.196269261963 ;
75.5664335664 4.32284382284 2.89743589744 1.05128205128 0.948717948718 5.12937062937 0.447552447552 ;
54.877070619 3.5143853531 4.34263295554 1.72362685266 0.0470793374019 26.0531822145 3.59023539669 ;
46.9969984992 5.03351675838 2.05902951476 0.315657828914 0.310655327664 4.74887443722 0.247123561781 ;
60.2026184539 3.61408977556 2.44201995012 0.768703241895 0.822319201995 3.88341645885 0.263715710723 ;
43.634057971 41.1485507246 1.74637681159 0.054347826087 0.0471014492754 4.1847826087 0.0579710144928 ;
58.9352517986 3.56115107914 7.18225419664 3.38848920863 0.00719424460432 53.9184652278 9.00959232614 ;
52.379231473 4.04894784995 1.7923147301 0.43824336688 0.532479414456 3.74977127173 0.194419030192 ;
58.821969697 3.50946969697 6.82575757576 3.16287878788 0.00568181818182 50.4640151515 8.3125 ;
37.0637092968 6.08423784804 2.72109485606 0.069372345446 0.0191127890514 6.11090136857 0.177206229353 ;
43.2684365782 37.587020649 1.74336283186 0.0442477876106 0.0383480825959 4.45722713864 0.070796460177 ;
70.9133646743 4.06380120887 2.50772330423 0.924110141034 0.873740765615 4.89657488247 0.415043653459 ;
53.2532865907 3.64943032428 3.85188431201 1.51007887818 0.0490797546012 23.9149868536 3.20070113935 ;
60.2784810127 3.69620253165 19.0379746835 4.59493670886 2.77215189873 8.12658227848 0.746835443038 ;
49.2135476464 4.42594718714 3.18828932262 0.96785304248 0.156142365098 15.4902411022 1.70952927669 ;
69.4793875147 3.99116607774 2.78916372203 0.957597173145 0.941107184923 4.30094228504 0.32332155477 ;
57.8479001135 3.34960272418 4.84108967083 2.04313280363 0.0295119182747 29.9318955732 4.30646992054 ;
36.6945266272 6.44847140039 2.74408284024 0.0584319526627 0.00838264299803 6.02884615385 0.159023668639 ;
43.73828125 42.41015625 1.76953125 0.05859375 0.05078125 4.29296875 0.0625 ;
51.0100158144 4.1713231418 1.78597785978 0.353716394307 0.541908276226 2.82920400633 0.078545071165 ;
58.1114369501 3.60703812317 7.41642228739 3.53958944282 0.0058651026393 56.853372434 9.60703812317 ;
54.8025711662 3.61065197429 2.07208448118 0.574839302112 0.657024793388 3.72314049587 0.237373737374 ;
42.7707261292 8.06117781589 2.62778730703 0.284162378502 0.0646083476272 10.1949685535 0.687249857061 ;
56.864391951 3.3394575678 4.86789151356 2.04286964129 0.0341207349081 30.4978127734 4.42957130359 ;
72.5470779221 4.19237012987 2.91883116883 1.0211038961 0.960227272727 4.78003246753 0.392045454545 ;
58.7385321101 3.68348623853 7.9128440367 3.8623853211 0.0 63.0733944954 10.9082568807 ;
35.9163806552 5.19719188768 2.74976599064 0.0624024960998 0.018096723869 4.95725429017 0.0808112324493 ;
43.4909090909 41.2109090909 1.71272727273 0.0545454545455 0.0472727272727 4.16363636364 0.0581818181818 ;
74.372983871 4.29334677419 2.88810483871 1.03125 0.958669354839 4.82862903226 0.40625 ;
45.104875805 6.00919963201 2.22539098436 0.253909843606 0.211591536339 5.51103955842 0.28104875805 ;
55.4946808511 3.47872340426 4.41489361702 1.77039007092 0.0452127659574 26.4778368794 3.67996453901 ;
58.2982356289 3.55890722823 2.28685258964 0.705748434832 0.767216846898 3.76152532726 0.24359704041 ;
43.5505617978 41.7265917603 1.734082397 0.0561797752809 0.0486891385768 4.22846441948 0.059925093633 ;
35.4577615127 5.99573040561 2.80664836841 0.0597743214395 0.00335468130528 6.45044220799 0.194571515706 ;
58.7071960298 3.56575682382 7.22332506203 3.41439205955 0.00744416873449 54.4516129032 9.10918114144 ;
37.075454122 6.33069399162 2.73754075454 0.0710293432697 0.0165346995808 6.16488122962 0.179552864462 ;
71.0212620027 4.08299039781 2.81550068587 0.976680384088 0.962277091907 4.37174211248 0.335390946502 ;
57.6991735537 3.61652892562 5.82148760331 2.5305785124 0.0099173553719 39.6842975207 6.07438016529 ;
53.4964157706 3.52867383513 3.76344086022 1.41397849462 0.112903225806 20.2347670251 2.59856630824 ;
43.6606498195 41.083032491 1.75090252708 0.0541516245487 0.0469314079422 4.19494584838 0.057761732852 ;
60.156462585 3.31972789116 8.51020408163 4.23129251701 0.0 68.1224489796 12.1428571429 ;
52.3628150262 4.09272467903 1.88302425107 0.43937232525 0.579172610556 3.26105563481 0.134094151213 ;
36.7047360631 6.29008386778 2.74617661569 0.0609274790331 0.00838677849038 6.07424765664 0.166008880118 ;
64.2203838518 3.72931833223 2.75446724024 0.908669755129 0.860357379219 4.75843812045 0.389808074123 ;
50.932885906 3.91834451902 3.8322147651 1.44630872483 0.0592841163311 23.244966443 3.02125279642 ;
43.6654676259 41.0179856115 1.75179856115 0.0539568345324 0.0467625899281 4.22302158273 0.0611510791367 ;
59.7566433566 3.45174825175 6.45874125874 2.91888111888 0.0153846153846 45.379020979 7.32167832168 ;
50.0127015144 4.38299951148 1.94723986321 0.409379579873 0.453346360528 4.27796775769 0.23888617489 ;
79.4491017964 4.50499001996 2.92614770459 1.08982035928 0.994011976048 4.98602794411 0.427145708583 ;
52.5852494577 3.6863340564 2.07505422993 0.546637744035 0.554013015184 4.54229934924 0.322342733189 ;
39.5668358714 12.2944162437 2.54991539763 0.104906937394 0.00846023688663 10.2191201354 0.56345177665 ;
70.8892640108 4.07157326131 2.82039162728 0.97974341661 0.947332883187 4.52261985145 0.357191087103 ;
56.1392857143 3.22232142857 4.5625 1.87232142857 0.0401785714286 27.7857142857 3.93571428571 ;
36.6668667467 4.61134453782 2.77551020408 0.0756302521008 0.0261104441777 5.04831932773 0.0906362545018 ;
43.8305785124 43.3099173554 1.77685950413 0.0619834710744 0.0537190082645 4.21900826446 0.0578512396694 ;
58.5680473373 3.62130177515 7.44378698225 3.55029585799 0.00591715976331 56.9881656805 9.63313609467 ;
37.0226741468 6.35133239832 2.74216923796 0.0745675549322 0.015427769986 6.28658251519 0.196353436185 ;
55.2282608696 3.52264492754 4.46648550725 1.80344202899 0.0371376811594 27.4030797101 3.82155797101 ;
43.5634328358 41.6604477612 1.7276119403 0.0559701492537 0.0485074626866 4.21641791045 0.0597014925373 ;
79.4308300395 4.50395256917 2.94071146245 1.09683794466 0.98418972332 5.17193675889 0.454545454545 ;
50.8180529301 4.16209829868 1.99480151229 0.47258979206 0.471172022684 4.74196597353 0.327032136106 ;
58.8954423592 3.60321715818 7.31367292225 3.48257372654 0.00536193029491 55.5576407507 9.34048257373 ;
64.720295203 3.75129151292 2.74243542435 0.90036900369 0.90036900369 4.29520295203 0.322509225092 ;
73.7046296296 4.23518518519 2.81666666667 1.00648148148 0.95 4.69814814815 0.390740740741 ;
37.8251711427 4.45681937862 2.65850447604 0.108478146393 0.057925223802 5.11242759347 0.127435492364 ;
55.3153846154 3.22735042735 4.35982905983 1.76239316239 0.0529914529915 26.2068376068 3.65299145299 ;
55.928179323 3.66742909424 2.25205855444 0.64318389753 0.689387008234 4.06678865508 0.268526989936 ;
43.9301310044 44.1659388646 1.80349344978 0.0655021834061 0.056768558952 4.1615720524 0.0524017467249 ;
58.8538461538 3.58974358974 7.25128205128 3.44358974359 0.00512820512821 54.9179487179 9.20512820513 ;
39.3766346992 13.016564952 2.50566695728 0.0645161290323 0.00610287707062 9.63993025283 0.478639930253 ;
55.2295825771 3.67377495463 2.1665154265 0.614337568058 0.657894736842 4.11978221416 0.279945553539 ;
40.5878894768 9.35802469136 2.66960611405 0.203997648442 0.0335097001764 10.6119929453 0.653145208701 ;
58.72 3.61714285714 7.38 3.52285714286 0.00571428571429 56.4885714286 9.52571428571 ;
36.9299659126 4.56120235513 2.66811279826 0.074682367524 0.044623489309 4.33374651379 0.044623489309 ;
43.6153846154 41.3443223443 1.71794871795 0.0549450549451 0.047619047619 4.18315018315 0.0586080586081 ;
72.9676595745 4.18893617021 2.86468085106 1.00936170213 0.95829787234 4.68936170213 0.384680851064 ;
56.338317757 3.29813084112 4.61121495327 1.89065420561 0.0420560747664 27.9738317757 3.96635514019 ;
38.3551502146 5.21008583691 2.66394849785 0.120815450644 0.06330472103 5.97875536481 0.205364806867 ;
57.4855008787 3.60808435852 2.32601054482 0.699033391916 0.730667838313 4.16564147627 0.293497363796 ;
55.5091543156 3.358326068 4.42894507411 1.79686137751 0.0357454228422 27.1185701831 3.7925021796 ;
43.923566879 49.4076433121 1.92356687898 0.0955414012739 0.0764331210191 4.41401273885 0.0509554140127 ;
40.9682242991 19.8112149533 2.00373831776 0.0168224299065 0.0018691588785 7.07663551402 0.289719626168 ;
58.6749311295 3.60606060606 7.3305785124 3.50137741047 0.00550964187328 55.9696969697 9.42699724518 ;
75.4791183295 4.32714617169 2.84802784223 1.0313225058 0.95475638051 4.90487238979 0.415313225058 ;
51.9621149042 4.1835970025 2.02914238135 0.482514571191 0.532056619484 4.09367194005 0.232722731057 ;
60.3394683027 3.33128834356 5.9100204499 2.57259713701 0.0143149284254 39.1840490798 6.04703476483 ;
70.8873048201 4.07128309572 2.82145281738 0.977596741344 0.955193482688 4.42226748133 0.341479972845 ;
43.5756457565 41.4649446494 1.72324723247 0.0553505535055 0.0479704797048 4.19188191882 0.0590405904059 ;
53.3561076605 3.55486542443 3.97308488613 1.53416149068 0.0776397515528 23.016563147 3.04761904762 ;
57.722513089 3.88481675393 8.06282722513 3.94764397906 0.0 64.6753926702 11.2408376963 ;
36.907081749 6.33317490494 2.73597908745 0.0691539923954 0.0135456273764 6.23574144487 0.188212927757 ;
37.3392857143 4.04081632653 9.96173469388 0.678571428571 0.211734693878 4.63775510204 0.0739795918367 ;
55.0760683761 3.45299145299 4.24188034188 1.67435897436 0.0547008547009 25.0555555556 3.4264957265 ;
43.2789968652 38.6833855799 1.74294670846 0.0501567398119 0.0407523510972 4.56112852665 0.0877742946708 ;
70.2647619048 4.02285714286 2.77333333333 0.96380952381 0.937777777778 4.38920634921 0.338412698413 ;
58.6776315789 3.53070175439 7.02850877193 3.30701754386 0.00657894736842 52.6447368421 8.75877192982 ;
36.9354585837 6.39064541416 2.06349621113 0.0256075254769 0.00731643585054 6.50091455448 0.214267049909 ;
51.6404245909 4.14462627156 1.93896505971 0.457319770013 0.517027863777 4.01813356922 0.223352498894 ;
74.9881465517 4.27370689655 2.86206896552 1.03879310345 0.929956896552 5.08943965517 0.447198275862 ;
35.54353721 6.03977101537 2.81108767701 0.0620668876168 0.00331425128051 6.54504368786 0.202470623682 ;
58.9300970874 3.52038834951 6.86019417476 3.18640776699 0.00582524271845 50.8116504854 8.38252427184 ;
59.0916520724 3.5837711617 2.39229422067 0.741973146527 0.813776999416 3.72095738471 0.235843549329 ;
43.4928571429 40.9142857143 1.73928571429 0.0535714285714 0.0464285714286 4.18214285714 0.0607142857143 ;
45.3907284768 5.83774834437 2.12866603595 0.223746452223 0.227057710501 4.66982024598 0.184011352886 ;
54.0689655172 3.51635720601 4.13262599469 1.61715296198 0.0645446507515 24.2617152962 3.27497789567 ;
37.0805731736 6.19591261452 2.73431994362 0.0711768851304 0.0185576697205 6.07211651398 0.170777542871 ;
62.4235074627 3.40671641791 5.27798507463 2.24253731343 0.0335820895522 32.348880597 4.78731343284 ;
70.9813019391 4.08448753463 2.85595567867 0.987534626039 0.968144044321 4.39681440443 0.335180055402 ;
50.3771367521 3.72115384615 3.75427350427 1.38461538462 0.0811965811966 22.0427350427 2.86111111111 ;
52.6239819005 4.0257918552 1.95158371041 0.474208144796 0.566063348416 3.62126696833 0.17963800905 ;
57.7068403909 3.63517915309 7.54071661238 3.60912052117 0.00651465798046 58.2996742671 9.90228013029 ;
43.3580645161 39.1677419355 1.75161290323 0.0516129032258 0.041935483871 4.51935483871 0.0838709677419 ;
49.4067961165 4.45242718447 3.45339805825 1.13203883495 0.100970873786 18.9990291262 2.26699029126 ;
59.3731477324 3.7489896722 2.34800179614 0.718904355635 0.778176919623 3.77233947014 0.242029636282 ;
38.4836601307 6.04309640523 2.55964052288 0.0847630718954 0.0671977124183 5.42647058824 0.132352941176 ;
58.8223140496 3.32644628099 5.54820936639 2.39807162534 0.0206611570248 35.7699724518 5.39669421488 ;
58.6387434555 3.76439790576 8.10994764398 3.96858638743 0.0 64.8534031414 11.2931937173 ;
43.5880149813 41.7228464419 1.734082397 0.0561797752809 0.0486891385768 4.21722846442 0.059925093633 ;
77.443438914 4.43740573152 2.89592760181 1.06033182504 0.969834087481 5.20512820513 0.460030165913 ;
40.8966131907 18.3155080214 2.12121212121 0.0338680926916 0.0017825311943 8.67914438503 0.447415329768 ;
55.0752136752 3.2641025641 4.30854700855 1.72393162393 0.0564102564103 25.6914529915 3.55213675214 ;
54.3873085339 3.65689277899 2.10284463895 0.570240700219 0.63238512035 3.93435448578 0.240700218818 ;
37.3901678657 5.28057553957 2.73309352518 0.094964028777 0.0340527577938 5.87865707434 0.173141486811 ;
58.9904076739 3.56115107914 7.18225419664 3.39088729017 0.00719424460432 53.9088729017 9.00959232614 ;
43.5846994536 47.4535519126 1.84699453552 0.0819672131148 0.0655737704918 4.32786885246 0.0437158469945 ;
72.7092257002 4.20016474465 2.89291598023 1.01729818781 0.962108731466 4.75041186161 0.390444810544 ;
36.6107594937 7.17405063291 2.73544303797 0.175949367089 0.0189873417722 11.6196202532 0.691139240506 ;
55.3635159011 3.79991166078 2.29902826855 0.659893992933 0.637367491166 4.80609540636 0.367491166078 ;
56.6195856874 3.25988700565 4.74199623352 1.9736346516 0.0329566854991 29.4406779661 4.23822975518 ;
38.896778043 5.63096658711 2.60411694511 0.0841288782816 0.0620525059666 3.89767303103 0.0277446300716 ;
43.4839857651 40.8683274021 1.74733096085 0.0569395017794 0.0462633451957 4.28825622776 0.0711743772242 ;
58.704467354 3.69759450172 7.65979381443 3.68041237113 0.00687285223368 59.0927835052 10.0618556701 ;
73.0042735043 4.1905982906 2.79145299145 0.993162393162 0.945299145299 4.7 0.386324786325 ;
51.3472281908 4.15900300817 2.02492479587 0.473571121616 0.526428878384 4.20326600774 0.250537172325 ;
60.1321022727 3.33806818182 3.97727272727 1.50426136364 0.136363636364 19.5071022727 2.55965909091 ;
53.8945260347 3.67957276368 5.07209612817 2.15487316422 0.0133511348465 33.9439252336 4.9652870494 ;
36.9615566038 6.34716981132 2.75023584906 0.0771226415094 0.0120283018868 6.39764150943 0.207783018868 ;
70.457337884 4.04709897611 2.66279863481 0.922866894198 0.98361774744 3.60341296928 0.229351535836 ;
43.5756457565 41.4649446494 1.72324723247 0.0553505535055 0.0479704797048 4.19188191882 0.0590405904059 ;
59.368852459 3.59016393443 7.94262295082 3.81147540984 0.00409836065574 61.4426229508 10.5778688525 ;
54.0051948052 3.54285714286 4.05108225108 1.56363636364 0.0822510822511 23.0891774892 3.07878787879 ;
35.1312186978 6.27612687813 2.70918196995 0.0570951585977 0.00367278797997 6.74557595993 0.213689482471 ;
74.2643564356 4.28415841584 2.86633663366 1.02871287129 0.952475247525 4.92871287129 0.423762376238 ;
58.8820422535 3.5264084507 6.74295774648 3.10035211268 0.00704225352113 49.3661971831 8.09154929577 ;
44.0247787611 5.73938053097 2.39115044248 0.191150442478 0.18185840708 4.63628318584 0.158407079646 ;
58.0212034384 3.67163323782 2.23094555874 0.67335243553 0.768481375358 3.42406876791 0.185673352436 ;
43.5505617978 41.7265917603 1.734082397 0.0561797752809 0.0486891385768 4.22846441948 0.059925093633 ;
36.5808861412 5.7563111798 2.81375579598 0.0723853683668 0.0108191653787 6.23853683668 0.184183410613 ;
61.6253541076 3.65793201133 2.61402266289 0.832861189802 0.859773371105 4.16926345609 0.301699716714 ;
54.6383928571 3.38482142857 4.28660714286 1.69910714286 0.0571428571429 25.5169642857 3.49642857143 ;
58.8713968958 3.53436807095 7.0487804878 3.31485587583 0.00665188470067 52.7804878049 8.78935698448 ;
76.1367628607 4.32622333752 2.82183186951 1.03136762861 0.95608531995 4.84818067754 0.409033877039 ;
42.3054474708 30.8657587549 1.87159533074 0.0389105058366 0.0252918287938 6.08949416342 0.215953307393 ;
48.9161184211 4.12774122807 1.90405701754 0.384868421053 0.405153508772 4.37993421053 0.252192982456 ;
37.8638207044 6.18911419424 2.63159018143 0.0785485592316 0.0411953041622 5.81003201708 0.158804695838 ;
57.7830609212 3.45913818722 5.39970282318 2.32095096582 0.0193164933135 35.0713224368 5.23179791976 ;
56.4105805243 3.79588014981 2.13389513109 0.597378277154 0.730805243446 3.24953183521 0.160580524345 ;
43.6715328467 41.2737226277 1.72262773723 0.0547445255474 0.0474452554745 4.18248175182 0.0583941605839 ;
59.1762295082 3.65573770492 7.9262295082 3.81147540984 0.00409836065574 61.4795081967 10.5696721311 ;
74.3174129353 4.27064676617 2.91940298507 1.04577114428 0.948258706468 5.0736318408 0.445771144279 ;
51.4242115972 3.87894201424 3.47609359105 1.21770091556 0.10478128179 18.7802644964 2.30620549339 ;
51.4604003481 4.15230635335 1.99825935596 0.464751958225 0.524804177546 4.01697127937 0.223672758921 ;
58.18200409 3.62576687117 6.13292433538 2.71165644172 0.0102249488753 43.0490797546 6.72188139059 ;
70.238758708 4.02026599113 2.79037365421 0.966434452185 0.943001899937 4.38568714376 0.33755541482 ;
36.8892065761 6.35811293781 2.75101262807 0.0710030974506 0.0116750059566 6.30092923517 0.193233261854 ;
43.6606498195 41.083032491 1.75090252708 0.0541516245487 0.0469314079422 4.19494584838 0.057761732852 ;
54.6017274472 3.45201535509 4.03742802303 1.58061420345 0.0719769673704 23.3138195777 3.12188099808 ;
59.2372881356 3.5 8.83898305085 4.39830508475 0.0 70.8813559322 12.7457627119 ;
39.9604409857 9.5 2.6757457847 0.216601815824 0.0291828793774 11.5337224384 0.74448767834 ;
74.0656862745 4.28039215686 2.85588235294 1.01960784314 0.98137254902 4.55196078431 0.36568627451 ;
56.2105990783 3.68847926267 2.1866359447 0.626728110599 0.696313364055 3.7797235023 0.232258064516 ;
57.7433628319 3.53097345133 7.02433628319 3.29646017699 0.00663716814159 52.7876106195 8.7610619469 ;
43.5177304965 40.780141844 1.73758865248 0.0531914893617 0.0460992907801 4.13120567376 0.0567375886525 ;
37.6602637615 4.66485091743 2.63732798165 0.084002293578 0.0587729357798 4.27551605505 0.0450114678899 ;
56.9244741874 3.20458891013 4.42638623327 1.78489483748 0.0564053537285 25.7198852772 3.59464627151 ;
43.239010989 36.3461538462 1.68681318681 0.0412087912088 0.0357142857143 4.31318681319 0.0576923076923 ;
56.6299603175 3.17361111111 4.65476190476 1.91765873016 0.0416666666667 28.0714285714 3.99801587302 ;
72.3773734177 4.16613924051 2.83939873418 1.00079113924 0.948575949367 4.71914556962 0.386867088608 ;
37.2532200603 5.37133461222 2.71389421759 0.0726226363387 0.0331597697999 4.61222252672 0.0438476294875 ;
54.163020163 3.78163878164 2.14800514801 0.579150579151 0.612183612184 4.25225225225 0.286143286143 ;
39.7478005865 8.1348973607 2.75953079179 0.300097751711 0.0322580645161 14.3401759531 1.11827956989 ;
58.8836565097 3.61772853186 7.34072022161 3.50138504155 0.00554016620499 56.0332409972 9.43767313019 ;
58.8184931507 3.69863013699 7.66095890411 3.67808219178 0.00684931506849 59.0342465753 10.051369863 ;
37.2090309488 6.53069507864 2.00431253171 0.0301877219685 0.0124302384576 6.48274987316 0.217909690512 ;
70.9599184783 4.08152173913 2.82948369565 0.983016304348 0.952445652174 4.52241847826 0.35597826087 ;
52.5909836066 3.9737704918 2.05245901639 0.53893442623 0.507786885246 5.01680327869 0.373770491803 ;
43.5157894737 40.6 1.74035087719 0.0526315789474 0.0456140350877 4.21754385965 0.0631578947368 ;
55.9121863799 3.47580645161 4.66935483871 1.9247311828 0.0322580645161 29.1550179211 4.15591397849 ;
37.5033112583 3.88520971302 9.40397350993 0.620309050773 0.211920529801 4.5055187638 0.0706401766004 ;
43.1558073654 36.9943342776 1.76770538244 0.0509915014164 0.0368271954674 4.85835694051 0.110481586402 ;
54.6789069172 3.43040136635 4.23228010248 1.66780529462 0.064047822374 25.0025619129 3.41332194705 ;
49.7613914748 4.30230279275 1.87849093582 0.382165605096 0.435080842724 4.11415972562 0.22097011269 ;
58.8175824176 3.53186813187 7.03516483516 3.30769230769 0.00659340659341 52.6593406593 8.76483516484 ;
79.2653846154 4.50192307692 2.93269230769 1.1 0.969230769231 5.37692307692 0.484615384615 ;
64.1239554318 3.74025069638 2.7360724234 0.890668523677 0.91364902507 4.03342618384 0.282729805014 ;
36.6622763419 6.10387673956 2.78553677932 0.072564612326 0.0104373757455 6.34517892644 0.195079522863 ;
37.1249137336 8.63216011042 2.73084886128 0.146997929607 0.0207039337474 11.5900621118 0.663216011042 ;
72.4262948207 4.16972111554 2.88924302789 1.01513944223 0.951394422311 4.79601593625 0.396812749004 ;
38.1989780583 5.17342951608 2.64021641118 0.0799519086264 0.0477908025248 3.99939885783 0.0288548241659 ;
43.6058394161 41.2700729927 1.71897810219 0.0547445255474 0.0474452554745 4.17518248175 0.0583941605839 ;
58.8795180723 3.56144578313 7.18554216867 3.39277108434 0.00722891566265 53.9975903614 9.0265060241 ;
54.6443533698 3.86247723133 2.12295081967 0.58606557377 0.632058287796 4.18488160291 0.276867030965 ;
55.5885608856 3.24446494465 4.42435424354 1.78597785978 0.0461254612546 26.3920664207 3.68357933579 ;
53.4352517986 3.54856115108 3.94244604317 1.5071942446 0.0863309352518 22.2994604317 2.93884892086 ;
46.2717171717 5.64646464646 2.06212121212 0.238888888889 0.274242424242 4.26565656566 0.154545454545 ;
43.5505617978 41.7265917603 1.734082397 0.0561797752809 0.0486891385768 4.22846441948 0.059925093633 ;
58.4446202532 3.57436708861 6.58702531646 3.0 0.00791139240506 47.832278481 7.77215189873 ;
75.8399518652 4.31046931408 2.8916967509 1.04933814681 0.939831528279 5.21179302046 0.459687123947 ;
35.8336172629 6.14281658149 2.78563316298 0.060760931289 0.00312322544009 6.43299261783 0.192220329358 ;
60.1358695652 3.62016908213 2.3979468599 0.756642512077 0.838164251208 3.55132850242 0.215579710145 ;
49.2482533768 4.40801117839 2.01537028412 0.427573358174 0.399627387052 5.12342803912 0.348858872846 ;
58.6734006734 3.68686868687 7.632996633 3.66666666667 0.00673400673401 58.8047138047 10.0033670034 ;
36.6183754334 6.31896978702 2.76820208024 0.0688459633482 0.00668647845468 6.39871223378 0.20034670629 ;
78.754954955 4.47027027027 2.86846846847 1.06126126126 0.985585585586 4.96576576577 0.421621621622 ;
63.2975206612 3.68912905277 2.70947234584 0.883026064844 0.862047043865 4.48506039415 0.352193261284 ;
43.5598591549 40.6549295775 1.74295774648 0.0528169014085 0.0457746478873 4.22535211268 0.0633802816901 ;
55.8254972875 3.46564195298 4.66274864376 1.91772151899 0.0307414104882 29.075045208 4.14376130199 ;
49.4208456244 4.28269419862 1.95280235988 0.41592920354 0.410029498525 4.77630285152 0.314159292035 ;
55.3345323741 3.49910071942 4.54856115108 1.85251798561 0.0323741007194 28.1834532374 3.97122302158 ;
63.0276862228 3.6921555702 2.67303889255 0.865524060646 0.860250494397 4.30850362558 0.32762030323 ;
43.5177304965 40.7872340426 1.74113475177 0.0531914893617 0.0460992907801 4.19503546099 0.0602836879433 ;
59.0838323353 3.65269461078 7.44311377246 3.57185628743 0.0059880239521 57.1017964072 9.65868263473 ;
36.767266537 6.34289883268 2.77310311284 0.0749027237354 0.0102140077821 6.42850194553 0.205252918288 ;
78.0903119869 4.48440065681 2.97701149425 1.09031198686 0.993431855501 5.23973727422 0.458128078818 ;
70.6264822134 4.05994729908 2.82938076416 0.983530961792 0.947299077734 4.52964426877 0.355731225296 ;
37.0155221072 6.15357478833 2.75141110066 0.079727187206 0.0155221072437 6.34736594544 0.205079962371 ;
55.1849056604 3.41320754717 4.26698113208 1.68867924528 0.0641509433962 24.9396226415 3.40660377358 ;
59.4117647059 3.31764705882 9.32941176471 4.63529411765 0.0 74.9647058824 13.6235294118 ;
43.2852760736 38.3159509202 1.76380368098 0.0521472392638 0.0398773006135 4.70552147239 0.0981595092025 ;
51.9905821918 4.06078767123 2.0102739726 0.486729452055 0.534674657534 4.14726027397 0.249143835616 ;
58.4137115839 3.62411347518 6.37588652482 2.90543735225 0.00709219858156 46.2789598109 7.3829787234 ;
37.2166015176 6.30144860888 2.69924120487 0.0664520579444 0.0209243504254 5.94895378248 0.160036790067 ;
50.6739130435 3.92826086957 3.43369565217 1.16304347826 0.119565217391 18.1695652174 2.19673913043 ;
58.7256944444 3.70138888889 7.65625 3.68402777778 0.00694444444444 59.2395833333 10.09375 ;
72.1431888545 4.15092879257 2.85371517028 1.00386996904 0.945046439628 4.77089783282 0.393962848297 ;
43.5882352941 41.3970588235 1.72426470588 0.0551470588235 0.0477941176471 4.1875 0.0588235294118 ;
58.1292134831 3.37640449438 5.26966292135 2.23876404494 0.0224719101124 33.1629213483 4.88061797753 ;
53.7960313798 3.98061836641 1.96908167974 0.495154591601 0.638670973696 3.18735579142 0.135671435164 ;
62.7350835322 3.68735083532 2.55429594272 0.829355608592 0.860381861575 4.08233890215 0.294749403341 ;
47.9741648107 4.6846325167 2.07973273942 0.373719376392 0.33986636971 5.1131403118 0.312694877506 ;
55.0887850467 3.53364485981 4.41962616822 1.77009345794 0.0429906542056 26.7308411215 3.70747663551 ;
36.1491697911 6.26620246385 2.7750401714 0.0583824317086 0.00294590251741 6.35457953937 0.188805570434 ;
43.4882154882 39.8754208754 1.73063973064 0.0505050505051 0.043771043771 4.31313131313 0.0673400673401 ;
78.7040998217 4.51693404635 3.08021390374 1.12299465241 0.996434937611 5.44563279857 0.486631016043 ;
58.9352517986 3.56115107914 7.18225419664 3.38848920863 0.00719424460432 53.9184652278 9.00959232614 ;
39.8106457243 12.9293193717 2.50261780105 0.0575916230366 0.00610820244328 8.87609075044 0.406631762653 ;
55.1095652174 3.32086956522 4.36608695652 1.74956521739 0.0573913043478 26.0582608696 3.61304347826 ;
71.2676944639 4.1023125438 2.87456201822 0.997897687456 0.961457603364 4.66433076384 0.37631394534 ;
43.8487394958 43.5798319328 1.78571428571 0.063025210084 0.0546218487395 4.24369747899 0.0588235294118 ;
59.0951219512 3.57317073171 7.19512195122 3.40243902439 0.00487804878049 54.1414634146 9.0512195122 ;
52.7952859014 3.63422086425 2.0 0.527280663466 0.561763422086 4.13443910956 0.267132256656 ;
36.5787896944 4.51917315758 2.79508687837 0.0835829838226 0.026962252846 5.39125224685 0.126722588376 ;
53.0748175182 3.89324817518 1.98083941606 0.501824817518 0.589416058394 3.59397810219 0.185218978102 ;
39.0070484581 10.4052863436 2.71189427313 0.162114537445 0.0176211453744 12.0387665198 0.756828193833 ;
58.6900369004 3.52398523985 6.78228782288 3.13468634686 0.00553505535055 50.1051660517 8.23800738007 ;
36.8822657177 4.93238434164 2.7384341637 0.0717674970344 0.0260972716489 4.66488730724 0.0533807829181 ;
71.4747838617 4.10662824207 2.83717579251 0.989193083573 0.962536023055 4.53602305476 0.36023054755 ;
43.5816326531 40.0238095238 1.71428571429 0.0510204081633 0.0442176870748 4.13265306122 0.0544217687075 ;
55.3454038997 3.14298978644 4.18384401114 1.65831012071 0.0789229340761 23.7056638812 3.24233983287 ;
54.6171403962 3.63221360896 2.12618432386 0.596899224806 0.630060292851 4.24633936262 0.294142980189 ;
37.2716959728 4.57458876914 2.71185479297 0.0887691435054 0.0399886557005 4.90243902439 0.0887691435054 ;
58.6559766764 3.62682215743 7.4110787172 3.53935860058 0.00583090379009 56.778425656 9.59183673469 ;
56.0195555556 3.21955555556 4.54133333333 1.85955555556 0.04 27.5964444444 3.90133333333 ;
72.8205342237 4.18864774624 2.9040066778 1.01919866444 0.959933222037 4.78046744574 0.397328881469 ;
39.5190283401 11.7943319838 2.5951417004 0.127935222672 0.0186234817814 10.5384615385 0.60971659919 ;
43.7848605578 42.7250996016 1.76892430279 0.0597609561753 0.0517928286853 4.23107569721 0.0557768924303 ;
35.5496155254 4.55950201391 2.85316733797 0.0622482607104 0.00366166239473 4.97253753204 0.0684730867814 ;
55.4568006843 3.18648417451 4.19161676647 1.64841745081 0.0958083832335 23.2386655261 3.1625320787 ;
38.5996563574 11.4828178694 2.61597938144 0.0970790378007 0.00773195876289 10.8728522337 0.60824742268 ;
43.8075471698 41.8150943396 1.7358490566 0.0566037735849 0.0490566037736 4.17735849057 0.0528301886792 ;
58.4507575758 3.52840909091 6.81060606061 3.15340909091 0.00568181818182 50.5208333333 8.3125 ;
48.8155210643 4.34545454545 1.9667405765 0.347228381375 0.413303769401 3.82039911308 0.165410199557 ;
68.3379237288 3.94703389831 2.67478813559 0.914194915254 0.931144067797 4.06355932203 0.291313559322 ;
36.8086494322 6.36603044214 2.69364580817 0.0579850205364 0.0173955061609 5.87267455907 0.156559555448 ;
61.2719033233 3.58670694864 2.14501510574 0.687613293051 0.851963746224 2.84652567976 0.130513595166 ;
56.2933049947 3.5302869288 5.23166843783 2.26992561105 0.0170031880978 34.7449521785 5.1572794899 ;
43.7704918033 43.1926229508 1.77049180328 0.0614754098361 0.0532786885246 4.33196721311 0.0655737704918 ;
59.7012987013 3.47402597403 8.42857142857 4.17532467532 0.0 67.6298701299 11.9935064935 ;
74.8894230769 4.31850961538 3.5625 1.26923076923 0.846153846154 8.26322115385 0.894230769231 ;
48.8977886978 4.65061425061 2.43832923833 0.57542997543 0.305651105651 8.55577395577 0.783292383292 ;
60.4993734336 3.64097744361 2.46929824561 0.77380952381 0.840852130326 3.73872180451 0.241228070175 ;
36.0982360923 6.31560379919 2.75332428765 0.0572591587517 0.00298507462687 6.35739484396 0.186702849389 ;
58.8061420345 3.51055662188 6.84452975048 3.17466410749 0.00575815738964 50.6660268714 8.35316698656 ;
75.8373493976 4.31325301205 2.82530120482 1.03855421687 0.928915662651 5.22048192771 0.46265060241 ;
54.0834088849 3.57660924751 4.15684496827 1.62012692656 0.0634632819583 24.430643699 3.29102447869 ;
43.4726027397 40.1815068493 1.73630136986 0.0513698630137 0.0445205479452 4.26369863014 0.0650684931507 ;
47.0892042575 4.84896097314 2.12265585403 0.321844906234 0.317790167258 4.64014191586 0.23314749113 ;
52.4727570668 3.9672265465 2.0380991397 0.51863990168 0.548136009832 4.31421548546 0.276526013929 ;
62.6824104235 3.39413680782 4.35342019544 1.7003257329 0.105863192182 22.348534202 3.07166123779 ;
71.5520912548 4.1216730038 2.78783269962 0.961216730038 1.01673003802 3.80608365019 0.253992395437 ;
37.0534243351 6.10802541775 2.74958813839 0.0764885855495 0.0171805130619 6.22311132031 0.191339138621 ;
50.9594046008 3.76725304465 4.57916102842 1.86062246279 0.0121786197564 30.4533152909 4.28687415426 ;
59.1480263158 3.58552631579 7.60197368421 3.65131578947 0.00657894736842 58.4111842105 9.92763157895 ;
43.4112426036 37.6420118343 1.73372781065 0.0443786982249 0.0384615384615 4.46449704142 0.0710059171598 ;
45.5814696486 4.58849840256 1.94121405751 0.198722044728 0.265814696486 3.4945686901 0.0958466453674 ;
57.2618644068 3.3813559322 5.59661016949 2.49491525424 0.0186440677966 38.1271186441 5.90847457627 ;
73.0701454234 4.19503849444 2.89820359281 1.02737382378 0.936698032506 5.15568862275 0.454234388366 ;
41.1236881559 10.3875562219 2.72113943028 0.285607196402 0.0329835082459 12.2346326837 0.903298350825 ;
43.8755555556 44.4444444444 1.76444444444 0.0666666666667 0.0577777777778 4.14666666667 0.0533333333333 ;
57.6038159371 3.5785634119 2.48316498316 0.771604938272 0.694163860831 5.29966329966 0.45847362514 ;
35.2324225865 4.89216757741 2.84007285974 0.0626593806922 0.00364298724954 5.20473588342 0.0841530054645 ;
36.5192549711 6.3181474956 2.77674301535 0.066196828593 0.00654417316889 6.36949408507 0.195066700227 ;
62.673537234 3.63630319149 2.63630319149 0.849069148936 0.873005319149 4.06316489362 0.295212765957 ;
55.5817860301 3.50044208665 4.5225464191 1.83642793988 0.0371352785146 27.7365163572 3.89389920424 ;
43.5598591549 40.6549295775 1.74295774648 0.0528169014085 0.0457746478873 4.22535211268 0.0633802816901 ;
77.7382445141 4.44827586207 2.90438871473 1.06112852665 0.989028213166 4.99529780564 0.426332288401 ;
58.7861271676 3.62427745665 7.3901734104 3.53179190751 0.00578034682081 56.6445086705 9.56358381503 ;
48.9143126177 4.50564971751 2.00612052731 0.408662900188 0.381355932203 5.03672316384 0.327683615819 ;
48.9057421452 4.50162513543 3.4301191766 1.10942578548 0.0910075839653 19.2166847237 2.30010834236 ;
70.4378205128 4.03653846154 2.8641025641 0.99358974359 0.928205128205 4.83525641026 0.398076923077 ;
58.8743718593 3.74874371859 8.06532663317 3.93467336683 0.0 64.3115577889 11.1859296482 ;
36.8276115743 6.24006866111 2.71873467386 0.0598332515939 0.0120156939676 5.82785679255 0.142226581658 ;
58.7561929596 3.32203389831 5.4406779661 2.3481095176 0.0208604954368 34.9713168188 5.24119947849 ;
52.0517476169 4.23604176123 1.95778483886 0.445755787562 0.556967771221 3.48161597821 0.150703586019 ;
43.5518518519 41.5296296296 1.72592592593 0.0555555555556 0.0481481481481 4.2 0.0592592592593 ;
70.8790540541 4.07094594595 2.83648648649 0.983108108108 0.951351351351 4.49391891892 0.352027027027 ;
36.8209549072 5.9175066313 2.73633952255 0.0628647214854 0.0151193633952 5.13978779841 0.0753315649867 ;
58.6421568627 3.5637254902 7.20098039216 3.39950980392 0.00735294117647 54.2769607843 9.07843137255 ;
57.0884773663 3.17592592593 4.56275720165 1.87139917695 0.048353909465 27.1121399177 3.84156378601 ;
43.6258992806 41.0215827338 1.74100719424 0.0539568345324 0.0467625899281 4.17625899281 0.0575539568345 ;
40.5920873124 7.97407912688 2.89904502046 0.428376534789 0.0409276944065 16.4215552524 1.45975443383 ;
52.3115727003 4.07545570157 2.02713013989 0.496820686732 0.54217888936 4.13183552353 0.249682068673 ;
35.6538461538 6.04726952437 2.79859072225 0.0613623018203 0.00322959483265 6.51027598356 0.202583675866 ;
55.8066491689 3.48206474191 4.66141732283 1.92038495188 0.0332458442695 29.0341207349 4.13648293963 ;
59.7886313466 3.60154525386 2.49613686534 0.787527593819 0.800220750552 4.21357615894 0.310706401766 ;
59.0669014085 3.60915492958 7.70774647887 3.70070422535 0.00704225352113 59.3908450704 10.1373239437 ;
75.8383961118 4.3134872418 2.86634264885 1.03523693803 0.947752126367 5.01822600243 0.43134872418 ;
43.3745704467 40.2474226804 1.74570446735 0.0515463917526 0.0446735395189 4.25085910653 0.0652920962199 ;
45.9812583668 5.51004016064 2.1593038822 0.29004908523 0.242302543507 5.46273984828 0.305220883534 ;
68.5892006353 3.94123875066 2.7961884595 0.956061408152 0.906299629434 4.73160402329 0.384859714134 ;
38.3928293063 11.0561184723 2.6017147311 0.091192517537 0.00467653936087 10.6095089634 0.581449727202 ;
56.0337078652 3.33707865169 4.73970037453 1.98314606742 0.0290262172285 29.8529962547 4.29775280899 ;
50.1004149378 4.1132780083 2.09668049793 0.469294605809 0.435684647303 5.04107883817 0.35601659751 ;
35.9615521538 4.48380206479 2.82271270915 0.063723745105 0.00818796724813 4.69989320043 0.0533997864009 ;
43.8098859316 41.9429657795 1.74524714829 0.0570342205323 0.0494296577947 4.19011406844 0.0532319391635 ;
59.2446043165 3.61510791367 7.75179856115 3.71582733813 0.00719424460432 59.6582733813 10.190647482 ;
36.6111987382 5.78338590957 2.77576235542 0.0641430073607 0.0102523659306 5.67481598318 0.125394321767 ;
69.9855527638 4.03391959799 2.74623115578 0.949748743719 0.969849246231 4.07600502513 0.291457286432 ;
58.706 3.452 6.896 3.216 0.006 51.264 8.48 ;
43.0274314214 34.7182044888 1.73067331671 0.0374064837905 0.0324189526185 4.70573566085 0.0897755610973 ;
51.1058458813 4.07794508415 1.96988485385 0.43932683791 0.503100088574 3.90744021258 0.203720106289 ;
42.4423791822 6.52788104089 3.26394052045 0.834572490706 0.046468401487 20.9832713755 2.2936802974 ;
58.3164277839 3.25027563396 4.41124586549 1.74090407938 0.0848952590959 23.9955898567 3.31532524807 ;
72.3740031898 4.1658692185 2.84051036683 0.998405103668 0.960127591707 4.52791068581 0.358851674641 ;
37.2824690225 5.96213859569 2.74323083983 0.0888022028453 0.024093620927 6.30862781092 0.207434603029 ;
53.5578093306 3.830831643 2.1200811359 0.558620689655 0.594320486815 4.28519269777 0.28275862069 ;
55.7101694915 3.38559322034 4.46101694915 1.80762711864 0.0406779661017 27.1347457627 3.8 ;
58.78 3.62285714286 7.38 3.52285714286 0.00571428571429 56.4828571429 9.52857142857 ;
43.6614173228 52.0157480315 2.0 0.102362204724 0.0944881889764 4.41732283465 0.0472440944882 ;
42.507518797 27.1390977444 1.63157894737 0.015037593985 0.00375939849624 5.21804511278 0.157894736842 ;
35.9311402286 6.44243100084 2.77306941734 0.0599386674101 0.0030666294954 6.50738778924 0.199052132701 ;
59.36521181 3.63093709884 2.30744544288 0.720795892169 0.826700898588 3.36456996149 0.186136071887 ;
57.9488636364 3.58806818182 6.41193181818 2.89914772727 0.00710227272727 46.2769886364 7.45454545455 ;
74.8692879915 4.27948990436 2.91073326249 1.04569606801 0.956429330499 5.0 0.433581296493 ;
46.1331220285 5.33703116746 2.03803486529 0.228737453777 0.268885367142 4.10565240359 0.142630744849 ;
53.8628731343 3.49813432836 3.91044776119 1.48134328358 0.103544776119 21.239738806 2.7723880597 ;
43.7632653061 43.1265306122 1.76734693878 0.0612244897959 0.0530612244898 4.33469387755 0.065306122449 ;
35.1136454582 4.27731092437 2.86354541817 0.0644257703081 0.00880352140856 4.99039615846 0.0852340936375 ;
72.2217898833 4.15408560311 2.85758754864 1.0046692607 0.946303501946 4.76653696498 0.393774319066 ;
58.9095477387 3.58291457286 7.22613065327 3.42211055276 0.00502512562814 54.6105527638 9.1432160804 ;
55.3216531896 3.43665768194 4.43396226415 1.78256963163 0.0431266846361 26.7187780773 3.71967654987 ;
54.3445761167 3.61030082042 2.08204193254 0.577028258888 0.637192342753 3.96308113036 0.26162260711 ;
40.9898004435 8.72727272727 2.49356984479 0.141906873614 0.0611973392461 7.8110864745 0.368070953437 ;
43.671875 42.41796875 1.75 0.05859375 0.05078125 4.26953125 0.0625 ;
76.1596958175 4.33079847909 2.78833967047 1.01774397972 0.959442332066 4.71482889734 0.390367553866 ;
36.3204086979 6.09012313335 2.78883940267 0.0636625622216 0.00419177364422 6.36101650511 0.191773644223 ;
55.7615593835 3.41341795104 4.68177697189 1.93472348141 0.0299184043518 29.3200362647 4.18676337262 ;
61.0744680851 3.60262828536 2.65206508135 0.846683354193 0.822277847309 4.68147684606 0.377346683354 ;
58.7916666667 3.70138888889 7.67013888889 3.6875 0.00694444444444 59.2326388889 10.09375 ;
48.0083415113 4.49263984298 2.04906771344 0.386162904809 0.344455348381 5.29048086359 0.346418056919 ;
43.0980926431 36.3242506812 1.76021798365 0.0463215258856 0.0354223433243 4.92915531335 0.119891008174 ;
36.6994091581 6.27055637617 2.75849335303 0.0652387986214 0.00812407680945 6.20974889217 0.180452978828 ;
51.0036600244 4.27368849126 2.04880032534 0.470923139488 0.495323302155 4.51565677105 0.283041886946 ;
59.4380403458 3.56772334294 7.40634005764 3.53602305476 0.00576368876081 56.4755043228 9.53602305476 ;
63.8923357664 3.47262773723 4.30474452555 1.67335766423 0.116788321168 21.3759124088 2.89416058394 ;
43.4825174825 40.5454545455 1.74125874126 0.0524475524476 0.0454545454545 4.25874125874 0.0664335664336 ;
51.0772104608 3.74844333748 4.4495641345 1.78580323786 0.0211706102117 29.0660024907 4.04607721046 ;
70.125083612 4.02073578595 2.69899665552 0.92508361204 0.996655518395 3.52775919732 0.218060200669 ;
52.1004237288 4.04279661017 2.00805084746 0.478813559322 0.541949152542 3.91949152542 0.218220338983 ;
39.4718374885 8.702677747 2.8162511542 0.251154201293 0.0295475530933 13.5180055402 0.972299168975 ;
56.4043607532 3.19326065411 4.44895936571 1.77700693756 0.0654112983152 25.4648166501 3.54112983152 ;
70.9231292517 4.07278911565 2.78911564626 0.972108843537 0.952380952381 4.42244897959 0.342857142857 ;
36.4913242009 5.37260273973 2.74611872146 0.0611872146119 0.0133942161339 4.63287671233 0.0423135464231 ;
58.5564853556 3.52928870293 6.97907949791 3.26150627615 0.00627615062762 51.9665271967 8.6129707113 ;
43.4253968254 38.8158730159 1.72380952381 0.047619047619 0.0412698412698 4.2126984127 0.0539682539683 ;
58.6428571429 3.67207792208 7.57792207792 3.63961038961 0.00649350649351 58.2922077922 9.89935064935 ;
50.9546827795 3.83858437635 2.08890807078 0.500647388865 0.496763055675 4.76305567544 0.331463098835 ;
69.4488966318 3.98954703833 2.75493612079 0.953542392567 0.920441347271 4.52787456446 0.35656213705 ;
36.6698282492 5.59292489105 2.79953857985 0.0761343245322 0.011791848244 6.26454755191 0.191233017175 ;
55.9658792651 3.33158355206 4.59755030621 1.88538932633 0.0349956255468 28.4024496938 4.03062117235 ;
43.6187845304 47.6022099448 1.85635359116 0.0828729281768 0.0662983425414 4.34806629834 0.0441988950276 ;
41.5630841121 20.0957943925 1.98130841121 0.0210280373832 0.00233644859813 6.9976635514 0.294392523364 ;
47.7243436754 4.17303102625 1.88902147971 0.296539379475 0.374105011933 3.60441527446 0.144988066826 ;
57.6651705566 3.34111310592 5.72531418312 2.5592459605 0.0197486535009 38.9928186715 6.07540394973 ;
75.1226519337 4.26408839779 2.78011049724 1.01436464088 0.92817679558 4.92375690608 0.424309392265 ;
43.8755555556 44.4444444444 1.76444444444 0.0666666666667 0.0577777777778 4.14666666667 0.0533333333333 ;
35.7415443523 5.18889597958 2.83056796426 0.0609444798979 0.00350989151244 5.24345883854 0.0890236119974 ;
60.0584028605 3.60548271752 2.73063170441 0.871275327771 0.763408820024 5.6305125149 0.511918951132 ;
42.2255520505 10.1348580442 2.65615141956 0.366719242902 0.0339116719243 13.1876971609 1.08280757098 ;
71.6540697674 4.11627906977 2.9011627907 1.01744186047 0.950581395349 4.87936046512 0.408430232558 ;
34.8853227551 5.20194734944 2.83375405698 0.0620266858997 0.00360620266859 6.00396682294 0.159754778219 ;
53.876344086 3.51702508961 4.0958781362 1.59408602151 0.0681003584229 23.8870967742 3.20967741935 ;
54.7438558165 3.56362643364 2.01365374113 0.561987984708 0.670671764063 3.42435827417 0.186783178591 ;
58.9650092081 3.51749539595 6.77900552486 3.13443830571 0.00552486187845 50.0257826888 8.22651933702 ;
42.5411483254 7.67511961722 2.4 0.144019138756 0.0952153110048 6.13253588517 0.239234449761 ;
43.5166051661 41.5055350554 1.74538745387 0.0590405904059 0.0479704797048 4.42435424354 0.0811808118081 ;
36.3659934498 5.4740720524 2.80731441048 0.0641375545852 0.007096069869 6.03848253275 0.157205240175 ;
69.5232018561 3.98665893271 2.77320185615 0.961716937355 0.919373549884 4.59744779582 0.370069605568 ;
51.7627118644 3.71657250471 3.69585687382 1.34745762712 0.0951035781544 20.7608286252 2.63747645951 ;
43.527173913 47.3913043478 1.85869565217 0.0815217391304 0.0652173913043 4.4402173913 0.0597826086957 ;
50.6783707865 3.94897003745 1.94288389513 0.407771535581 0.51638576779 3.4925093633 0.146535580524 ;
58.7154150198 3.53623188406 6.39789196311 2.87615283267 0.0118577075099 44.9459815547 7.21739130435 ;
41.4416135881 19.1549893843 1.991507431 0.0127388535032 0.00212314225053 6.32908704883 0.214437367304 ;
76.5065963061 4.3746701847 2.87203166227 1.05408970976 0.944591029024 5.32189973615 0.472295514512 ;
46.9333655239 5.18445195558 2.08208594882 0.311443746982 0.305649444713 4.75325929503 0.244809270884 ;
43.5390334572 41.594795539 1.73234200743 0.0557620817844 0.0483271375465 4.21189591078 0.0594795539033 ;
54.8262380539 3.51086012163 4.36490008688 1.72980017376 0.0495221546481 26.1320590791 3.60642919201 ;
59.0754257908 3.56934306569 7.1897810219 3.40145985401 0.00486618004866 54.1094890511 9.04379562044 ;
36.0224473036 6.2559540104 2.78811935396 0.0629619490829 0.00355871886121 6.47330960854 0.199562003832 ;
60.7818612922 3.63663307647 2.46532305868 0.78304682869 0.831653823355 3.85062240664 0.260818020154 ;
37.2774901005 4.81815412732 2.72525129455 0.0791958574475 0.0405117270789 4.2567773378 0.0359427353031 ;
72.3753968254 4.16507936508 2.8373015873 0.999206349206 0.953174603175 4.61825396825 0.372222222222 ;
58.5384615385 3.5682382134 7.21836228288 3.41439205955 0.00744416873449 54.4640198511 9.11662531017 ;
55.9827272727 3.20636363636 4.44272727273 1.79545454545 0.0472727272727 26.4363636364 3.70363636364 ;
43.6007462687 41.6567164179 1.7276119403 0.0559701492537 0.0485074626866 4.2052238806 0.0597014925373 ;
54.2569906791 3.83089214381 2.09587217044 0.569019085664 0.622725255215 4.03506435863 0.256990679095 ;
38.900209351 9.7083042568 2.63433356595 0.161898115841 0.0223307745987 11.465457083 0.689462665736 ;
41.577451879 8.31255728689 2.3845096242 0.111365719523 0.0682859761687 6.12373968836 0.217231897342 ;
71.4839400428 4.09493219129 2.85010706638 0.999286224126 0.942184154176 4.77016416845 0.39471805853 ;
59.0909090909 3.51693404635 6.76114081996 3.11408199643 0.00713012477718 49.5026737968 8.12299465241 ;
54.1233866804 3.60299432112 2.03665462055 0.556530717605 0.653071760454 3.55859576665 0.198760970573 ;
43.5639097744 41.7894736842 1.73684210526 0.0563909774436 0.0488721804511 4.22556390977 0.0601503759398 ;
53.6460017969 3.54357592093 4.04492362983 1.56963162624 0.0673854447439 23.6576819407 3.16891284816 ;
34.7492125984 4.6657480315 2.90551181102 0.0665354330709 0.00433070866142 6.02637795276 0.159842519685 ;
39.6628065395 10.560626703 2.59059945504 0.147820163488 0.0217983651226 10.5252043597 0.613760217984 ;
58.5668202765 3.53686635945 7.11520737327 3.34562211982 0.00691244239631 53.3755760369 8.89861751152 ;
53.1552930884 3.76771653543 2.03587051619 0.531058617673 0.582239720035 3.99300087489 0.248031496063 ;
55.9963099631 3.22324723247 4.40959409594 1.7721402214 0.0535055350554 25.9409594096 3.61439114391 ;
71.5655976676 4.10860058309 2.82434402332 0.987609329446 0.961370262391 4.4861516035 0.352040816327 ;
36.5043590572 4.52793025509 2.78463028737 0.0726509525347 0.0261543429125 4.63674523733 0.0558605101711 ;
43.7027027027 42.2123552124 1.7528957529 0.0579150579151 0.0501930501931 4.21621621622 0.0540540540541 ;
37.1357539315 6.22826086957 2.74491211841 0.0800185013876 0.018038852914 6.29370952821 0.199583718779 ;
71.2373595506 4.10112359551 2.89396067416 1.0 0.967696629213 4.58988764045 0.364466292135 ;
54.8051823417 3.43570057582 4.20441458733 1.65738963532 0.0652591170825 24.4443378119 3.30998080614 ;
43.406557377 39.4557377049 1.75409836066 0.0524590163934 0.0426229508197 4.51803278689 0.0852459016393 ;
59.4961832061 3.48091603053 8.67938931298 4.30534351145 0.0 69.5801526718 12.4427480916 ;
52.6004237288 3.98728813559 1.98601694915 0.501271186441 0.549576271186 4.06694915254 0.246186440678 ;
58.268115942 3.59178743961 6.15458937198 2.75120772947 0.00724637681159 43.8623188406 6.88405797101 ;
37.7064141197 6.1883340508 2.67864829961 0.0904003443823 0.0327163151098 6.16810159277 0.197804563065 ;
55.6685330347 3.28667413214 3.74468085106 1.39865621501 0.124300111982 19.287793953 2.4882418813 ;
43.5226480836 40.4738675958 1.73170731707 0.0522648083624 0.0452961672474 4.20557491289 0.0627177700348 ;
55.4615384615 3.76319758673 5.38461538462 2.28355957768 0.0120663650075 35.5610859729 5.26696832579 ;
54.6395073425 3.88015158693 2.0189483657 0.53671245855 0.672666982473 3.25153955471 0.148744670772 ;
59.129707113 3.65690376569 7.7949790795 3.79079497908 0.0 61.7866108787 10.6443514644 ;
73.0258397933 4.19982773471 2.83979328165 1.00086132644 0.975882859604 4.45736434109 0.352282515073 ;
36.108815427 4.4435261708 2.81749311295 0.0685261707989 0.0151515151515 4.6914600551 0.0581955922865 ;
70.3303514377 4.02811501597 2.75591054313 0.958466453674 0.941214057508 4.34504792332 0.332907348243 ;
58.3960066556 3.61064891847 6.63560732113 3.03993344426 0.00665557404326 48.6106489185 7.9234608985 ;
51.7515468824 3.8557829605 1.94574012375 0.454545454545 0.563065207044 3.46787244169 0.161351737268 ;
54.9652968037 3.16621004566 4.07397260274 1.59543378995 0.0922374429224 22.5707762557 3.04200913242 ;
43.6593406593 41.3406593407 1.72161172161 0.0549450549451 0.047619047619 4.18681318681 0.0586080586081 ;
39.3963039014 10.6132785763 2.58453114305 0.106776180698 0.0130047912389 10.0533880903 0.533880903491 ;
53.2909728309 3.9347063979 2.05083260298 0.535933391762 0.571866783523 4.18667835232 0.267747589833 ;
37.0610922555 4.99598889232 2.73773526689 0.071582844801 0.0327059549522 4.25825362542 0.029311940759 ;
58.0943820225 3.53707865169 7.07865168539 3.32134831461 0.00674157303371 53.0314606742 8.81573033708 ;
71.5414244186 4.10901162791 2.84811046512 0.992005813953 0.963662790698 4.50218023256 0.354651162791 ;
43.5296167247 40.4634146341 1.7212543554 0.0522648083624 0.0452961672474 4.14285714286 0.0557491289199 ;
56.3963178295 3.18507751938 4.43120155039 1.79069767442 0.0503875968992 26.1065891473 3.65213178295 ;
38.6724008975 9.30366492147 2.68436798803 0.178010471204 0.0239341810022 12.109947644 0.759910246821 ;
37.963744935 6.1038600981 2.63872894007 0.0902111324376 0.040946896993 5.82298997654 0.166133503945 ;
73.976744186 4.27519379845 2.83139534884 1.01453488372 0.980620155039 4.49127906977 0.357558139535 ;
55.7559198543 3.80692167577 2.13387978142 0.596539162113 0.69262295082 3.58378870674 0.195355191257 ;
59.0913404508 3.25860023725 4.31791221827 1.69988137604 0.0842230130486 23.6239620403 3.27758007117 ;
43.6285714286 40.8964285714 1.73928571429 0.0535714285714 0.0464285714286 4.21785714286 0.0607142857143 ;
59.0334075724 3.48106904232 7.05345211581 3.32293986637 0.00668151447661 52.7861915367 8.78396436526 ;
45.1761252446 5.05675146771 3.91976516634 1.32876712329 0.0489236790607 25.1761252446 3.16438356164 ;
37.7230603448 6.22931034483 2.66056034483 0.08125 0.0349137931034 5.99762931034 0.176293103448 ;
52.7617617618 3.58458458458 3.78978978979 1.41841841842 0.0970970970971 21.007007007 2.71771771772 ;
59.1899441341 3.55865921788 8.18994413408 4.03910614525 0.0 65.7206703911 11.5139664804 ;
55.1452282158 3.83171968649 2.07791609036 0.56846473029 0.672660212079 3.49331489166 0.181189488243 ;
58.4856175973 3.51776649746 5.74450084602 2.48392554992 0.0135363790186 38.399323181 5.8578680203 ;
73.2167832168 4.21678321678 2.87937062937 1.01923076923 0.95979020979 4.76835664336 0.395979020979 ;
43.6798561151 41.0143884892 1.74460431655 0.0539568345324 0.0467625899281 4.19424460432 0.0575539568345 ;
39.9030732861 10.293144208 2.64933018125 0.213553979511 0.0252167060678 12.0717100079 0.813238770686 ;
71.0020547945 4.08493150685 2.85890410959 0.992465753425 0.957534246575 4.54315068493 0.357534246575 ;
56.5579847909 3.17965779468 4.59790874525 1.88307984791 0.0446768060837 27.6844106464 3.92775665399 ;
52.8047493404 3.8619173263 2.02814423923 0.521547933157 0.555848724714 4.1890941073 0.274406332454 ;
36.6874812369 4.96787751426 2.75863104173 0.0681477033924 0.0243170219153 4.65235664965 0.0519363554488 ;
58.8429752066 3.61432506887 7.33333333333 3.49862258953 0.00550964187328 55.958677686 9.42424242424 ;
43.7211155378 42.7290836653 1.7609561753 0.0597609561753 0.0517928286853 4.21912350598 0.0557768924303 ;
36.6487290427 5.41373715522 2.69361817198 0.0648999459167 0.0335316387236 5.03163872363 0.0884261763115 ;
65.353515625 3.64453125 4.31640625 1.66015625 0.173828125 20.52734375 2.765625 ;
53.7761780105 3.50785340314 4.9554973822 2.1112565445 0.0143979057592 32.9476439791 4.7945026178 ;
65.017733564 3.79844290657 2.44031141869 0.800173010381 0.908737024221 3.23615916955 0.175173010381 ;
59.2131782946 3.63953488372 7.83720930233 3.76744186047 0.00387596899225 60.7015503876 10.4224806202 ;
46.2303086135 6.3929064947 2.37678489175 0.395670198065 0.229387379088 8.68355596499 0.645324735145 ;
43.4385964912 40.6035087719 1.74385964912 0.0526315789474 0.0456140350877 4.1649122807 0.059649122807 ;
57.8087649402 3.71314741036 7.78884462151 3.77290836653 0.00398406374502 61.0756972112 10.5059760956 ;
53.9137857448 3.96116090482 2.10968843363 0.550576184379 0.619718309859 3.87750746906 0.224925309432 ;
37.3364274394 6.28956305185 2.70251301789 0.0749377405479 0.0226398007698 6.01969662667 0.170930495812 ;
72.2846946868 4.16019032514 2.81681205393 0.989690721649 0.949246629659 4.59238699445 0.365582870738 ;
61.6707746479 3.37676056338 5.45070422535 2.33626760563 0.0264084507042 34.3116197183 5.1426056338 ;
50.2516853933 3.78314606742 3.7404494382 1.39438202247 0.0662921348315 22.5303370787 2.92247191011 ;
43.5851851852 41.5296296296 1.72592592593 0.0555555555556 0.0481481481481 4.2037037037 0.0592592592593 ;
34.7552809884 4.57273814269 2.83858110801 0.0601833399761 0.00398565165405 5.65005978477 0.131127939418 ;
57.9009100101 3.49039433771 5.94539939333 2.65925176946 0.0161779575329 40.9747219414 6.43377148635 ;
75.5362997658 4.30913348946 2.95081967213 1.06206088993 0.946135831382 5.21545667447 0.462529274005 ;
42.1394694534 8.16881028939 2.32475884244 0.101286173633 0.121784565916 5.82797427653 0.189710610932 ;
58.7985846489 3.60587915079 2.11921611323 0.643440391943 0.808383233533 2.9368535656 0.135002721829 ;
43.7925311203 43.3900414938 1.78423236515 0.0622406639004 0.0539419087137 4.32365145228 0.0663900414938 ;
51.7874306839 3.44547134935 3.37245841035 1.16635859519 0.186691312384 16.0628465804 1.93622920518 ;
57.45 3.68148148148 6.7462962963 3.11111111111 0.00555555555556 50.1888888889 8.22037037037 ;
40.2747252747 8.99300699301 2.56043956044 0.154845154845 0.028971028971 9.50799200799 0.514485514486 ;
71.7087378641 4.12471994025 2.75354742345 0.972367438387 0.963405526512 4.35623599701 0.333084391337 ;
56.637195122 3.22357723577 4.37804878049 1.74796747967 0.0680894308943 24.7449186992 3.41361788618 ;
43.5622641509 41.8528301887 1.7358490566 0.0566037735849 0.0490566037736 4.22641509434 0.0603773584906 ;
53.5347253745 3.74398547435 2.044030867 0.536541080345 0.606899682251 3.82478438493 0.232864275987 ;
35.8207724034 4.39145106862 2.83127109111 0.0712410948631 0.0258717660292 4.35170603675 0.0431196100487 ;
57.4003421728 3.41317365269 5.62275449102 2.500427716 0.0188195038494 38.2668947819 5.92985457656 ;
52.5672776039 3.68573983013 2.01832811802 0.515422440769 0.558337058561 4.1269557443 0.276709879303 ;
70.3274780427 4.03450439147 2.89711417817 1.00878293601 0.907151819322 5.23274780427 0.459849435383 ;
37.0904123199 5.68306010929 3.27421758569 0.096870342772 0.0248385494287 3.11823149528 0.0019870839543 ;
42.8992366412 9.1213740458 2.7320610687 0.365648854962 0.0435114503817 12.4679389313 0.98320610687 ;
34.9085794655 4.81926863572 2.07876230661 0.0182841068917 0.0 8.07805907173 0.230661040788 ;
43.6078431373 42.4705882353 1.74901960784 0.0588235294118 0.0509803921569 4.18431372549 0.0549019607843 ;
35.187585266 6.53001364256 2.74590723056 0.0675306957708 0.00443383356071 7.2312414734 0.254092769441 ;
54.9132697311 3.36253252385 4.17432784042 1.63486556808 0.0823937554206 23.6834345186 3.20901994796 ;
58.9202099738 3.7186351706 2.2530183727 0.698162729659 0.784776902887 3.54173228346 0.205249343832 ;
43.7491666667 5.54208333333 2.36416666667 0.185 0.17625 4.33708333333 0.14 ;
43.7003891051 42.3501945525 1.7626459144 0.0583657587549 0.0505836575875 4.28015564202 0.0622568093385 ;
58.5066413662 3.56356736243 6.81404174573 3.15749525617 0.00569259962049 50.5445920304 8.31878557875 ;
75.8196125908 4.3196125908 2.91041162228 1.04479418886 0.962469733656 4.92615012107 0.418886198547 ;
45.7953216374 5.74269005848 2.14230019493 0.263157894737 0.240253411306 5.16666666667 0.254873294347 ;
55.0608166811 3.49435273675 4.37271937446 1.74109470026 0.0469157254561 26.2215464813 3.62293657689 ;
35.7115942029 6.03623188406 2.79826086957 0.0614492753623 0.0031884057971 6.42492753623 0.19652173913 ;
43.487544484 40.8825622776 1.75088967972 0.0569395017794 0.0462633451957 4.35231316726 0.0782918149466 ;
74.4527918782 4.28020304569 2.86395939086 1.02639593909 0.956345177665 4.82842639594 0.409137055838 ;
58.9191176471 3.5637254902 7.19362745098 3.40196078431 0.00490196078431 54.2426470588 9.07107843137 ;
58.7387925882 3.55588762702 2.35923490735 0.734010759115 0.790197250448 3.83263598326 0.251643753736 ;
36.8422597212 5.94424064563 2.78356566398 0.0802152115432 0.0112496943018 6.41110295916 0.208853020298 ;
78.5891608392 4.47902097902 3.04895104895 1.10839160839 0.998251748252 5.26223776224 0.465034965035 ;
58.5294117647 3.70588235294 7.74632352941 3.72058823529 0.00735294117647 60.0477941176 10.2647058824 ;
63.6696005416 3.69871360867 2.77386594448 0.914014895058 0.854434664861 4.84360189573 0.402843601896 ;
55.7256153145 3.35824977211 4.71376481313 1.9580674567 0.0291704649043 29.6864175023 4.257976299 ;
50.0430210325 4.17256214149 1.94120458891 0.434034416826 0.435468451243 4.75812619503 0.320745697897 ;
42.4812967581 34.8778054863 1.7855361596 0.0473815461347 0.0324189526185 5.58354114713 0.172069825436 ;
35.0074305827 6.71294485725 2.64802502933 0.0606179116152 0.00508408290966 7.76886976926 0.286272976144 ;
54.4411276949 3.46434494196 4.19485903814 1.64427860697 0.0638474295191 24.6550580431 3.35820895522 ;
56.4580113344 3.73106646059 2.19835136528 0.640391550747 0.726429675425 3.6810922205 0.212776919114 ;
58.9059080963 3.53610503282 7.03282275711 3.30196936543 0.00656455142232 52.5820568928 8.74835886214 ;
73.4682752458 4.22698838248 2.86058981233 1.02234137623 0.943699731903 4.92672028597 0.423592493298 ;
41.9317434211 5.41611842105 2.578125 0.143914473684 0.108963815789 4.10074013158 0.0962171052632 ;
43.5868055556 40.3993055556 1.72222222222 0.0520833333333 0.0451388888889 4.20486111111 0.0590277777778 ;
55.1907327586 3.34159482759 3.76939655172 1.40301724138 0.13900862069 19.1778017241 2.46336206897 ;
49.7004085338 4.40762596459 1.92964139809 0.370857921017 0.460735360872 3.78801634135 0.166137085792 ;
59.5071770335 3.53110047847 8.01913875598 3.91387559809 0.0 63.5885167464 11.04784689 ;
56.4329896907 3.64212076583 5.45360824742 2.34462444772 0.0103092783505 36.381443299 5.43888070692 ;
69.1036866359 3.98675115207 2.67741935484 0.917050691244 0.952188940092 3.86923963134 0.264976958525 ;
36.4712760549 6.26410777834 2.78622267412 0.0668530757499 0.00508388408744 6.41408235892 0.19827147941 ;
43.4501607717 39.0739549839 1.73954983923 0.048231511254 0.0418006430868 4.45659163987 0.0771704180064 ;
35.2959669736 6.17910447761 2.71610034932 0.0568434423627 0.00349317243569 6.64845982852 0.209907907272 ;
55.5273799495 3.45577085088 4.41196293176 1.77843302443 0.0429654591407 26.7354675653 3.72535804549 ;
58.2313638874 3.62948647156 2.33351739371 0.715074544451 0.764770844837 3.89839867477 0.255107675318 ;
58.6448087432 3.60655737705 7.32240437158 3.49453551913 0.00546448087432 55.8524590164 9.40163934426 ;
43.6145038168 42.0381679389 1.74809160305 0.0572519083969 0.0496183206107 4.24809160305 0.0610687022901 ;
74.5364850976 4.2641315519 2.8345323741 1.01644398767 0.956834532374 4.70709146968 0.391572456321 ;
44.6212255773 5.82682060391 2.38277087034 0.235790408526 0.197158081705 5.15319715808 0.23756660746 ;
52.6037820801 3.92751013057 2.0112561909 0.502926609635 0.561008554705 3.97253489419 0.239531742458 ;
40.1748310811 9.42736486486 2.69256756757 0.244087837838 0.027027027027 12.8521959459 0.907939189189 ;
58.8429752066 3.61432506887 7.33333333333 3.49862258953 0.00550964187328 55.958677686 9.42424242424 ;
70.7673333333 4.06133333333 2.838 0.984666666667 0.943333333333 4.60133333333 0.366 ;
43.5285714286 40.9035714286 1.70714285714 0.0535714285714 0.0464285714286 4.13571428571 0.0571428571429 ;
36.6609619357 5.19917379758 2.75479492476 0.0687518442018 0.0233107111242 4.65653585128 0.0504573620537 ;
56.5136406397 3.17591721543 4.60018814675 1.87958607714 0.0470366886171 27.5418626529 3.90780809031 ;
35.9575135443 6.05104077559 2.7750213858 0.0553179355575 0.00285143997719 5.77216994582 0.125748502994 ;
57.9934569248 3.23009814613 4.81570338059 2.01308615049 0.0392584514722 29.1821155943 4.19520174482 ;
58.4941860465 3.61627906977 7.41279069767 3.53779069767 0.00581395348837 56.7441860465 9.58139534884 ;
48.9453499521 4.67593480345 1.86385426654 0.295302013423 0.428571428571 3.18935762224 0.0891658676894 ;
46.064516129 5.87419354839 3.15268817204 0.772043010753 0.108602150538 15.9677419355 1.62903225806 ;
68.1343669251 3.93643410853 2.72403100775 0.92661498708 0.920413436693 4.27338501292 0.31834625323 ;
43.5302491103 40.8434163701 1.74021352313 0.0533807829181 0.0462633451957 4.18505338078 0.0604982206406 ;
40.1081081081 11.413940256 2.59103840683 0.145092460882 0.022759601707 10.1415362731 0.583926031294 ;
71.5306416727 4.10670511896 2.82552271089 0.990627253064 0.943763518385 4.68781542898 0.381398702235 ;
58.6991150442 3.62536873156 7.43362831858 3.55162241888 0.00589970501475 56.9380530973 9.62536873156 ;
36.607891492 4.54808877928 2.76356350185 0.0745992601726 0.0274352651048 4.87361282367 0.0758323057953 ;
56.0514233242 3.27089072544 4.58585858586 1.88613406795 0.0367309458219 28.0899908173 3.98255280073 ;
53.363242306 3.62505418292 2.09666233203 0.566103164283 0.58604247941 4.36064152579 0.307758994365 ;
43.8947368421 44.2368421053 1.75438596491 0.0657894736842 0.0570175438596 4.15789473684 0.0526315789474 ;
36.4603094091 6.4007101192 2.77935582044 0.0667004818666 0.00431143799138 6.42353537915 0.1998478316 ;
60.8692411924 3.65379403794 2.81842818428 0.886856368564 0.830623306233 5.0460704607 0.424119241192 ;
59.0544871795 3.67628205128 7.5641025641 3.62820512821 0.00641025641026 58.0705128205 9.84935897436 ;
43.6037735849 41.8490566038 1.74339622642 0.0566037735849 0.0490566037736 4.24150943396 0.0603773584906 ;
48.3278370514 4.56935014549 1.94568380213 0.37148399612 0.352570320078 4.98836081474 0.317652764306 ;
55.5360149673 3.472404116 4.64546304958 1.91393826006 0.0299345182413 29.1234798877 4.14405986904 ;
75.3848797251 4.27949599084 2.70217640321 0.994272623139 0.939289805269 4.62084765178 0.378006872852 ;
52.2362362362 3.67967967968 3.69069069069 1.36436436436 0.0950950950951 20.7767767768 2.66066066066 ;
37.8035140347 6.22305549604 2.64945361046 0.0820655667452 0.0370687808014 5.91536318834 0.168845082494 ;
73.0008503401 4.18962585034 2.89285714286 1.0212585034 0.953231292517 4.80527210884 0.40306122449 ;
59.41875 3.59375 8.34375 4.1375 0.0 67.16875 11.8625 ;
43.5851851852 41.5296296296 1.72592592593 0.0555555555556 0.0481481481481 4.2037037037 0.0592592592593 ;
58.4079365079 3.49523809524 5.81111111111 2.5126984127 0.0142857142857 38.5507936508 5.8873015873 ;
55.2349857007 3.86177311725 2.07912297426 0.568160152526 0.679694947569 3.47378455672 0.178741658723 ;
35.3593019632 6.13524462449 2.77376129635 0.0585852290433 0.00311623558741 6.43907759427 0.194141477096 ;
72.6013018714 4.19202603743 2.88364524003 1.0146460537 0.957689178194 4.76484947111 0.391375101709 ;
58.7982954545 3.61931818182 7.37215909091 3.51988636364 0.00568181818182 56.4005681818 9.51136363636 ;
56.5097701149 3.6183908046 2.19482758621 0.651724137931 0.705747126437 3.91436781609 0.263218390805 ;
44.4484261501 5.84455205811 2.33510895884 0.243099273608 0.175302663438 5.79515738499 0.298789346247 ;
55.6755083996 3.49248452697 4.52519893899 1.83377541998 0.0397877984085 27.5641025641 3.8682581786 ;
43.5875912409 41.2737226277 1.74817518248 0.0547445255474 0.0474452554745 4.18248175182 0.0583941605839 ;
