2.29438134348 4.67702344163 2.9482248814 4.17999027649 2.39669925463 3.14253724913 2.60975709369 ;
1.57419420629 4.75855902854 0.0712391363461 1.78263114049 2.27790110735 0.7383784746 2.73845367018 ;
2.87360541006 4.63068925852 3.25214452242 3.73524305667 4.27272118352 1.90254260922 3.33501860488 ;
1.57132668613 4.76637259799 2.66255210044 1.74896952719 3.74245727694 1.04633567668 3.19199624855 ;
1.88104401437 4.77578313717 2.59448778869 2.15231774242 0.986008078902 0.589135842279 2.82772165396 ;
0.696322285351 4.77316582929 2.60056700046 1.12398775588 3.0747085477 0.960566205301 3.05005648312 ;
2.50190796879 4.6361554657 3.18827856566 4.08503500091 3.49709521922 3.01994827274 2.9735131665 ;
1.58236474227 4.76084873554 0.045026780078 1.79449951518 2.36433363903 0.770297926254 2.80470262036 ;
2.437114948 4.75216045879 2.75446905179 2.64387951681 3.55785549116 0.871820424606 3.18723391521 ;
2.15720949186 4.75178547677 2.54813672172 2.65162555867 0.523823425437 1.02816044588 2.63623730602 ;
1.42897667639 4.76278432114 2.24444940749 1.66191371393 3.80369582713 0.984337650443 3.1608805927 ;
2.04893782582 4.63708063673 2.97143247981 4.28802928392 2.53411862252 3.62794579106 2.55443968813 ;
2.73943093404 4.77404764625 2.71928444368 3.25911043916 1.75854936029 0.820516901584 2.88350803038 ;
1.3942859502 4.77746870847 1.40956502104 1.496815296 1.1443196796 0.609606827576 2.69153246306 ;
2.79639090387 4.6376975462 3.21468130802 3.55183041029 4.31670664783 2.03067882192 3.3842535407 ;
2.53094508084 4.63849498068 3.18360783909 4.08864755084 3.48371195581 2.95251961572 2.97155196003 ;
0.962886073922 4.77883148066 2.05620869837 1.09346214598 1.34468725023 0.56446849492 2.83606200226 ;
1.89818592627 4.75535580279 2.7334761186 2.14255727354 3.77334292473 1.00602827523 3.22069435563 ;
1.731189262 4.75405686359 0.0542642788324 1.96702950554 2.86859424964 0.817276007864 2.80776846578 ;
2.44753153321 4.75211169857 2.60772196863 3.13499785576 0.78188321761 1.08141516374 2.6463400191 ;
2.13286070462 4.63574154163 3.0376874848 4.28966878104 2.67193588266 3.61622527474 2.61836017884 ;
1.60904989802 4.75936382181 0.201404039155 1.76537055082 2.85495051469 0.732602508748 2.71804132421 ;
1.9927183664 4.7030066338 2.90903061616 2.46550376822 4.14764886342 1.45402705783 3.32894343823 ;
2.74720037549 4.77821313771 2.75785217202 3.31255323309 1.99536324024 0.890762110166 2.78327096738 ;
1.34219187445 4.77826246198 2.12971155952 1.42919527386 0.75588399738 0.631417889148 2.87503119286 ;
1.56039345804 4.76348529379 0.0692293464485 1.75274497497 2.26434894043 0.741882826443 2.77457902329 ;
2.79128859959 4.66157507823 3.16110611498 3.47370618144 4.17011284016 1.86765828349 3.37723014186 ;
2.23501068029 4.66238626915 2.95002481115 4.21676177769 2.49518022877 3.26663114093 2.53565056613 ;
2.07512487638 4.77367671418 2.60488568296 2.36078768145 0.535513712092 0.699662309989 2.84459553053 ;
1.46697150538 4.76931216378 2.6268819569 1.70137424084 3.38084749373 0.811775878278 3.07075099391 ;
1.04442244083 4.77220613383 1.36290414226 1.13582124926 2.51698279438 0.629538814319 2.89446675573 ;
2.19283811252 4.68574174513 2.92619475533 2.75045629379 4.26584721716 2.12460058548 3.3801303701 ;
2.28962797795 4.66102889859 2.99368053003 4.2374517622 2.60585333942 3.33235574245 2.63071776408 ;
2.4341359859 4.75602556787 2.67588138676 2.80069972241 3.25771907312 0.304202938431 3.1049069851 ;
2.09156600356 4.76553040538 2.18157789965 2.4790072154 0.483102562754 0.852961151826 2.62943504275 ;
0.830782755991 4.77047525118 2.32330492806 0.728990275576 2.1370243168 0.634242898111 2.84007798204 ;
2.55782884619 4.64020336429 3.18412343315 4.08584717959 3.47409211545 2.93476638332 2.97805937707 ;
2.18151655318 4.75518677093 2.42961391702 2.83553238112 0.513089629896 1.04922057352 2.6640366147 ;
2.02433714039 4.75722118021 2.74445239949 2.35967318623 3.6568412363 0.974056627767 3.21967621195 ;
1.67982336953 4.75540251376 0.0459888649484 1.96313273325 2.71786462361 0.82224571445 2.78961381755 ;
1.45797494667 4.77173440896 2.63877276789 1.7196130493 3.5201145046 0.848242252124 3.12624143093 ;
2.37645289707 4.77300800184 2.68008360279 2.79748375172 0.861544237741 0.743600392759 2.78115166234 ;
1.39898759169 4.76287955252 0.554530589966 1.49263426532 1.99568970897 0.6891397393 2.7557251274 ;
2.79530996438 4.65909717441 3.14059493429 3.47297060164 4.15188739512 1.90623223613 3.34819914654 ;
2.11833977756 4.64936325053 2.96693722032 4.28173203147 2.55556890068 3.54131476065 2.57272929342 ;
1.46610140474 4.77458452947 1.47392636137 1.55742342188 0.957561183412 0.599727233815 2.78970135381 ;
2.04418474098 4.63890305785 2.97255077823 4.28832921252 2.52357572111 3.63612117376 2.57216684225 ;
2.80748919097 4.6347380734 3.23109755851 3.54590597958 4.3180083948 2.09117629416 3.38895305821 ;
2.69345541891 4.77445642904 2.6127501596 3.14843153485 2.1746155485 0.747508131705 2.79009373081 ;
1.28542526778 4.76220467691 2.22990287724 1.57160459012 3.82748154436 1.04568036392 3.17461214581 ;
1.54321929223 4.76190122144 2.27146242396 1.733298421 3.84775562688 1.01620088138 3.16358526833 ;
2.46922548923 4.78314937106 2.64010122607 2.83267544559 1.23588210138 0.772588038748 2.87684369653 ;
2.05699054459 4.64132646696 2.96588657699 4.28723295936 2.54091171884 3.60952094304 2.54799804204 ;
1.10289886511 4.76866544871 1.09747551662 1.31864034201 1.40721600128 0.590991857983 2.65210736555 ;
2.88670918067 4.64893122215 3.1934619291 3.65190568774 4.1119043986 1.87424436258 3.32875212193 ;
1.85266720124 4.66937739582 2.38171066129 3.17035116063 2.01427854909 1.71667316163 0.0766551690326 ;
2.57232762338 4.6433388892 3.18502196917 4.02062985913 3.6341228339 2.917020714 3.190564289 ;
2.26350755233 4.77350834797 2.69533229546 2.76121363807 1.05622932462 0.997024698388 3.08307004552 ;
1.50460450056 4.76418580338 0.247501033841 1.61414376585 2.13694458891 0.701220501034 2.91717054643 ;
1.62292277765 4.75516876644 2.68871613026 1.86091827122 3.67537557181 0.892278745227 3.24664903532 ;
2.35496719115 4.75485780629 2.64431286011 2.74386572426 3.24039996992 0.280328646292 3.06732212623 ;
1.91935201943 4.77360330948 2.21744131299 2.15897013469 0.385028705853 0.78284810068 2.81407602954 ;
2.25800993237 4.66045930039 2.96386910386 4.22573907132 2.5190331817 3.30725637988 2.55950770381 ;
2.49439178949 4.67500502468 3.09769595879 3.08481303397 4.27890565465 2.1735923333 3.42229671904 ;
1.08128203249 4.76688434821 1.37895928007 1.28432461531 2.97634597438 0.867626234058 2.86566261981 ;
2.02118596159 4.7668618704 2.3337644518 2.29603668334 0.249382432899 0.803771639545 2.78701285074 ;
2.38925693196 4.76190658955 2.62561432483 2.63506212114 3.15239389512 0.546169417218 3.04435951258 ;
2.38745363534 4.66744590363 3.11945545215 3.06704325734 4.36471071277 2.19177734426 3.43431291051 ;
1.03002904663 4.76814901481 1.24094755213 1.299198804 2.73305024822 0.738240895123 2.82919156962 ;
2.2055563799 4.65613557388 2.97847635081 4.25880396445 2.56251238484 3.4369952414 2.58582604298 ;
1.66573393001 4.75562528971 2.71386412912 1.89474210824 3.82966533764 1.04884122926 3.22124515957 ;
2.71086209722 4.76909042695 2.77386721393 3.37181526088 1.72116917629 0.97171843056 2.80841619346 ;
1.282578956 4.7680153584 1.98932417205 1.38190574999 0.641248061063 0.616356876197 2.74750519717 ;
2.44592542166 4.62448874295 3.19999614083 4.09824750086 3.49516263889 3.06868206412 2.96098440047 ;
1.70775907424 4.75584423972 0.0522787075912 1.938791798 2.85098560561 0.817295267543 2.80189263529 ;
1.56424396915 4.76659241458 2.67011393859 1.77175530169 3.67175847567 0.992154299732 3.18146613545 ;
1.80839651843 4.77332238615 2.2958278034 2.04080110808 0.710581175065 0.623725985276 2.86716744067 ;
2.01925595727 4.63926050424 2.84487293735 4.14897758001 2.1664871554 3.23441264496 2.1623579202 ;
2.8776961936 4.67011373548 3.2002034718 3.84211224601 3.80025276342 2.09746738983 3.30637205461 ;
1.6111092999 4.76152135356 0.0782809103452 1.76797555057 2.71632943417 0.733829474756 2.77489715363 ;
2.90555211765 4.66083068624 3.17730312479 3.66087393784 3.98199276736 1.7003133587 3.31506689349 ;
1.87893222521 4.77641188487 2.3355888897 2.11940179027 0.907429652886 0.64045905627 2.79762446295 ;
1.61084047092 4.75667095537 0.0805010370273 1.79685641634 2.75160174508 0.745145973372 2.78072667447 ;
2.19627810357 4.65688926695 2.96561115608 4.24447769189 2.45006199734 3.37937283105 2.528862812 ;
1.42565000031 4.76660891517 2.66118953612 1.65347713302 3.78058871807 1.0690026107 3.20090728357 ;
1.63629115004 4.77257671697 1.57973438705 1.75810248212 0.856853493508 0.596362802635 2.76927851285 ;
2.50801050255 4.75855219657 2.54923657817 2.74172012806 3.11976518875 0.459911912849 3.02945552336 ;
2.83303626863 4.63815391119 3.30448253277 3.62405516509 4.37477278161 2.40891757916 3.3473276282 ;
2.2666412195 4.66519058591 2.90668157553 4.17643349643 2.1938396737 3.12149866854 2.59657526069 ;
0.996977557018 4.76463628534 2.16588815177 1.43046523777 3.71115597796 1.24308387372 3.12341785927 ;
2.83710383809 4.67142859024 3.1425063501 3.62131169412 3.87421917732 1.71090511741 3.28348193575 ;
1.8400937884 4.76894773084 2.03329635018 2.10838493177 0.295591173786 0.720412125236 2.78928273837 ;
2.08924990036 4.64316615849 2.96189675374 4.27321621017 2.55484032352 3.55717312496 2.51643190992 ;
2.20443226195 4.77455979113 1.9651544248 2.00689780726 3.164869446 0.726977637251 3.01818196969 ;
0.369317388978 4.76427410503 2.11903244929 1.237975167 3.33289885963 1.06748484354 2.99898169996 ;
2.6557506064 4.66707038402 3.10791699508 3.27145964436 4.20353022677 1.92309387773 3.38190066589 ;
2.27197065104 4.77215850922 2.02988178508 2.30651630824 2.83560823299 0.404029494683 2.87886868445 ;
2.21243097877 4.65975025364 2.96253308539 4.25438481014 2.52849734864 3.39430088331 2.59290851004 ;
1.87752281161 4.76959730204 2.11180558668 2.13422858651 0.170661797276 0.78446144859 2.80394939954 ;
0.592355239736 4.76530948636 1.93370554537 1.20546931082 3.36602230009 1.11445352926 3.03232477314 ;
2.06109594804 4.64143867938 2.97070651345 4.28920314955 2.54932104473 3.64019575152 2.55241370847 ;
1.15138502559 4.76669813082 1.00283772652 1.12727140719 1.52737667555 0.547193185531 2.69760362776 ;
2.89824184657 4.65559763908 3.17566342843 3.655030174 4.01935353912 1.82806890297 3.30386852207 ;
2.31049297724 4.78175568648 2.53751923631 2.73021133368 1.20503025791 0.748726420926 2.81770730859 ;
1.49759129263 4.76193714157 2.28875052609 1.75708309499 3.8742932405 1.04279011877 3.18171729124 ;
1.38431869875 4.77138172286 2.6379835593 1.59678120339 3.46262589697 0.878703269239 3.12651638045 ;
2.0892512185 4.64387115166 2.97469965688 4.2823702378 2.53836093806 3.59467801456 2.53943253674 ;
1.92309712147 4.77408459426 2.22807923029 2.16858722339 0.500815231192 0.728304337058 2.74958836412 ;
2.82902277051 4.67783233309 3.10730297988 3.54251642182 3.83652132781 1.67451954319 3.26634859916 ;
1.66432747541 4.75844506268 0.0615248712874 1.86070662603 2.82556347607 0.741950424362 2.78853260442 ;
1.49677557411 4.77155477415 1.80931805855 1.66467501855 3.24488963748 0.621296143236 2.95121675928 ;
2.06677649201 4.63781757434 3.00128015747 4.29877455429 2.61631048389 3.66798043816 2.63392911637 ;
1.41412959684 4.77550297521 1.83563571903 1.41743178028 0.56301969528 0.667999453771 2.84989464679 ;
2.82712041172 4.76234752436 2.70565202389 3.62413848671 1.66024792373 0.974764434096 2.6824760865 ;
2.46053500916 4.67614274772 3.06885054423 3.06923559684 4.2443900692 1.89675325827 3.38362063445 ;
2.6036129418 4.67463870641 3.09956943033 3.21313011557 4.19793764923 2.01020572274 3.41921255347 ;
2.00471099724 4.77152653065 2.5425046691 2.23153905308 0.285892576314 0.76293539101 2.86640647725 ;
1.54851896638 4.76260909124 0.0816320614597 1.71609077117 2.32194115151 0.724114880517 2.75770640018 ;
1.62263164874 4.76781423058 2.6355021848 1.93371680832 3.17675982052 0.605355153681 2.99955981794 ;
2.22750305592 4.65926785374 2.96376386717 4.24140973604 2.52253754584 3.33758440182 2.52248661033 ;
1.53259382184 4.76259596581 0.109885810131 1.7355907916 2.26981216718 0.730965808415 2.74833757466 ;
2.90693231057 4.6494791602 3.21640279306 3.6948519074 4.11994364982 1.89067551345 3.34131472992 ;
2.13103353727 4.6480190513 2.94191864087 4.25389226592 2.49955211536 3.447356422 2.55313010959 ;
2.05366498464 4.77565527709 2.6184750228 2.34211997517 0.850662668094 0.681995091102 2.78445158304 ;
1.53989862957 4.76870963141 2.65321895702 1.7525027844 3.62339512525 0.960762475944 3.16710451549 ;
2.8781015062 4.75670257689 2.84312513477 3.52700427319 2.31187107557 0.74760201584 2.81824151527 ;
1.51343995091 4.76099361924 2.687947374 1.76794604156 3.84135732655 1.17315712401 3.21786013539 ;
1.48063665514 4.77758409669 2.12939116562 1.57027325404 0.764345630472 0.671878906083 2.84673676428 ;
1.69093789844 4.75613788483 0.0528395852267 1.91946443368 2.84470316145 0.808280981504 2.78710203653 ;
2.42759240632 4.6201728755 3.19448698064 4.08778870426 3.41732387164 3.10287195557 2.95567375541 ;
2.19965753576 4.6540553968 2.96036342587 4.24471066968 2.53169146418 3.39230148862 2.54405215309 ;
2.0600174166 4.77982388029 2.63783007749 2.3247722236 0.954027429168 0.688785635424 2.83464021966 ;
2.71831152267 4.67917176823 3.07718918635 3.36162800054 4.06061813367 1.74684978661 3.34852501413 ;
1.32249651623 4.76281643312 2.32513418409 1.50301865095 3.66224896473 0.828634677589 3.11285805727 ;
1.46863625614 4.76435005875 0.110219640873 1.7401351535 1.81521526039 0.654743907095 2.65877132956 ;
2.84884442167 4.66067528435 3.13926811526 3.57880074287 4.0388529313 1.81707687878 3.29531106558 ;
2.22522596573 4.77814189112 2.65835043003 2.56817060618 1.05722854946 0.744780648017 2.80314096352 ;
1.34356573533 4.76774452329 2.61188986944 1.55212810112 3.6396457923 0.935745254491 3.15491766303 ;
1.48739588779 4.76508462605 0.224324400287 1.65280570394 2.09571007192 0.686599465807 2.76526514276 ;
2.05753254144 4.64058438384 2.97094491314 4.28975021948 2.55150655117 3.6321760675 2.5513113854 ;
1.31914350821 4.7711252674 2.64046911615 1.55489153244 3.52883957531 0.938109886744 3.12066960516 ;
2.83618187247 4.68582910359 3.07287417635 3.50904081392 3.74931178028 1.59573925915 3.24361038456 ;
2.07459881851 4.6429342937 2.97591017371 4.28308251018 2.54126981333 3.60371979226 2.53994828132 ;
1.8860617024 4.77103692907 2.23270579335 2.11334039827 0.514396368292 0.694099087671 2.77624620685 ;
1.6623956454 4.75922876364 0.0565000848059 1.8531691533 2.82515631089 0.744708604378 2.78807345248 ;
2.52182025913 4.76707853658 2.47118781584 2.837786915 2.90260171542 0.542500147499 2.88403558014 ;
2.64769421859 4.657264786 3.14560069867 3.27810082489 4.3097686242 2.14379749659 3.39907219317 ;
1.85179112905 4.77093530394 1.95999094729 2.04979118734 0.346657596543 0.725450732148 2.81652280539 ;
0.950870112239 4.7658833222 1.79749690503 1.27690217114 3.32224870036 0.941581912937 3.01766732571 ;
2.09557755791 4.64537190918 2.97163773808 4.2812956774 2.52972801277 3.57155840061 2.59745974521 ;
1.66177525936 4.75748987638 0.0864029257938 1.88423753291 2.82862898526 0.781361627332 2.74082435229 ;
1.63933015665 4.75538325144 2.70777917313 1.86709009722 3.84161432979 1.09792543038 3.23817172592 ;
2.42443516796 4.62306921233 3.18692258774 4.10716752317 3.42660798638 3.09603629394 2.96115524837 ;
2.83713315546 4.76557552197 2.79865895857 3.48215702952 1.99355743975 0.830698405146 2.74196216068 ;
1.41934902379 4.77410129356 2.119815843 1.5445920904 0.655886689235 0.681867352939 2.84882843604 ;
2.83468719411 4.75328190491 2.72057757977 3.64793047797 1.59655147395 0.998714105911 2.64587199946 ;
1.02299264352 4.76498226582 1.80574065092 1.36867825392 3.45238032826 0.907608809642 2.98256145648 ;
2.56445927576 4.68921938327 2.97878118843 3.02955364206 4.11138883101 1.5698379069 3.34898380961 ;
1.65399615281 4.78378457389 1.74463952549 1.64846947028 0.941902763118 0.576594558326 2.83784828928 ;
2.07334931146 4.64130559244 3.00848273412 4.30299774457 2.64867047229 3.67401400693 2.61054495897 ;
1.37970093224 4.77405794224 2.00681330937 1.36619721604 0.593022533083 0.576414773017 2.80441173492 ;
2.65986796385 4.75066939 2.77215315239 3.55683199035 1.57271595248 1.17269708707 2.66145200684 ;
1.65114338071 4.76042211995 2.70420204208 1.88698410862 3.72567450599 0.993811006997 3.20722523208 ;
1.68696083666 4.75455813914 0.0561766857815 1.91500727907 2.83879942958 0.790895038358 2.79405368489 ;
2.49242270872 4.63016707042 3.19762449001 4.05230842075 3.6021927814 3.00734420507 3.02187761486 ;
1.07710735196 4.7694461523 2.62537599897 1.3405432896 3.29168007599 0.759071612545 3.02711368317 ;
2.51345955318 4.74670748616 2.72727998149 2.89250501881 3.52896085004 1.13714806281 3.21769877337 ;
1.54003790717 4.76228436876 0.0967545256049 1.71453021633 2.18871617178 0.731975639537 2.75743336963 ;
2.49595147726 4.63175680737 3.19075501197 4.11111970212 3.45484937471 3.08033018702 2.92326896803 ;
2.08405298651 4.75572525231 2.6419095182 2.57866404792 0.423304161181 0.979929294416 2.72647978549 ;
2.11084692629 4.64613134164 2.9605544926 4.27435497746 2.5128546566 3.51957011182 2.55127721335 ;
1.41268963225 4.76727025461 2.64234291955 1.62335643565 3.70450553825 0.937814505297 3.1668398539 ;
1.5548783602 4.76046021176 0.076165697265 1.75586667632 2.27837264339 0.739661620376 2.74484374901 ;
2.08915917393 4.77793122092 2.62029786064 2.3939430682 1.04365474239 0.715686642531 2.81609792666 ;
2.87740774202 4.65484525993 3.18616720557 3.63043325629 4.09592818358 1.87404922362 3.3280981732 ;
2.52274571687 4.63864097441 3.15777310211 4.05986589379 3.48348659913 2.95305115677 2.96257729933 ;
2.49576491553 4.75326481273 2.74559621301 2.77928113521 3.2508321155 0.435887803171 3.07996124472 ;
2.0098228943 4.75791508971 2.6349969446 2.46345384259 0.426892700838 1.02719429136 2.71852121241 ;
1.55811938294 4.75765953389 0.120641116571 1.7776427174 2.25152993859 0.749171672506 2.73724727869 ;
1.10489846288 4.77076843453 2.65585505029 1.40453342287 3.58814858743 1.34092186126 3.19453434561 ;
1.57830982685 4.75990299805 0.0578130137833 1.77862717485 2.28126425329 0.724562661261 2.76052698192 ;
2.73828946305 4.6616949062 3.14535787623 3.39346914281 4.23426153666 1.86573779801 3.36560022109 ;
2.29657160195 4.67850673073 2.92938152434 4.14996564301 2.49284252915 3.04840386624 2.60297814866 ;
1.41888504845 4.7703500457 2.62639938218 1.61850993796 3.33397929789 0.765930461537 3.06726737353 ;
2.04640531178 4.77079506977 2.58754956358 2.34554585108 0.442606898123 0.717765442151 2.84403552484 ;
2.06272587328 4.64165321523 2.97441360108 4.28816858301 2.53446560368 3.62557871719 2.5407836007 ;
1.58298558138 4.76069653794 0.0701943857161 1.77156899389 2.27807217893 0.725498542475 2.76593460421 ;
1.33576955736 4.7706133201 2.62955735172 1.55868674675 3.48058131222 0.8321453892 3.10294578428 ;
2.13467826192 4.77595765174 2.6215091595 2.45047426132 0.797722682629 0.717854250707 2.78537018809 ;
2.80342981568 4.67354101362 3.10189634329 3.48694982437 3.96351960046 1.80746947894 3.30636441516 ;
1.53257417413 4.76143072061 0.0969248370934 1.73141531748 2.13639207452 0.708005714241 2.74692772853 ;
2.4753200063 4.63683337988 3.16234559921 3.9900356908 3.56702307363 2.9909912615 3.01772632579 ;
2.71582212131 4.75596461118 2.69396651208 3.12858756576 2.96534301542 0.660386959234 2.92552948596 ;
1.17355688881 4.76431324925 2.60470170424 1.48698120968 3.66817033705 1.06508686085 3.18593328707 ;
1.97657974471 4.75864810569 2.63097436398 2.33141664707 0.423156007944 1.01966559694 2.75651398923 ;
1.56845809185 4.76281246566 0.0914393101553 1.72041681879 2.23764026947 0.714166325247 2.74928015178 ;
2.06291170432 4.64061985497 2.96676687419 4.28493663072 2.54042406666 3.60787477776 2.5563426223 ;
2.11661583314 4.77903697869 2.62404013065 2.42334591906 1.04207691115 0.700749011557 2.80358838738 ;
1.32395080426 4.76716633273 2.62174543701 1.55787571984 3.68487058551 0.964384637361 3.16378676402 ;
2.86440933829 4.66374890286 3.14793872495 3.58219306069 4.00402785926 1.79066100041 3.29987959531 ;
2.9078432764 4.7598048633 2.826093007 3.66193151257 2.08610277064 0.814461586103 2.78884754178 ;
1.46357868211 4.78211816201 2.20372429924 1.57545193245 0.95089170407 0.681783113074 2.84247885877 ;
1.65861717375 4.7529683732 2.71210156091 1.8620450674 3.93248212977 1.14754023973 3.23352994007 ;
2.40627185904 4.61862624604 3.17767135772 4.10960953115 3.39862089627 3.11436580573 2.94748761296 ;
1.67289848871 4.75947755906 0.0528395852267 1.8750007675 2.83580437338 0.776373741281 2.79401624046 ;
1.66908713165 4.75782133863 0.0671762157873 1.87649880847 2.83338786283 0.744750739951 2.78863822162 ;
2.14201940663 4.65226114781 2.95530296234 4.25580740326 2.49863220239 3.45129982424 2.52513122087 ;
1.44267677546 4.77422038133 2.64233416381 1.63476917127 3.48485643636 0.939373405506 3.1350590973 ;
1.87527281945 4.7717585561 2.21462299134 2.12731009661 0.490051484179 0.677998641991 2.77476385794 ;
2.85890802022 4.66848128506 3.15563301832 3.59055192632 3.89817774625 1.6780991329 3.28511977456 ;
1.87368645271 4.75557836362 2.59975530127 2.28938091299 0.314590276423 0.981148665482 2.82192648636 ;
2.5053809733 4.6326689063 3.17044401715 4.0554040053 3.53745179776 3.00115323485 3.00655349164 ;
2.62743395686 4.75894998012 2.75553211959 3.09396091656 2.7470290822 0.634574245747 2.78510799597 ;
1.34357117404 4.76631407289 2.66490107786 1.59664677235 3.77566874085 1.12779467336 3.24631629766 ;
1.57161824171 4.75786036235 0.105342215685 1.7522009736 2.25883297606 0.753862113724 2.74968695443 ;
1.72354524259 4.76017172779 2.70615934446 1.9803925638 3.64453192029 0.951371751338 3.19471182526 ;
2.08340317268 4.78009108894 2.56568518393 2.29704850928 0.760985662409 0.629496981697 2.93543354627 ;
1.73726583971 4.62498143108 2.68066920476 3.99820172032 1.96672120196 2.95125487063 1.95275329473 ;
2.79364665335 4.65261542171 3.2603268162 4.01445722965 3.78376015266 2.76835242502 3.22713116654 ;
1.52098191585 4.75950159908 0.137710467922 1.70360887326 2.34345529343 0.7109159578 2.71374667541 ;
1.30000534592 4.76507087143 1.0007111561 1.34493830953 1.01316046916 0.562807692184 2.71224870888 ;
2.39480955449 4.74116901592 2.40318828243 2.48196471861 3.88502083625 0.920161723103 3.2123123769 ;
2.47356311455 4.63386224321 3.15220645925 4.10458382789 3.37092862547 3.0386360215 2.94123494228 ;
0.588335467627 4.76755245972 2.27908820753 1.17841666434 3.53129624127 1.10447077314 3.06966133894 ;
2.42529587265 4.77582044745 2.63070217532 2.9027625203 1.30254830576 0.868079707268 2.78096080409 ;
2.01383208918 4.74060617787 2.72295206239 2.3460564708 3.54003969344 0.0768568886762 3.10305879362 ;
1.45184313257 4.7770363005 2.68041541545 1.68662137302 3.63530900363 1.79436223743 3.23275361224 ;
1.55627838039 4.75930620581 0.0705014207531 1.77231618992 2.27030609131 0.75624389173 2.73992263694 ;
2.02004152765 4.76626652897 2.60360032368 2.35458810424 0.715166341599 0.76589148801 2.74443378006 ;
2.54082119112 4.64507267549 3.13273065189 4.06290365301 3.34482083311 2.88941602249 2.9518766823 ;
2.30852165249 4.66343146135 2.99110264054 4.22313104494 2.59460974953 3.2592082033 2.61264718388 ;
2.43836650514 4.75391623652 2.3432961417 2.67415271673 3.17072923559 0.311176790673 2.9850207349 ;
0.593834028092 4.76916123045 1.95367978016 1.16513801053 3.21161081867 0.941641207058 2.92679447303 ;
1.90195030524 4.7727689073 1.83662568183 2.05309723625 0.558110388847 0.737140066326 2.83107854293 ;
2.50623239194 4.67684629304 3.00927502715 2.97761496388 4.27246964271 2.12104111428 3.41004691499 ;
1.67874013209 4.75816973863 0.0523763121228 1.88346134697 2.85675305253 0.756968057475 2.79332066889 ;
2.34060818835 4.68090052673 2.90675484648 4.09822379402 2.20906515639 2.82713510186 2.59791710319 ;
1.66507411306 4.7770777487 2.18941126649 1.8295768459 0.750138919367 0.571060522628 2.82948553448 ;
2.88228338373 4.64789131869 3.27487597735 3.6427696093 4.24583836702 1.99572645574 3.32427362769 ;
1.5249364803 4.76562673081 2.66115311673 1.77854160118 3.66660221674 0.962180171443 3.16365295327 ;
1.40584397955 4.76282362481 2.18336098859 1.64866486146 3.77271179866 0.987970769884 3.12274319056 ;
1.41481819316 4.77358549156 1.50238725316 1.47145367004 0.98140312339 0.570315024977 2.7808554652 ;
2.790336979 4.63727781829 3.22248987532 3.54043816386 4.33041673704 2.04415154985 3.3874423151 ;
2.72781523611 4.77522252805 2.65806828503 3.29300730209 1.8969556276 0.861921428119 2.7868832861 ;
2.03240668572 4.63652743516 2.97576525978 4.29758384753 2.5380629986 3.67660886745 2.60071407337 ;
1.48457891551 4.7628486347 0.160473133138 1.70525039655 2.43753182336 0.721474372691 2.68318606748 ;
2.45874580506 4.62926145062 3.15787318578 4.04496088564 3.50998988945 3.04382922652 2.99287991338 ;
1.3589461258 4.76624548182 2.66789106193 1.59592403949 3.75317841677 1.08377609523 3.21632997576 ;
2.73538265493 4.75924000283 2.77690547688 3.26310028983 2.80033190605 0.700978882672 2.90663341424 ;
1.91433807973 4.75695210212 2.43634270385 2.1970409278 0.39366220975 0.905758838716 2.80601421989 ;
1.45372702404 4.7642866714 2.68014972335 1.7004027846 3.82860057114 1.13170083603 3.2371768683 ;
1.51760594736 4.76866902948 2.12165385717 1.65884962752 0.572809426501 0.712819969625 2.81518734886 ;
1.6626001581 4.75542266433 0.0717192306985 1.89664711923 2.82087941772 0.799862400372 2.7632963634 ;
2.41947533472 4.61961658629 3.19914444014 4.09395787659 3.42299280675 3.10710504279 2.95470460087 ;
2.83208656743 4.76194223615 2.82406232358 3.38724919568 2.41556558171 0.786918098566 2.8468073728 ;
1.88120188163 4.77192846643 2.08498002813 2.12562858854 0.152384492804 0.750127041653 2.82938081291 ;
2.35699768384 4.76901624704 2.00975684586 2.50586203214 2.88401944871 0.563629538156 2.88197988736 ;
0.634786165373 4.76792580341 2.05780060317 1.0967944672 3.21340079949 0.955444246977 2.98334828094 ;
2.10638919892 4.64522725857 2.96828095427 4.27872061055 2.53041061925 3.55007502908 2.58209555909 ;
2.6613350081 4.66807225546 3.1380940415 3.2965845244 4.21541872983 1.9715921602 3.39008043001 ;
2.03866650731 4.7591847392 2.62311827341 2.45957050034 0.479830764044 1.00671685474 2.73715538031 ;
2.57315910879 4.64754763554 3.14404696819 4.03923449706 3.41906078376 2.84774225402 2.96388469597 ;
1.561160364 4.75797649045 0.0592094322649 1.78995304029 2.2686351052 0.788344974553 2.77272796874 ;
1.91093578389 4.75436118032 2.68608588824 2.21578574432 3.22908494788 0.108284623471 3.02049022543 ;
1.4592630174 4.76821681834 2.69271187065 1.74116619645 3.79482669637 1.88702860272 3.26753882013 ;
2.06275931259 4.64410110099 2.97655144249 4.28882978315 2.56130169674 3.61167724346 2.55092843146 ;
1.42309206359 4.77056490411 2.64652413237 1.61939222065 3.60493070644 0.969499010123 3.17028433432 ;
1.54116894245 4.7597134693 0.160671726369 1.72671910724 2.24735859876 0.718210585736 2.72895181105 ;
2.13319591075 4.77602285694 2.62890131531 2.46449054871 0.882793313255 0.704834377379 2.79595863607 ;
2.88862739864 4.65906234028 3.16323597176 3.63968585208 3.98830930247 1.79113428264 3.29271142363 ;
1.5820711764 4.76282940792 0.0558149641013 1.76548249052 2.2716320552 0.728801332826 2.7637714135 ;
2.75670144793 4.69233041224 3.01507697887 3.34789029462 3.83347048311 1.57984490969 3.29182007717 ;
2.02067887797 4.77632412713 2.60767671402 2.28117364774 0.863179853244 0.711012721136 2.78339539488 ;
1.10409410634 4.76477548396 2.62842747892 1.38395191917 3.611111759 0.891291056829 3.1080251064 ;
2.09619814574 4.64365156333 2.99516312779 4.28496336858 2.60830518919 3.60684444361 2.54791795604 ;
2.80189214043 4.65615536059 3.17531135227 3.49192841415 4.16768739414 1.82374149866 3.34332016228 ;
1.68043067826 4.75583571405 0.0782184495304 1.88814662937 2.83053753351 0.739314603163 2.78025444123 ;
2.30528475438 4.67907959285 2.94082877082 4.1421906641 2.35965749793 3.01864988224 2.56503532323 ;
1.44537190885 4.77324465384 2.64015383961 1.66073251478 3.42708491353 0.854355359145 3.11246431559 ;
1.80214038501 4.7728094058 2.16790082493 2.01633918832 0.418830411928 0.632919427013 2.82924017211 ;
2.44617547214 4.75700830312 2.49352889237 2.76825351282 3.13725554357 0.314780903838 2.98358978065 ;
0.900941681789 4.76661589459 1.67660027696 1.27146721051 3.23495711256 0.949276442026 2.9722396844 ;
1.86171062326 4.77048077571 1.99867151857 2.00207798993 0.439248244333 0.737578463221 2.81048504714 ;
2.60766595397 4.67046880024 3.1140657364 3.1784406743 4.26131291367 2.17751151806 3.39136079109 ;
2.23989806084 4.66285249008 2.95663907183 4.22969729374 2.44554941013 3.31791067621 2.57854637992 ;
1.61863745563 4.76702585804 2.63938513267 1.83598288434 3.61462741757 0.961662316633 3.16043724454 ;
2.11896103999 4.77170018536 2.58392995125 2.43809544199 0.716045597901 0.742943005183 2.74808460606 ;
1.37338375737 4.76279434054 0.390341695749 1.56424048583 2.2275001719 0.657563857377 2.77502433745 ;
2.91181300652 4.65821770504 3.19958939019 3.71788284616 3.99986653414 1.89446654798 3.31848190827 ;
2.06305060577 4.64255568824 2.95459988866 4.28815179394 2.53417632844 3.61225012556 2.53108319907 ;
1.50858858377 4.76178117155 2.70968309077 1.80500119245 4.05274257726 1.88583554842 3.32465732532 ;
1.57538484852 4.75728274659 0.0592384803606 1.79771740723 2.26250663204 0.758950810783 2.76110033054 ;
2.61628013763 4.65422349798 3.12632675343 3.9968547377 3.47398795957 2.55017120553 3.01002463586 ;
1.55101416598 4.77395854287 2.6071321027 1.65590954308 2.99301320985 0.282488808031 3.03192770123 ;
2.13300554341 4.75216822045 2.63614810376 2.70158600445 0.604274770092 1.03155248976 2.65715497518 ;
2.08305084839 4.64621593592 2.97736908608 4.28673484143 2.5448832253 3.59524556783 2.55610761799 ;
2.08460166565 4.77972118852 2.61982925268 2.35059259966 1.05506895053 0.691095065621 2.8073881185 ;
1.59355387289 4.75990635379 0.0502244749558 1.78521415423 2.26483786132 0.732668977475 2.76930634506 ;
2.79719280293 4.67722629721 3.07975362168 3.41579092587 3.97782592525 1.7640630699 3.30578534975 ;
1.1709223167 4.7635757313 2.63473385581 1.47006750228 3.68270238045 0.86856535532 3.12892098939 ;
1.45954061968 4.77142384038 2.68611619369 1.73475734664 3.74958275041 1.85089698174 3.26627177727 ;
2.03725228802 4.7558006731 2.63279967019 2.49583151808 0.430776024392 1.02809007871 2.71277109611 ;
2.57646533604 4.6458049166 3.13243048992 4.05078229291 3.4252551007 2.86432709958 2.96266470232 ;
1.97536586776 4.75243803205 2.70149684483 2.27968086291 3.2314269269 0.102251082429 3.05689301984 ;
1.52404186382 4.76069429828 0.140153892106 1.74118458571 2.23479655446 0.740579926673 2.72390817912 ;
2.87466331441 4.65118256351 3.2236368662 3.64040999016 4.15311991051 1.89015928875 3.36563284608 ;
1.84320358634 4.76207428377 1.99522029983 2.08129744049 3.09853582289 0.114908553558 2.92751831879 ;
1.79503608511 4.76848160729 1.97311515111 2.0013897167 0.432612791109 0.706607148814 2.83746076205 ;
1.36875726926 4.77585206257 2.22849563042 1.62535178181 3.51474542742 1.77906312988 3.10179244018 ;
2.20085823543 4.65945831895 2.94280327266 4.23798918894 2.44226604592 3.3450345894 2.53313430285 ;
2.76279271932 4.66746252734 3.11573805357 3.42239827728 4.1101051485 1.85750345723 3.33192007103 ;
1.55305595725 4.7616097147 0.100864986317 1.7347673303 2.22264594266 0.721223592903 2.7799410238 ;
2.26824310263 4.77851985508 2.65426803997 2.6384273736 1.05022376152 0.756842968821 2.80848318145 ;
2.0596927296 4.64433853734 2.98300847232 4.2930260959 2.56148680583 3.63567764734 2.5712109543 ;
1.27041709024 4.76535412513 2.62041698751 1.48465976104 3.47944321858 0.820908278441 3.08395650895 ;
1.64337349852 4.75688640153 0.0975337834566 1.86149723116 2.83239611003 0.762016624612 2.7686483302 ;
1.55874868578 4.76045034472 2.68091043653 1.83711292091 3.60320237726 0.883225451098 3.16821318428 ;
2.39179387003 4.6902313904 2.86863066633 4.07103735075 2.2450558431 2.58089583154 2.62030371857 ;
1.74273806409 4.77254038933 2.18827137551 1.91158279468 0.558845811599 0.643156658142 2.78427081692 ;
2.84196378647 4.6408640102 3.33170365836 3.70143658796 4.29191014342 2.44501188404 3.33527996229 ;
1.41772732563 4.77176974243 2.64765470324 1.65562189831 3.57553377208 0.994035296297 3.13817745796 ;
2.20739051334 4.65932401601 2.96509445059 4.23014833346 2.44885703281 3.37754131905 2.53379492787 ;
1.85863402104 4.77125402924 2.23434751744 2.05084577846 0.593316257808 0.651741327307 2.82328191438 ;
1.66263393363 4.75808955583 0.0722117725439 1.85394832897 2.81990387589 0.736494906536 2.7782865046 ;
2.86602759002 4.66713101647 3.14815771853 3.61641515641 3.92590128973 1.63823294319 3.28190355176 ;
2.88054863967 4.76976089579 2.79280221724 3.581794994 1.76131323106 0.885456008982 2.7020799454 ;
2.29864950827 4.6860411588 2.99272905346 2.83140697327 4.24905589676 1.69121950086 3.37737137928 ;
2.07384039745 4.63675396271 3.00051959338 4.29115373694 2.58105123088 3.65141082874 2.62931867207 ;
1.58866570327 4.76216945115 0.0421685336002 1.76930418722 2.28141676768 0.738463831072 2.76170837064 ;
1.32984509441 4.78189985417 2.53728964475 1.42900547205 2.000617329 0.625700689028 2.92584380863 ;
1.24058718505 4.78298325608 2.01684548193 1.34371135455 0.909371043116 0.557577020969 2.83311031376 ;
2.52143207839 4.63495041418 3.20521598894 4.08069552217 3.53236152909 2.99620072915 3.02024784419 ;
1.77293896033 4.75657635896 2.72156929603 1.99325385833 3.806608114 1.032022902 3.21760248743 ;
1.73218931516 4.75433715042 0.0496632147805 1.96006472252 2.88348585073 0.832752736348 2.77896427644 ;
2.61242446541 4.73994067602 2.75189749142 3.5008685864 1.28161827895 1.1424603598 2.60677250155 ;
1.1331745138 4.76358325402 0.91372518727 1.47865726013 2.65723767488 0.604693717623 2.72749668602 ;
1.83008958329 4.7564489438 2.67334067105 1.99140216526 3.86820458658 1.14775222231 3.26069383941 ;
2.42743276752 4.61704275371 3.18662503032 4.11010756558 3.53237885503 3.1283850475 2.96603355049 ;
1.70843723082 4.77251788558 2.14187613885 1.77519258591 0.461939737186 0.745265802708 2.85399284016 ;
2.86970149038 4.75759562958 2.7692408032 3.71105866858 1.99801877885 1.04184458923 2.7640534138 ;
2.58823994438 4.65257266102 3.10425906639 3.88596944621 3.63282475283 2.6015799887 3.18737572756 ;
1.8285098144 4.67733535722 2.28606546987 3.09992295596 2.01011968489 1.62999756855 0.0629870697847 ;
1.40372876382 4.76820805618 0.663851851267 1.35017794029 1.46666994613 0.565997922049 2.90109292166 ;
1.41658487523 4.76380457418 2.37574980337 1.6577265665 3.75992180174 0.968873250806 3.24986403329 ;
2.3295124389 4.77812678977 2.70667060958 2.81643055088 1.17137821909 0.879790365065 3.09390392321 ;
2.89067248785 4.65547036697 3.19217698406 3.6295969069 4.10054119093 1.8447382094 3.32965259253 ;
1.46491549014 4.77163672935 2.64757006922 1.6705068292 3.56248048576 0.936829279536 3.15357392794 ;
2.09074250074 4.77430246719 2.61972045965 2.41572486876 0.828551712356 0.694878934549 2.76633161963 ;
1.57088447753 4.76163205418 0.100971590784 1.75005266331 2.27461497405 0.719116720928 2.76032040432 ;
2.11994781974 4.64666051299 2.94534817273 4.26011370391 2.51795677765 3.47323870763 2.57407065947 ;
2.76675721754 4.64053633488 3.25000590198 3.47620605132 4.34376878232 2.11431704679 3.40327274477 ;
1.71008460914 4.77162939254 1.81022931584 1.85695472267 0.521759300564 0.63815250197 2.82795890685 ;
1.17212251468 4.7651168004 2.18973394011 1.46275617562 3.6633409477 0.925569350614 3.14181853271 ;
2.5588048898 4.76863463731 2.23985120234 2.95286694391 2.59770243293 0.772445354577 2.74925206431 ;
2.10680147064 4.64665812823 2.98488116953 4.28682444781 2.47109615528 3.57126414844 2.60451337188 ;
1.8530502242 4.66549320776 2.34600954298 3.16007034578 1.9760392495 1.69641282673 0.111534986954 ;
1.59857125724 4.75045322932 2.70544844868 1.86873787658 3.89634130924 1.06041169204 3.29532702558 ;
1.3775428045 4.76551244507 0.524512449201 1.46751738032 2.05696952455 0.684370645251 2.94023573129 ;
2.34994761204 4.78525717356 2.68949600532 2.67255099955 1.30507128298 0.705961561747 3.08633865945 ;
2.5425072472 4.64239120551 3.15627837963 4.05999056748 3.46900563144 2.92108601895 3.16221866257 ;
2.093267316 4.64450508947 2.95668328442 4.28144567794 2.54220560289 3.55832395383 2.5631514572 ;
1.58004206288 4.76263205609 2.28655987831 1.78510962499 3.82651665345 1.01346001234 3.17676262175 ;
2.56872057325 4.770907564 2.71226165324 3.04207309171 0.838558744031 0.788688117975 2.82019832347 ;
2.89179686789 4.65304063502 3.20490902079 3.63525190834 4.09762438876 1.86419895386 3.33180310679 ;
1.31205621061 4.77706329292 1.38850634612 1.48225575567 1.55878051642 0.598201092979 2.70928951151 ;
2.76920982008 4.76927765364 2.72668052541 3.33985360576 1.79204204367 0.838076695294 2.83105193038 ;
2.03364631368 4.63608055663 2.96575984436 4.29232652021 2.52680250858 3.64465825169 2.59082771788 ;
1.52795959208 4.76268527212 2.24768917599 1.72843312014 3.85106090635 1.03193014119 3.17111532755 ;
2.83027781484 4.62530017655 3.26636635324 3.63342052911 4.36290832376 2.08500419684 3.37445808357 ;
1.36120818953 4.78014626726 1.50460513903 1.48534987462 1.19338289157 0.607521252209 2.74068072227 ;
2.45384559391 4.75980249652 2.72663536825 2.6645032639 3.25059832422 0.815635052412 3.15742524062 ;
0.73922363662 4.76813889877 2.64148819657 1.1919979952 3.47976483945 1.06814458331 3.13723344357 ;
1.59721931641 4.76043298229 0.045386875244 1.80302282987 2.58143934197 0.785651841357 2.82144561533 ;
2.51148567389 4.63541372155 3.19679534889 4.07768600603 3.51269766597 3.0061131079 2.98165502387 ;
1.94430180201 4.748831098 2.36618713999 2.42775186591 0.322508423397 0.990707456815 2.54544519906 ;
2.56109566393 4.65171715924 3.13694653141 4.02118910844 3.4091022182 2.78742884949 3.02826898965 ;
1.67272330151 4.75528041503 2.42080581572 1.80961133989 3.90080200828 1.02153554048 3.27447205931 ;
0.532202804165 4.77367834287 1.43447697875 1.20202945874 1.2876642993 0.625383887865 2.9638667641 ;
1.98519547246 4.71248608669 0.94196731936 2.49824416649 2.17311413709 0.909398322758 1.54221604017 ;
2.43330345532 4.78444281862 2.65242251806 2.63294827674 1.10187781884 0.719126257927 3.08161635139 ;
1.29759808289 4.76678994003 2.63344298775 1.49859727184 3.54737452835 0.83592901998 3.11664775561 ;
2.06507623105 4.64219815706 2.97127259704 4.28879257407 2.54788786014 3.62629651884 2.5572262328 ;
2.15691414634 4.77695084921 2.62691084075 2.51031053969 0.94317039783 0.714203540734 2.79040015977 ;
2.78859256084 4.67418686477 3.09043331828 3.45631783237 3.9939036819 1.79902151887 3.30801542944 ;
1.53462819394 4.76470032016 0.114752161487 1.70627225399 2.2210985862 0.728988805606 2.76192916623 ;
1.86313040425 4.67378941334 2.28428219729 3.09843246678 2.01648262488 1.61039545475 0.0749080112921 ;
1.49991653211 4.76597148417 2.66500505469 1.70631168748 3.64308877587 0.961690508681 3.24968535437 ;
2.62476141735 4.66298558144 3.13486266515 3.93400987938 3.52690727525 2.54609331038 3.18413243886 ;
2.03648515747 4.76892310309 2.57517524328 2.40441247602 0.76305661574 0.825124812684 3.07194516186 ;
1.58325560229 4.758157513 0.0565226259877 1.73712221037 2.37635514082 0.740328770034 2.96286713219 ;
2.52106461696 4.63296455967 3.18679069802 4.06222366117 3.57450416861 2.97486678255 3.03673842059 ;
1.58401920024 4.75679683393 0.053162361063 1.80579124277 2.29262629412 0.766020480207 2.76096209715 ;
1.73607751165 4.7532987901 2.71696505966 1.96563563087 3.90086274209 1.02995817614 3.22174927455 ;
2.6579923073 4.741229272 2.77324444725 3.69642275295 1.31861834745 1.258211142 2.5390138525 ;
1.48014752765 4.78788454019 2.52103453117 1.52290319284 1.2158486061 0.591946900211 2.91307730191 ;
1.93162567803 4.77378418622 2.30195021208 2.2014756684 0.732344472362 0.689117084036 2.75514516534 ;
2.87989998338 4.667440838 3.16881633436 3.58385902612 3.95431392276 1.73309327247 3.30874167669 ;
2.10579174308 4.64541803195 2.95214667563 4.26797740444 2.52607039188 3.50656217193 2.55319660902 ;
1.66908713165 4.75782133863 0.0671762157873 1.87649880847 2.83338786283 0.744750739951 2.78863822162 ;
1.39805771081 4.77242420165 2.63628449369 1.61161288462 3.60364203656 0.950257528529 3.15619058539 ;
1.39169312954 4.76445709709 2.56950380518 1.61867988076 3.7942052003 1.01408371342 3.18120575149 ;
2.17968125961 4.65596888559 2.94627262691 4.24461046574 2.4615859271 3.37535839804 2.54213252749 ;
1.59741003236 4.76303251803 0.0571212875351 1.78885447393 2.16168767755 0.676685632607 2.73765698662 ;
2.86544776003 4.65430525724 3.1784880855 3.62360875618 4.08876851655 1.80853615906 3.32088011473 ;
1.99335089583 4.78107904733 2.61779254829 2.23452031645 1.06924161402 0.666198261341 2.83648556923 ;
1.65927641497 4.75907431098 0.0612609102502 1.85328021737 2.82081958772 0.741950424362 2.77774725451 ;
2.07125507861 4.64335779332 2.97564437056 4.28295632625 2.54756093319 3.60043922486 2.52399941645 ;
1.43561448359 4.77130497535 2.64007371569 1.63674537139 3.46142072259 0.938393551086 3.11572777665 ;
2.87279782197 4.67568960352 3.11454899693 3.62440452175 3.7568127123 1.63192326216 3.2414344407 ;
1.89330789386 4.77339568832 2.20149428604 2.12037031055 0.392562677141 0.714509331961 2.79572949294 ;
2.86930611155 4.66767983853 3.14598335346 3.61748536247 3.9093145436 1.76223567251 3.29868288573 ;
1.45818586927 4.7711006856 2.63510075564 1.65204141719 3.42846715715 0.898841078095 3.12005843258 ;
2.0905475426 4.77190465996 2.56276447193 2.40374351075 0.576441778421 0.727686519873 2.7124609665 ;
2.0675762113 4.64333692586 2.97146675449 4.28599180821 2.54229125276 3.61657128272 2.53978700401 ;
1.56362270764 4.76281272717 0.0567167973133 1.77564921446 2.31682850832 0.728336726884 2.79708114075 ;
1.58131043437 4.75888023408 0.0465535368764 1.77583115168 2.26073563876 0.755319547599 2.75199337761 ;
2.10052527434 4.76893429604 2.62237522764 2.383028143 0.945715756251 0.771094436838 2.77860654429 ;
2.55328119084 4.64439360155 3.1320642529 4.06918254558 3.3583412949 2.8877671894 2.95675702382 ;
0.110179797338 4.76188858258 2.61993444068 1.51726900857 3.39392852662 1.01623224725 3.05665500635 ;
2.29951080744 4.75313723088 2.72692170134 2.17586949941 3.83701160486 0.955172446736 3.22383769435 ;
1.66844492993 4.75594910001 0.0990383097336 1.88197555442 2.8216265854 0.741152452021 2.73564195366 ;
2.8338592465 4.67812207525 3.1063330353 3.5198095571 3.84891600868 1.67030827094 3.2783523144 ;
1.85892491826 4.77359618649 2.25928212961 2.10764987553 0.618277654325 0.709285132483 2.80352532719 ;
2.12373875691 4.65048071249 2.96612249404 4.26759404462 2.50355561659 3.49949017072 2.52136936995 ;
1.3605628799 4.77150598202 2.64487685863 1.56691015772 3.59112742742 0.897799486928 3.14864739367 ;
1.66437835328 4.75762393037 0.0662263658922 1.86073446402 2.81804914819 0.739212599918 2.76749726464 ;
2.87103727463 4.67518512682 3.11002784335 3.61923699673 3.76197016106 1.63006687982 3.23003064266 ;
1.41711923999 4.77180157893 2.64601402956 1.62356095545 3.6012907037 0.977480218586 3.15252470801 ;
1.84735908412 4.77269839966 2.25179971752 2.07244241308 0.589961282572 0.693572192629 2.79331770781 ;
2.07949425369 4.64544885286 2.9772076767 4.28501268456 2.52603274615 3.60278264846 2.53883689635 ;
2.09597938006 4.64430317911 2.94778996977 4.26533574684 2.51054263679 3.5246506721 2.51520021393 ;
1.84824477837 4.76801853874 2.10477680023 2.04523893562 0.257990078492 0.757077024316 2.82923325814 ;
1.84255976619 4.77190085092 1.73697142428 2.00105811206 2.86477676903 0.383097732181 2.84054260412 ;
1.19381243067 4.76857056886 2.54024278837 1.53689763718 3.88136261628 1.66288803623 3.27192490036 ;
2.91635811113 4.66117484758 3.18083720099 3.70740231958 3.90463734411 1.74973491898 3.30271213748 ;
2.85057999284 4.764768234 2.73683773526 3.53383316396 1.93122273116 0.972230706744 2.77522497377 ;
1.4937818973 4.77832745325 1.60022050552 1.61351465616 1.13538882346 0.589228152398 2.79368972875 ;
1.43594420853 4.76462116998 2.2109664337 1.64236669936 3.7943233109 0.953511810101 3.12796211048 ;
2.75902220702 4.63517007552 3.22244095378 3.4798995079 4.3602930126 2.05686426871 3.39655898941 ;
2.02760045762 4.63741532731 2.9753502553 4.30260510345 2.55241031441 3.69516536454 2.59303261997 ;
1.56894330264 4.76060962925 0.0672895704686 1.7435671817 2.25770318142 0.732571761505 2.77221149857 ;
2.15117510722 4.77829127878 2.6271565758 2.50437024307 1.06527159167 0.746297462358 2.7834518592 ;
2.81298673195 4.66776697641 3.12190001649 3.49998916614 4.03779262094 1.79731928627 3.31390919571 ;
1.27859665801 4.76453734309 2.62702200985 1.48492656409 3.61492205753 0.884344336697 3.13411740743 ;
2.06639414387 4.64501477247 2.98566364443 4.2953429061 2.56537958885 3.64592051193 2.58006816185 ;
1.46391817594 4.7570576605 2.67734888273 1.7067720671 3.82177057375 1.02998640204 3.20808987371 ;
1.53676781397 4.76231500275 0.12017463284 1.72839872133 2.25645090517 0.73036093422 2.73129177133 ;
1.7907740761 4.61476268569 2.76197449356 4.14313921038 2.10044396887 3.29358216401 1.99209235003 ;
2.82551855415 4.66035482762 3.22097574892 3.90390538407 3.8420744357 2.43946609388 3.26826608151 ;
2.12513344309 4.78299922269 2.63259175598 2.37484970483 1.19088071042 0.639699862259 2.92353715627 ;
2.03408372752 4.77922311827 2.59941847397 2.26104463083 0.744796363601 0.66838023879 2.77997669924 ;
2.11066151369 4.64154156404 3.00457292516 4.2799593871 2.60865137964 3.57116547461 2.58312081961 ;
1.58682795504 4.76280397641 0.0766869309251 1.75844678617 2.27587148407 0.724809780878 2.75692137966 ;
2.66766000628 4.70411289332 2.96026524925 3.16838069432 3.78904855068 1.43965097329 3.24477264363 ;
0.857276752039 4.76462226402 2.6277795129 1.24316605242 3.51013596343 0.971660943912 3.11330875162 ;
1.59065967705 4.75597342914 0.129259426922 1.78493264285 2.43423407241 0.723818018776 2.68284379269 ;
2.14552793181 4.64885675788 2.98899143512 4.27605438022 2.55972484829 3.53775638919 2.5882962385 ;
2.70199145191 4.69188719023 3.01349579616 3.2541376365 3.93123212502 1.55182235365 3.29322458667 ;
2.08772773735 4.7839271503 2.52135073271 2.3222111319 0.816105121397 0.725714714086 2.83238038135 ;
0.981196280242 4.76354847644 2.62754914621 1.31734887247 3.49011445872 0.8692403638 3.09136932967 ;
2.04660491149 4.76834138187 2.56948816264 2.32463119172 0.326786871664 0.809841508859 2.81497907713 ;
1.55105136651 4.76507164803 0.0756115325486 1.72866955222 2.2976758186 0.741680768187 2.79040129671 ;
2.42360160897 4.67505502369 3.0648184596 3.06670263485 4.24699027118 1.98175219593 3.41547592497 ;
1.66761932144 4.7697488032 2.62763888848 1.91080033453 3.1017789321 0.505665490196 2.97146572913 ;
2.27782985539 4.66528949564 2.98596380951 4.24129958508 2.5647834343 3.31316690968 2.57806095003 ;
2.06977275027 4.6427396257 2.97223728577 4.28537047038 2.53412629428 3.59773444403 2.54373420091 ;
1.54947995862 4.76040853117 0.10916217719 1.74354257655 2.26241689683 0.72447795075 2.75749381829 ;
1.46762972325 4.77092756998 2.64724835399 1.66083395181 3.5995082105 0.968506250694 3.15990691208 ;
2.07972963166 4.77388102331 2.6192220551 2.40500833911 0.852576384984 0.69388636472 2.77328315341 ;
2.9006943647 4.659471734 3.16756817962 3.66915867504 3.98854282551 1.80877834387 3.30505519446 ;
2.78396384429 4.76830927633 2.78422185709 3.36294137772 2.17447626221 0.863896973306 2.79376725354 ;
2.0078812913 4.69884092525 2.9303277294 2.48074844138 4.19546299715 1.54304934506 3.34295083898 ;
1.34856318883 4.78206689479 2.17281032775 1.47544603413 0.882904093636 0.655260664243 2.86932301285 ;
2.10453478796 4.63856386026 3.02307653613 4.29680859484 2.63704318397 3.66212333664 2.60375723903 ;
1.60521194669 4.75792240941 0.225204771492 1.7684438516 2.8820512344 0.70466028845 2.76726019613 ;
2.26051636787 4.75849748466 2.37058812118 2.06011868057 3.76636244797 0.974747947135 3.21655987095 ;
1.62931029001 4.77997104807 1.48921923498 1.54610687928 0.904385465377 0.583185319773 2.81269257026 ;
2.47892617983 4.62223860417 3.19124022198 4.09339560916 3.58960501606 3.07038644432 3.00771306194 ;
2.70870381014 4.74221923495 2.71207766018 3.66427345327 1.60671283805 1.20043148888 2.65365777236 ;
0.144999076682 4.75938654488 2.22309869406 1.52022836959 3.35141426681 1.02920230861 2.93384166186 ;
1.99480500677 4.77341095544 2.51036602215 2.26668212821 0.732832447644 0.713167691814 3.07188508437 ;
2.57793911813 4.64949884966 3.16771719633 4.05331903596 3.42553636963 2.85945297751 3.15539222371 ;
1.74275698493 4.75966428844 2.71006840194 2.00373931591 3.65866539403 0.957216757596 3.25823516054 ;
1.53707667198 4.76195914514 0.0704141806032 1.71885458813 2.43662624716 0.79245225072 2.98309710613 ;
1.82557769131 4.67382772392 2.24422365185 3.05285075304 1.98842886541 1.5831750037 0.0805196248678 ;
2.39236533687 4.69087014223 2.95793420449 2.85317908147 4.18574962083 1.53940142857 3.3584143352 ;
0.888089912956 4.77387089831 2.54711975418 1.17308454872 2.44990893799 0.681685284683 2.85950650023 ;
2.60368209868 4.77867368358 2.71319123651 3.0420440951 1.2913618819 0.870353109694 2.80971455596 ;
2.12423493725 4.64342235647 3.01971196861 4.29061803677 2.62251868359 3.60946604227 2.62716495621 ;
1.58786370175 4.76316665633 0.0585777825007 1.76934952513 2.25938760757 0.737241240502 2.77977515782 ;
2.59349901673 4.64625238965 3.18037045535 4.05609725905 3.53941899426 2.87994452619 3.21067325749 ;
1.96842286249 4.77442886183 2.12047849945 2.18842975017 0.340267781514 0.766454389392 2.9851899169 ;
0.793207629341 4.76897505813 1.52760056655 1.25495177089 2.96766749107 0.79344438321 2.93161290907 ;
2.32993948545 4.75938169039 2.54947196934 2.41785520569 3.49092768078 0.877410063919 3.21720506762 ;
1.89219977483 4.6339680019 2.58965575198 3.7390574814 1.8757430065 2.42600698296 0.731682948623 ;
2.47972686422 4.78066437154 2.62320830614 2.90468985671 1.41764916806 0.796704243254 2.81176896707 ;
1.50937550617 4.76381388609 2.23933852378 1.72602404912 3.80545052629 0.977546461778 3.15786698028 ;
2.85502523801 4.64092004917 3.23157345351 3.6284277727 4.22456738298 1.97634035735 3.35282485915 ;
2.04446896666 4.63927915527 2.9661764186 4.29384707869 2.52978960112 3.63052006206 2.56974761643 ;
1.14484338606 4.76684739917 1.05056643185 1.24396481835 1.2262957659 0.583483349572 2.7040866897 ;
