35.4907287795 6.85267404654 1.7707335493 0.0 0.0 4.84472444701 0.104815469921 186.926366834 7033.81310491 51.5916091977 5.80246113295 1.71093697416 3.59393343346 6.012477865 38.8638034859 ;
49.5370567849 11.4402825913 5.0522527326 0.850306584911 0.561850173287 6.66808850973 0.440015995734 275.074513463 14811.0707811 87.8715009331 13.6778803613 1.95388701914 5.68859181225 10.3184767437 66.1900826446 ;
57.5041934696 3.19892516896 2.75563879163 1.13606383845 0.369269603452 14.7767282795 2.06554840811 163.448823386 9916.6745379 100.926797492 14.8579737242 1.97257582484 2.51643122283 4.79358102747 67.8677632115 ;
53.9402638424 3.86296915645 2.83407655147 1.11640654032 0.0 18.2385730212 2.49275362319 187.093645485 10456.6237458 93.9798402081 13.6705804374 1.98075235993 2.75882429457 5.15925575269 63.7172054998 ;
35.2441858091 6.774762634 1.77288412455 0.0 0.0 4.837856049 0.103971413987 184.26388974 6873.21057682 50.8116794283 5.6178366439 1.70440993771 3.56928628794 5.95556589815 38.4179887698 ;
53.7521474761 9.31782646463 4.19930508638 0.802432197664 0.844513077888 4.05511051057 0.194768844706 235.334234147 13285.3123251 95.9876459801 14.9368780177 1.94751324676 4.81751525295 8.84093823751 69.3156066017 ;
35.4907287795 6.85267404654 1.7707335493 0.0 0.0 4.84472444701 0.104815469921 186.926366834 7033.81310491 51.5916091977 5.80246113295 1.71093697416 3.59393343346 6.012477865 38.8638034859 ;
49.5370567849 11.4402825913 5.0522527326 0.850306584911 0.561850173287 6.66808850973 0.440015995734 275.074513463 14811.0707811 87.8715009331 13.6778803613 1.95388701914 5.68859181225 10.3184767437 66.1900826446 ;
57.5041934696 3.19892516896 2.75563879163 1.13606383845 0.369269603452 14.7767282795 2.06554840811 163.448823386 9916.6745379 100.926797492 14.8579737242 1.97257582484 2.51643122283 4.79358102747 67.8677632115 ;
35.2540443501 6.779677268 1.77310838654 0.0 0.0 4.83751198515 0.103918888594 184.53632265 6886.83720598 50.8424896469 5.62476902496 1.70443931147 3.57122329642 5.95902433709 38.4363818111 ;
53.9769482035 3.84274381708 2.83583761083 1.1206719552 0.0 18.2885674288 2.50293980401 185.732524498 10403.6072795 94.0271581895 13.6738486462 1.98214823053 2.74342641973 5.13554621403 63.7319645357 ;
53.7470576886 9.30050163998 4.20027011383 0.802913370635 0.844105730272 4.06878255836 0.195736060197 235.441636118 13289.5217056 95.9753038781 14.9342880113 1.94712048546 4.8198386398 8.84393577076 69.3180590392 ;
57.5041934696 3.19892516896 2.75563879163 1.13606383845 0.369269603452 14.7767282795 2.06554840811 163.448823386 9916.6745379 100.926797492 14.8579737242 1.97257582484 2.51643122283 4.79358102747 67.8677632115 ;
49.5370567849 11.4402825913 5.0522527326 0.850306584911 0.561850173287 6.66808850973 0.440015995734 275.074513463 14811.0707811 87.8715009331 13.6778803613 1.95388701914 5.68859181225 10.3184767437 66.1900826446 ;
35.4907287795 6.85267404654 1.7707335493 0.0 0.0 4.84472444701 0.104815469921 186.926366834 7033.81310491 51.5916091977 5.80246113295 1.71093697416 3.59393343346 6.012477865 38.8638034859 ;
35.4907287795 6.85267404654 1.7707335493 0.0 0.0 4.84472444701 0.104815469921 186.926366834 7033.81310491 51.5916091977 5.80246113295 1.71093697416 3.59393343346 6.012477865 38.8638034859 ;
49.5370567849 11.4402825913 5.0522527326 0.850306584911 0.561850173287 6.66808850973 0.440015995734 275.074513463 14811.0707811 87.8715009331 13.6778803613 1.95388701914 5.68859181225 10.3184767437 66.1900826446 ;
57.5041934696 3.19892516896 2.75563879163 1.13606383845 0.369269603452 14.7767282795 2.06554840811 163.448823386 9916.6745379 100.926797492 14.8579737242 1.97257582484 2.51643122283 4.79358102747 67.8677632115 ;
35.4907287795 6.85267404654 1.7707335493 0.0 0.0 4.84472444701 0.104815469921 186.926366834 7033.81310491 51.5916091977 5.80246113295 1.71093697416 3.59393343346 6.012477865 38.8638034859 ;
49.5370567849 11.4402825913 5.0522527326 0.850306584911 0.561850173287 6.66808850973 0.440015995734 275.074513463 14811.0707811 87.8715009331 13.6778803613 1.95388701914 5.68859181225 10.3184767437 66.1900826446 ;
57.5041934696 3.19892516896 2.75563879163 1.13606383845 0.369269603452 14.7767282795 2.06554840811 163.448823386 9916.6745379 100.926797492 14.8579737242 1.97257582484 2.51643122283 4.79358102747 67.8677632115 ;
53.9769482035 3.84274381708 2.83583761083 1.1206719552 0.0 18.2885674288 2.50293980401 185.732524498 10403.6072795 94.0271581895 13.6738486462 1.98214823053 2.74342641973 5.13554621403 63.7319645357 ;
35.2540443501 6.779677268 1.77310838654 0.0 0.0 4.83751198515 0.103918888594 184.53632265 6886.83720598 50.8424896469 5.62476902496 1.70443931147 3.57122329642 5.95902433709 38.4363818111 ;
53.7470576886 9.30050163998 4.20027011383 0.802913370635 0.844105730272 4.06878255836 0.195736060197 235.441636118 13289.5217056 95.9753038781 14.9342880113 1.94712048546 4.8198386398 8.84393577076 69.3180590392 ;
49.5370567849 11.4402825913 5.0522527326 0.850306584911 0.561850173287 6.66808850973 0.440015995734 275.074513463 14811.0707811 87.8715009331 13.6778803613 1.95388701914 5.68859181225 10.3184767437 66.1900826446 ;
35.4907287795 6.85267404654 1.7707335493 0.0 0.0 4.84472444701 0.104815469921 186.926366834 7033.81310491 51.5916091977 5.80246113295 1.71093697416 3.59393343346 6.012477865 38.8638034859 ;
57.5041934696 3.19892516896 2.75563879163 1.13606383845 0.369269603452 14.7767282795 2.06554840811 163.448823386 9916.6745379 100.926797492 14.8579737242 1.97257582484 2.51643122283 4.79358102747 67.8677632115 ;
35.2540443501 6.779677268 1.77310838654 0.0 0.0 4.83751198515 0.103918888594 184.53632265 6886.83720598 50.8424896469 5.62476902496 1.70443931147 3.57122329642 5.95902433709 38.4363818111 ;
53.9769482035 3.84274381708 2.83583761083 1.1206719552 0.0 18.2885674288 2.50293980401 185.732524498 10403.6072795 94.0271581895 13.6738486462 1.98214823053 2.74342641973 5.13554621403 63.7319645357 ;
53.7470576886 9.30050163998 4.20027011383 0.802913370635 0.844105730272 4.06878255836 0.195736060197 235.441636118 13289.5217056 95.9753038781 14.9342880113 1.94712048546 4.8198386398 8.84393577076 69.3180590392 ;
35.4907287795 6.85267404654 1.7707335493 0.0 0.0 4.84472444701 0.104815469921 186.926366834 7033.81310491 51.5916091977 5.80246113295 1.71093697416 3.59393343346 6.012477865 38.8638034859 ;
49.5370567849 11.4402825913 5.0522527326 0.850306584911 0.561850173287 6.66808850973 0.440015995734 275.074513463 14811.0707811 87.8715009331 13.6778803613 1.95388701914 5.68859181225 10.3184767437 66.1900826446 ;
57.5041934696 3.19892516896 2.75563879163 1.13606383845 0.369269603452 14.7767282795 2.06554840811 163.448823386 9916.6745379 100.926797492 14.8579737242 1.97257582484 2.51643122283 4.79358102747 67.8677632115 ;
53.7470576886 9.30050163998 4.20027011383 0.802913370635 0.844105730272 4.06878255836 0.195736060197 235.441636118 13289.5217056 95.9753038781 14.9342880113 1.94712048546 4.8198386398 8.84393577076 69.3180590392 ;
35.2540443501 6.779677268 1.77310838654 0.0 0.0 4.83751198515 0.103918888594 184.53632265 6886.83720598 50.8424896469 5.62476902496 1.70443931147 3.57122329642 5.95902433709 38.4363818111 ;
53.9769482035 3.84274381708 2.83583761083 1.1206719552 0.0 18.2885674288 2.50293980401 185.732524498 10403.6072795 94.0271581895 13.6738486462 1.98214823053 2.74342641973 5.13554621403 63.7319645357 ;
57.5041934696 3.19892516896 2.75563879163 1.13606383845 0.369269603452 14.7767282795 2.06554840811 163.448823386 9916.6745379 100.926797492 14.8579737242 1.97257582484 2.51643122283 4.79358102747 67.8677632115 ;
49.5370567849 11.4402825913 5.0522527326 0.850306584911 0.561850173287 6.66808850973 0.440015995734 275.074513463 14811.0707811 87.8715009331 13.6778803613 1.95388701914 5.68859181225 10.3184767437 66.1900826446 ;
35.4907287795 6.85267404654 1.7707335493 0.0 0.0 4.84472444701 0.104815469921 186.926366834 7033.81310491 51.5916091977 5.80246113295 1.71093697416 3.59393343346 6.012477865 38.8638034859 ;
57.5041934696 3.19892516896 2.75563879163 1.13606383845 0.369269603452 14.7767282795 2.06554840811 163.448823386 9916.6745379 100.926797492 14.8579737242 1.97257582484 2.51643122283 4.79358102747 67.8677632115 ;
49.5370567849 11.4402825913 5.0522527326 0.850306584911 0.561850173287 6.66808850973 0.440015995734 275.074513463 14811.0707811 87.8715009331 13.6778803613 1.95388701914 5.68859181225 10.3184767437 66.1900826446 ;
35.4907287795 6.85267404654 1.7707335493 0.0 0.0 4.84472444701 0.104815469921 186.926366834 7033.81310491 51.5916091977 5.80246113295 1.71093697416 3.59393343346 6.012477865 38.8638034859 ;
53.9769482035 3.84274381708 2.83583761083 1.1206719552 0.0 18.2885674288 2.50293980401 185.732524498 10403.6072795 94.0271581895 13.6738486462 1.98214823053 2.74342641973 5.13554621403 63.7319645357 ;
35.2540443501 6.779677268 1.77310838654 0.0 0.0 4.83751198515 0.103918888594 184.53632265 6886.83720598 50.8424896469 5.62476902496 1.70443931147 3.57122329642 5.95902433709 38.4363818111 ;
53.7470576886 9.30050163998 4.20027011383 0.802913370635 0.844105730272 4.06878255836 0.195736060197 235.441636118 13289.5217056 95.9753038781 14.9342880113 1.94712048546 4.8198386398 8.84393577076 69.3180590392 ;
57.5041934696 3.19892516896 2.75563879163 1.13606383845 0.369269603452 14.7767282795 2.06554840811 163.448823386 9916.6745379 100.926797492 14.8579737242 1.97257582484 2.51643122283 4.79358102747 67.8677632115 ;
35.4907287795 6.85267404654 1.7707335493 0.0 0.0 4.84472444701 0.104815469921 186.926366834 7033.81310491 51.5916091977 5.80246113295 1.71093697416 3.59393343346 6.012477865 38.8638034859 ;
49.5370567849 11.4402825913 5.0522527326 0.850306584911 0.561850173287 6.66808850973 0.440015995734 275.074513463 14811.0707811 87.8715009331 13.6778803613 1.95388701914 5.68859181225 10.3184767437 66.1900826446 ;
53.9769482035 3.84274381708 2.83583761083 1.1206719552 0.0 18.2885674288 2.50293980401 185.732524498 10403.6072795 94.0271581895 13.6738486462 1.98214823053 2.74342641973 5.13554621403 63.7319645357 ;
35.2540443501 6.779677268 1.77310838654 0.0 0.0 4.83751198515 0.103918888594 184.53632265 6886.83720598 50.8424896469 5.62476902496 1.70443931147 3.57122329642 5.95902433709 38.4363818111 ;
53.7470576886 9.30050163998 4.20027011383 0.802913370635 0.844105730272 4.06878255836 0.195736060197 235.441636118 13289.5217056 95.9753038781 14.9342880113 1.94712048546 4.8198386398 8.84393577076 69.3180590392 ;
35.4907287795 6.85267404654 1.7707335493 0.0 0.0 4.84472444701 0.104815469921 186.926366834 7033.81310491 51.5916091977 5.80246113295 1.71093697416 3.59393343346 6.012477865 38.8638034859 ;
49.5370567849 11.4402825913 5.0522527326 0.850306584911 0.561850173287 6.66808850973 0.440015995734 275.074513463 14811.0707811 87.8715009331 13.6778803613 1.95388701914 5.68859181225 10.3184767437 66.1900826446 ;
57.5041934696 3.19892516896 2.75563879163 1.13606383845 0.369269603452 14.7767282795 2.06554840811 163.448823386 9916.6745379 100.926797492 14.8579737242 1.97257582484 2.51643122283 4.79358102747 67.8677632115 ;
35.4907287795 6.85267404654 1.7707335493 0.0 0.0 4.84472444701 0.104815469921 186.926366834 7033.81310491 51.5916091977 5.80246113295 1.71093697416 3.59393343346 6.012477865 38.8638034859 ;
49.5370567849 11.4402825913 5.0522527326 0.850306584911 0.561850173287 6.66808850973 0.440015995734 275.074513463 14811.0707811 87.8715009331 13.6778803613 1.95388701914 5.68859181225 10.3184767437 66.1900826446 ;
57.5041934696 3.19892516896 2.75563879163 1.13606383845 0.369269603452 14.7767282795 2.06554840811 163.448823386 9916.6745379 100.926797492 14.8579737242 1.97257582484 2.51643122283 4.79358102747 67.8677632115 ;
35.4907287795 6.85267404654 1.7707335493 0.0 0.0 4.84472444701 0.104815469921 186.926366834 7033.81310491 51.5916091977 5.80246113295 1.71093697416 3.59393343346 6.012477865 38.8638034859 ;
49.5370567849 11.4402825913 5.0522527326 0.850306584911 0.561850173287 6.66808850973 0.440015995734 275.074513463 14811.0707811 87.8715009331 13.6778803613 1.95388701914 5.68859181225 10.3184767437 66.1900826446 ;
57.5041934696 3.19892516896 2.75563879163 1.13606383845 0.369269603452 14.7767282795 2.06554840811 163.448823386 9916.6745379 100.926797492 14.8579737242 1.97257582484 2.51643122283 4.79358102747 67.8677632115 ;
35.4907287795 6.85267404654 1.7707335493 0.0 0.0 4.84472444701 0.104815469921 186.926366834 7033.81310491 51.5916091977 5.80246113295 1.71093697416 3.59393343346 6.012477865 38.8638034859 ;
49.5370567849 11.4402825913 5.0522527326 0.850306584911 0.561850173287 6.66808850973 0.440015995734 275.074513463 14811.0707811 87.8715009331 13.6778803613 1.95388701914 5.68859181225 10.3184767437 66.1900826446 ;
57.5041934696 3.19892516896 2.75563879163 1.13606383845 0.369269603452 14.7767282795 2.06554840811 163.448823386 9916.6745379 100.926797492 14.8579737242 1.97257582484 2.51643122283 4.79358102747 67.8677632115 ;
35.4907287795 6.85267404654 1.7707335493 0.0 0.0 4.84472444701 0.104815469921 186.926366834 7033.81310491 51.5916091977 5.80246113295 1.71093697416 3.59393343346 6.012477865 38.8638034859 ;
49.5370567849 11.4402825913 5.0522527326 0.850306584911 0.561850173287 6.66808850973 0.440015995734 275.074513463 14811.0707811 87.8715009331 13.6778803613 1.95388701914 5.68859181225 10.3184767437 66.1900826446 ;
57.5041934696 3.19892516896 2.75563879163 1.13606383845 0.369269603452 14.7767282795 2.06554840811 163.448823386 9916.6745379 100.926797492 14.8579737242 1.97257582484 2.51643122283 4.79358102747 67.8677632115 ;
57.5041934696 3.19892516896 2.75563879163 1.13606383845 0.369269603452 14.7767282795 2.06554840811 163.448823386 9916.6745379 100.926797492 14.8579737242 1.97257582484 2.51643122283 4.79358102747 67.8677632115 ;
49.5370567849 11.4402825913 5.0522527326 0.850306584911 0.561850173287 6.66808850973 0.440015995734 275.074513463 14811.0707811 87.8715009331 13.6778803613 1.95388701914 5.68859181225 10.3184767437 66.1900826446 ;
35.4907287795 6.85267404654 1.7707335493 0.0 0.0 4.84472444701 0.104815469921 186.926366834 7033.81310491 51.5916091977 5.80246113295 1.71093697416 3.59393343346 6.012477865 38.8638034859 ;
35.2540443501 6.779677268 1.77310838654 0.0 0.0 4.83751198515 0.103918888594 184.53632265 6886.83720598 50.8424896469 5.62476902496 1.70443931147 3.57122329642 5.95902433709 38.4363818111 ;
53.9769482035 3.84274381708 2.83583761083 1.1206719552 0.0 18.2885674288 2.50293980401 185.732524498 10403.6072795 94.0271581895 13.6738486462 1.98214823053 2.74342641973 5.13554621403 63.7319645357 ;
53.7470576886 9.30050163998 4.20027011383 0.802913370635 0.844105730272 4.06878255836 0.195736060197 235.441636118 13289.5217056 95.9753038781 14.9342880113 1.94712048546 4.8198386398 8.84393577076 69.3180590392 ;
57.5041934696 3.19892516896 2.75563879163 1.13606383845 0.369269603452 14.7767282795 2.06554840811 163.448823386 9916.6745379 100.926797492 14.8579737242 1.97257582484 2.51643122283 4.79358102747 67.8677632115 ;
49.5370567849 11.4402825913 5.0522527326 0.850306584911 0.561850173287 6.66808850973 0.440015995734 275.074513463 14811.0707811 87.8715009331 13.6778803613 1.95388701914 5.68859181225 10.3184767437 66.1900826446 ;
35.4907287795 6.85267404654 1.7707335493 0.0 0.0 4.84472444701 0.104815469921 186.926366834 7033.81310491 51.5916091977 5.80246113295 1.71093697416 3.59393343346 6.012477865 38.8638034859 ;
35.4907287795 6.85267404654 1.7707335493 0.0 0.0 4.84472444701 0.104815469921 186.926366834 7033.81310491 51.5916091977 5.80246113295 1.71093697416 3.59393343346 6.012477865 38.8638034859 ;
49.5370567849 11.4402825913 5.0522527326 0.850306584911 0.561850173287 6.66808850973 0.440015995734 275.074513463 14811.0707811 87.8715009331 13.6778803613 1.95388701914 5.68859181225 10.3184767437 66.1900826446 ;
57.5041934696 3.19892516896 2.75563879163 1.13606383845 0.369269603452 14.7767282795 2.06554840811 163.448823386 9916.6745379 100.926797492 14.8579737242 1.97257582484 2.51643122283 4.79358102747 67.8677632115 ;
35.2540443501 6.779677268 1.77310838654 0.0 0.0 4.83751198515 0.103918888594 184.53632265 6886.83720598 50.8424896469 5.62476902496 1.70443931147 3.57122329642 5.95902433709 38.4363818111 ;
53.9769482035 3.84274381708 2.83583761083 1.1206719552 0.0 18.2885674288 2.50293980401 185.732524498 10403.6072795 94.0271581895 13.6738486462 1.98214823053 2.74342641973 5.13554621403 63.7319645357 ;
53.7470576886 9.30050163998 4.20027011383 0.802913370635 0.844105730272 4.06878255836 0.195736060197 235.441636118 13289.5217056 95.9753038781 14.9342880113 1.94712048546 4.8198386398 8.84393577076 69.3180590392 ;
35.4907287795 6.85267404654 1.7707335493 0.0 0.0 4.84472444701 0.104815469921 186.926366834 7033.81310491 51.5916091977 5.80246113295 1.71093697416 3.59393343346 6.012477865 38.8638034859 ;
49.5370567849 11.4402825913 5.0522527326 0.850306584911 0.561850173287 6.66808850973 0.440015995734 275.074513463 14811.0707811 87.8715009331 13.6778803613 1.95388701914 5.68859181225 10.3184767437 66.1900826446 ;
57.5041934696 3.19892516896 2.75563879163 1.13606383845 0.369269603452 14.7767282795 2.06554840811 163.448823386 9916.6745379 100.926797492 14.8579737242 1.97257582484 2.51643122283 4.79358102747 67.8677632115 ;
35.2540443501 6.779677268 1.77310838654 0.0 0.0 4.83751198515 0.103918888594 184.53632265 6886.83720598 50.8424896469 5.62476902496 1.70443931147 3.57122329642 5.95902433709 38.4363818111 ;
53.7470576886 9.30050163998 4.20027011383 0.802913370635 0.844105730272 4.06878255836 0.195736060197 235.441636118 13289.5217056 95.9753038781 14.9342880113 1.94712048546 4.8198386398 8.84393577076 69.3180590392 ;
53.9769482035 3.84274381708 2.83583761083 1.1206719552 0.0 18.2885674288 2.50293980401 185.732524498 10403.6072795 94.0271581895 13.6738486462 1.98214823053 2.74342641973 5.13554621403 63.7319645357 ;
57.5041934696 3.19892516896 2.75563879163 1.13606383845 0.369269603452 14.7767282795 2.06554840811 163.448823386 9916.6745379 100.926797492 14.8579737242 1.97257582484 2.51643122283 4.79358102747 67.8677632115 ;
49.5370567849 11.4402825913 5.0522527326 0.850306584911 0.561850173287 6.66808850973 0.440015995734 275.074513463 14811.0707811 87.8715009331 13.6778803613 1.95388701914 5.68859181225 10.3184767437 66.1900826446 ;
35.4907287795 6.85267404654 1.7707335493 0.0 0.0 4.84472444701 0.104815469921 186.926366834 7033.81310491 51.5916091977 5.80246113295 1.71093697416 3.59393343346 6.012477865 38.8638034859 ;
35.2540443501 6.779677268 1.77310838654 0.0 0.0 4.83751198515 0.103918888594 184.53632265 6886.83720598 50.8424896469 5.62476902496 1.70443931147 3.57122329642 5.95902433709 38.4363818111 ;
53.9769482035 3.84274381708 2.83583761083 1.1206719552 0.0 18.2885674288 2.50293980401 185.732524498 10403.6072795 94.0271581895 13.6738486462 1.98214823053 2.74342641973 5.13554621403 63.7319645357 ;
53.7470576886 9.30050163998 4.20027011383 0.802913370635 0.844105730272 4.06878255836 0.195736060197 235.441636118 13289.5217056 95.9753038781 14.9342880113 1.94712048546 4.8198386398 8.84393577076 69.3180590392 ;
35.2441858091 6.774762634 1.77288412455 0.0 0.0 4.837856049 0.103971413987 184.26388974 6873.21057682 50.8116794283 5.6178366439 1.70440993771 3.56928628794 5.95556589815 38.4179887698 ;
53.9402638424 3.86296915645 2.83407655147 1.11640654032 0.0 18.2385730212 2.49275362319 187.093645485 10456.6237458 93.9798402081 13.6705804374 1.98075235993 2.75882429457 5.15925575269 63.7172054998 ;
53.7521474761 9.31782646463 4.19930508638 0.802432197664 0.844513077888 4.05511051057 0.194768844706 235.334234147 13285.3123251 95.9876459801 14.9368780177 1.94751324676 4.81751525295 8.84093823751 69.3156066017 ;
35.4907287795 6.85267404654 1.7707335493 0.0 0.0 4.84472444701 0.104815469921 186.926366834 7033.81310491 51.5916091977 5.80246113295 1.71093697416 3.59393343346 6.012477865 38.8638034859 ;
49.5370567849 11.4402825913 5.0522527326 0.850306584911 0.561850173287 6.66808850973 0.440015995734 275.074513463 14811.0707811 87.8715009331 13.6778803613 1.95388701914 5.68859181225 10.3184767437 66.1900826446 ;
57.5041934696 3.19892516896 2.75563879163 1.13606383845 0.369269603452 14.7767282795 2.06554840811 163.448823386 9916.6745379 100.926797492 14.8579737242 1.97257582484 2.51643122283 4.79358102747 67.8677632115 ;
35.2540443501 6.779677268 1.77310838654 0.0 0.0 4.83751198515 0.103918888594 184.53632265 6886.83720598 50.8424896469 5.62476902496 1.70443931147 3.57122329642 5.95902433709 38.4363818111 ;
53.9769482035 3.84274381708 2.83583761083 1.1206719552 0.0 18.2885674288 2.50293980401 185.732524498 10403.6072795 94.0271581895 13.6738486462 1.98214823053 2.74342641973 5.13554621403 63.7319645357 ;
53.7470576886 9.30050163998 4.20027011383 0.802913370635 0.844105730272 4.06878255836 0.195736060197 235.441636118 13289.5217056 95.9753038781 14.9342880113 1.94712048546 4.8198386398 8.84393577076 69.3180590392 ;
35.4907287795 6.85267404654 1.7707335493 0.0 0.0 4.84472444701 0.104815469921 186.926366834 7033.81310491 51.5916091977 5.80246113295 1.71093697416 3.59393343346 6.012477865 38.8638034859 ;
49.5370567849 11.4402825913 5.0522527326 0.850306584911 0.561850173287 6.66808850973 0.440015995734 275.074513463 14811.0707811 87.8715009331 13.6778803613 1.95388701914 5.68859181225 10.3184767437 66.1900826446 ;
57.5041934696 3.19892516896 2.75563879163 1.13606383845 0.369269603452 14.7767282795 2.06554840811 163.448823386 9916.6745379 100.926797492 14.8579737242 1.97257582484 2.51643122283 4.79358102747 67.8677632115 ;
35.2540443501 6.779677268 1.77310838654 0.0 0.0 4.83751198515 0.103918888594 184.53632265 6886.83720598 50.8424896469 5.62476902496 1.70443931147 3.57122329642 5.95902433709 38.4363818111 ;
53.9769482035 3.84274381708 2.83583761083 1.1206719552 0.0 18.2885674288 2.50293980401 185.732524498 10403.6072795 94.0271581895 13.6738486462 1.98214823053 2.74342641973 5.13554621403 63.7319645357 ;
53.7470576886 9.30050163998 4.20027011383 0.802913370635 0.844105730272 4.06878255836 0.195736060197 235.441636118 13289.5217056 95.9753038781 14.9342880113 1.94712048546 4.8198386398 8.84393577076 69.3180590392 ;
35.2540443501 6.779677268 1.77310838654 0.0 0.0 4.83751198515 0.103918888594 184.53632265 6886.83720598 50.8424896469 5.62476902496 1.70443931147 3.57122329642 5.95902433709 38.4363818111 ;
53.9769482035 3.84274381708 2.83583761083 1.1206719552 0.0 18.2885674288 2.50293980401 185.732524498 10403.6072795 94.0271581895 13.6738486462 1.98214823053 2.74342641973 5.13554621403 63.7319645357 ;
53.7470576886 9.30050163998 4.20027011383 0.802913370635 0.844105730272 4.06878255836 0.195736060197 235.441636118 13289.5217056 95.9753038781 14.9342880113 1.94712048546 4.8198386398 8.84393577076 69.3180590392 ;
53.9769482035 3.84274381708 2.83583761083 1.1206719552 0.0 18.2885674288 2.50293980401 185.732524498 10403.6072795 94.0271581895 13.6738486462 1.98214823053 2.74342641973 5.13554621403 63.7319645357 ;
35.2540443501 6.779677268 1.77310838654 0.0 0.0 4.83751198515 0.103918888594 184.53632265 6886.83720598 50.8424896469 5.62476902496 1.70443931147 3.57122329642 5.95902433709 38.4363818111 ;
53.7470576886 9.30050163998 4.20027011383 0.802913370635 0.844105730272 4.06878255836 0.195736060197 235.441636118 13289.5217056 95.9753038781 14.9342880113 1.94712048546 4.8198386398 8.84393577076 69.3180590392 ;
49.5370567849 11.4402825913 5.0522527326 0.850306584911 0.561850173287 6.66808850973 0.440015995734 275.074513463 14811.0707811 87.8715009331 13.6778803613 1.95388701914 5.68859181225 10.3184767437 66.1900826446 ;
35.4907287795 6.85267404654 1.7707335493 0.0 0.0 4.84472444701 0.104815469921 186.926366834 7033.81310491 51.5916091977 5.80246113295 1.71093697416 3.59393343346 6.012477865 38.8638034859 ;
57.5041934696 3.19892516896 2.75563879163 1.13606383845 0.369269603452 14.7767282795 2.06554840811 163.448823386 9916.6745379 100.926797492 14.8579737242 1.97257582484 2.51643122283 4.79358102747 67.8677632115 ;
35.2441858091 6.774762634 1.77288412455 0.0 0.0 4.837856049 0.103971413987 184.26388974 6873.21057682 50.8116794283 5.6178366439 1.70440993771 3.56928628794 5.95556589815 38.4179887698 ;
53.7521474761 9.31782646463 4.19930508638 0.802432197664 0.844513077888 4.05511051057 0.194768844706 235.334234147 13285.3123251 95.9876459801 14.9368780177 1.94751324676 4.81751525295 8.84093823751 69.3156066017 ;
53.9402638424 3.86296915645 2.83407655147 1.11640654032 0.0 18.2385730212 2.49275362319 187.093645485 10456.6237458 93.9798402081 13.6705804374 1.98075235993 2.75882429457 5.15925575269 63.7172054998 ;
35.2441858091 6.774762634 1.77288412455 0.0 0.0 4.837856049 0.103971413987 184.26388974 6873.21057682 50.8116794283 5.6178366439 1.70440993771 3.56928628794 5.95556589815 38.4179887698 ;
53.9402638424 3.86296915645 2.83407655147 1.11640654032 0.0 18.2385730212 2.49275362319 187.093645485 10456.6237458 93.9798402081 13.6705804374 1.98075235993 2.75882429457 5.15925575269 63.7172054998 ;
53.7521474761 9.31782646463 4.19930508638 0.802432197664 0.844513077888 4.05511051057 0.194768844706 235.334234147 13285.3123251 95.9876459801 14.9368780177 1.94751324676 4.81751525295 8.84093823751 69.3156066017 ;
35.2441858091 6.774762634 1.77288412455 0.0 0.0 4.837856049 0.103971413987 184.26388974 6873.21057682 50.8116794283 5.6178366439 1.70440993771 3.56928628794 5.95556589815 38.4179887698 ;
53.9402638424 3.86296915645 2.83407655147 1.11640654032 0.0 18.2385730212 2.49275362319 187.093645485 10456.6237458 93.9798402081 13.6705804374 1.98075235993 2.75882429457 5.15925575269 63.7172054998 ;
53.7521474761 9.31782646463 4.19930508638 0.802432197664 0.844513077888 4.05511051057 0.194768844706 235.334234147 13285.3123251 95.9876459801 14.9368780177 1.94751324676 4.81751525295 8.84093823751 69.3156066017 ;
35.4907287795 6.85267404654 1.7707335493 0.0 0.0 4.84472444701 0.104815469921 186.926366834 7033.81310491 51.5916091977 5.80246113295 1.71093697416 3.59393343346 6.012477865 38.8638034859 ;
49.5370567849 11.4402825913 5.0522527326 0.850306584911 0.561850173287 6.66808850973 0.440015995734 275.074513463 14811.0707811 87.8715009331 13.6778803613 1.95388701914 5.68859181225 10.3184767437 66.1900826446 ;
57.5041934696 3.19892516896 2.75563879163 1.13606383845 0.369269603452 14.7767282795 2.06554840811 163.448823386 9916.6745379 100.926797492 14.8579737242 1.97257582484 2.51643122283 4.79358102747 67.8677632115 ;
35.2540443501 6.779677268 1.77310838654 0.0 0.0 4.83751198515 0.103918888594 184.53632265 6886.83720598 50.8424896469 5.62476902496 1.70443931147 3.57122329642 5.95902433709 38.4363818111 ;
53.9769482035 3.84274381708 2.83583761083 1.1206719552 0.0 18.2885674288 2.50293980401 185.732524498 10403.6072795 94.0271581895 13.6738486462 1.98214823053 2.74342641973 5.13554621403 63.7319645357 ;
53.7470576886 9.30050163998 4.20027011383 0.802913370635 0.844105730272 4.06878255836 0.195736060197 235.441636118 13289.5217056 95.9753038781 14.9342880113 1.94712048546 4.8198386398 8.84393577076 69.3180590392 ;
35.4907287795 6.85267404654 1.7707335493 0.0 0.0 4.84472444701 0.104815469921 186.926366834 7033.81310491 51.5916091977 5.80246113295 1.71093697416 3.59393343346 6.012477865 38.8638034859 ;
49.5370567849 11.4402825913 5.0522527326 0.850306584911 0.561850173287 6.66808850973 0.440015995734 275.074513463 14811.0707811 87.8715009331 13.6778803613 1.95388701914 5.68859181225 10.3184767437 66.1900826446 ;
57.5041934696 3.19892516896 2.75563879163 1.13606383845 0.369269603452 14.7767282795 2.06554840811 163.448823386 9916.6745379 100.926797492 14.8579737242 1.97257582484 2.51643122283 4.79358102747 67.8677632115 ;
35.4907287795 6.85267404654 1.7707335493 0.0 0.0 4.84472444701 0.104815469921 186.926366834 7033.81310491 51.5916091977 5.80246113295 1.71093697416 3.59393343346 6.012477865 38.8638034859 ;
49.5370567849 11.4402825913 5.0522527326 0.850306584911 0.561850173287 6.66808850973 0.440015995734 275.074513463 14811.0707811 87.8715009331 13.6778803613 1.95388701914 5.68859181225 10.3184767437 66.1900826446 ;
57.5041934696 3.19892516896 2.75563879163 1.13606383845 0.369269603452 14.7767282795 2.06554840811 163.448823386 9916.6745379 100.926797492 14.8579737242 1.97257582484 2.51643122283 4.79358102747 67.8677632115 ;
35.4907287795 6.85267404654 1.7707335493 0.0 0.0 4.84472444701 0.104815469921 186.926366834 7033.81310491 51.5916091977 5.80246113295 1.71093697416 3.59393343346 6.012477865 38.8638034859 ;
49.5370567849 11.4402825913 5.0522527326 0.850306584911 0.561850173287 6.66808850973 0.440015995734 275.074513463 14811.0707811 87.8715009331 13.6778803613 1.95388701914 5.68859181225 10.3184767437 66.1900826446 ;
57.5041934696 3.19892516896 2.75563879163 1.13606383845 0.369269603452 14.7767282795 2.06554840811 163.448823386 9916.6745379 100.926797492 14.8579737242 1.97257582484 2.51643122283 4.79358102747 67.8677632115 ;
35.4907287795 6.85267404654 1.7707335493 0.0 0.0 4.84472444701 0.104815469921 186.926366834 7033.81310491 51.5916091977 5.80246113295 1.71093697416 3.59393343346 6.012477865 38.8638034859 ;
49.5370567849 11.4402825913 5.0522527326 0.850306584911 0.561850173287 6.66808850973 0.440015995734 275.074513463 14811.0707811 87.8715009331 13.6778803613 1.95388701914 5.68859181225 10.3184767437 66.1900826446 ;
57.5041934696 3.19892516896 2.75563879163 1.13606383845 0.369269603452 14.7767282795 2.06554840811 163.448823386 9916.6745379 100.926797492 14.8579737242 1.97257582484 2.51643122283 4.79358102747 67.8677632115 ;
35.4907287795 6.85267404654 1.7707335493 0.0 0.0 4.84472444701 0.104815469921 186.926366834 7033.81310491 51.5916091977 5.80246113295 1.71093697416 3.59393343346 6.012477865 38.8638034859 ;
49.5370567849 11.4402825913 5.0522527326 0.850306584911 0.561850173287 6.66808850973 0.440015995734 275.074513463 14811.0707811 87.8715009331 13.6778803613 1.95388701914 5.68859181225 10.3184767437 66.1900826446 ;
57.5041934696 3.19892516896 2.75563879163 1.13606383845 0.369269603452 14.7767282795 2.06554840811 163.448823386 9916.6745379 100.926797492 14.8579737242 1.97257582484 2.51643122283 4.79358102747 67.8677632115 ;
35.4907287795 6.85267404654 1.7707335493 0.0 0.0 4.84472444701 0.104815469921 186.926366834 7033.81310491 51.5916091977 5.80246113295 1.71093697416 3.59393343346 6.012477865 38.8638034859 ;
49.5370567849 11.4402825913 5.0522527326 0.850306584911 0.561850173287 6.66808850973 0.440015995734 275.074513463 14811.0707811 87.8715009331 13.6778803613 1.95388701914 5.68859181225 10.3184767437 66.1900826446 ;
57.5041934696 3.19892516896 2.75563879163 1.13606383845 0.369269603452 14.7767282795 2.06554840811 163.448823386 9916.6745379 100.926797492 14.8579737242 1.97257582484 2.51643122283 4.79358102747 67.8677632115 ;
35.4907287795 6.85267404654 1.7707335493 0.0 0.0 4.84472444701 0.104815469921 186.926366834 7033.81310491 51.5916091977 5.80246113295 1.71093697416 3.59393343346 6.012477865 38.8638034859 ;
49.5370567849 11.4402825913 5.0522527326 0.850306584911 0.561850173287 6.66808850973 0.440015995734 275.074513463 14811.0707811 87.8715009331 13.6778803613 1.95388701914 5.68859181225 10.3184767437 66.1900826446 ;
57.5041934696 3.19892516896 2.75563879163 1.13606383845 0.369269603452 14.7767282795 2.06554840811 163.448823386 9916.6745379 100.926797492 14.8579737242 1.97257582484 2.51643122283 4.79358102747 67.8677632115 ;
35.4907287795 6.85267404654 1.7707335493 0.0 0.0 4.84472444701 0.104815469921 186.926366834 7033.81310491 51.5916091977 5.80246113295 1.71093697416 3.59393343346 6.012477865 38.8638034859 ;
49.5370567849 11.4402825913 5.0522527326 0.850306584911 0.561850173287 6.66808850973 0.440015995734 275.074513463 14811.0707811 87.8715009331 13.6778803613 1.95388701914 5.68859181225 10.3184767437 66.1900826446 ;
57.5041934696 3.19892516896 2.75563879163 1.13606383845 0.369269603452 14.7767282795 2.06554840811 163.448823386 9916.6745379 100.926797492 14.8579737242 1.97257582484 2.51643122283 4.79358102747 67.8677632115 ;
35.4907287795 6.85267404654 1.7707335493 0.0 0.0 4.84472444701 0.104815469921 186.926366834 7033.81310491 51.5916091977 5.80246113295 1.71093697416 3.59393343346 6.012477865 38.8638034859 ;
49.5370567849 11.4402825913 5.0522527326 0.850306584911 0.561850173287 6.66808850973 0.440015995734 275.074513463 14811.0707811 87.8715009331 13.6778803613 1.95388701914 5.68859181225 10.3184767437 66.1900826446 ;
57.5041934696 3.19892516896 2.75563879163 1.13606383845 0.369269603452 14.7767282795 2.06554840811 163.448823386 9916.6745379 100.926797492 14.8579737242 1.97257582484 2.51643122283 4.79358102747 67.8677632115 ;
57.5041934696 3.19892516896 2.75563879163 1.13606383845 0.369269603452 14.7767282795 2.06554840811 163.448823386 9916.6745379 100.926797492 14.8579737242 1.97257582484 2.51643122283 4.79358102747 67.8677632115 ;
49.5370567849 11.4402825913 5.0522527326 0.850306584911 0.561850173287 6.66808850973 0.440015995734 275.074513463 14811.0707811 87.8715009331 13.6778803613 1.95388701914 5.68859181225 10.3184767437 66.1900826446 ;
35.4907287795 6.85267404654 1.7707335493 0.0 0.0 4.84472444701 0.104815469921 186.926366834 7033.81310491 51.5916091977 5.80246113295 1.71093697416 3.59393343346 6.012477865 38.8638034859 ;
35.2441858091 6.774762634 1.77288412455 0.0 0.0 4.837856049 0.103971413987 184.26388974 6873.21057682 50.8116794283 5.6178366439 1.70440993771 3.56928628794 5.95556589815 38.4179887698 ;
53.9402638424 3.86296915645 2.83407655147 1.11640654032 0.0 18.2385730212 2.49275362319 187.093645485 10456.6237458 93.9798402081 13.6705804374 1.98075235993 2.75882429457 5.15925575269 63.7172054998 ;
53.7521474761 9.31782646463 4.19930508638 0.802432197664 0.844513077888 4.05511051057 0.194768844706 235.334234147 13285.3123251 95.9876459801 14.9368780177 1.94751324676 4.81751525295 8.84093823751 69.3156066017 ;
49.5370567849 11.4402825913 5.0522527326 0.850306584911 0.561850173287 6.66808850973 0.440015995734 275.074513463 14811.0707811 87.8715009331 13.6778803613 1.95388701914 5.68859181225 10.3184767437 66.1900826446 ;
35.4907287795 6.85267404654 1.7707335493 0.0 0.0 4.84472444701 0.104815469921 186.926366834 7033.81310491 51.5916091977 5.80246113295 1.71093697416 3.59393343346 6.012477865 38.8638034859 ;
57.5041934696 3.19892516896 2.75563879163 1.13606383845 0.369269603452 14.7767282795 2.06554840811 163.448823386 9916.6745379 100.926797492 14.8579737242 1.97257582484 2.51643122283 4.79358102747 67.8677632115 ;
35.4907287795 6.85267404654 1.7707335493 0.0 0.0 4.84472444701 0.104815469921 186.926366834 7033.81310491 51.5916091977 5.80246113295 1.71093697416 3.59393343346 6.012477865 38.8638034859 ;
49.5370567849 11.4402825913 5.0522527326 0.850306584911 0.561850173287 6.66808850973 0.440015995734 275.074513463 14811.0707811 87.8715009331 13.6778803613 1.95388701914 5.68859181225 10.3184767437 66.1900826446 ;
57.5041934696 3.19892516896 2.75563879163 1.13606383845 0.369269603452 14.7767282795 2.06554840811 163.448823386 9916.6745379 100.926797492 14.8579737242 1.97257582484 2.51643122283 4.79358102747 67.8677632115 ;
53.9769482035 3.84274381708 2.83583761083 1.1206719552 0.0 18.2885674288 2.50293980401 185.732524498 10403.6072795 94.0271581895 13.6738486462 1.98214823053 2.74342641973 5.13554621403 63.7319645357 ;
35.2540443501 6.779677268 1.77310838654 0.0 0.0 4.83751198515 0.103918888594 184.53632265 6886.83720598 50.8424896469 5.62476902496 1.70443931147 3.57122329642 5.95902433709 38.4363818111 ;
53.7470576886 9.30050163998 4.20027011383 0.802913370635 0.844105730272 4.06878255836 0.195736060197 235.441636118 13289.5217056 95.9753038781 14.9342880113 1.94712048546 4.8198386398 8.84393577076 69.3180590392 ;
35.2540443501 6.779677268 1.77310838654 0.0 0.0 4.83751198515 0.103918888594 184.53632265 6886.83720598 50.8424896469 5.62476902496 1.70443931147 3.57122329642 5.95902433709 38.4363818111 ;
53.7470576886 9.30050163998 4.20027011383 0.802913370635 0.844105730272 4.06878255836 0.195736060197 235.441636118 13289.5217056 95.9753038781 14.9342880113 1.94712048546 4.8198386398 8.84393577076 69.3180590392 ;
53.9769482035 3.84274381708 2.83583761083 1.1206719552 0.0 18.2885674288 2.50293980401 185.732524498 10403.6072795 94.0271581895 13.6738486462 1.98214823053 2.74342641973 5.13554621403 63.7319645357 ;
35.2540443501 6.779677268 1.77310838654 0.0 0.0 4.83751198515 0.103918888594 184.53632265 6886.83720598 50.8424896469 5.62476902496 1.70443931147 3.57122329642 5.95902433709 38.4363818111 ;
53.9769482035 3.84274381708 2.83583761083 1.1206719552 0.0 18.2885674288 2.50293980401 185.732524498 10403.6072795 94.0271581895 13.6738486462 1.98214823053 2.74342641973 5.13554621403 63.7319645357 ;
53.7470576886 9.30050163998 4.20027011383 0.802913370635 0.844105730272 4.06878255836 0.195736060197 235.441636118 13289.5217056 95.9753038781 14.9342880113 1.94712048546 4.8198386398 8.84393577076 69.3180590392 ;
35.4907287795 6.85267404654 1.7707335493 0.0 0.0 4.84472444701 0.104815469921 186.926366834 7033.81310491 51.5916091977 5.80246113295 1.71093697416 3.59393343346 6.012477865 38.8638034859 ;
49.5370567849 11.4402825913 5.0522527326 0.850306584911 0.561850173287 6.66808850973 0.440015995734 275.074513463 14811.0707811 87.8715009331 13.6778803613 1.95388701914 5.68859181225 10.3184767437 66.1900826446 ;
57.5041934696 3.19892516896 2.75563879163 1.13606383845 0.369269603452 14.7767282795 2.06554840811 163.448823386 9916.6745379 100.926797492 14.8579737242 1.97257582484 2.51643122283 4.79358102747 67.8677632115 ;
35.4907287795 6.85267404654 1.7707335493 0.0 0.0 4.84472444701 0.104815469921 186.926366834 7033.81310491 51.5916091977 5.80246113295 1.71093697416 3.59393343346 6.012477865 38.8638034859 ;
49.5370567849 11.4402825913 5.0522527326 0.850306584911 0.561850173287 6.66808850973 0.440015995734 275.074513463 14811.0707811 87.8715009331 13.6778803613 1.95388701914 5.68859181225 10.3184767437 66.1900826446 ;
57.5041934696 3.19892516896 2.75563879163 1.13606383845 0.369269603452 14.7767282795 2.06554840811 163.448823386 9916.6745379 100.926797492 14.8579737242 1.97257582484 2.51643122283 4.79358102747 67.8677632115 ;
35.2540443501 6.779677268 1.77310838654 0.0 0.0 4.83751198515 0.103918888594 184.53632265 6886.83720598 50.8424896469 5.62476902496 1.70443931147 3.57122329642 5.95902433709 38.4363818111 ;
53.7470576886 9.30050163998 4.20027011383 0.802913370635 0.844105730272 4.06878255836 0.195736060197 235.441636118 13289.5217056 95.9753038781 14.9342880113 1.94712048546 4.8198386398 8.84393577076 69.3180590392 ;
53.9769482035 3.84274381708 2.83583761083 1.1206719552 0.0 18.2885674288 2.50293980401 185.732524498 10403.6072795 94.0271581895 13.6738486462 1.98214823053 2.74342641973 5.13554621403 63.7319645357 ;
35.2540443501 6.779677268 1.77310838654 0.0 0.0 4.83751198515 0.103918888594 184.53632265 6886.83720598 50.8424896469 5.62476902496 1.70443931147 3.57122329642 5.95902433709 38.4363818111 ;
53.9769482035 3.84274381708 2.83583761083 1.1206719552 0.0 18.2885674288 2.50293980401 185.732524498 10403.6072795 94.0271581895 13.6738486462 1.98214823053 2.74342641973 5.13554621403 63.7319645357 ;
53.7470576886 9.30050163998 4.20027011383 0.802913370635 0.844105730272 4.06878255836 0.195736060197 235.441636118 13289.5217056 95.9753038781 14.9342880113 1.94712048546 4.8198386398 8.84393577076 69.3180590392 ;
35.2540443501 6.779677268 1.77310838654 0.0 0.0 4.83751198515 0.103918888594 184.53632265 6886.83720598 50.8424896469 5.62476902496 1.70443931147 3.57122329642 5.95902433709 38.4363818111 ;
53.7470576886 9.30050163998 4.20027011383 0.802913370635 0.844105730272 4.06878255836 0.195736060197 235.441636118 13289.5217056 95.9753038781 14.9342880113 1.94712048546 4.8198386398 8.84393577076 69.3180590392 ;
53.9769482035 3.84274381708 2.83583761083 1.1206719552 0.0 18.2885674288 2.50293980401 185.732524498 10403.6072795 94.0271581895 13.6738486462 1.98214823053 2.74342641973 5.13554621403 63.7319645357 ;
35.2441858091 6.774762634 1.77288412455 0.0 0.0 4.837856049 0.103971413987 184.26388974 6873.21057682 50.8116794283 5.6178366439 1.70440993771 3.56928628794 5.95556589815 38.4179887698 ;
53.9402638424 3.86296915645 2.83407655147 1.11640654032 0.0 18.2385730212 2.49275362319 187.093645485 10456.6237458 93.9798402081 13.6705804374 1.98075235993 2.75882429457 5.15925575269 63.7172054998 ;
53.7521474761 9.31782646463 4.19930508638 0.802432197664 0.844513077888 4.05511051057 0.194768844706 235.334234147 13285.3123251 95.9876459801 14.9368780177 1.94751324676 4.81751525295 8.84093823751 69.3156066017 ;
57.5041934696 3.19892516896 2.75563879163 1.13606383845 0.369269603452 14.7767282795 2.06554840811 163.448823386 9916.6745379 100.926797492 14.8579737242 1.97257582484 2.51643122283 4.79358102747 67.8677632115 ;
49.5370567849 11.4402825913 5.0522527326 0.850306584911 0.561850173287 6.66808850973 0.440015995734 275.074513463 14811.0707811 87.8715009331 13.6778803613 1.95388701914 5.68859181225 10.3184767437 66.1900826446 ;
35.4907287795 6.85267404654 1.7707335493 0.0 0.0 4.84472444701 0.104815469921 186.926366834 7033.81310491 51.5916091977 5.80246113295 1.71093697416 3.59393343346 6.012477865 38.8638034859 ;
57.5041934696 3.19892516896 2.75563879163 1.13606383845 0.369269603452 14.7767282795 2.06554840811 163.448823386 9916.6745379 100.926797492 14.8579737242 1.97257582484 2.51643122283 4.79358102747 67.8677632115 ;
49.5370567849 11.4402825913 5.0522527326 0.850306584911 0.561850173287 6.66808850973 0.440015995734 275.074513463 14811.0707811 87.8715009331 13.6778803613 1.95388701914 5.68859181225 10.3184767437 66.1900826446 ;
35.4907287795 6.85267404654 1.7707335493 0.0 0.0 4.84472444701 0.104815469921 186.926366834 7033.81310491 51.5916091977 5.80246113295 1.71093697416 3.59393343346 6.012477865 38.8638034859 ;
35.4907287795 6.85267404654 1.7707335493 0.0 0.0 4.84472444701 0.104815469921 186.926366834 7033.81310491 51.5916091977 5.80246113295 1.71093697416 3.59393343346 6.012477865 38.8638034859 ;
49.5370567849 11.4402825913 5.0522527326 0.850306584911 0.561850173287 6.66808850973 0.440015995734 275.074513463 14811.0707811 87.8715009331 13.6778803613 1.95388701914 5.68859181225 10.3184767437 66.1900826446 ;
57.5041934696 3.19892516896 2.75563879163 1.13606383845 0.369269603452 14.7767282795 2.06554840811 163.448823386 9916.6745379 100.926797492 14.8579737242 1.97257582484 2.51643122283 4.79358102747 67.8677632115 ;
35.2540443501 6.779677268 1.77310838654 0.0 0.0 4.83751198515 0.103918888594 184.53632265 6886.83720598 50.8424896469 5.62476902496 1.70443931147 3.57122329642 5.95902433709 38.4363818111 ;
53.9769482035 3.84274381708 2.83583761083 1.1206719552 0.0 18.2885674288 2.50293980401 185.732524498 10403.6072795 94.0271581895 13.6738486462 1.98214823053 2.74342641973 5.13554621403 63.7319645357 ;
53.7470576886 9.30050163998 4.20027011383 0.802913370635 0.844105730272 4.06878255836 0.195736060197 235.441636118 13289.5217056 95.9753038781 14.9342880113 1.94712048546 4.8198386398 8.84393577076 69.3180590392 ;
35.4907287795 6.85267404654 1.7707335493 0.0 0.0 4.84472444701 0.104815469921 186.926366834 7033.81310491 51.5916091977 5.80246113295 1.71093697416 3.59393343346 6.012477865 38.8638034859 ;
49.5370567849 11.4402825913 5.0522527326 0.850306584911 0.561850173287 6.66808850973 0.440015995734 275.074513463 14811.0707811 87.8715009331 13.6778803613 1.95388701914 5.68859181225 10.3184767437 66.1900826446 ;
57.5041934696 3.19892516896 2.75563879163 1.13606383845 0.369269603452 14.7767282795 2.06554840811 163.448823386 9916.6745379 100.926797492 14.8579737242 1.97257582484 2.51643122283 4.79358102747 67.8677632115 ;
49.5370567849 11.4402825913 5.0522527326 0.850306584911 0.561850173287 6.66808850973 0.440015995734 275.074513463 14811.0707811 87.8715009331 13.6778803613 1.95388701914 5.68859181225 10.3184767437 66.1900826446 ;
35.4907287795 6.85267404654 1.7707335493 0.0 0.0 4.84472444701 0.104815469921 186.926366834 7033.81310491 51.5916091977 5.80246113295 1.71093697416 3.59393343346 6.012477865 38.8638034859 ;
57.5041934696 3.19892516896 2.75563879163 1.13606383845 0.369269603452 14.7767282795 2.06554840811 163.448823386 9916.6745379 100.926797492 14.8579737242 1.97257582484 2.51643122283 4.79358102747 67.8677632115 ;
35.2540443501 6.779677268 1.77310838654 0.0 0.0 4.83751198515 0.103918888594 184.53632265 6886.83720598 50.8424896469 5.62476902496 1.70443931147 3.57122329642 5.95902433709 38.4363818111 ;
53.9769482035 3.84274381708 2.83583761083 1.1206719552 0.0 18.2885674288 2.50293980401 185.732524498 10403.6072795 94.0271581895 13.6738486462 1.98214823053 2.74342641973 5.13554621403 63.7319645357 ;
53.7470576886 9.30050163998 4.20027011383 0.802913370635 0.844105730272 4.06878255836 0.195736060197 235.441636118 13289.5217056 95.9753038781 14.9342880113 1.94712048546 4.8198386398 8.84393577076 69.3180590392 ;
35.4907287795 6.85267404654 1.7707335493 0.0 0.0 4.84472444701 0.104815469921 186.926366834 7033.81310491 51.5916091977 5.80246113295 1.71093697416 3.59393343346 6.012477865 38.8638034859 ;
49.5370567849 11.4402825913 5.0522527326 0.850306584911 0.561850173287 6.66808850973 0.440015995734 275.074513463 14811.0707811 87.8715009331 13.6778803613 1.95388701914 5.68859181225 10.3184767437 66.1900826446 ;
57.5041934696 3.19892516896 2.75563879163 1.13606383845 0.369269603452 14.7767282795 2.06554840811 163.448823386 9916.6745379 100.926797492 14.8579737242 1.97257582484 2.51643122283 4.79358102747 67.8677632115 ;
35.4907287795 6.85267404654 1.7707335493 0.0 0.0 4.84472444701 0.104815469921 186.926366834 7033.81310491 51.5916091977 5.80246113295 1.71093697416 3.59393343346 6.012477865 38.8638034859 ;
49.5370567849 11.4402825913 5.0522527326 0.850306584911 0.561850173287 6.66808850973 0.440015995734 275.074513463 14811.0707811 87.8715009331 13.6778803613 1.95388701914 5.68859181225 10.3184767437 66.1900826446 ;
57.5041934696 3.19892516896 2.75563879163 1.13606383845 0.369269603452 14.7767282795 2.06554840811 163.448823386 9916.6745379 100.926797492 14.8579737242 1.97257582484 2.51643122283 4.79358102747 67.8677632115 ;
57.5041934696 3.19892516896 2.75563879163 1.13606383845 0.369269603452 14.7767282795 2.06554840811 163.448823386 9916.6745379 100.926797492 14.8579737242 1.97257582484 2.51643122283 4.79358102747 67.8677632115 ;
35.4907287795 6.85267404654 1.7707335493 0.0 0.0 4.84472444701 0.104815469921 186.926366834 7033.81310491 51.5916091977 5.80246113295 1.71093697416 3.59393343346 6.012477865 38.8638034859 ;
49.5370567849 11.4402825913 5.0522527326 0.850306584911 0.561850173287 6.66808850973 0.440015995734 275.074513463 14811.0707811 87.8715009331 13.6778803613 1.95388701914 5.68859181225 10.3184767437 66.1900826446 ;
57.5041934696 3.19892516896 2.75563879163 1.13606383845 0.369269603452 14.7767282795 2.06554840811 163.448823386 9916.6745379 100.926797492 14.8579737242 1.97257582484 2.51643122283 4.79358102747 67.8677632115 ;
35.4907287795 6.85267404654 1.7707335493 0.0 0.0 4.84472444701 0.104815469921 186.926366834 7033.81310491 51.5916091977 5.80246113295 1.71093697416 3.59393343346 6.012477865 38.8638034859 ;
49.5370567849 11.4402825913 5.0522527326 0.850306584911 0.561850173287 6.66808850973 0.440015995734 275.074513463 14811.0707811 87.8715009331 13.6778803613 1.95388701914 5.68859181225 10.3184767437 66.1900826446 ;
57.5041934696 3.19892516896 2.75563879163 1.13606383845 0.369269603452 14.7767282795 2.06554840811 163.448823386 9916.6745379 100.926797492 14.8579737242 1.97257582484 2.51643122283 4.79358102747 67.8677632115 ;
49.5370567849 11.4402825913 5.0522527326 0.850306584911 0.561850173287 6.66808850973 0.440015995734 275.074513463 14811.0707811 87.8715009331 13.6778803613 1.95388701914 5.68859181225 10.3184767437 66.1900826446 ;
35.4907287795 6.85267404654 1.7707335493 0.0 0.0 4.84472444701 0.104815469921 186.926366834 7033.81310491 51.5916091977 5.80246113295 1.71093697416 3.59393343346 6.012477865 38.8638034859 ;
57.5041934696 3.19892516896 2.75563879163 1.13606383845 0.369269603452 14.7767282795 2.06554840811 163.448823386 9916.6745379 100.926797492 14.8579737242 1.97257582484 2.51643122283 4.79358102747 67.8677632115 ;
35.4907287795 6.85267404654 1.7707335493 0.0 0.0 4.84472444701 0.104815469921 186.926366834 7033.81310491 51.5916091977 5.80246113295 1.71093697416 3.59393343346 6.012477865 38.8638034859 ;
49.5370567849 11.4402825913 5.0522527326 0.850306584911 0.561850173287 6.66808850973 0.440015995734 275.074513463 14811.0707811 87.8715009331 13.6778803613 1.95388701914 5.68859181225 10.3184767437 66.1900826446 ;
35.2540443501 6.779677268 1.77310838654 0.0 0.0 4.83751198515 0.103918888594 184.53632265 6886.83720598 50.8424896469 5.62476902496 1.70443931147 3.57122329642 5.95902433709 38.4363818111 ;
53.7470576886 9.30050163998 4.20027011383 0.802913370635 0.844105730272 4.06878255836 0.195736060197 235.441636118 13289.5217056 95.9753038781 14.9342880113 1.94712048546 4.8198386398 8.84393577076 69.3180590392 ;
53.9769482035 3.84274381708 2.83583761083 1.1206719552 0.0 18.2885674288 2.50293980401 185.732524498 10403.6072795 94.0271581895 13.6738486462 1.98214823053 2.74342641973 5.13554621403 63.7319645357 ;
35.4907287795 6.85267404654 1.7707335493 0.0 0.0 4.84472444701 0.104815469921 186.926366834 7033.81310491 51.5916091977 5.80246113295 1.71093697416 3.59393343346 6.012477865 38.8638034859 ;
49.5370567849 11.4402825913 5.0522527326 0.850306584911 0.561850173287 6.66808850973 0.440015995734 275.074513463 14811.0707811 87.8715009331 13.6778803613 1.95388701914 5.68859181225 10.3184767437 66.1900826446 ;
57.5041934696 3.19892516896 2.75563879163 1.13606383845 0.369269603452 14.7767282795 2.06554840811 163.448823386 9916.6745379 100.926797492 14.8579737242 1.97257582484 2.51643122283 4.79358102747 67.8677632115 ;
35.4907287795 6.85267404654 1.7707335493 0.0 0.0 4.84472444701 0.104815469921 186.926366834 7033.81310491 51.5916091977 5.80246113295 1.71093697416 3.59393343346 6.012477865 38.8638034859 ;
49.5370567849 11.4402825913 5.0522527326 0.850306584911 0.561850173287 6.66808850973 0.440015995734 275.074513463 14811.0707811 87.8715009331 13.6778803613 1.95388701914 5.68859181225 10.3184767437 66.1900826446 ;
57.5041934696 3.19892516896 2.75563879163 1.13606383845 0.369269603452 14.7767282795 2.06554840811 163.448823386 9916.6745379 100.926797492 14.8579737242 1.97257582484 2.51643122283 4.79358102747 67.8677632115 ;
35.4907287795 6.85267404654 1.7707335493 0.0 0.0 4.84472444701 0.104815469921 186.926366834 7033.81310491 51.5916091977 5.80246113295 1.71093697416 3.59393343346 6.012477865 38.8638034859 ;
49.5370567849 11.4402825913 5.0522527326 0.850306584911 0.561850173287 6.66808850973 0.440015995734 275.074513463 14811.0707811 87.8715009331 13.6778803613 1.95388701914 5.68859181225 10.3184767437 66.1900826446 ;
57.5041934696 3.19892516896 2.75563879163 1.13606383845 0.369269603452 14.7767282795 2.06554840811 163.448823386 9916.6745379 100.926797492 14.8579737242 1.97257582484 2.51643122283 4.79358102747 67.8677632115 ;
35.2540443501 6.779677268 1.77310838654 0.0 0.0 4.83751198515 0.103918888594 184.53632265 6886.83720598 50.8424896469 5.62476902496 1.70443931147 3.57122329642 5.95902433709 38.4363818111 ;
53.7470576886 9.30050163998 4.20027011383 0.802913370635 0.844105730272 4.06878255836 0.195736060197 235.441636118 13289.5217056 95.9753038781 14.9342880113 1.94712048546 4.8198386398 8.84393577076 69.3180590392 ;
53.9769482035 3.84274381708 2.83583761083 1.1206719552 0.0 18.2885674288 2.50293980401 185.732524498 10403.6072795 94.0271581895 13.6738486462 1.98214823053 2.74342641973 5.13554621403 63.7319645357 ;
57.5041934696 3.19892516896 2.75563879163 1.13606383845 0.369269603452 14.7767282795 2.06554840811 163.448823386 9916.6745379 100.926797492 14.8579737242 1.97257582484 2.51643122283 4.79358102747 67.8677632115 ;
49.5370567849 11.4402825913 5.0522527326 0.850306584911 0.561850173287 6.66808850973 0.440015995734 275.074513463 14811.0707811 87.8715009331 13.6778803613 1.95388701914 5.68859181225 10.3184767437 66.1900826446 ;
35.4907287795 6.85267404654 1.7707335493 0.0 0.0 4.84472444701 0.104815469921 186.926366834 7033.81310491 51.5916091977 5.80246113295 1.71093697416 3.59393343346 6.012477865 38.8638034859 ;
35.4907287795 6.85267404654 1.7707335493 0.0 0.0 4.84472444701 0.104815469921 186.926366834 7033.81310491 51.5916091977 5.80246113295 1.71093697416 3.59393343346 6.012477865 38.8638034859 ;
49.5370567849 11.4402825913 5.0522527326 0.850306584911 0.561850173287 6.66808850973 0.440015995734 275.074513463 14811.0707811 87.8715009331 13.6778803613 1.95388701914 5.68859181225 10.3184767437 66.1900826446 ;
57.5041934696 3.19892516896 2.75563879163 1.13606383845 0.369269603452 14.7767282795 2.06554840811 163.448823386 9916.6745379 100.926797492 14.8579737242 1.97257582484 2.51643122283 4.79358102747 67.8677632115 ;
57.5041934696 3.19892516896 2.75563879163 1.13606383845 0.369269603452 14.7767282795 2.06554840811 163.448823386 9916.6745379 100.926797492 14.8579737242 1.97257582484 2.51643122283 4.79358102747 67.8677632115 ;
35.4907287795 6.85267404654 1.7707335493 0.0 0.0 4.84472444701 0.104815469921 186.926366834 7033.81310491 51.5916091977 5.80246113295 1.71093697416 3.59393343346 6.012477865 38.8638034859 ;
49.5370567849 11.4402825913 5.0522527326 0.850306584911 0.561850173287 6.66808850973 0.440015995734 275.074513463 14811.0707811 87.8715009331 13.6778803613 1.95388701914 5.68859181225 10.3184767437 66.1900826446 ;
53.9402638424 3.86296915645 2.83407655147 1.11640654032 0.0 18.2385730212 2.49275362319 187.093645485 10456.6237458 93.9798402081 13.6705804374 1.98075235993 2.75882429457 5.15925575269 63.7172054998 ;
35.2441858091 6.774762634 1.77288412455 0.0 0.0 4.837856049 0.103971413987 184.26388974 6873.21057682 50.8116794283 5.6178366439 1.70440993771 3.56928628794 5.95556589815 38.4179887698 ;
53.7521474761 9.31782646463 4.19930508638 0.802432197664 0.844513077888 4.05511051057 0.194768844706 235.334234147 13285.3123251 95.9876459801 14.9368780177 1.94751324676 4.81751525295 8.84093823751 69.3156066017 ;
57.5041934696 3.19892516896 2.75563879163 1.13606383845 0.369269603452 14.7767282795 2.06554840811 163.448823386 9916.6745379 100.926797492 14.8579737242 1.97257582484 2.51643122283 4.79358102747 67.8677632115 ;
35.4907287795 6.85267404654 1.7707335493 0.0 0.0 4.84472444701 0.104815469921 186.926366834 7033.81310491 51.5916091977 5.80246113295 1.71093697416 3.59393343346 6.012477865 38.8638034859 ;
49.5370567849 11.4402825913 5.0522527326 0.850306584911 0.561850173287 6.66808850973 0.440015995734 275.074513463 14811.0707811 87.8715009331 13.6778803613 1.95388701914 5.68859181225 10.3184767437 66.1900826446 ;
53.9402638424 3.86296915645 2.83407655147 1.11640654032 0.0 18.2385730212 2.49275362319 187.093645485 10456.6237458 93.9798402081 13.6705804374 1.98075235993 2.75882429457 5.15925575269 63.7172054998 ;
35.2441858091 6.774762634 1.77288412455 0.0 0.0 4.837856049 0.103971413987 184.26388974 6873.21057682 50.8116794283 5.6178366439 1.70440993771 3.56928628794 5.95556589815 38.4179887698 ;
53.7521474761 9.31782646463 4.19930508638 0.802432197664 0.844513077888 4.05511051057 0.194768844706 235.334234147 13285.3123251 95.9876459801 14.9368780177 1.94751324676 4.81751525295 8.84093823751 69.3156066017 ;
57.5041934696 3.19892516896 2.75563879163 1.13606383845 0.369269603452 14.7767282795 2.06554840811 163.448823386 9916.6745379 100.926797492 14.8579737242 1.97257582484 2.51643122283 4.79358102747 67.8677632115 ;
35.4907287795 6.85267404654 1.7707335493 0.0 0.0 4.84472444701 0.104815469921 186.926366834 7033.81310491 51.5916091977 5.80246113295 1.71093697416 3.59393343346 6.012477865 38.8638034859 ;
49.5370567849 11.4402825913 5.0522527326 0.850306584911 0.561850173287 6.66808850973 0.440015995734 275.074513463 14811.0707811 87.8715009331 13.6778803613 1.95388701914 5.68859181225 10.3184767437 66.1900826446 ;
35.4907287795 6.85267404654 1.7707335493 0.0 0.0 4.84472444701 0.104815469921 186.926366834 7033.81310491 51.5916091977 5.80246113295 1.71093697416 3.59393343346 6.012477865 38.8638034859 ;
49.5370567849 11.4402825913 5.0522527326 0.850306584911 0.561850173287 6.66808850973 0.440015995734 275.074513463 14811.0707811 87.8715009331 13.6778803613 1.95388701914 5.68859181225 10.3184767437 66.1900826446 ;
57.5041934696 3.19892516896 2.75563879163 1.13606383845 0.369269603452 14.7767282795 2.06554840811 163.448823386 9916.6745379 100.926797492 14.8579737242 1.97257582484 2.51643122283 4.79358102747 67.8677632115 ;
35.2540443501 6.779677268 1.77310838654 0.0 0.0 4.83751198515 0.103918888594 184.53632265 6886.83720598 50.8424896469 5.62476902496 1.70443931147 3.57122329642 5.95902433709 38.4363818111 ;
53.7470576886 9.30050163998 4.20027011383 0.802913370635 0.844105730272 4.06878255836 0.195736060197 235.441636118 13289.5217056 95.9753038781 14.9342880113 1.94712048546 4.8198386398 8.84393577076 69.3180590392 ;
53.9769482035 3.84274381708 2.83583761083 1.1206719552 0.0 18.2885674288 2.50293980401 185.732524498 10403.6072795 94.0271581895 13.6738486462 1.98214823053 2.74342641973 5.13554621403 63.7319645357 ;
35.4907287795 6.85267404654 1.7707335493 0.0 0.0 4.84472444701 0.104815469921 186.926366834 7033.81310491 51.5916091977 5.80246113295 1.71093697416 3.59393343346 6.012477865 38.8638034859 ;
49.5370567849 11.4402825913 5.0522527326 0.850306584911 0.561850173287 6.66808850973 0.440015995734 275.074513463 14811.0707811 87.8715009331 13.6778803613 1.95388701914 5.68859181225 10.3184767437 66.1900826446 ;
57.5041934696 3.19892516896 2.75563879163 1.13606383845 0.369269603452 14.7767282795 2.06554840811 163.448823386 9916.6745379 100.926797492 14.8579737242 1.97257582484 2.51643122283 4.79358102747 67.8677632115 ;
35.4907287795 6.85267404654 1.7707335493 0.0 0.0 4.84472444701 0.104815469921 186.926366834 7033.81310491 51.5916091977 5.80246113295 1.71093697416 3.59393343346 6.012477865 38.8638034859 ;
49.5370567849 11.4402825913 5.0522527326 0.850306584911 0.561850173287 6.66808850973 0.440015995734 275.074513463 14811.0707811 87.8715009331 13.6778803613 1.95388701914 5.68859181225 10.3184767437 66.1900826446 ;
57.5041934696 3.19892516896 2.75563879163 1.13606383845 0.369269603452 14.7767282795 2.06554840811 163.448823386 9916.6745379 100.926797492 14.8579737242 1.97257582484 2.51643122283 4.79358102747 67.8677632115 ;
35.2542839657 6.77966136271 1.7731130151 0.0 0.0 4.83749490004 0.103916768666 184.542574459 6887.17664219 50.8431048552 5.62492457029 1.70443360078 3.5712798041 5.95908704758 38.4368421053 ;
53.7440447488 9.3019577587 4.19982640563 0.802777509885 0.843861510271 4.07107724949 0.195872311698 235.60189025 13295.6462533 95.9723213425 14.9338147641 1.94704204746 4.82058714427 8.8448350384 69.3150737776 ;
53.9805807114 3.83960414527 2.83596302866 1.12099710578 0.0 18.2916627766 2.50368779759 185.534964056 10395.6448511 94.0307160863 13.67399336 1.98228603776 2.74178434309 5.13327310962 63.7335449538 ;
57.5041934696 3.19892516896 2.75563879163 1.13606383845 0.369269603452 14.7767282795 2.06554840811 163.448823386 9916.6745379 100.926797492 14.8579737242 1.97257582484 2.51643122283 4.79358102747 67.8677632115 ;
35.4907287795 6.85267404654 1.7707335493 0.0 0.0 4.84472444701 0.104815469921 186.926366834 7033.81310491 51.5916091977 5.80246113295 1.71093697416 3.59393343346 6.012477865 38.8638034859 ;
49.5370567849 11.4402825913 5.0522527326 0.850306584911 0.561850173287 6.66808850973 0.440015995734 275.074513463 14811.0707811 87.8715009331 13.6778803613 1.95388701914 5.68859181225 10.3184767437 66.1900826446 ;
35.4907287795 6.85267404654 1.7707335493 0.0 0.0 4.84472444701 0.104815469921 186.926366834 7033.81310491 51.5916091977 5.80246113295 1.71093697416 3.59393343346 6.012477865 38.8638034859 ;
49.5370567849 11.4402825913 5.0522527326 0.850306584911 0.561850173287 6.66808850973 0.440015995734 275.074513463 14811.0707811 87.8715009331 13.6778803613 1.95388701914 5.68859181225 10.3184767437 66.1900826446 ;
57.5041934696 3.19892516896 2.75563879163 1.13606383845 0.369269603452 14.7767282795 2.06554840811 163.448823386 9916.6745379 100.926797492 14.8579737242 1.97257582484 2.51643122283 4.79358102747 67.8677632115 ;
35.4907287795 6.85267404654 1.7707335493 0.0 0.0 4.84472444701 0.104815469921 186.926366834 7033.81310491 51.5916091977 5.80246113295 1.71093697416 3.59393343346 6.012477865 38.8638034859 ;
49.5370567849 11.4402825913 5.0522527326 0.850306584911 0.561850173287 6.66808850973 0.440015995734 275.074513463 14811.0707811 87.8715009331 13.6778803613 1.95388701914 5.68859181225 10.3184767437 66.1900826446 ;
57.5041934696 3.19892516896 2.75563879163 1.13606383845 0.369269603452 14.7767282795 2.06554840811 163.448823386 9916.6745379 100.926797492 14.8579737242 1.97257582484 2.51643122283 4.79358102747 67.8677632115 ;
53.9769482035 3.84274381708 2.83583761083 1.1206719552 0.0 18.2885674288 2.50293980401 185.732524498 10403.6072795 94.0271581895 13.6738486462 1.98214823053 2.74342641973 5.13554621403 63.7319645357 ;
35.2540443501 6.779677268 1.77310838654 0.0 0.0 4.83751198515 0.103918888594 184.53632265 6886.83720598 50.8424896469 5.62476902496 1.70443931147 3.57122329642 5.95902433709 38.4363818111 ;
53.7470576886 9.30050163998 4.20027011383 0.802913370635 0.844105730272 4.06878255836 0.195736060197 235.441636118 13289.5217056 95.9753038781 14.9342880113 1.94712048546 4.8198386398 8.84393577076 69.3180590392 ;
