66.6402982892 3.95130867086 2.82614417312 0.947945606083 0.803626261149 5.90554174587 0.568796607691 ;
33.4371454079 3.99334734902 1.98623390836 0.032456872966 0.00889900066239 3.69913313942 0.0203323445555 ;
37.1223368619 7.91571753986 2.63834918933 0.220956719818 0.00616374112287 14.3231944258 1.00107195498 ;
42.269165247 47.0874503123 1.07495741056 0.0187393526405 0.148211243612 3.27086882453 0.0187393526405 ;
56.8295019157 3.62994891443 5.75766283525 2.58365261814 0.0114942528736 40.4361430396 6.29501915709 ;
46.2234687193 5.18604651163 2.23280379954 0.234523419587 0.209302325581 4.3201768752 0.156321650835 ;
38.5090680101 22.0493702771 1.42644836272 0.0209068010076 0.0115869017632 3.62166246851 0.0546599496222 ;
33.6151604384 3.61874260041 2.00124464952 0.0342126832822 0.00983576697732 3.36705018063 0.0129625694423 ;
57.6254367575 3.96296296296 6.94968553459 3.26135569532 0.00349406009783 52.4689028651 8.64360587002 ;
69.4139230464 4.09381197937 2.77707259024 0.942086473622 0.904403014677 4.63050376835 0.383776279254 ;
40.9155297533 37.7256894049 1.11640058055 0.0208998548621 0.0847605224964 3.15703918723 0.0281567489115 ;
48.5187976922 5.20202866183 2.11185557417 0.287362739624 0.309045226131 3.9245300577 0.138563186302 ;
36.1564631122 9.74496280223 2.29324240546 0.0653285802852 0.00286732796032 9.59144451333 0.433973961562 ;
54.291005291 3.56028961292 4.13255360624 1.61069340017 0.0587580061264 24.8142578669 3.34864940128 ;
51.5480070193 4.32564552519 3.98470794685 1.45073953372 0.0451240912509 24.5407370268 3.1624467285 ;
32.3199038733 3.42970737913 1.9358213175 0.0340684195646 0.0100367543116 4.11634153237 0.0620582414476 ;
39.4407933026 7.44683708645 2.26888122846 0.0660339347271 0.0326364328245 5.69552759995 0.163898464431 ;
40.4570794277 35.294523927 1.18672915639 0.0224469659595 0.073260976813 3.49185989147 0.0559940799211 ;
58.0773930754 3.85811269518 6.9266802444 3.24372029871 0.00475220638153 51.9497623897 8.55465037339 ;
74.5749472203 4.39760731879 2.98346235046 1.05348346235 0.948627726953 5.20021111893 0.473610133709 ;
56.4048389366 3.94007596005 2.25038683359 0.596708397806 0.641018427346 3.96989731326 0.244197496132 ;
68.3041418041 4.03123903124 2.76535626536 0.927167427167 0.879431379431 4.81045981046 0.411898911899 ;
32.3039248687 3.86131681702 1.90793725596 0.032482832907 0.00922310488757 4.79722633634 0.107647771644 ;
50.5048777398 4.44393766629 2.31774990498 0.499303180033 0.348156594451 6.75167870265 0.534904345623 ;
55.624503837 3.94919290818 5.43900502779 2.37946546705 0.0137602540355 37.863720561 5.74834612331 ;
42.5895357406 50.2114959469 1.0972733972 0.0191599115696 0.179071481209 3.29771554901 0.0117907148121 ;
38.8683709546 25.2871906445 1.36306771825 0.0266521620887 0.0160456894207 4.46206146315 0.142779439761 ;
39.2032466089 6.73321102958 2.39354013787 0.0570380253502 0.0201801200801 4.89676450967 0.106237491661 ;
32.8177102404 3.79067496643 1.97885389967 0.03469425119 0.00912364213353 4.22507018186 0.0667337971439 ;
65.6669484362 3.97323189631 2.58903916596 0.836432797971 0.851084812623 4.21499013807 0.318258664413 ;
56.1564291564 4.32186732187 7.0990990991 3.34725634726 0.003276003276 54.7960687961 9.05487305487 ;
41.9248845562 6.67501282709 2.28614674192 0.121806054387 0.0958953309389 5.81056952283 0.198358132376 ;
42.8269096006 49.5718290119 1.09180098108 0.0189208128942 0.170988086896 3.27960756833 0.0112123335669 ;
38.360121304 24.2572656053 1.4033358605 0.0275461207986 0.0151630022745 4.58453373768 0.150366439222 ;
54.0336154776 3.72164449819 4.1784764208 1.61064087062 0.0563482466747 25.1298669891 3.37678355502 ;
43.7744719101 4.57923595506 2.34121348315 0.170426966292 0.132853932584 4.37402247191 0.144898876404 ;
33.1513221496 3.89468296844 2.0222917259 0.0372192209269 0.00850156383281 4.67168040944 0.0946545351152 ;
74.3657776238 4.34949774853 2.92899203325 1.02286110149 0.969864911673 4.66747488743 0.39972289574 ;
55.3596571778 3.96939087848 5.68197122743 2.50902969085 0.0107131925314 40.1775329048 6.17569635751 ;
41.4472252448 41.0413492927 1.10047152702 0.0228509249184 0.10119695321 3.1973159231 0.0268407689518 ;
57.7792553191 3.7460106383 2.66031323877 0.83554964539 0.564864066194 7.72044917258 0.79151891253 ;
38.1277381245 14.5173517106 1.92148658627 0.0317499384691 0.00443022397243 6.95335958651 0.275658380507 ;
34.1779610517 4.35592210331 2.07086501561 0.0364932186018 0.00872404833981 4.47588968608 0.0739637213072 ;
38.5266393443 19.2481371088 1.65387481371 0.025521609538 0.00875558867362 5.24850968703 0.156855439642 ;
58.3307729237 3.74123859818 6.45175228036 2.9255880941 0.00768122899664 46.5804128661 7.49303888622 ;
46.3895458846 5.35264900662 3.49574266793 1.02105014191 0.0378429517502 21.4605014191 2.44087038789 ;
49.732655439 4.61826077746 2.12022031564 0.33142675564 0.372841859972 3.85721851499 0.136214384069 ;
42.0298507463 45.8497169326 1.07411219763 0.018013381369 0.135357694287 3.21461657231 0.0185280494081 ;
69.6530291109 4.07907159717 2.90361919748 1.00078678206 0.861132966168 5.6833202203 0.540322580645 ;
42.17781656 6.87124297072 3.09870079504 0.646887725422 0.0238510762071 18.8861741322 1.86581345744 ;
33.7626388114 4.395973835 2.03316261853 0.0346838395619 0.00816388621267 4.28028497541 0.0554231529841 ;
67.6038785567 3.99125735177 2.86091241456 0.971069782229 0.82276267684 5.85725639803 0.561595930695 ;
58.0156571899 3.65677791512 6.19283065513 2.79810465595 0.00782859497322 44.2179645653 7.04655953852 ;
38.6150585889 23.1750186986 1.42159062578 0.0221889803042 0.0134629768138 3.94265769135 0.0777860882573 ;
47.0106117353 5.2164258962 2.1621187801 0.232388086321 0.250044587123 3.92393436775 0.103977171393 ;
42.5442875481 48.5622593068 1.08729139923 0.0205391527599 0.161745827985 3.25288831836 0.0134788189987 ;
33.2989603283 4.04300957592 2.01469220246 0.0357592339261 0.00826265389877 4.60771545828 0.0889466484268 ;
66.781404703 4.02243193069 2.66367574257 0.874381188119 0.866491336634 4.41553217822 0.348081683168 ;
53.3896551724 3.76339522546 4.11618037135 1.56870026525 0.0498673740053 25.0806366048 3.33368700265 ;
44.892690858 5.23782425541 2.29421328801 0.193703347868 0.173084029266 4.41009533663 0.132436627005 ;
37.7338014682 17.6683689754 1.81615065432 0.0336737950846 0.00718161506543 6.95563357804 0.29923396106 ;
41.9849269901 44.6688648139 1.08148845973 0.0178991992463 0.125765426284 3.18370230805 0.0178991992463 ;
57.7184813754 3.96919770774 6.98424068768 3.28653295129 0.00358166189112 52.8259312321 8.71633237822 ;
41.2008733624 39.934161908 1.10581121935 0.0225058784011 0.0953980517299 3.19046019483 0.029559959691 ;
38.6337982694 10.2824486633 2.24344569288 0.0656722200697 0.00878212579104 7.56509104998 0.307890998321 ;
54.4083357622 3.83561643836 4.6097347712 1.87962693092 0.0253570387642 29.7624599242 4.16817254445 ;
33.3422891708 3.5584625323 2.01661968522 0.0359408033827 0.0100716466996 3.90612520554 0.0449260042283 ;
70.6324348407 4.14323902874 2.88126531521 0.987079527734 0.904655825351 5.0750723992 0.452439296057 ;
58.3686690224 3.82685512367 7.66902237927 3.70435806832 0.00353356890459 59.8680800942 10.2261484099 ;
51.5071493418 4.04039945529 2.14128461189 0.453699500681 0.435315478892 4.52405810259 0.288470267817 ;
66.8366900859 4.00483996877 2.65604996097 0.873380171741 0.873067915691 4.34004683841 0.338017174083 ;
35.6853436866 10.5584576017 2.21891820348 0.0579722933027 0.00300008823789 9.82193593929 0.468896144004 ;
41.2484887051 39.0967228762 1.10181355393 0.021317212854 0.0909958638244 3.12185809736 0.0235443843462 ;
54.4537722908 3.48148148148 4.11879286694 1.60987654321 0.0562414266118 24.6449931413 3.33525377229 ;
57.3821879383 4.02945301543 6.94249649369 3.2587657784 0.00350631136045 52.553997195 8.64305750351 ;
33.106004328 3.50466716191 1.97538839185 0.0337521397888 0.0097219082071 3.52721165337 0.0190562320338 ;
45.2083112156 5.67088799575 2.21028285433 0.186016531432 0.176461666793 3.97118374156 0.0998710851596 ;
35.8855855144 10.7073614296 1.997074405 0.0274373369178 0.00268838459714 7.20194512533 0.243931367123 ;
58.4099536061 3.66933783214 6.260227752 2.82707718262 0.00927878532265 44.4909320962 7.10206663855 ;
66.0020865211 3.96425093893 2.70858255668 0.894143830853 0.819585477813 5.1385449993 0.452635971623 ;
41.3516201476 39.2306705165 1.11806223933 0.0230991337825 0.0914340712223 3.19570099455 0.0272698107154 ;
46.0372670807 5.35511747232 3.45584661086 1.00135025655 0.0415879017013 21.2913853632 2.39859573319 ;
44.9167547354 5.25095520689 2.25477603447 0.16746605967 0.168279001707 3.79708966751 0.0732460775547 ;
32.8412692896 3.14882524677 1.98985124427 0.0352078409565 0.0101835117475 3.69268733491 0.03114138746 ;
41.4368186558 4.29216039435 2.31434259171 0.0837046165513 0.094132145227 2.71608683288 0.00578253862925 ;
40.7698781196 37.7367962855 1.12449216483 0.0203134068485 0.0850261172374 3.21329077191 0.0339524085897 ;
65.4240310078 3.8688630491 2.75529715762 0.9165374677 0.787209302326 5.79031007752 0.554521963824 ;
34.9255001864 8.62016900708 2.12557474835 0.0444886293028 0.00167764384243 8.20094445135 0.309369951535 ;
56.4029484029 3.87188487188 5.89750789751 2.64619164619 0.00772200772201 42.2116532117 6.59424359424 ;
32.1256197602 2.8390426395 1.87316325611 0.0311457676012 0.0122599837736 3.14995943388 0.0117641756062 ;
47.5551409619 7.17274737424 2.57849640685 0.46130458817 0.145107794362 9.47968490879 0.752487562189 ;
34.0095107287 4.39146885042 2.0062713797 0.0334300818907 0.00927749559449 3.68977402301 0.0202135378874 ;
49.1349349711 5.23139450867 2.14459898844 0.323609104046 0.326679913295 4.23880057803 0.181448699422 ;
40.4835609509 35.5877592312 1.13125948407 0.0204855842185 0.0751138088012 3.15098634294 0.0280728376328 ;
69.9860847565 4.09803921569 2.81973434535 0.958886780519 0.908496732026 4.74615222433 0.402066202825 ;
56.1428147268 3.34382422803 4.55849168646 1.86371733967 0.0374109263658 28.1918052257 3.98901425178 ;
57.4529472596 3.99379524302 7.45294725957 3.59152016546 0.00310237849018 58.1323681489 9.82419855222 ;
36.5253779698 9.07964362851 2.60151187905 0.145653347732 0.00539956803456 13.4748920086 0.836933045356 ;
32.7868995916 3.48612821676 1.94632786673 0.0323782977896 0.00965839113243 3.87197770143 0.0447591884359 ;
52.8238427394 4.12111604312 2.12859860495 0.481039949271 0.49651236525 4.21940393152 0.256182625238 ;
40.7747539085 37.7226404169 1.13288940359 0.0220034742328 0.0842501447597 3.27562246671 0.0382165605096 ;
57.8526703499 3.9152854512 7.2955801105 3.50184162063 0.00276243093923 56.4539594843 9.49171270718 ;
38.9566513282 8.57749424807 2.32733737712 0.0710625392177 0.0178832880151 6.80788537963 0.24937251621 ;
71.4154671871 4.1844352281 2.90290314711 0.996584532813 0.923883874116 4.97316418639 0.439131495487 ;
53.945803224 3.9263479711 4.38104502501 1.72762645914 0.0316842690384 27.6072818232 3.76097832129 ;
36.6935988403 10.6267643244 2.18066681926 0.0521858548867 0.00312809948882 8.76043335622 0.384374761578 ;
48.9222105565 4.79879736566 2.15863319653 0.327765581751 0.32833826477 4.18984442111 0.186503770163 ;
58.1170382166 3.8877388535 7.10828025478 3.38614649682 0.00238853503185 54.3097133758 9.04219745223 ;
41.1925 38.8421875 1.115625 0.0225 0.089375 3.1671875 0.0275 ;
33.56650732 3.50743949806 2.03262623245 0.0363310427248 0.00968031072602 3.61344487601 0.0246190618464 ;
69.4254940711 4.08537549407 2.76640316206 0.941106719368 0.893280632411 4.74743083004 0.40256916996 ;
53.9793201133 3.71416430595 4.2821529745 1.67422096317 0.0385269121813 26.4127478754 3.58186968839 ;
64.6952283222 4.00859415085 2.59158542842 0.829656233966 0.810030785018 4.56169830682 0.363776295536 ;
32.6803209733 3.63647835372 1.95492784573 0.0337798485731 0.00944800362389 4.04668996311 0.0517375266938 ;
58.013368984 3.89037433155 7.8128342246 3.79679144385 0.00267379679144 61.7032085561 10.6029411765 ;
41.9107856192 43.8468708389 1.07456724368 0.0177541056369 0.119840213049 3.10785619174 0.0142032845095 ;
36.4712379859 15.7004733898 1.99010185052 0.054081193516 0.00559460622579 9.50638358916 0.513843064123 ;
42.4762575339 5.75694248859 2.31374978877 0.144538951163 0.0968850335155 4.89900298541 0.147862333127 ;
55.2953988565 3.52001089028 4.62973046556 1.90471004628 0.0304927851892 29.4696433433 4.17560577185 ;
32.7830122645 3.88447609483 1.96801485133 0.0343893606014 0.00900818649381 4.32788581515 0.0739219087617 ;
37.7165787663 20.7145150195 1.5659252465 0.0288924558587 0.0103187342353 5.50974547122 0.211190094015 ;
41.8795326794 6.15650832139 2.36178772181 0.134464895845 0.0797420919211 6.01217899262 0.230408905544 ;
64.0654901961 3.99921568627 2.44535947712 0.764052287582 0.838300653595 3.68300653595 0.231241830065 ;
57.7577903683 3.35800283286 4.1111898017 1.57861189802 0.0970254957507 21.8962464589 2.9316572238 ;
42.2770541082 45.4579158317 1.09068136273 0.0180360721443 0.131763527054 3.25801603206 0.0205410821643 ;
54.9399293286 4.15812720848 6.18153710247 2.78091872792 0.00530035335689 45.6806537102 7.2093639576 ;
37.5777777778 10.0144659895 2.25478608803 0.0570021545091 0.00443213296399 7.63810403201 0.298676515851 ;
54.222063854 3.78962371722 4.40022805017 1.74914481186 0.0310718358039 27.7118015964 3.79732041049 ;
69.9502911814 4.1044093178 2.84026622296 0.967138103161 0.898086522463 4.9459234609 0.432612312812 ;
33.1903541251 3.32463052628 1.99088578752 0.0338301844995 0.0100003164657 3.70207917972 0.0338301844995 ;
49.9802030978 4.39778438814 2.13652682326 0.377166888912 0.374089650221 4.29079905631 0.226177043799 ;
41.1805286912 39.3191489362 1.10992907801 0.0219213410703 0.0918762088975 3.20083816892 0.0290135396518 ;
57.7217630854 3.95500459137 7.29017447199 3.4940312213 0.00275482093664 56.4306703398 9.48117539027 ;
37.1435972155 16.8162538449 1.92812044682 0.0492148292051 0.00631374453618 8.1231989639 0.40246074146 ;
33.5039255212 4.07524799745 2.04384382791 0.0380881650841 0.00814280409527 4.55763619967 0.0847965625166 ;
56.2362250879 3.38305978898 4.52872215709 1.83382180539 0.0404454865182 27.6178194607 3.87924970692 ;
66.6923673596 3.99441514117 2.64629227428 0.869686627366 0.868755817561 4.37278932671 0.342227738132 ;
45.6461013796 5.2756936909 2.2407378701 0.227639125717 0.185397612773 4.8211905131 0.200201519144 ;
55.9373848987 4.28268876611 7.24033149171 3.43830570902 0.00276243093923 56.4189686924 9.39318600368 ;
41.9246315789 43.1111578947 1.09136842105 0.024 0.114105263158 3.10189473684 0.0138947368421 ;
37.0343809945 7.64822192711 2.65899365501 0.225911170134 0.00678766415818 14.7785155674 1.05695735576 ;
33.8162446039 3.92622838131 2.03021804284 0.03458989799 0.00904616569056 3.74252797712 0.020924413649 ;
68.7621621622 4.0436036036 2.8981981982 0.98972972973 0.848288288288 5.76774774775 0.549189189189 ;
56.8560101491 3.62036156042 5.74024738344 2.57469077069 0.011417697431 40.2959086584 6.27180463051 ;
41.8574023615 44.1898274296 1.10490463215 0.0267938237965 0.121707538601 3.23932788374 0.0222524977293 ;
48.9837610826 4.55641623892 2.20597293514 0.350629958003 0.309659356043 4.76164255716 0.267008866076 ;
38.4045744282 17.8678290214 1.63685789276 0.0215598050244 0.00843644544432 4.08417697788 0.0534308211474 ;
40.8583047657 5.14324124487 2.40518921826 0.0899374873967 0.053370975331 4.16145728305 0.0749479061639 ;
72.2410406159 4.22644013804 2.9338996549 1.01698964693 0.929917706398 5.1130873374 0.463498805415 ;
41.7024275646 42.1108065779 1.08731401723 0.023101018011 0.10806577917 3.1237274863 0.0176194205168 ;
56.0006170935 3.79481641469 5.70070965751 2.53995680346 0.0114162295588 40.1993211972 6.20703486578 ;
37.1549735704 14.4114608361 2.0436088419 0.0543008169149 0.00444497837578 8.89956751562 0.443897164825 ;
32.4473835928 3.62101943229 1.91494556923 0.0322515006613 0.00946179672398 4.26330247228 0.0638586495744 ;
54.7238216561 3.93579617834 2.45579617834 0.696560509554 0.487133757962 7.13910828025 0.680382165605 ;
42.9146059021 5.25386626821 2.40366081434 0.126036608143 0.107956667912 3.97833395592 0.0705267090026 ;
55.36000612 3.72460220318 2.83629130967 0.923653610771 0.428396572827 10.5296817625 1.18589351285 ;
32.8638658097 3.60398181533 1.93328107854 0.03113340649 0.00902962846841 4.19987458849 0.0598839943565 ;
56.1387260649 3.8815943728 6.03829620946 2.71746776084 0.00586166471278 43.8921453693 6.9054318093 ;
41.7409126063 41.9354215004 1.08894044857 0.0232018561485 0.106728538283 3.1562258314 0.0208816705336 ;
71.315111005 4.15779422296 2.85676772499 0.988063977083 0.928861303414 4.86798758654 0.42802578181 ;
36.7424581006 13.9112849162 2.03731843575 0.0515083798883 0.00391061452514 8.75620111732 0.426703910615 ;
53.7211334746 3.83103813559 4.28893008475 1.66975635593 0.0346927966102 26.7587394068 3.61917372881 ;
37.3305863164 12.1404412396 2.00283286119 0.032620825822 0.0032620825822 7.489827453 0.296935359258 ;
69.2857421875 4.10078125 2.8283203125 0.9513671875 0.9111328125 4.71171875 0.394921875 ;
41.3263339071 40.2839931153 1.10636833046 0.0227194492255 0.0974182444062 3.18244406196 0.0275387263339 ;
57.8582746479 3.93485915493 7.24295774648 3.46478873239 0.00264084507042 55.8072183099 9.3485915493 ;
33.5867913832 3.5393707483 2.07528344671 0.0392857142857 0.00915532879819 4.14753401361 0.0585317460317 ;
48.9000390854 4.55999609146 2.16699237835 0.330955638069 0.323138557749 4.28845026383 0.198358413133 ;
33.4030670772 3.4872003864 2.00579605144 0.0359234438206 0.0119543560949 3.62503773471 0.029614200326 ;
61.6363636364 4.02004294918 2.41507311586 0.712854075059 0.738930360978 4.09622660804 0.281521627978 ;
52.0486901297 3.92802328658 3.94707594602 1.47869806827 0.054511775602 23.8065625827 3.08520772691 ;
38.7449908925 26.8627808136 1.19945355191 0.0218579234973 0.0221615057681 3.33272616879 0.0591985428051 ;
43.5024038462 50.9663461538 1.12259615385 0.0208333333333 0.180288461538 3.45753205128 0.0144230769231 ;
39.4204901847 8.23248925543 2.28330816587 0.0757927750029 0.0357765129516 7.3739691021 0.277848762923 ;
58.5869565217 3.86775362319 6.76268115942 3.12741545894 0.0048309178744 50.0640096618 8.18357487923 ;
37.9881862404 20.4313180449 1.65508454946 0.033588139912 0.00949733611304 6.27565438962 0.269631688673 ;
42.2084518257 6.19605278125 2.33340916847 0.126265498806 0.094756000455 5.37447389375 0.167443976794 ;
53.9659919028 3.61403508772 4.02051282051 1.530634278 0.0685560053981 23.3719298246 3.07611336032 ;
32.8387628495 3.88767344982 1.96754278179 0.0337758863548 0.00887104024935 4.40252345131 0.0784008151767 ;
41.7413627639 44.9380998081 1.06813819578 0.017754318618 0.12763915547 3.14203454894 0.0163147792706 ;
57.1177870315 4.01130279595 6.69066032124 3.08506841166 0.00416418798334 50.1505056514 8.15526472338 ;
65.0244432374 3.97501357958 2.53272677892 0.807305812059 0.844649646931 3.98424769147 0.282183595872 ;
37.8768408311 12.8701835788 1.90326810571 0.0271333467823 0.00433730078677 5.08180351019 0.107524712528 ;
67.7603875842 3.99720808014 2.81836097881 0.948924289703 0.84578748563 5.38955493513 0.494169814419 ;
41.5380986938 41.0406386067 1.10631349782 0.0228592162554 0.101233671988 3.21843251089 0.0275761973875 ;
56.0172365075 3.83950268437 5.54054817745 2.45210511444 0.0124328906471 38.7550155411 5.94094376943 ;
48.3630025786 4.51618756566 2.26406264922 0.357176964951 0.277719415529 5.35345239232 0.333874510553 ;
33.3904204126 3.22624687582 2.04439139031 0.0370052598202 0.0117879658298 2.80747565934 0.0039541910695 ;
34.3300076017 5.4648422653 2.24667426834 0.0770619536298 0.00095020904599 10.9018434055 0.490687951349 ;
33.5768735591 3.75586095392 1.97769394293 0.0321267103806 0.00979071229678 3.37055001647 0.0129345189976 ;
68.598796034 4.03665014164 2.90686968839 0.99309490085 0.840828611898 5.89376770538 0.565864022663 ;
42.1786817714 45.8383110196 1.08341915551 0.0180226570546 0.135427394439 3.236869207 0.019052523172 ;
56.0863352188 3.76481095564 5.62488835963 2.50133968443 0.0116105983924 39.5135456981 6.09377791009 ;
48.9944165799 4.57206397275 2.17611431816 0.352039367843 0.3110627425 4.7256553421 0.275385634523 ;
38.4621318373 20.6886395512 1.47101449275 0.020804114072 0.010752688172 3.89083683964 0.0762038335671 ;
36.8729256441 7.627486935 2.57495186577 0.128632987989 0.00357568533969 11.3518841111 0.602548821858 ;
38.4951839571 17.9969998421 1.79030475288 0.0315806095058 0.00757934628138 6.39381020054 0.24853939681 ;
34.2277101613 4.31196339277 2.08597509199 0.0399094254175 0.0087979998113 4.68268232852 0.0936644966506 ;
41.9651741294 45.4119402985 1.08407960199 0.0189054726368 0.130845771144 3.20845771144 0.0208955223881 ;
53.1160572337 3.90116587175 4.25490196078 1.62612612613 0.0400105988341 26.3918918919 3.52729199788 ;
70.7425406872 4.15009041591 2.8603074141 0.979882459313 0.915235081374 4.89127486438 0.425858951175 ;
50.3129770992 4.42486942547 2.16301727601 0.38228204098 0.38800723182 4.24748895139 0.210626757734 ;
58.0149130075 3.90803645402 7.15907207954 3.41590720795 0.00248550124275 54.9055509528 9.16487158244 ;
66.2055011521 4.01900921659 2.67324308756 0.873991935484 0.845478110599 4.6545218894 0.382776497696 ;
32.9712290587 3.7702220757 1.99034974676 0.0341654928522 0.00875116132706 4.3965295052 0.0718374441814 ;
41.8093889114 42.5823553217 1.09348441926 0.0242816673412 0.110481586402 3.16916228248 0.02063941724 ;
48.6613625062 4.36921929388 3.50621581303 1.1223272004 0.0609149676778 20.4020387867 2.37866732969 ;
43.7361021908 5.27131948905 2.26275601227 0.13451794762 0.14350959823 3.80931991722 0.0568757582245 ;
57.9072119613 3.8201407212 6.30343007916 2.84608619173 0.00835532102023 45.401055409 7.24582233949 ;
37.1178484805 15.8168069625 1.85775431588 0.0272506777001 0.00556427450421 7.09644742474 0.284634041946 ;
54.3651181744 3.72262972018 4.28035859821 1.68894322195 0.0377614778593 26.5411572942 3.62265688672 ;
33.1301078894 3.25111260958 1.97231962239 0.0331422791639 0.0102494942684 3.37575859744 0.0175657451113 ;
41.0928439235 38.6542257866 1.11998766194 0.0222085132634 0.0882171499075 3.19216533004 0.0296113510179 ;
36.4666833511 9.5886254145 2.24413439279 0.0548082337484 0.00294062441344 8.27935931928 0.332165425765 ;
68.6888028039 4.07083563918 2.77181331858 0.928979893009 0.895591219332 4.61649142225 0.379265818115 ;
47.9862913544 4.98236154268 2.15691829647 0.285048437214 0.284774264303 4.10034728569 0.164320965089 ;
57.5303159693 3.95303159693 7.22544833476 3.43979504697 0.00256191289496 55.4022203245 9.24594363792 ;
33.3951479397 3.45919995184 2.02353791048 0.0358486590615 0.00963188152786 3.75158775547 0.0340125816452 ;
37.4129839106 10.7392678985 2.19503969648 0.0535375535727 0.0034427035762 8.13166584698 0.341038431813 ;
54.9249079059 3.65854349674 4.45451969396 1.79030886937 0.0328705015585 27.9254746387 3.86965145934 ;
49.2837594886 4.4571514183 2.17149420695 0.359768278066 0.345285657211 4.38413903316 0.227926488214 ;
69.3757659617 4.10120577189 2.76161296699 0.937734730184 0.893654872504 4.70270804507 0.394149041313 ;
41.2447691797 39.7588840917 1.108933909 0.0222517436068 0.0943208236466 3.17568913982 0.0282298239787 ;
57.3262342691 4.00968054211 7.35818005808 3.53049370765 0.00290416263311 57.2081316554 9.62342691191 ;
33.4741720761 4.20202992628 1.99612168555 0.0332544834415 0.00858180217846 3.91987567389 0.0309164924634 ;
57.2334352701 3.63676520557 5.86102616378 2.63846415223 0.00951410125722 41.3540604825 6.47706422018 ;
42.6816298343 49.4288674033 1.09806629834 0.0207182320442 0.169889502762 3.30732044199 0.0145027624309 ;
46.0038143159 5.4486284694 2.21051777309 0.211816263594 0.206703457231 4.03936049343 0.113455607856 ;
38.7972299169 24.648199446 1.31468144044 0.019944598338 0.0160664819945 3.46371191136 0.0520775623269 ;
38.6110691063 7.84091940118 2.7551791925 0.331014668078 0.0113412974444 15.7184333888 1.25601088765 ;
66.7072561692 3.95152761457 2.82432432432 0.948296122209 0.805522914219 5.88146298472 0.564482961222 ;
38.4152977413 18.977926078 1.78747433265 0.0407255304586 0.007871321013 6.79449007529 0.296714579055 ;
34.5087282923 4.43856277135 2.0986116136 0.0442972141823 0.0103337554269 4.76969518813 0.102998371925 ;
72.8233931673 4.26085697742 2.95512449334 1.01621308628 0.961204400695 4.815865663 0.413723219456 ;
57.2890932983 4.00131406045 7.75952693824 3.76084099869 0.00262812089356 61.4914586071 10.5361366623 ;
42.2616675406 46.055584688 1.07341373886 0.0178290508652 0.137912952281 3.16203460933 0.0125852123755 ;
52.1527965938 4.27936907296 2.19779369073 0.469227791755 0.44048771047 4.69972904974 0.298335591252 ;
55.4644854586 3.60906040268 4.6744966443 1.92365771812 0.0307606263982 29.8101230425 4.22231543624 ;
32.6053677616 3.78605272363 1.93277578147 0.0328807199415 0.00922186536077 4.29627627437 0.0724393423856 ;
40.3290057888 6.5856797617 2.42173888608 0.0972292474569 0.039004102737 6.11498904063 0.218681503962 ;
55.6013317892 3.90040532716 5.5784597568 2.46786334684 0.0110017371164 39.2669368848 6.00636942675 ;
38.2391875747 22.4886499403 1.513739546 0.0286738351254 0.0109916367981 5.27287933094 0.198088410992 ;
54.6386837673 3.86215831066 2.36222308589 0.643218033424 0.507319600985 6.20741028631 0.556289674828 ;
42.3941736029 47.6426872771 1.07550535077 0.0190249702735 0.154577883472 3.21700356718 0.013079667063 ;
72.1379581152 4.22617801047 2.96492146597 1.0277486911 0.91780104712 5.32434554974 0.492670157068 ;
68.0861861345 4.04214691209 2.76328917943 0.925167727507 0.879752279374 4.75709616377 0.401169791846 ;
33.590232371 4.51453576099 2.03935720752 0.036062770345 0.00782114475405 4.81614022734 0.103862790464 ;
46.025919671 5.36206769954 2.25567222263 0.22887142962 0.211542697702 4.51795285998 0.15713341655 ;
42.3427163969 49.693877551 1.08092892329 0.0190007037298 0.175228712175 3.23997185081 0.0119634060521 ;
58.8134657837 3.74834437086 7.57726269316 3.66004415011 0.00331125827815 58.8476821192 10.0220750552 ;
38.7713699567 23.3540004559 1.48780487805 0.0255299749259 0.0129929336677 4.97378618646 0.169136083884 ;
52.9319809069 4.15584725537 4.30501193317 1.65799522673 0.0322195704057 27.407398568 3.69952267303 ;
33.620295858 3.34068047337 2.06189349112 0.0395857988166 0.0113609467456 3.86414201183 0.0426923076923 ;
54.4053147575 3.85036119711 4.61326109391 1.87487100103 0.0283797729618 29.7574819401 4.17002063983 ;
51.5877798703 4.39432935761 2.17566436493 0.442561205273 0.433145009416 4.45605775267 0.260828625235 ;
41.4399857955 40.7290482955 1.11221590909 0.0234375 0.100142045455 3.18963068182 0.02734375 ;
37.6121061577 10.8365799451 2.10341221075 0.0480454961433 0.00516407373513 7.49928095176 0.298078180154 ;
71.4811089303 4.18670264966 2.89106967615 0.997791952895 0.921000981354 5.02011776251 0.445289499509 ;
58.9704142012 3.75887573964 7.95857988166 3.8875739645 0.00147928994083 62.9615384615 10.9334319527 ;
41.7858945244 8.45016401716 2.05620741862 0.0727353015392 0.0809361594751 3.73668937673 0.0266212465304 ;
53.803282588 3.54162702188 3.38392007612 1.15842055186 0.215033301618 15.2704567079 1.82992388202 ;
35.0926204819 7.91754518072 2.48481425703 0.104417670683 0.00200803212851 12.9932228916 0.744854417671 ;
57.0784761905 3.76838095238 6.03733333333 2.72304761905 0.00761904761905 43.3539047619 6.84 ;
41.1504605937 40.1661548959 1.11634254521 0.0228590924599 0.0968952575913 3.18355510065 0.0269532582736 ;
65.6543520024 3.97221811733 2.44421457071 0.780700458106 0.878528151323 3.46519875868 0.221663957441 ;
32.9613820455 3.47830470877 1.96827210701 0.032870634894 0.0100157967264 3.41894934965 0.0120324000941 ;
55.6178697627 3.81903079253 5.35916203937 2.33215547703 0.0181726400808 36.9740030288 5.60802624937 ;
33.506381361 3.98802476511 1.9974474556 0.0332645413567 0.00944984521805 4.00744039537 0.0491772117526 ;
70.4094368341 4.12480974125 2.86997173299 0.988693194173 0.884540117417 5.29549902153 0.48401826484 ;
40.3511949686 8.31236897275 2.51907756813 0.136603773585 0.017358490566 8.9972327044 0.45677148847 ;
42.8498480243 47.8224924012 1.09483282675 0.0206686930091 0.153799392097 3.32462006079 0.0170212765957 ;
52.0782608696 3.88260869565 2.13427109974 0.458695652174 0.479667519182 4.05281329923 0.245780051151 ;
38.1035209148 24.314775805 1.30033102618 0.0207643695456 0.0153475774902 3.72916039723 0.0869696057779 ;
32.6668688238 3.24761870786 1.94534622382 0.0323927080732 0.0103813634904 3.55424351611 0.0180514430452 ;
51.2654306501 4.26472659 2.17988735039 0.455292184933 0.404365172495 5.02276460925 0.337831494954 ;
56.6353576248 3.58650472335 5.47557354926 2.41862348178 0.0197031039136 37.6688259109 5.79541160594 ;
69.7297461929 4.07553299492 2.85461928934 0.972588832487 0.89847715736 5.04467005076 0.446091370558 ;
40.9587750294 37.9496466431 1.11513545347 0.0212014134276 0.0851001177856 3.14899882214 0.0259128386337 ;
35.6360748913 7.81260448011 2.59093948512 0.176362420595 0.00384486793714 14.9680708793 1.04847876964 ;
38.9684020851 8.59559817234 2.19467147178 0.042795546689 0.0130639037261 4.3886350473 0.033979020529 ;
38.6561996779 21.7687198068 1.60748792271 0.0289855072464 0.0102657004831 5.9730273752 0.240136876006 ;
32.2319468717 3.69370849353 1.90045438658 0.0322264942328 0.00968192939532 4.30181754631 0.0735756728417 ;
63.3053097345 3.96641706376 2.56693896074 0.804742455185 0.770592239619 4.73995915589 0.381438620377 ;
53.6546288335 3.8652909143 4.38320435655 1.73144167383 0.0272284322155 27.8959587274 3.80424190312 ;
42.0945595855 48.7001295337 1.05634715026 0.0181347150259 0.165155440415 3.14119170984 0.0110103626943 ;
58.0428051002 3.90346083789 7.28142076503 3.4927140255 0.00273224043716 56.266848816 9.45264116576 ;
40.5767252167 5.9400287343 2.36084719841 0.105111924735 0.0591833897205 5.41233721092 0.167446818371 ;
33.4453536278 3.63821812772 2.03799496452 0.0369649805447 0.00889791714351 4.07487411307 0.0524147402152 ;
67.2209708122 4.00777284264 2.73953045685 0.907836294416 0.860723350254 4.81646573604 0.407994923858 ;
54.1169477468 3.79872822781 4.48382637545 1.79955764446 0.0282001658833 28.6311860658 3.95991152889 ;
41.466290269 39.7313184988 1.1032879442 0.0232480903354 0.0939887080704 3.14081700432 0.0239123214879 ;
46.7534949566 4.87648203858 2.25376039639 0.265970624668 0.229428419749 4.63121571403 0.200407007609 ;
36.8355013008 12.558435061 2.04012407444 0.0378226936162 0.00320192115269 8.31538923354 0.369021412848 ;
58.4152173913 3.79891304348 7.54239130435 3.64456521739 0.00326086956522 58.7163043478 9.98913043478 ;
33.4862852563 4.32046741294 2.03831338383 0.036477857346 0.00796256560068 4.78557948347 0.102686073266 ;
57.7620345141 3.95004541326 7.27883742053 3.48773841962 0.00272479564033 56.2706630336 9.44686648501 ;
67.2994514359 4.02436269764 2.72410454985 0.898838334947 0.877218457567 4.56340755082 0.370119393353 ;
53.7858267717 3.86719160105 4.32755905512 1.68188976378 0.037532808399 26.913648294 3.64514435696 ;
42.3602029312 46.9785794814 1.06820744081 0.0191657271702 0.147125140924 3.21927846674 0.0152198421646 ;
45.4366941909 5.48935245545 2.25727944372 0.213168187744 0.184847167898 4.7028103723 0.168984499493 ;
38.1082452431 21.0665961945 1.59682875264 0.0262156448203 0.00972515856237 5.65348837209 0.217124735729 ;
48.7349931116 4.91881519386 2.21590238142 0.336547923637 0.295119071049 4.84392836056 0.253591812635 ;
68.0522931122 4.00710780166 2.84752073109 0.962937891352 0.850228465053 5.4968691826 0.507869351836 ;
40.9803149606 37.2246906637 1.12935883015 0.0205286839145 0.0826771653543 3.14707536558 0.0222159730034 ;
57.1655953474 3.53963881237 5.68533823079 2.54514845424 0.0131619222528 39.5583103765 6.15212733395 ;
37.0357067953 7.51205956376 2.13538171141 0.0335570469799 0.0060822147651 3.97829278523 0.024014261745 ;
37.4097303634 8.62504884721 2.73896053146 0.276865963267 0.00508010941774 16.5834310277 1.32493161391 ;
31.9761470282 2.82003823427 1.91883906847 0.0337156760514 0.0107751129649 4.01407716371 0.0411452902329 ;
41.6397282736 7.09405012884 2.33386038885 0.0958655422816 0.064593581635 4.98764347622 0.124209416725 ;
50.8078854847 4.53013561025 3.86238071321 1.36062280261 0.0524861878453 23.2664490206 2.91687594174 ;
32.8504243894 4.29343495583 1.95262428547 0.0321612102315 0.0085455280328 4.63049252266 0.0934811478723 ;
40.4147843943 35.8924537988 1.17351129363 0.0231006160164 0.0759753593429 3.46072895277 0.0523613963039 ;
75.338622291 4.40982972136 3.00309597523 1.06849845201 0.948529411765 5.29682662539 0.486842105263 ;
57.9482163406 3.90506329114 6.67548906789 3.07077100115 0.00460299194476 49.50287687 8.05350978136 ;
58.1228580666 3.88053669576 2.26964112512 0.642418364048 0.709182023925 3.8564500485 0.243937924345 ;
45.0619989766 5.53044516459 2.24424356132 0.203735289101 0.147364830292 4.7161009722 0.199300699301 ;
76.1548081069 4.45795601552 2.96119016818 1.06727037516 0.949115998275 5.21819749892 0.478223372143 ;
55.5661331087 3.84779556304 5.53103060938 2.43836001123 0.0120752597585 38.7217073856 5.91743892165 ;
35.7384751773 9.53832515003 2.20996999454 0.0549645390071 0.00218221494817 8.71869885434 0.368248772504 ;
40.9731743666 38.1353204173 1.11833084948 0.0211624441133 0.0861400894188 3.18748137109 0.0298062593145 ;
59.8170409511 3.7321664465 2.64828269485 0.820508586526 0.687087186262 6.06588507266 0.57463672391 ;
32.9697033675 3.18839508779 1.96227875717 0.0330060874767 0.0104155670502 3.33224251381 0.0156233505753 ;
56.0894941634 3.76055073331 5.63334331039 2.50733313379 0.011673151751 39.6093983837 6.11194253218 ;
36.1347792409 8.10902401239 2.47734314485 0.108733539892 0.00183965917893 11.553834237 0.611250968242 ;
33.4019381634 3.74142439625 1.96862021228 0.0322411936625 0.00962928780188 3.36957391171 0.0125211505922 ;
66.7522136954 3.96118654073 2.82024793388 0.947166469894 0.806523022432 5.86747343566 0.56272136954 ;
39.0511406368 23.677613437 1.35096515417 0.0208072198546 0.0145399849586 3.5600401103 0.0631737277513 ;
46.7810924011 5.00401743739 2.25335498761 0.278057953671 0.222839558937 4.73450722284 0.232327549363 ;
42.3515731874 49.353625171 1.08344733242 0.0198358413133 0.170314637483 3.23529411765 0.0129958960328 ;
33.9740533348 4.02056883074 1.99326384654 0.0320729611354 0.0102844153684 3.43155735433 0.0126129622443 ;
56.338356974 3.76447990544 5.61849881797 2.50059101655 0.0118203309693 39.3800236407 6.07121749409 ;
42.5487483531 48.8787878788 1.08300395257 0.0197628458498 0.16534914361 3.27272727273 0.0138339920949 ;
70.4600389864 4.12388997184 2.92787524366 1.00563136236 0.894953432965 5.43188217457 0.505956248646 ;
50.5642970872 4.48412475414 2.22112953077 0.425025756299 0.360307202398 5.08691580032 0.33773531891 ;
36.7929475588 7.99578059072 2.59423347398 0.142957604983 0.00532449266626 12.086296966 0.679123970263 ;
39.0554695562 23.5900412797 1.34778121775 0.0201238390093 0.0144478844169 3.49587203302 0.0565015479876 ;
38.4362712386 8.44433037318 2.26692674914 0.0487654637852 0.0107797340999 5.88049894769 0.169909142241 ;
58.2984764543 3.83379501385 6.96398891967 3.26869806094 0.00484764542936 52.1911357341 8.6163434903 ;
51.5101615425 4.3210005211 4.00677436165 1.47186034393 0.0409067222512 25.0786868161 3.24205315268 ;
70.2767456758 4.11723254324 2.87443946188 0.988255391843 0.904121289772 5.09737347854 0.453982489857 ;
40.7737658674 37.3291960508 1.13709449929 0.0217207334274 0.0826516220028 3.32891396333 0.0417489421721 ;
51.360605315 4.39911417323 2.09264271654 0.405511811024 0.43811515748 3.99827755906 0.195866141732 ;
32.4991891239 3.30989268831 1.95800697008 0.0348849246058 0.00993754528829 4.17256133329 0.0649045926642 ;
33.0265202174 4.04231283613 1.99160572518 0.0345161198532 0.00870728167772 4.41755114817 0.0790769143215 ;
55.3430486739 3.35150102011 3.6691926552 1.37132031478 0.117167006704 19.1984844069 2.46517050423 ;
41.0406290957 39.5609436435 1.11664482307 0.0209698558322 0.0933813892529 3.19167758847 0.0281782437746 ;
60.3682373473 3.50959860384 8.15532286213 4.02966841187 0.00174520069808 64.8237347295 11.3996509599 ;
65.9695167286 3.9980669145 2.54810408922 0.81873605948 0.88282527881 3.76639405204 0.256208178439 ;
42.0412149777 8.18313694684 2.20801256874 0.107829274679 0.0945797329144 5.4786593349 0.173343807279 ;
51.3315713599 5.02835175396 5.22969726093 2.15040845747 0.00624699663623 37.1571359923 5.31186929361 ;
37.5823856123 10.4076302565 2.22725469453 0.0592435863528 0.0043639248876 8.02274530547 0.332253372124 ;
50.2611169652 4.42149631191 2.1512118019 0.390200210748 0.383667017914 4.35247629083 0.234562697576 ;
54.608316943 3.72604664232 4.45630795167 1.79123349255 0.0309075583029 28.180949705 3.90278168025 ;
41.2229930624 39.6812025107 1.10670630988 0.0221341261976 0.0938222662702 3.17806408986 0.0284109679551 ;
57.6696878147 3.96072507553 7.42698892246 3.57502517623 0.00302114803625 57.7442094663 9.74521651561 ;
70.0212274065 4.11097099622 2.82955023119 0.963219840269 0.903320722993 4.84342160572 0.41719209752 ;
33.4456243024 3.42945488552 2.01194606172 0.0349030136656 0.0104980542399 3.69021689945 0.0317656641226 ;
33.4628508357 3.49211605172 1.99353516241 0.0342163355408 0.0100283822138 3.34005045727 0.0132134973195 ;
55.0301663378 3.6523822949 4.4857626163 1.81082605018 0.0324217648717 28.2201860727 3.93008175923 ;
47.8591390384 5.17766012845 2.1808713765 0.291789619858 0.27035236938 4.41945842736 0.19588613088 ;
41.0008928571 38.1068452381 1.11607142857 0.0214285714286 0.0860119047619 3.16696428571 0.0282738095238 ;
68.617453348 4.06586169045 2.78210757409 0.931577021588 0.891694109038 4.69173069887 0.390230515917 ;
36.0234450115 9.79424598772 2.24665335404 0.0593890984395 0.00266252496117 9.28422453961 0.410398639154 ;
57.4866529774 3.98254620123 7.4476386037 3.58726899384 0.00308008213552 58.0287474333 9.80390143737 ;
66.6788396407 3.96436460021 2.81843616551 0.941393020174 0.812546016787 5.73626859078 0.543660727433 ;
33.292661826 3.73962613935 1.97766105361 0.0334620732273 0.00942376023482 3.46865441063 0.015325196972 ;
56.2171865803 3.72630959388 5.60594467334 2.49558563861 0.0117716303708 39.3037080636 6.06180105945 ;
36.1727646454 8.37677286742 2.46248715313 0.113566289825 0.00205549845838 11.8179856115 0.649948612539 ;
46.2678557017 4.966911468 2.24283754338 0.254862400129 0.206682269389 4.57477201194 0.207005084335 ;
42.5258562794 49.1161853593 1.08462055071 0.0201477501679 0.167897918066 3.27468099396 0.0141034251175 ;
39.043953252 23.6572662602 1.34146341463 0.0208333333333 0.0142276422764 3.54319105691 0.0625 ;
36.3291163877 9.31490852472 2.25424938368 0.0632541845076 0.00246529129363 8.9508239263 0.381017257039 ;
55.6913650613 3.43915645483 4.21060131091 1.65859219151 0.0575662581932 24.9387289826 3.41122827016 ;
48.8645973477 4.94061118585 2.14212954065 0.315779358063 0.328656544301 4.06092638862 0.16452046896 ;
56.506302521 4.14145658263 6.90266106443 3.22829131653 0.00350140056022 52.5651260504 8.61834733894 ;
33.4757303516 3.4038262668 2.003942606 0.0347724922441 0.0104058945191 3.2412745605 0.0111491726991 ;
69.5313267813 4.10483210483 2.7067977068 0.919737919738 0.915028665029 4.28951678952 0.332923832924 ;
40.8492176387 37.4301564723 1.12147937411 0.0204836415363 0.0836415362731 3.19260312945 0.0310099573257 ;
38.7047789488 8.77079604958 2.3234572811 0.0517001391927 0.0129913170279 3.67574733214 0.0121959302711 ;
69.8755329949 4.08751269036 2.86497461929 0.985177664975 0.874314720812 5.3945177665 0.499898477157 ;
55.500266809 3.85352187834 5.43436499466 2.3818036286 0.0125400213447 37.86339381 5.7689434365 ;
51.0179634239 4.34898820474 2.21750892761 0.458283735526 0.392381776864 5.30397143166 0.364246293691 ;
34.9937658495 7.19727387997 2.30029585799 0.0840025359256 0.00158495350803 12.0772400676 0.633241758242 ;
41.1843213476 39.3916423712 1.12244897959 0.0217039196631 0.0923226433431 3.24813735018 0.0301263362488 ;
32.4978817012 2.97832817337 1.85689261854 0.0274971484439 0.0112025419586 3.17716310901 0.00904350659932 ;
41.139829168 39.0155014236 1.12432774438 0.0218285352736 0.0904776969314 3.13824739007 0.0218285352736 ;
38.1360009527 8.70685959271 2.19066333214 0.040192926045 0.00833631058711 4.411813743 0.033107062046 ;
68.9837488458 4.05650969529 2.87313019391 0.983010156971 0.848199445983 5.67940904894 0.539427516159 ;
57.2626623377 3.56201298701 5.78441558442 2.5974025974 0.0107142857143 40.5116883117 6.32727272727 ;
32.5205970586 3.10946074486 1.92763591132 0.0313163093583 0.0104265749616 3.77215189873 0.0323406746177 ;
37.7271013946 7.96400301545 2.78816434225 0.323784395025 0.00998869204674 16.7900490011 1.38805126272 ;
50.4006659267 4.45926748058 2.17980022198 0.409544950055 0.372918978912 4.83140954495 0.295116537181 ;
33.4828993336 3.69603381969 2.00992279012 0.0348178375363 0.0091888559434 3.68062120189 0.0253354079206 ;
68.2177722153 4.04398355087 2.69926694082 0.903450741999 0.90273556231 4.28213838727 0.331306990881 ;
47.0167060264 5.30315752646 2.15227849208 0.23939473454 0.246741887519 3.93343829266 0.120265896965 ;
41.3100422489 39.4098147546 1.10204744881 0.0227494312642 0.0926226844329 3.10204744881 0.0217744556386 ;
57.1887396033 3.9814459373 6.79142674344 3.16250799744 0.00319897632758 51.2188099808 8.38067818298 ;
36.2807909083 11.2148202901 2.23283747575 0.0642150974776 0.00332624965352 9.87064584681 0.487387970064 ;
54.9174182638 3.35541149944 4.08737316798 1.59160090192 0.0679255918828 23.8289177001 3.21589627959 ;
40.6258741259 36.601936525 1.15492200108 0.0231307154384 0.0796126949973 3.40801506186 0.0481441635288 ;
39.1782636934 7.6431262178 2.29712058887 0.0695388612254 0.0301363931587 5.93466118207 0.183069928556 ;
57.4318734793 3.98540145985 6.73540145985 3.11618004866 0.00425790754258 50.4434306569 8.22141119221 ;
73.9960474308 4.35869565217 2.99670619236 1.05500658762 0.955862977602 5.14097496706 0.462121212121 ;
52.3953914637 4.07436501702 3.96124639958 1.46137732391 0.0534171249018 23.7776904949 3.07305577376 ;
32.3106016986 3.36289045631 1.90981718728 0.0319202533468 0.0102922124658 3.9688714553 0.0528645458471 ;
55.8198571429 4.07428571429 2.161 0.549285714286 0.622714285714 3.70085714286 0.201571428571 ;
36.2628099174 10.9919191919 2.24022038567 0.0640955004591 0.00330578512397 9.87796143251 0.484022038567 ;
33.4809869119 3.68326258696 2.00987501474 0.0346952010376 0.00919702865228 3.66038792595 0.0245843650513 ;
54.9127384961 3.39590347924 4.2095959596 1.65432098765 0.0563973063973 25.148989899 3.43658810325 ;
41.1902530459 38.8209934396 1.10777881912 0.0221805685723 0.0893470790378 3.10278038113 0.0224929709466 ;
47.0815917799 5.26637060258 2.15761058865 0.247823058168 0.246603970742 4.02978056426 0.135579937304 ;
57.2675953079 4.03812316716 6.98093841642 3.29325513196 0.00293255131965 53.2177419355 8.77565982405 ;
68.1394323991 4.03807509254 2.71708090957 0.90798519302 0.895293495505 4.42323285739 0.350784417416 ;
42.8915024631 5.573091133 2.25504926108 0.129679802956 0.11354679803 3.92967980296 0.0730911330049 ;
54.7123996894 3.35671757701 4.12373802744 1.61040641988 0.0626456122185 24.2052808698 3.28397618431 ;
35.9763188746 12.3655334115 2.20082063306 0.0622508792497 0.00375146541618 10.2806565064 0.542438452521 ;
65.4992300154 4.01441971161 2.58042839143 0.828223435531 0.848243035139 4.15455690886 0.305193896122 ;
41.4193022498 39.444734268 1.10335833062 0.0228236061298 0.0925986305836 3.09390283665 0.0198891424845 ;
56.8967272727 4.07345454545 6.95636363636 3.27345454545 0.00290909090909 53.12 8.73890909091 ;
32.6519643933 3.53764808246 1.94551904156 0.032996452714 0.00953751422261 3.950438391 0.0396559801887 ;
36.2301523657 8.13164929163 2.58273188987 0.176423416199 0.00374231488907 14.0399625769 0.930900828655 ;
52.2787369378 4.44593366652 2.29622898682 0.526124488869 0.415379373012 5.8625624716 0.458314402544 ;
40.6456630635 36.2639071975 1.14289480622 0.0213551278671 0.0783021355128 3.24439757448 0.0324281571316 ;
31.8197643037 2.96581504138 1.91404282116 0.0351295430011 0.0119647355164 3.58289852465 0.0189816480748 ;
56.5220207254 3.7082253886 5.76586787565 2.58808290155 0.0103626943005 40.7716968912 6.34844559585 ;
38.2975132328 6.77903725157 2.13637271547 0.0376011185459 0.0172276041147 3.70193748127 0.0126335763507 ;
70.4203208556 4.11572192513 2.95743315508 1.0207486631 0.882352941176 5.69176470588 0.543315508021 ;
33.0428200692 3.50899036085 2.00296589224 0.0359305486901 0.00926841324765 4.01760998517 0.049925852694 ;
66.3277118765 3.96155495212 2.76675718165 0.917250250107 0.81206231242 5.49478347863 0.507646134057 ;
40.1933333333 29.3978947368 1.15649122807 0.02 0.0256140350877 3.16105263158 0.0414035087719 ;
45.6312461444 4.63718383714 2.31323257249 0.261721159778 0.185533621221 5.02151449722 0.255320789636 ;
55.7131352402 3.79200222161 5.51152457651 2.43071369064 0.0122188281033 38.5168008886 5.88975284643 ;
42.6169811321 52.9509433962 1.09056603774 0.022641509434 0.211320754717 3.34339622642 0.011320754717 ;
36.8471138846 11.2048556942 2.17960218409 0.0508970358814 0.00204758190328 8.8152301092 0.402106084243 ;
53.1351257789 3.78409877683 2.28802215555 0.567620586199 0.470690053081 5.66570505423 0.466305100392 ;
33.3900875196 3.44003462315 2.01641393902 0.0355849068701 0.0110601737569 3.35806110345 0.0100984195172 ;
56.4254399506 3.75115776474 5.69435010806 2.54461253473 0.0111145415252 40.0392096326 6.19944427292 ;
40.1337552382 10.7384760113 2.01684768665 0.0388266484221 0.0211237492517 4.16411528265 0.0344650645685 ;
41.3055944056 40.5185314685 1.1034965035 0.0227272727273 0.0979020979021 3.21923076923 0.0286713286713 ;
71.4786924939 4.19104116223 2.98280871671 1.03898305085 0.903389830508 5.65326876513 0.538014527845 ;
35.6088472172 7.08162038707 2.47794206034 0.150258444525 0.00384661617983 13.2815242217 0.817285731458 ;
38.8827035815 8.57682644465 2.27848662496 0.059658111237 0.0169959111286 5.95699295532 0.182619833489 ;
52.5145754119 4.10950570342 4.16451204056 1.57997465146 0.0367553865653 26.1929024081 3.47300380228 ;
71.8925006399 4.21704632711 2.97082160225 1.02431533146 0.920399283338 5.26106987458 0.481187611979 ;
58.2159663866 3.9 7.19075630252 3.43109243697 0.00252100840336 55.0731092437 9.20840336134 ;
40.9560305344 38.5215267176 1.12885496183 0.0229007633588 0.0876335877863 3.27908396947 0.0375572519084 ;
32.5703436171 3.36309322892 1.94703976237 0.0335853642071 0.00978869911564 4.168669412 0.0649767096469 ;
53.1880885722 4.16060066175 2.11478747773 0.474930007636 0.519725120896 3.90493764317 0.209722575719 ;
41.2619196989 38.884880803 1.10915934755 0.0222710163112 0.0897114178168 3.12860727729 0.0241530740276 ;
46.0647993311 5.32533444816 2.16496655518 0.201755852843 0.210535117057 3.85451505017 0.0992474916388 ;
54.8334266517 3.38577827548 4.00223964166 1.5428331467 0.0781075027996 22.6760918253 3.02379619261 ;
56.8851428571 4.048 6.62342857143 3.04228571429 0.00457142857143 49.5754285714 8.03142857143 ;
33.2189466398 3.52476088598 1.99021520262 0.0344512962497 0.00950163604329 3.57648502391 0.021866347848 ;
67.5508961786 4.02570172472 2.65623943186 0.879607710517 0.899898545823 4.10990869124 0.305207981062 ;
36.0714046262 10.6640965471 2.22594703319 0.059922896413 0.0029332886356 9.50871605766 0.446027489105 ;
32.8661202186 3.47954151673 1.90906970545 0.0296214847394 0.0101292816207 3.48383979741 0.0238904438225 ;
70.5076352531 4.12761780105 2.90401396161 1.00087260035 0.888307155323 5.40663176265 0.501963350785 ;
42.3664772727 47.0795454545 1.06761363636 0.01875 0.147727272727 3.24090909091 0.0159090909091 ;
55.9435736677 3.83300085494 5.55514391565 2.45939013964 0.0116842405244 38.9301795383 5.96494727843 ;
38.5055392917 7.18770449458 2.49319786465 0.0948854830377 0.0133172607772 7.97778543138 0.336605246542 ;
38.4139934327 22.4415256378 1.45541803486 0.0257640818388 0.0118716847689 4.45642839101 0.134124778985 ;
51.979785432 4.08752117448 2.22100508187 0.500959909656 0.428458498024 5.30705815923 0.403162055336 ;
71.4280202556 4.16903785869 2.90426814565 1.01012780323 0.90450928382 5.33397636846 0.49385097661 ;
38.9389402269 5.08065270792 2.27979880688 0.0530471400164 0.0302959410457 3.22885717628 0.0129254883612 ;
37.436556962 11.4411139241 2.32992405063 0.107341772152 0.00445569620253 10.5117974684 0.575189873418 ;
56.353108236 3.73619438309 5.73808772483 2.5676869675 0.0113600504891 40.45850426 6.27800568003 ;
41.1269254467 38.6118299445 1.0988909427 0.0218730745533 0.0884165126309 3.06931608133 0.0215650030807 ;
31.8203786746 3.36501411726 1.86032220561 0.0307673143996 0.0103388141505 4.19552399934 0.0493688756021 ;
53.4729395119 4.07510906733 2.388279684 0.616200919703 0.455724560783 6.47529772432 0.570569508313 ;
33.3677594363 3.96096463661 1.97535479176 0.0338416752125 0.0103212147276 3.01865758047 0.005557577161 ;
55.3243170862 3.57712908409 4.30851633637 1.70407070166 0.0530262453133 25.9694697375 3.57766470273 ;
40.3521391631 34.5289139633 1.19910672308 0.0232722143865 0.0698166431594 3.46732487071 0.0531264692055 ;
66.8288627451 3.99450980392 2.64925490196 0.87137254902 0.875607843137 4.28533333333 0.329568627451 ;
56.4672268908 4.16470588235 7.14621848739 3.38487394958 0.00252100840336 55.1882352941 9.15462184874 ;
45.274745051 5.95620875825 2.20058488302 0.190386922615 0.176064787043 4.28981703659 0.122900419916 ;
34.5743944637 7.29238754325 2.29466399563 0.0659260608268 0.000910580950647 11.117829175 0.505827718084 ;
45.9052367119 4.95093036037 2.25775300306 0.234906178849 0.204365235142 4.61458742247 0.179869671037 ;
57.9437559581 3.92945662536 7.34509056244 3.52812202097 0.00285986653956 56.9351763584 9.59103908484 ;
53.8635135135 3.80243243243 4.39405405405 1.72486486486 0.0337837837838 27.5516216216 3.75702702703 ;
33.472087282 4.09925406812 2.04037588596 0.037084229248 0.00809641368692 4.60160335537 0.0881049082849 ;
67.2900947183 4.02793385776 2.71391876706 0.899181248997 0.867073366511 4.65933536683 0.384812971585 ;
41.9221255153 44.2986715529 1.09940448923 0.027027027027 0.122766834631 3.18964727439 0.0206138341732 ;
37.858980248 17.2177308222 1.83034757311 0.0304700658398 0.00689021589343 6.96585515235 0.295207472056 ;
63.3081320733 4.01493408004 2.49095788123 0.76817174192 0.786722669467 4.19600980049 0.302065103255 ;
38.272860011 19.1053111882 1.63770761088 0.0246395327615 0.00876072275963 5.55575835006 0.194743566344 ;
40.399541787 5.87369259886 2.49830660424 0.121824882956 0.0620579739018 6.36129096524 0.232841916526 ;
32.4911627907 3.54763135228 1.84678725237 0.026149870801 0.00985357450474 3.80151593454 0.0408613264427 ;
57.5366187543 3.94866529774 6.90965092402 3.23887748118 0.00342231348392 52.1745379877 8.58179329227 ;
42.0034877927 45.4294967613 1.08968609865 0.0189337319382 0.131041355257 3.23218734429 0.0214250124564 ;
54.2546708824 3.73066973268 4.16010347801 1.6202931877 0.0457027881575 25.3204943949 3.40442655936 ;
40.8673730362 7.88119595664 2.18341249543 0.0680794056753 0.0509073194495 3.95962732919 0.0300815978565 ;
73.5888544892 4.28421052632 2.97027863777 1.05294117647 0.913931888545 5.57616099071 0.530030959752 ;
57.0441950193 3.64679059979 5.92037881445 2.66362679761 0.00911960715538 41.9007365837 6.57874430025 ;
56.3239156387 3.83353229871 2.45655922536 0.705929168325 0.569571561215 6.10797187956 0.554715479507 ;
40.9420155039 38.7258914729 1.10821705426 0.0204651162791 0.088992248062 3.11875968992 0.022015503876 ;
32.7325037364 3.6682045617 1.94388849178 0.0312236012736 0.00955227760088 3.88982390019 0.0318734160764 ;
37.6662262593 8.1857968621 2.73988439306 0.308670520231 0.0100743187448 16.0110652353 1.27927332783 ;
33.4117419393 3.54848313436 2.02122718747 0.0357259817202 0.00931852689869 3.77540266159 0.0331060763941 ;
67.9619713506 4.01892905866 2.74420190996 0.921896316508 0.869884038199 4.8485675307 0.413881309686 ;
41.3040133779 39.8515050167 1.10468227425 0.0224080267559 0.094983277592 3.13311036789 0.0244147157191 ;
47.594299414 4.80190019535 2.22411649796 0.302255372048 0.259012608773 4.64935180252 0.229799325164 ;
57.9046997389 3.9046997389 7.7819843342 3.77676240209 0.00261096605744 61.3772845953 10.5391644909 ;
36.7892613028 11.3763485135 2.16108045788 0.0531170221527 0.00321172692086 8.77122622087 0.397760026353 ;
55.1445783133 3.66924842226 4.67728055077 1.92656339644 0.0269650028686 30.0550774527 4.25674125072 ;
35.3345592898 7.40393151554 2.448065948 0.119213696893 0.00202916930881 13.2710209258 0.795561192137 ;
49.1535031216 4.59657120206 2.21058368844 0.371915568328 0.313844019423 5.07600832425 0.3072044396 ;
56.0998043053 3.73944646352 5.50824713447 2.43975398379 0.0123008107353 38.4819681297 5.90858261113 ;
37.9392186527 11.0641630328 1.92293316722 0.0266975171309 0.00471656135979 3.93459108303 0.0190442288867 ;
68.4283961437 4.02629272568 2.83768624014 0.960560911481 0.855039439089 5.38457493427 0.494127957932 ;
41.3339235127 40.6944050992 1.10729461756 0.0230169971671 0.0987960339943 3.18767705382 0.0251416430595 ;
33.17810361 3.11170563914 2.03623918557 0.0370383238942 0.0108752301866 3.39880476703 0.0114658976408 ;
33.3779005525 3.63064844432 2.02486187845 0.0360279150916 0.00883977900552 3.99691770864 0.0454783367258 ;
46.8023580786 4.96707423581 2.18820960699 0.234672489083 0.245676855895 3.86768558952 0.112838427948 ;
57.5837438424 3.98460591133 6.76231527094 3.12992610837 0.00431034482759 50.6022167488 8.25677339901 ;
41.4802357836 40.366851595 1.09986130374 0.0225381414702 0.0981276005548 3.12482662968 0.0225381414702 ;
68.1674271674 4.04914004914 2.73166023166 0.912600912601 0.892067392067 4.49912249912 0.362758862759 ;
36.8335095645 12.4164183409 2.09900990099 0.0455637796789 0.00326828799385 8.67201768721 0.395366721138 ;
53.4450835388 3.5762804711 3.99808271706 1.52917009039 0.0619008490824 23.6891262668 3.13119693235 ;
33.9521976259 4.19182646035 2.07312257842 0.0377828780139 0.00814392537203 4.59277905284 0.0862022161348 ;
51.7061007958 4.06923076923 3.98063660477 1.4625994695 0.0496021220159 24.3323607427 3.13633952255 ;
38.0768404908 17.2930981595 1.80506134969 0.0265337423313 0.0069018404908 6.50935582822 0.251840490798 ;
69.4412460568 4.09739747634 2.77503943218 0.945189274448 0.892350157729 4.78785488959 0.408714511041 ;
41.9091330552 44.4659248957 1.09550301344 0.0259619842374 0.12424663885 3.19842373667 0.0208623087622 ;
48.6262770935 4.69779432827 2.17502148382 0.308603074573 0.323307552755 4.13405900888 0.158407333142 ;
58.4662885948 3.82671707624 6.83301827347 3.17013232514 0.00504095778198 50.7321991178 8.3213610586 ;
34.670167771 6.78669110391 2.41519808262 0.0721838432257 0.0016213167912 9.76836317496 0.361130692232 ;
51.7410932826 4.52379657329 4.29290182214 1.6271416916 0.0247484362252 27.799020941 3.71063366875 ;
69.5357972136 4.07275541796 2.91505417957 1.00251547988 0.866679566563 5.6830495356 0.539086687307 ;
40.6068353068 36.579386437 1.14639397201 0.021528525296 0.0796555435953 3.27206673843 0.0360602798708 ;
58.4610951009 3.73006724304 7.35830931796 3.54947166186 0.0028818443804 56.9404418828 9.61671469741 ;
50.0756117967 5.08868437565 2.14348462665 0.365300146413 0.358920727881 4.50250993516 0.223279648609 ;
34.5527633588 4.50348091603 1.9332519084 0.0267175572519 0.0130076335878 2.76705343511 0.00332824427481 ;
34.0469608921 3.73281503586 2.07358253495 0.0403382021884 0.0113344851055 4.1381341291 0.0574839013664 ;
53.9997197309 3.50448430493 4.033632287 1.54007847534 0.065302690583 23.576793722 3.12584080717 ;
41.1554420683 39.1608681775 1.10405362273 0.0213852537504 0.0912863070539 3.15129269071 0.0261729971274 ;
56.6575667656 4.08961424332 6.66646884273 3.07299703264 0.00356083086053 50.1430267062 8.13887240356 ;
52.2919424309 4.25286269566 2.12763945793 0.435339846623 0.476310536821 3.88286584725 0.181741779599 ;
37.7747501414 12.2836130492 2.11031491609 0.0445031114464 0.00311144635112 8.0554403168 0.344804827456 ;
73.0664304694 4.27133156185 2.92530262769 1.01387658695 0.952170062002 4.81281369944 0.416297608503 ;
54.3931972789 3.83156462585 4.40054421769 1.73496598639 0.0359183673469 27.474829932 3.75891156463 ;
46.9165917082 5.2458091422 2.23010875787 0.265434622618 0.236487039006 4.78935317687 0.207539455393 ;
42.5601265823 48.3886075949 1.08417721519 0.020253164557 0.160126582278 3.24620253165 0.0132911392405 ;
33.8480658317 4.56123458578 2.06455271604 0.0381283332127 0.00779458963778 4.85634305847 0.107579816115 ;
68.0667131162 4.03344365093 2.73070893573 0.91273297335 0.887301863787 4.55721999652 0.37049294548 ;
57.6343984962 3.95394736842 7.31860902256 3.51409774436 0.00281954887218 56.7706766917 9.54887218045 ;
38.4300091491 22.6109332113 1.52516010979 0.0269899359561 0.0121225983532 5.2131747484 0.188472095151 ;
33.32691333 3.58918935035 2.01797799708 0.035717480099 0.00930204823947 3.78342923586 0.034375838526 ;
80.4158183242 4.77212216132 3.03837118246 1.136256852 0.967893500392 5.72435395458 0.545027407987 ;
40.7639751553 37.3102766798 1.1075663467 0.0200451722191 0.0830039525692 3.13579898363 0.0276679841897 ;
47.4829762816 4.62394797246 2.21929992349 0.303557765876 0.25200841622 4.62280030604 0.240149196634 ;
63.8818022235 3.79247123074 2.68402574605 0.864638189975 0.813341135167 4.99882972499 0.434172030427 ;
37.2921578258 10.5364276359 2.23280943026 0.0650785854617 0.00278323510151 9.02365749836 0.41781270465 ;
55.6110124334 3.75031717838 5.35701598579 2.3367165694 0.0175082466379 36.9840142096 5.62141588429 ;
75.9287510478 4.44509639564 3.0025146689 1.07208717519 0.964375523889 5.12363788768 0.466051969824 ;
36.2380220575 11.4694449467 2.17248237208 0.0633700958235 0.00316398481287 9.47857530284 0.466461760984 ;
59.4777513856 3.74806017419 2.62755344418 0.819002375297 0.652573238321 6.45003958828 0.629928741093 ;
33.169705252 3.53477032022 1.99468894618 0.0347237320247 0.00937975587788 3.72460167096 0.0297543249371 ;
55.8863773357 3.77486437613 5.64526823388 2.51446654611 0.0111512959614 39.7881253767 6.13291139241 ;
44.7142374313 5.35555555556 2.26582171525 0.200506970849 0.141191381496 4.75040135192 0.195859738065 ;
41.312688316 39.8560428524 1.09909608303 0.0220957482424 0.0947438901908 3.11382658185 0.0224305323067 ;
32.7612474265 3.4104424719 1.94421006446 0.0326369435351 0.00968645583719 3.73384184414 0.0301731411793 ;
65.3407305307 4.00923501034 2.57656788422 0.830461750517 0.838042729152 4.30847691247 0.327084769125 ;
41.3682236618 40.128196386 1.09682918513 0.0225025571088 0.0964882372997 3.1374019775 0.0245482441186 ;
36.1253215078 11.4312195122 2.15929046563 0.0575609756098 0.00328159645233 9.44762749446 0.455521064302 ;
57.3351605325 4.01722787784 7.08535630384 3.35395458105 0.00313234142522 54.1644479248 8.97650743931 ;
43.8421236955 5.33774602508 2.31197030188 0.168242628003 0.13343139315 4.08370105765 0.110247250823 ;
55.3259988419 3.4342790967 4.32107701216 1.71945570353 0.0445859872611 26.11059641 3.59872611465 ;
41.012254902 38.5484068627 1.12132352941 0.0217524509804 0.0879289215686 3.1412377451 0.0242034313725 ;
36.000570532 8.26116103266 2.58051633148 0.172015404365 0.00342319212666 14.2889744687 0.958351162459 ;
56.7465480209 3.63608468855 5.68180423443 2.54617980976 0.0113531758208 39.8419760663 6.17888922983 ;
52.3603234122 4.20646824467 2.27325990157 0.532575580033 0.428989922662 5.79341457699 0.457112725568 ;
39.1981092055 8.06884431247 2.16283861584 0.0431489000667 0.0204836070541 3.81061753833 0.0146051754439 ;
70.4634252225 4.11829824181 2.92706750597 1.00586064684 0.893640112872 5.42630779249 0.504883872368 ;
32.46716684 3.20572723221 1.93132521171 0.0321274699153 0.0106224929431 3.62769276482 0.0200193136235 ;
67.4771689498 4.00636007828 2.70417482061 0.898401826484 0.867742987606 4.69243313764 0.391878669276 ;
33.7246243151 3.70490424782 2.06073346715 0.0378939944664 0.00960234362285 4.18635056692 0.061058970325 ;
56.3243589744 3.76185897436 5.15705128205 2.22211538462 0.0173076923077 34.5288461538 5.06730769231 ;
41.7895314788 41.128477306 1.10102489019 0.0234260614934 0.101390922401 3.18960468521 0.0248901903367 ;
37.4627180372 13.1374353076 2.01380103508 0.0412114241901 0.00373778033353 7.64999041595 0.325761932145 ;
58.0235849057 3.85141509434 8.52122641509 4.25235849057 0.00235849056604 69.391509434 12.3419811321 ;
48.226712856 4.42224788299 2.36393379523 0.403675904542 0.260200153965 6.39674749808 0.459776751347 ;
48.077298256 5.10715341413 3.04640851315 0.715932604197 0.190067986994 13.365947384 1.28835353237 ;
40.1596788101 5.71437809873 2.25301789179 0.0626212545807 0.058148307825 3.54472946756 0.0225802974779 ;
66.3353120023 3.96380483567 2.63442884031 0.869263066454 0.83885912842 4.70551614304 0.399449833502 ;
42.4227642276 50.2631189948 1.08721359941 0.0192165558019 0.180339985218 3.26829268293 0.0118255728012 ;
32.2464258316 3.78133063673 1.90271288095 0.0306158030546 0.00917079294233 4.82624311319 0.0990306158031 ;
57.1703786192 3.87416481069 6.01596139569 2.70267260579 0.00816629547142 42.9465478842 6.75092798812 ;
38.6267003498 22.3598911776 1.55130198212 0.0264282938204 0.0120481927711 5.44714341236 0.195102992616 ;
33.7492636552 3.67959522907 2.02117173602 0.0345863346067 0.0105567058412 3.48657082033 0.0142019771952 ;
71.2161137441 4.16848341232 2.93933649289 1.01255924171 0.903317535545 5.3682464455 0.49691943128 ;
51.3179517714 4.07273990275 2.21643346234 0.447156891932 0.41192815322 4.73563560584 0.302470973504 ;
39.0886974917 15.7741009368 1.71093986099 0.0194922937443 0.00710184345724 3.81504986401 0.0330915684497 ;
56.3414364641 3.70690607735 5.49447513812 2.43342541436 0.0140883977901 38.2270718232 5.87044198895 ;
41.6780172414 43.4870689655 1.09870689655 0.0258620689655 0.116379310345 3.26681034483 0.0262931034483 ;
36.7797632343 7.41635023453 2.57236989055 0.152780880054 0.00636587000223 12.7459236096 0.757091802546 ;
33.0667611182 3.45063754795 1.95722036007 0.0326203393345 0.0104011887073 3.18186530288 0.0091226372715 ;
57.0791556728 4.06244503078 7.23746701847 3.44766930519 0.00263852242744 55.8531222515 9.32629727353 ;
44.4565985452 6.42396951853 2.20748181503 0.170557672324 0.144509871839 4.2343609283 0.116660893661 ;
65.9973920603 3.97768762677 2.64995653434 0.861344537815 0.855694001739 4.41669081426 0.345696899449 ;
40.8668438146 37.9946855624 1.11366991438 0.0197815175672 0.0856214939474 3.15913788013 0.0280484204311 ;
34.8468838164 8.86116098145 2.25450970334 0.0627511327691 0.00153885611695 10.3322219372 0.476532444216 ;
55.1040799334 3.58562309187 4.35054121565 1.73716347488 0.0405217873994 26.7890646683 3.70108243131 ;
41.8745337159 7.36233859397 2.22295552367 0.0876614060258 0.0599713055954 4.10796269727 0.0582496413199 ;
56.6286153846 3.65015384615 5.68984615385 2.54892307692 0.0110769230769 39.9384615385 6.19230769231 ;
72.6680660509 4.24909040022 3.00951581304 1.04366078925 0.938706968934 5.28967254408 0.488105233697 ;
35.2929235654 9.0055568156 2.40530732592 0.1249716489 0.00238149240191 12.5196189612 0.744159673395 ;
40.9136868064 38.6334771887 1.10265104809 0.0209617755857 0.0884710234279 3.1140567201 0.0246609124538 ;
55.5508555784 3.81341546886 2.38986995209 0.680219028063 0.53620807666 6.27501711157 0.576865160849 ;
32.9152485819 3.59179179179 1.94741408075 0.0319319319319 0.00997664330998 3.43560226894 0.0135135135135 ;
50.1970059258 4.50036386319 2.12807984198 0.349828464497 0.391620750598 3.85632602142 0.144401704959 ;
34.1212815203 4.19878182483 2.06926544037 0.0361798026556 0.00894140577415 4.44821537337 0.0724814228286 ;
41.8771929825 43.3645699615 1.09157038939 0.0252460419341 0.115532734275 3.21523320496 0.0213949507916 ;
58.2954773869 3.72110552764 6.51859296482 2.96582914573 0.00753768844221 47.2778894472 7.63216080402 ;
38.2192320315 16.9927797834 1.77502461437 0.0255989497867 0.00705612077453 5.51427633738 0.163931736134 ;
46.5652173913 5.29817058684 3.54335946781 1.05274411974 0.0368258493704 21.821335234 2.50700879069 ;
70.2234706617 4.09633791094 2.95151893467 1.02642530171 0.859966708281 5.94069912609 0.580316271328 ;
36.1860829887 8.25010694425 2.59603593327 0.189647796949 0.00399258519892 14.4587195209 0.995437045487 ;
71.6237037037 4.19160493827 2.91086419753 1.00888888889 0.917283950617 5.18888888889 0.473580246914 ;
40.12847666 7.73245694115 2.17978211916 0.0548962327308 0.0356642931045 3.8497961171 0.0211794778163 ;
56.7981770833 3.6484375 5.79915364583 2.60384114583 0.01171875 40.7958984375 6.3623046875 ;
40.8104002337 37.8258837277 1.11890154835 0.0207420391469 0.0850131463628 3.13672217353 0.0242477359042 ;
54.1760527651 3.96626078133 2.40233384069 0.640537798072 0.482749873161 6.4129883308 0.569888381532 ;
32.5617671024 3.40365607397 1.92886243667 0.0316363765189 0.0102029971304 3.64817373437 0.0203351401141 ;
33.7193198115 3.68747621974 1.99651710715 0.0337167442269 0.0105072145638 3.43231773349 0.0165364240349 ;
50.1089127747 4.46656520498 2.24341291734 0.425282982973 0.348425758585 5.2740416627 0.361647484067 ;
56.2455930684 3.7639677323 5.63131162235 2.50881386316 0.0113534508515 39.5903794443 6.10726023304 ;
42.5374449339 50.1754772394 1.09177679883 0.0190895741557 0.179148311307 3.29074889868 0.0117474302496 ;
39.2277376655 25.9001203369 1.23315282792 0.0210589651023 0.0168471720818 3.30445246691 0.0529482551143 ;
37.005267423 8.86369529984 2.43095623987 0.0962722852512 0.00348460291734 10.2116693679 0.504862236629 ;
69.6477115118 4.07430156529 2.89478898355 0.996037249851 0.861303744799 5.65959976223 0.537348920151 ;
33.4853929344 3.63253064167 2.03400144196 0.0365104542177 0.00905551550108 3.9325739005 0.0416149963951 ;
47.3605150215 4.87356938484 2.18982474964 0.275035765379 0.256616595136 4.33923462089 0.182314020029 ;
57.7245724572 3.9495949595 7.26282628263 3.4797479748 0.002700270027 56.1458145815 9.41944194419 ;
41.475426978 40.4492854653 1.10456605089 0.0230045311955 0.0986406413384 3.14604391774 0.0243987452074 ;
68.0157330567 4.0444329184 2.74464038728 0.915110650069 0.883298755187 4.62275242047 0.379668049793 ;
54.5198887344 3.63004172462 4.38164116829 1.73796940195 0.0369958275382 27.1685674548 3.72962447844 ;
36.7864363169 12.1827789009 2.10963058261 0.0474177540893 0.00349200514611 8.68994670097 0.397077743062 ;
32.5327286812 3.77361048351 1.94141759731 0.0324704667226 0.00926344328965 4.41198115035 0.0768187980117 ;
58.6821428571 3.71785714286 6.53469387755 2.97959183673 0.00714285714286 47.387244898 7.66632653061 ;
47.6406483791 5.26708229426 3.60573566085 1.14488778055 0.0364089775561 22.5932668329 2.66783042394 ;
55.4846007882 4.00350313823 2.19529995621 0.562983506058 0.60589694935 3.99270179536 0.239819004525 ;
40.0314873998 7.64399853303 2.2762613297 0.0650704668099 0.0355739508566 4.97595221879 0.109865353382 ;
40.6785331906 36.5374732334 1.16354389722 0.0224839400428 0.0786937901499 3.41488222698 0.0476445396146 ;
72.9582613702 4.24928036845 3.04893494531 1.06822107081 0.91508347726 5.76021876799 0.552677029361 ;
33.4765576895 3.79785955139 1.99079313884 0.033426183844 0.00920686116405 3.59539656942 0.0209939891512 ;
56.1538236156 3.73278640492 5.59888661002 2.49194257252 0.012012891884 39.2496337533 6.04629358336 ;
46.1203998183 5.34902317129 2.19963652885 0.239981826443 0.187460245343 4.69486597001 0.214266242617 ;
41.0745732255 38.1859838275 1.10302485774 0.0212638514525 0.0865528601378 3.08445642408 0.0224618149146 ;
61.3692441355 3.72441355343 2.67906168549 0.850738488271 0.723544743701 5.87541268462 0.557080799305 ;
36.4295953975 10.496651891 2.33782891634 0.0953503725361 0.00311232669999 10.648118457 0.568706969726 ;
77.7159574468 4.54893617021 3.05372340426 1.09946808511 0.981914893617 5.32340425532 0.489893617021 ;
56.1458430822 3.85836842926 2.36296989549 0.685384495399 0.568710029637 5.98564966464 0.543908906567 ;
33.0745094381 3.59523587399 1.95997760985 0.0320925459465 0.00932922847281 3.77927045433 0.0331809559349 ;
56.5493150685 3.65034246575 5.85410958904 2.63767123288 0.00821917808219 41.6534246575 6.52328767123 ;
71.9951206985 4.1928608115 3.10400616333 1.08782742681 0.874678993323 6.40498202363 0.647663071392 ;
41.5749546279 41.0254083485 1.08929219601 0.0228675136116 0.100907441016 3.1277676951 0.0214156079855 ;
35.8927162205 12.5365255412 2.11442892183 0.0659059400661 0.00351924922683 9.93782659699 0.525861149621 ;
43.1842523439 5.72088034324 2.43580168441 0.181630382965 0.0844589226124 5.32273955188 0.224694104561 ;
69.0390625 4.06417410714 2.87258184524 0.980654761905 0.858258928571 5.5584077381 0.521205357143 ;
37.2379229238 7.94017248658 2.45835594958 0.0743019118268 0.00343766962186 8.26488149086 0.334961703154 ;
55.8822343795 3.84883386122 5.57385545638 2.46847106248 0.0120932911028 39.0999136193 5.99452922545 ;
42.5576131687 49.3648834019 1.08984910837 0.0192043895748 0.170781893004 3.25925925926 0.0123456790123 ;
32.9596346595 3.30315054904 1.91150412205 0.0298635104163 0.0105018301235 3.3511784627 0.0183012349058 ;
38.963554808 24.884496776 1.32884777124 0.0246705915335 0.0151387720774 3.99439304738 0.104289318755 ;
49.5972915866 4.39368036881 2.21580868229 0.409623511333 0.329139454476 5.33883980023 0.368997310795 ;
48.0987897274 4.66063170324 2.17199645774 0.285545606612 0.284463249041 4.1165994293 0.165895896881 ;
33.0354084703 3.18600191755 2.01249710715 0.0354415313915 0.010083644659 3.78338347605 0.0355737759117 ;
57.9144927536 3.58768115942 5.97028985507 2.69420289855 0.00942028985507 42.106884058 6.64275362319 ;
41.292087268 39.4474112667 1.11592315207 0.0224682513839 0.0924780201889 3.14164767177 0.021491370889 ;
67.7281001138 3.99837477653 2.87079473428 0.973346335121 0.831951893385 5.82285064196 0.555013814399 ;
40.4701845717 6.96971131093 3.08495030762 0.579744439186 0.0198769522007 19.3707998107 1.85636535731 ;
37.178264095 10.4660979228 2.02448071217 0.0306379821958 0.00304154302671 5.59673590504 0.112759643917 ;
35.4839605961 10.1145070304 2.21284836238 0.0570009261598 0.00269428306811 9.73663383009 0.454912856782 ;
66.7543859649 3.98676515851 2.67205293937 0.88027085257 0.862880886427 4.51969836873 0.363958140966 ;
41.1630367144 38.7738021157 1.11854387057 0.0224019912881 0.0892968263846 3.15183571873 0.0267579340386 ;
57.7160940325 3.95117540687 7.26582278481 3.48372513562 0.00271247739602 56.2115732369 9.43309222423 ;
45.5279631761 5.75228231684 2.20583045646 0.203528960491 0.18220176448 4.22109704641 0.133256616801 ;
54.6725419994 3.61801156706 4.36684109061 1.73616083723 0.039658496282 26.9636463784 3.71137427706 ;
33.192524155 3.47356778034 1.98305084746 0.0342236247113 0.0098246527213 3.41686456944 0.0143791274928 ;
32.7409197672 3.64628791231 1.9153759744 0.0309766143582 0.0099057085475 3.49423018007 0.0157606290636 ;
64.1072708357 3.91839093746 2.75424806381 0.901398682233 0.738296150734 6.21222980002 0.599815050283 ;
42.7512787724 48.4789002558 1.09207161125 0.0204603580563 0.161125319693 3.28644501279 0.0134271099744 ;
43.3506189116 5.47462096243 2.26675455944 0.132205376108 0.122683659269 3.60499523914 0.0585951805464 ;
56.541652947 3.75633849193 5.80902206124 2.60520250247 0.0105367138624 41.0928547909 6.40335857754 ;
36.9354057327 7.64412595882 2.54016955995 0.18146951958 0.00585385547033 12.7022607994 0.786132418248 ;
38.5675191816 23.3222506394 1.35063938619 0.0194373401535 0.0140664961637 3.54603580563 0.0595907928389 ;
36.4670629428 10.689601824 2.11220584643 0.0353391417637 0.00293135738132 7.66305675434 0.27359335559 ;
48.9564505864 4.83825802346 2.19674515865 0.346576961542 0.31002818438 4.76434221293 0.258659878171 ;
33.5958829575 3.43866755335 2.02929085303 0.0360014509401 0.00973338975878 3.58732845656 0.0238195997824 ;
42.3326629123 6.37731295253 3.52976669348 0.974255832663 0.0128720836685 24.1609010459 2.65728077233 ;
58.8404429861 3.47497949139 6.14356029532 2.78876127974 0.0090237899918 43.5242001641 6.95447087777 ;
68.7330827068 4.02506265664 2.91783029001 1.00322234157 0.831006086645 6.06856426781 0.59470103831 ;
41.2778810409 38.6784386617 1.10130111524 0.021375464684 0.0885997521685 3.09944237918 0.0204460966543 ;
36.274893469 11.191929733 2.18297243239 0.0554830854857 0.003130707018 9.33985563962 0.43829898252 ;
57.8083333333 3.9125 7.48020833333 3.60520833333 0.003125 58.2041666667 9.85416666667 ;
67.2846104314 4.01706374759 2.71136509981 0.898100450741 0.869285254346 4.62298776561 0.379587894398 ;
33.2600843051 3.56745946279 1.99855389065 0.0348912341159 0.00929202178395 3.66681025199 0.0264299560014 ;
41.3554674595 39.6620416254 1.1103402709 0.0234555665676 0.0938222662702 3.13082259663 0.0237859266601 ;
46.2761461902 5.16144558656 2.2128405939 0.236580192527 0.211861641377 4.28463044542 0.160221895905 ;
54.7922042273 3.63409278068 4.46747186385 1.79741970903 0.0351358770244 28.0271754049 3.89486686797 ;
