2.07637925468 4.73463852507 3.13668806704 4.4214940853 2.5036989456 3.77207192537 2.81182112487 ;
2.62945042355 4.64236895192 2.94791269268 3.13559491677 3.96024317648 1.47853502309 3.27514855677 ;
1.50080794949 4.7508784668 1.75603409898 1.91913866144 1.35043132138 0.546468433269 2.75250736843 ;
2.67033947103 4.63462279356 3.02171488611 3.18008508202 4.09483563614 1.548548823 3.33811944991 ;
1.62249567461 4.74358920042 1.84170484025 2.04393282908 1.53026005601 0.606583786885 2.75192064734 ;
2.06723008575 4.73608635614 3.13612904774 4.42891250128 2.52816574707 3.77762223221 2.80804927016 ;
1.45530961339 4.74651723105 1.44095144046 1.7260009513 1.18603914048 0.59658943512 2.68142492739 ;
2.29642837748 4.68019355351 3.19814954211 4.19844666322 3.1477990917 3.38839798832 3.01135953382 ;
2.37961030671 4.7020045594 2.76339840538 2.82457692327 3.30090023944 0.887040807469 3.13705770251 ;
1.48106127729 4.75044614063 1.75826872773 1.90252986129 1.22989439541 0.548084065082 2.74869031988 ;
2.08370733792 4.73248522324 3.14110735501 4.404678989 2.5232184722 3.7535853607 2.82332964787 ;
2.60199399414 4.64689813262 2.89705614722 3.09511104057 3.939597524 1.42445774184 3.25603742598 ;
2.66633110386 4.63613048506 2.99415060611 3.16949309639 4.07594789548 1.52906077408 3.3340081182 ;
1.5869677378 4.74498297436 1.83388260631 2.01030968546 1.49769915184 0.593839294511 2.73706654429 ;
2.07462554321 4.73573735153 3.13625519798 4.42381183156 2.51024589294 3.7624779381 2.81159401456 ;
1.52811917136 4.74731870985 1.77451505992 1.90506909818 1.3884095555 0.572366160422 2.73878439051 ;
2.62862596446 4.64328931413 2.95401463631 3.168167696 3.97003700539 1.46481531288 3.29182161458 ;
2.08196156735 4.73364479474 3.13896564383 4.41294365702 2.52285258605 3.77841434927 2.81517913727 ;
2.677508279 4.63803230292 2.97554731187 3.16765819266 4.06456240117 1.51877544278 3.32782185992 ;
1.55496638073 4.74341620669 1.84187878978 1.9933651618 1.48503189029 0.593301941052 2.7374330659 ;
2.07666715494 4.73604306107 3.13596747836 4.42313414155 2.50497226712 3.75831841361 2.81198941935 ;
2.61864460998 4.64324785161 2.93646253256 3.13196626296 3.95520220341 1.48034113189 3.27362007906 ;
1.5114218198 4.74975723567 1.76965956723 1.92275662836 1.3240301639 0.543740365929 2.75396235641 ;
2.07362587254 4.73543285926 3.13689474471 4.4263454992 2.51003114199 3.78252624563 2.80747305556 ;
2.29690771153 4.68828415224 3.20293075542 4.21627488621 3.11118407378 3.37946507789 3.01284694683 ;
2.43391995536 4.68931277333 2.61490407468 2.75559178652 3.59214643423 0.898544937837 3.14842864358 ;
1.44399424971 4.74420357431 1.7642328692 1.89557756992 0.991142793319 0.654404779516 2.69523195682 ;
2.07057267919 4.73281783141 3.13967487909 4.41544294137 2.55511873505 3.78619658404 2.81551831827 ;
2.61468231357 4.64359415077 2.91992552352 3.11590773679 3.96908956554 1.45118481601 3.27115094576 ;
1.53539337515 4.7509584163 1.80081364372 1.96226060396 1.27645808666 0.575039120866 2.75562177181 ;
2.07023754182 4.73632800894 3.13401114504 4.42616489436 2.50524975458 3.7699233505 2.80616008636 ;
2.64627797696 4.63769234811 2.99635942084 3.18104242289 4.02262165611 1.51708426396 3.32313441991 ;
1.57676992228 4.74668679036 1.79031202992 1.95370695356 1.47370433717 0.577808196878 2.73372004797 ;
1.5114218198 4.74975723567 1.76965956723 1.92275662836 1.3240301639 0.543740365929 2.75396235641 ;
2.62049186492 4.64236544696 2.93634391312 3.12301715352 3.97121245491 1.4784349071 3.27395469289 ;
2.07704955217 4.73556382758 3.13493714023 4.42389786415 2.50526596587 3.76071840053 2.81195269656 ;
2.6426146917 4.63847980961 2.94677820917 3.13597752498 4.03969785348 1.49751380665 3.30242280264 ;
2.06948691494 4.73340429934 3.13873871036 4.42407126107 2.53032118092 3.77851731441 2.81149810478 ;
1.5678612435 4.75071002538 1.84130323132 2.00893255854 1.38243424624 0.589534107792 2.74841366048 ;
2.60553148044 4.64555368182 2.94310248624 3.11540341574 3.92921872195 1.46051413367 3.26060312208 ;
2.0744498283 4.73497067901 3.1363625309 4.42501412049 2.50899217804 3.77467876414 2.81007517628 ;
1.4982401503 4.74950126164 1.71769426806 1.90447285451 1.28861777626 0.543520635203 2.75790495104 ;
2.07686361641 4.73460343058 3.13854920916 4.42339783005 2.51512588483 3.7755602447 2.81247949692 ;
2.60068343596 4.64506327929 2.91659428877 3.11129617673 3.94071846881 1.45772708701 3.2571943674 ;
1.50489646198 4.75059364189 1.76015349754 1.91004315463 1.2644249282 0.54054849494 2.76184779117 ;
2.63174595786 4.64341286347 2.95617350965 3.16855137458 3.97859079843 1.47810000806 3.30063750957 ;
1.53363374701 4.74728675558 1.77933147472 1.9143681575 1.39395021743 0.569321659569 2.73088302456 ;
2.07609972807 4.73346100741 3.13825598938 4.41567864766 2.51275942871 3.77807346487 2.81096324719 ;
2.07202966256 4.73474095456 3.13738044124 4.4267816483 2.51828002329 3.78290306193 2.80904150424 ;
1.52090396087 4.75087739592 1.78223832768 1.94250286527 1.32371877898 0.547840780702 2.756866872 ;
2.62152380599 4.64238904846 2.93618411921 3.12759638014 3.96657161746 1.48382290088 3.27408613773 ;
2.6050948406 4.64316834841 2.88511983038 3.06063373401 3.96141262652 1.38789619328 3.253183201 ;
2.09804916943 4.73386047383 3.14317738075 4.37995917808 2.55712574434 3.68890287428 2.8453069597 ;
1.48135751277 4.74990299952 1.75327642555 1.90691676993 1.21764177887 0.551308088995 2.74598123244 ;
2.67169983942 4.63895912667 2.98445244812 3.17793149307 4.04767012094 1.5081785652 3.32577352059 ;
1.54269797785 4.74656444605 1.80335669591 1.95121184922 1.49759487563 0.577860794591 2.72856510259 ;
2.0822853834 4.73291303521 3.13678323378 4.411078602 2.49050935209 3.73994374556 2.81827566139 ;
1.61863243422 4.74190936666 1.83895096138 2.0422773407 1.5791957279 0.598513822455 2.75709437166 ;
2.07963924478 4.73531716922 3.1353976763 4.41814181277 2.49369721305 3.74620646693 2.81003976504 ;
2.68031706508 4.6343123954 3.03445657962 3.18546421718 4.13154449627 1.56315395113 3.3447508891 ;
1.6186642407 4.74504950704 1.84633702663 2.04924160406 1.42509437652 0.630875233867 2.76318756257 ;
2.08128472565 4.73216590428 3.14139548528 4.41013027706 2.53486489732 3.76502174737 2.81569245593 ;
2.63481031006 4.63924591372 2.97546866759 3.14327436584 4.10535892363 1.48726774201 3.31045365319 ;
2.07551481402 4.73548622009 3.13442709741 4.42324980657 2.50544539123 3.75654180578 2.81207759724 ;
2.64302760907 4.63918705368 2.9584786991 3.14177727392 4.00043930138 1.4898000507 3.28564827195 ;
1.52444155115 4.75019987887 1.78232055098 1.93916925744 1.38828534837 0.562766048865 2.75782207603 ;
2.34408125185 4.67604361391 3.20473035242 4.16103266825 3.27631536654 3.29986678808 3.06218979861 ;
1.42494428235 4.73311534123 1.93603537282 2.13979040262 0.620690887787 0.940422716278 2.57654288581 ;
2.30206063388 4.71751275862 2.42310720592 2.56807890881 3.36968348069 0.730243866137 3.1124350313 ;
2.6509836937 4.6392197484 3.0022330285 3.17877215539 4.02957257519 1.51917989326 3.32044708218 ;
1.56207372545 4.74600135754 1.76790893438 1.93410861422 1.50251745896 0.555255905793 2.7309223439 ;
2.0809314599 4.73396621588 3.13548409047 4.41391102613 2.48616150785 3.738033617 2.81752584099 ;
2.63604532017 4.64138049528 2.95640916804 3.15445951286 4.00221069864 1.48157692224 3.29068783166 ;
2.08303410972 4.73467658351 3.13569253815 4.41172631167 2.47794833659 3.73181969018 2.81676116125 ;
1.51659929047 4.74808052744 1.76202478889 1.89427360481 1.40326114598 0.556089155111 2.74300935232 ;
1.47998620433 4.74847526795 1.72544775665 1.88647888491 1.3716486486 0.53015634953 2.74685709385 ;
2.08040117063 4.73648003043 3.1331783459 4.41769977175 2.47542044267 3.73269606278 2.81435086277 ;
2.63481139781 4.64217544958 2.95464724698 3.12871696117 3.96367450979 1.48002097401 3.27747383081 ;
2.07075056727 4.73645822751 3.1346824146 4.42608319555 2.50529719027 3.76608417977 2.80808380594 ;
2.63741371064 4.63967396919 2.95106153115 3.14282094015 3.97690674575 1.49325499278 3.28549438035 ;
1.51671632933 4.75076297979 1.77611121508 1.92481387929 1.37131073759 0.548454296646 2.75080204465 ;
1.70259707344 4.74671629665 1.88915035674 2.04454702112 1.81119088977 0.569457015318 2.79504559112 ;
2.07169268821 4.73448756578 3.1241349143 4.41161723763 2.45932170209 3.71945191763 2.80456777223 ;
2.71554455207 4.61839789109 3.1135151345 3.29128636662 4.2032445342 1.69377971104 3.37621730775 ;
2.63499289133 4.64188243744 2.93835807857 3.12804117753 4.06444726182 1.47802735129 3.302010671 ;
1.59128214086 4.74683212159 1.86445599685 2.05398378952 1.37371467198 0.615994045351 2.75297404613 ;
2.07467027152 4.73098099537 3.14555151658 4.41211835466 2.5477370426 3.79273502164 2.81634824004 ;
2.67343530108 4.63551515643 3.0121270494 3.1810087496 4.08035692358 1.53940867323 3.33580248585 ;
1.58983262294 4.74388383707 1.82458971292 2.00711725701 1.53269947437 0.591094580222 2.7427105239 ;
2.07666715494 4.73604306107 3.13596747836 4.42313414155 2.50497226712 3.75831841361 2.81198941935 ;
1.47693336013 4.74826630764 1.74025376504 1.90656364411 1.19162063445 0.556156130074 2.73895942909 ;
2.12548419947 4.73158010008 3.1547812598 4.37410077827 2.6340015931 3.66862237587 2.86555559178 ;
2.58475513933 4.6450441287 2.86667314654 3.02643500159 3.91544769391 1.3442719321 3.24389236017 ;
2.65707934114 4.63805171131 2.97899165804 3.1612216447 4.08113877194 1.5196782503 3.33167125865 ;
1.6056082842 4.74431713538 1.85902740892 2.03846427919 1.45801077377 0.614333538658 2.73966239043 ;
2.06727177072 4.73468432161 3.13819786878 4.42691490128 2.53347901331 3.78308464492 2.80900974755 ;
2.07537250367 4.73702886234 3.13377168622 4.42526616183 2.50296108427 3.75757495637 2.81044887709 ;
1.57382155637 4.74383573537 1.82917335386 1.99608433301 1.53964359563 0.587823766439 2.74872085792 ;
2.68492557014 4.63488275863 3.00832531489 3.18546322685 4.0720469257 1.54083025039 3.33142383502 ;
2.08201238766 4.73542654191 3.13464005884 4.41456053745 2.47360949409 3.7296202006 2.81647539784 ;
2.65780570567 4.63809213334 2.98078968671 3.17717257171 4.01313324459 1.51010661112 3.32022967096 ;
1.52676718434 4.74806836488 1.7711247806 1.90332872046 1.48723922726 0.550782576828 2.72008329236 ;
2.08370513656 4.73570837349 3.134303454 4.41457857265 2.47822405708 3.72987237584 2.81364633006 ;
2.6413865038 4.6370794941 3.00213620731 3.16966679942 4.03139457197 1.50099188568 3.32242293095 ;
1.55989029542 4.74804274984 1.75330610386 1.92719090841 1.48124092428 0.573432003612 2.72661540783 ;
2.14551899845 4.72743800214 3.17406199176 4.35966358239 2.76696542143 3.65640364925 2.9023657069 ;
2.58217898125 4.64792251207 2.80839943544 2.98479061686 3.84716870511 1.27854856347 3.22102774658 ;
1.46195961242 4.74697313008 1.78962078826 1.93702684644 1.13276700767 0.584932860979 2.73188807456 ;
2.1367790611 4.72965812799 3.16428967998 4.36435685842 2.73166436585 3.64558443104 2.89372569654 ;
2.57429170828 4.64670505895 2.8210122508 2.98448550117 3.85890242421 1.27467373813 3.2252045884 ;
1.46468969173 4.7478712929 1.76257647405 1.9116389121 1.10800838983 0.601778565835 2.72712641369 ;
1.41246578212 4.7458445808 1.70274206352 1.78682483704 1.09460781498 0.593678093314 2.70048744036 ;
2.49901356069 4.67731092717 2.71916199554 2.94463353945 3.55948261384 1.07520700971 3.16788166033 ;
2.2354188175 4.6982263256 3.20733851626 4.27149242655 3.02252279589 3.54321020066 2.97536619419 ;
1.59512437324 4.74453556778 1.85045133354 2.03326976558 1.43991660776 0.616366346347 2.74083926953 ;
2.07186743852 4.73248658306 3.13960277242 4.42094600825 2.53285184188 3.77443919878 2.81417413707 ;
2.65457703902 4.64022224095 2.97310032021 3.1530922747 4.07972621323 1.50499871467 3.32380940144 ;
1.69124642752 4.74371389191 1.87747456228 2.06457481185 1.75477179889 0.611335433065 2.79397732477 ;
2.70822534678 4.62256740254 3.11023387847 3.2800005847 4.17640644026 1.64508671304 3.35968154989 ;
2.07483721499 4.73601610515 3.13689995799 4.42388036812 2.50164586397 3.76699347096 2.80911349741 ;
2.0718816735 4.73696111125 3.13618737602 4.42852051966 2.507762142 3.78338406177 2.80494147661 ;
2.63140444525 4.64095005583 2.95815979624 3.16537467746 3.97073586058 1.48972140927 3.29649228366 ;
1.53059885343 4.74798601677 1.77762420065 1.91319533228 1.38996022349 0.566614976444 2.73816537929 ;
2.08053054249 4.73553305139 3.13562391992 4.41814629163 2.4980789177 3.74194269736 2.81258908325 ;
1.64495991759 4.74337916401 1.83963691754 2.00921302243 1.65715967306 0.60965944464 2.76620926497 ;
2.68803005517 4.62942621678 3.06637868472 3.24147173633 4.13576912905 1.57545992869 3.3526869254 ;
1.36915607318 4.75020387357 1.66780796093 1.71218661905 1.10412228756 0.567004427774 2.71379038269 ;
2.47161745192 4.69345691967 2.66709609521 2.90590931824 3.45066891868 0.978060404728 3.135815937 ;
2.27018912317 4.68362383122 3.20985242927 4.22313828454 3.08543264691 3.45899866367 2.99708830191 ;
2.63120237442 4.64405709729 2.95015443096 3.13141042057 3.938312514 1.46480509592 3.27483473389 ;
1.47026686048 4.75047833274 1.71787278756 1.8827069064 1.35124620589 0.540078866245 2.74236419386 ;
2.07781855776 4.73431732263 3.13562617495 4.41750913818 2.48816768216 3.75531736386 2.81266957999 ;
2.07715310728 4.73442379092 3.13590148779 4.42006612413 2.50355268597 3.75338388282 2.81422911126 ;
1.54146522643 4.74668428973 1.79806190865 1.9420744693 1.42088685776 0.565962510571 2.72178397707 ;
2.64492114107 4.64091717394 2.96077697449 3.15503383355 4.01479045268 1.49771664496 3.31548756958 ;
1.53686067434 4.7486101197 1.77458837753 1.94052802894 1.36307896481 0.566537046596 2.74864614645 ;
2.08153400076 4.73226887029 3.1384709522 4.40716212007 2.50461575199 3.74923465311 2.81768192578 ;
2.62616130954 4.64299880421 2.95073273785 3.13708928992 4.00968089128 1.47131314472 3.28653201133 ;
2.66861423857 4.63717800427 2.96667266476 3.16371304779 4.0188917629 1.52143242236 3.31410428197 ;
2.07081352505 4.73649499009 3.13586393467 4.42759761918 2.51085652901 3.77525215359 2.80706053041 ;
1.53731530917 4.74802324445 1.82472815818 1.97367650541 1.4555829592 0.566179666648 2.74124456729 ;
2.07220373197 4.73636077524 3.13498498125 4.42726147229 2.50668599745 3.77939181817 2.80562683662 ;
2.62457631168 4.64182076199 2.94786708653 3.16022515238 3.9768294244 1.49398630276 3.3019513839 ;
1.53944461255 4.74740727173 1.79163300452 1.91612396282 1.37877903034 0.556359227954 2.72857015628 ;
2.07896990326 4.73515459227 3.13498137412 4.41634190881 2.48906955343 3.74337340357 2.81446041782 ;
2.67818632134 4.6358084626 3.00609937224 3.18547564279 4.07329871222 1.53628634541 3.32963159418 ;
1.57089001073 4.74513974987 1.81511937222 1.97995496716 1.5386856803 0.577211705096 2.74437208772 ;
2.0687478735 4.73644947425 3.13664237494 4.42870902323 2.52304572295 3.77262272917 2.80733911958 ;
1.56480652265 4.74720781882 1.79820362804 1.96579963565 1.40100173904 0.600105712665 2.74448399505 ;
2.63965478578 4.63893897881 2.97210942156 3.15564164493 4.01906534584 1.49040143971 3.30563272096 ;
1.48228081094 4.74528523006 1.77028242567 1.87245386467 1.05809921567 0.624389853781 2.70903974797 ;
2.21292940585 4.70967988969 3.20005448001 4.30617129207 2.91795816179 3.59355127589 2.94975073198 ;
2.49487984124 4.66510113802 2.73600464639 2.95211642567 3.72171604146 1.13847985578 3.19123491321 ;
1.53145263947 4.74805121495 1.78817683121 1.91399977791 1.38826059634 0.554634285533 2.72727809522 ;
2.08383814145 4.73192847358 3.13971436257 4.40484382174 2.50103679574 3.75567940909 2.81806086154 ;
2.62869387599 4.64361592649 2.9432543391 3.16048787429 3.99831434985 1.47918289754 3.30018677351 ;
2.09508385336 4.73380415957 3.14619664474 4.39478731851 2.53478861741 3.74884185074 2.82935367188 ;
2.59093667555 4.64614648787 2.88200341466 3.08586636419 3.93300144342 1.40123366502 3.2489037271 ;
1.47405805002 4.75041444345 1.75823425483 1.90023782688 1.20166341844 0.556121825081 2.75044269706 ;
1.5573311697 4.74622228557 1.76218152048 1.9136575278 1.54320537326 0.565772865779 2.73362327762 ;
2.66552117362 4.63661692008 3.01511296019 3.19635241549 4.02637858911 1.52115428732 3.32504193568 ;
2.07496638857 4.73610046481 3.13313353717 4.41836905176 2.47203524995 3.73310970273 2.81370829824 ;
2.62218125052 4.6422058151 2.91941465946 3.11185647196 3.97155586035 1.46438109912 3.27257280139 ;
2.07356816634 4.73502827217 3.13626122374 4.42126693687 2.51524990681 3.75456339622 2.81548082199 ;
1.50854966091 4.75085409628 1.78444780873 1.92380140446 1.3002706805 0.548284157288 2.75105293733 ;
1.70171181544 4.74461939421 1.89757735622 2.11831107719 1.6765132626 0.605342024358 2.77868795935 ;
2.06859061377 4.73551473913 3.13849454506 4.4271315705 2.52458448267 3.78288210252 2.80506877159 ;
2.68649997297 4.62458458075 3.07446597714 3.21958146906 4.18651045414 1.64031577439 3.36685922199 ;
2.08069357245 4.73526024897 3.13396152458 4.41413977862 2.46764719967 3.72878105617 2.81432741776 ;
2.66772320993 4.63690347593 3.01526563764 3.19557948625 4.04487671051 1.52741685904 3.3258183723 ;
1.55571904332 4.7460194075 1.77037123164 1.92943485899 1.54172810133 0.56955886585 2.73624721927 ;
1.53828206546 4.74746468714 1.79445179349 1.92924512317 1.39754210974 0.563516050592 2.73553293826 ;
2.63779563896 4.64060377023 2.95457361282 3.15250155726 4.00342364111 1.49253016783 3.30217563822 ;
2.07551481402 4.73548622009 3.13442709741 4.42324980657 2.50544539123 3.75654180578 2.81207759724 ;
2.61062522038 4.64486946208 2.90409443624 3.10059179853 3.97565987327 1.4575930091 3.28991225839 ;
1.54856065928 4.74852740866 1.8303570753 1.99212717042 1.25910962258 0.585915726353 2.72651723811 ;
2.06195336644 4.73381658917 3.14146654374 4.42791300329 2.5509746237 3.79632682678 2.81063107529 ;
2.63544568747 4.6411067712 2.95268091703 3.15280828232 3.97514018292 1.48766073801 3.27846125711 ;
1.51873842215 4.75048676623 1.7795723351 1.92378702968 1.37554099656 0.558728631467 2.76207275492 ;
2.07394355335 4.73483703297 3.13569339872 4.42509372739 2.50895247021 3.77854427758 2.80815160002 ;
1.56932494515 4.74780363325 1.77538580826 1.94698295275 1.47918837519 0.571586793748 2.7320469952 ;
2.64549798841 4.63726099731 2.99785586092 3.17200548515 4.03802674933 1.51099360966 3.32048738385 ;
2.07896990326 4.73515459227 3.13498137412 4.41634190881 2.48906955343 3.74337340357 2.81446041782 ;
1.6149778816 4.74192006968 1.83632111137 2.03770417846 1.59278566346 0.58900135455 2.75953501293 ;
2.07933606384 4.73624364513 3.13496376938 4.42175202666 2.50050008853 3.74972066951 2.8108373565 ;
2.68568057741 4.63324492067 3.03934434535 3.18815207081 4.11888321202 1.56969962401 3.34311552396 ;
2.71614181225 4.6296721444 3.08042033204 3.26025350102 4.13601188153 1.61195163893 3.3513056544 ;
1.62617786492 4.74338125181 1.82993948757 1.98754866537 1.7245457431 0.577667187244 2.77437120509 ;
2.07733132282 4.73394926118 3.1319300741 4.40919939054 2.45771676041 3.713539733 2.81326502937 ;
2.66396692808 4.63752982025 2.99053473091 3.17142489806 4.02698910765 1.51843879931 3.32550484412 ;
2.07761863595 4.73651440949 3.13332247475 4.41916578981 2.48573469451 3.7418870752 2.8129367477 ;
1.54201391953 4.74604237923 1.78469622097 1.94124117713 1.49242221224 0.560440775878 2.72528663499 ;
2.61676156974 4.64281661244 2.92239608938 3.12533251967 3.97867542324 1.47692467098 3.28684901447 ;
1.52508377132 4.74910968109 1.79546064611 1.92273082287 1.3170885072 0.548364813133 2.73503663938 ;
2.07360021686 4.7352709296 3.13505899815 4.42355948423 2.50683934071 3.76103369463 2.81144132941 ;
2.64808374335 4.63678695554 2.99525754798 3.1691302506 4.05154158431 1.5207041273 3.32467700159 ;
1.58191575154 4.74626990822 1.7982228787 1.9692105411 1.47869655769 0.576335097602 2.73431622579 ;
2.07658023182 4.73600849704 3.13479541225 4.42165106656 2.49948407039 3.7492980117 2.81298350894 ;
2.63894180341 4.64083174029 2.95326559169 3.13344685345 4.00247967561 1.47681002983 3.27634723162 ;
1.50852189873 4.75177716403 1.7627796927 1.92799146088 1.37533314854 0.556545887566 2.76071641505 ;
2.0822853834 4.73291303521 3.13678323378 4.411078602 2.49050935209 3.73994374556 2.81827566139 ;
2.65534415827 4.63840268262 2.9980793325 3.19215054843 4.00891545951 1.51970161184 3.32144626381 ;
1.56065785069 4.74583451004 1.78761353354 1.9403340705 1.48950059081 0.574736279834 2.73497228885 ;
2.07177410557 4.73640805757 3.134524629 4.42682461999 2.50506839418 3.77416369086 2.8060215901 ;
2.49035053539 4.68669881946 2.68942089911 2.85922967804 3.6246239764 0.98280349076 3.15556798307 ;
2.2700749537 4.68656985377 3.20571857521 4.22839782234 3.07581174758 3.44944180104 3.00053323716 ;
1.45242667887 4.74862906779 1.74120675865 1.88510613085 1.1030931628 0.612318118434 2.72045399034 ;
2.68871844224 4.63453040502 3.04446020089 3.20775359813 4.09452960969 1.56329766105 3.34266034264 ;
2.07791225611 4.73528954561 3.13410891668 4.41559096337 2.477929063 3.73795575607 2.812913205 ;
1.59552512458 4.74296761496 1.80785985151 1.99294211719 1.60848465861 0.581493031543 2.74927367255 ;
1.62483638696 4.74454271255 1.82292956156 1.98976468085 1.66234735054 0.57399232 2.75514187728 ;
2.68782950991 4.63040125733 3.05623363901 3.22516092629 4.1315708194 1.58769913515 3.35952473265 ;
2.08264420395 4.73473763394 3.13260343085 4.41025256432 2.46195944335 3.71241698129 2.80871329053 ;
2.63381668905 4.64370148669 2.95444464108 3.1601252892 3.99711163588 1.47075007217 3.30038552279 ;
1.53979720031 4.74662687749 1.78327840795 1.92460653554 1.39148995705 0.575465900641 2.73300329879 ;
2.07913954127 4.73226220926 3.14022613859 4.40991496535 2.51859962858 3.76181882915 2.81708236418 ;
2.68937692551 4.62903617174 3.05785200737 3.22528510517 4.13123125315 1.59381032297 3.3515424858 ;
1.66117588942 4.74390906459 1.86872811315 2.06062146064 1.63120226108 0.609621328599 2.77065368142 ;
2.06605490518 4.7360043187 3.13654495226 4.42948106328 2.53007319995 3.78262503214 2.80678572127 ;
2.0666650364 4.73470901402 3.14184208553 4.43057219132 2.53127588195 3.80778341448 2.81177981634 ;
1.53503381416 4.75147755578 1.78095554266 1.95837553684 1.33102005109 0.569394010961 2.77197532525 ;
2.62244131432 4.64187520037 2.94718308237 3.13978229995 3.96389185309 1.48352527142 3.26300766646 ;
1.59706218446 4.74429103623 1.81944332018 2.00894100843 1.54264071103 0.606390234156 2.75318305671 ;
2.07181595999 4.73672928742 3.13518262035 4.42758452859 2.51402622405 3.77062084502 2.80817069422 ;
2.67677808709 4.6343458698 3.02639062449 3.19134228727 4.07476417416 1.5360408245 3.33244727044 ;
2.64368948492 4.63955220541 2.97060642377 3.15791392346 4.04819112714 1.4953831969 3.31167904452 ;
2.08222049858 4.73403954073 3.13631775382 4.41603805793 2.50032087658 3.74118887192 2.81505213123 ;
1.56110352843 4.74649746643 1.80296918694 1.9549213958 1.43514404896 0.583674722682 2.74069137712 ;
2.64347957494 4.63752923582 3.01336141179 3.18567708264 4.04387499002 1.51826413739 3.32396455974 ;
2.08199959715 4.73414260862 3.1336987726 4.40974208294 2.45623548372 3.71290940647 2.81445623722 ;
1.5715968172 4.74774550024 1.74676611827 1.9105825914 1.52229895479 0.560137325284 2.73188994041 ;
1.55775831249 4.74574944883 1.79498681645 1.95020036169 1.47589888315 0.575887438279 2.7336989941 ;
2.07023754182 4.73632800894 3.13401114504 4.42616489436 2.50524975458 3.7699233505 2.80616008636 ;
2.65777101864 4.63854676392 2.99091945134 3.18132938893 4.01653988115 1.51676637133 3.32210047501 ;
2.66943642966 4.63957372779 2.9972059588 3.18972941466 4.05455903029 1.50524198675 3.32711035389 ;
2.08847269921 4.73199601957 3.1367029403 4.39896214361 2.47872730547 3.72132477103 2.81990784567 ;
1.54709655809 4.74543083441 1.78369472401 1.93132260746 1.5260826841 0.571066582895 2.73238396459 ;
2.63949518575 4.64097811088 2.96761426198 3.14080786875 3.9909285458 1.47854388457 3.27961690766 ;
2.07551481402 4.73548622009 3.13442709741 4.42324980657 2.50544539123 3.75654180578 2.81207759724 ;
1.52094702535 4.74831278075 1.75871867689 1.93102602468 1.3820815419 0.572786033755 2.76294162871 ;
1.5785554652 4.74940371923 1.82728205942 2.04675624153 1.39042144158 0.605051530794 2.76821209668 ;
2.06295650247 4.73414407848 3.13706523002 4.42758057847 2.54140498868 3.78249470493 2.81039484479 ;
2.65096863645 4.6377556407 2.97025409178 3.12057476557 4.0504359812 1.49694369351 3.29436762115 ;
2.07729832548 4.73192357961 3.14873269005 4.39561525114 2.59251475384 3.74895335215 2.835342243 ;
2.60343572808 4.6473415411 2.8575633443 3.0592708496 3.92081093349 1.37654174668 3.24777204248 ;
1.4803693319 4.75047759196 1.79686253363 1.93901404458 1.14808360669 0.586355860791 2.74627462 ;
1.47503245819 4.7438763486 1.77975534391 1.94790852239 1.01426298017 0.645236778705 2.70935063466 ;
2.46240306268 4.67814598005 2.66302772805 2.78477176946 3.68638473402 0.986193679343 3.15965905851 ;
2.27129379908 4.69580353079 3.19973646961 4.24747214378 3.05301235891 3.43156530394 2.99932103135 ;
1.48499847445 4.7481619415 1.7506724979 1.89961121103 1.31907120924 0.536922604093 2.74358458275 ;
2.6198494961 4.64583432711 2.92976920856 3.1328578535 3.92853216514 1.46676523869 3.26460899432 ;
2.07669154117 4.73470717899 3.14201153356 4.42193714281 2.5119296564 3.78625877629 2.82009031784 ;
1.5137529201 4.75088120723 1.7286988528 1.86038973286 1.43792049818 0.542498178547 2.74011085124 ;
2.08300114308 4.7337797408 3.13302848834 4.40682187901 2.45255952166 3.71093692273 2.81957826161 ;
2.63491333681 4.64028697001 2.97004930778 3.160538795 3.99682054764 1.48196843961 3.29045853367 ;
2.0822853834 4.73291303521 3.13678323378 4.411078602 2.49050935209 3.73994374556 2.81827566139 ;
2.65855853167 4.63902806935 2.98102192223 3.17015917538 4.04748175978 1.50641696786 3.32351396494 ;
1.55255438015 4.74728500735 1.79919776955 1.95279591269 1.47849139802 0.573265786015 2.72719844075 ;
2.06835207257 4.7344270068 3.12433943547 4.41590834893 2.47129316504 3.73124232448 2.80095317142 ;
1.7783556724 4.75023300913 1.95015513288 2.09224122169 1.902590218 0.579619708489 2.82659385901 ;
2.71108376945 4.60417934555 3.14513978156 3.34374707347 4.27305111067 1.77831674874 3.38827364583 ;
2.07799781383 4.73607732208 3.13427880125 4.42134193385 2.49453167067 3.74891486836 2.80865504112 ;
1.66789159891 4.74407260761 1.85915687811 2.03847187422 1.72020875903 0.604300909287 2.78253648737 ;
2.70337816818 4.62470334435 3.09469184271 3.26312531174 4.16054292601 1.62248950391 3.35929307084 ;
1.46813394851 4.74285756572 1.78874684539 1.95468899949 0.982257782548 0.644148083675 2.69979660975 ;
2.25760188521 4.7053703629 3.19800958354 4.2766078004 2.9985303417 3.48953187727 2.98108888009 ;
2.46086749019 4.66908306174 2.67867204411 2.81619981751 3.70475750258 1.0476468101 3.1731464258 ;
2.07499511894 4.73279708388 3.14259318757 4.3920259281 2.54513349822 3.73045171973 2.83249302204 ;
2.62087942573 4.64632185726 2.89480746307 3.08793163454 3.93540572452 1.40495804064 3.25943008012 ;
1.47090459354 4.7490515407 1.75028759933 1.8953154861 1.23506217145 0.551615004754 2.7394523012 ;
2.06912285549 4.73311138317 3.14481358848 4.42343005369 2.56060856746 3.828246116 2.81727791817 ;
2.58656503569 4.65097618266 2.86749570179 3.08807626518 3.88772287765 1.41254008921 3.24508986433 ;
1.47755180296 4.74890323002 1.79894923576 1.93918420994 1.13901871903 0.580944289041 2.7425828095 ;
1.57854951327 4.74591778044 1.78140510695 1.95300736219 1.49995516071 0.578085105815 2.73957064846 ;
2.65267728797 4.63746325512 3.01143278829 3.19035997768 4.02202756102 1.52363015945 3.32315518597 ;
2.07023754182 4.73632800894 3.13401114504 4.42616489436 2.50524975458 3.7699233505 2.80616008636 ;
1.5437644135 4.74880462735 1.79552222071 1.92751362927 1.40858193929 0.573450997632 2.74218758821 ;
2.07267922515 4.73667192492 3.13404864603 4.42576690091 2.50390061816 3.7615627451 2.80872982126 ;
2.64028105157 4.63850292562 2.96086443797 3.16239193471 4.0057550704 1.49450746692 3.30177119455 ;
2.64805916205 4.63875571344 2.96252537175 3.13741583764 4.05174275649 1.50190163088 3.31098516782 ;
1.58137064731 4.74757528887 1.84384719588 2.0312988251 1.40248988335 0.604747437424 2.74756228777 ;
2.06734577163 4.73423646915 3.1374110014 4.42798434018 2.53768269174 3.78549378966 2.80934339406 ;
2.08410177956 4.73371483154 3.13663797978 4.4125950691 2.49513348887 3.73869478129 2.81675877579 ;
1.56236087558 4.74670476868 1.79836499503 1.95676137424 1.46241791025 0.575763494859 2.72529786475 ;
2.64802652031 4.63893870924 2.97960985275 3.16383360375 4.0502477596 1.50404715221 3.3251061276 ;
2.63635876418 4.64319985054 2.96002948649 3.16448042018 4.00486378517 1.47172739126 3.29974675204 ;
2.07700078724 4.73194342815 3.14275657615 4.41273849763 2.53090675822 3.77870095191 2.81502238779 ;
1.55279411224 4.74681290458 1.7950975899 1.95011259361 1.39682226847 0.593269034968 2.74178690869 ;
2.06721261648 4.73214727969 3.14559051619 4.42041704009 2.55215983505 3.82071413166 2.81501145083 ;
2.60667266071 4.64591365982 2.92384161203 3.13800641681 3.95539785939 1.46305034447 3.27123004888 ;
1.5481463145 4.74934336321 1.80147257757 1.96125188573 1.28981592834 0.576390472328 2.74919319457 ;
2.08001745433 4.73315835278 3.11603154933 4.38317897509 2.41012091081 3.6494596546 2.81225099171 ;
1.64666037021 4.74703376694 1.81141196331 1.95520959237 1.77640857921 0.546055439422 2.77223858547 ;
2.70589181888 4.62469978071 3.09898738608 3.26325250413 4.17183001153 1.62271585256 3.36714483952 ;
2.71336166939 4.61258243642 3.12834610153 3.31018163322 4.23251809063 1.73913214854 3.38183747891 ;
2.07012605629 4.73404678499 3.12573741274 4.41347227802 2.45983635757 3.72750212147 2.80263604369 ;
1.73823615024 4.74853685801 1.916028139 2.07270126537 1.85885081393 0.56684144186 2.80938878432 ;
2.64639067439 4.63783351945 2.95985654391 3.15545215555 4.04772865097 1.50354996002 3.30835214307 ;
1.55508239172 4.74764805695 1.8167173843 1.95600916818 1.42789961835 0.574420124936 2.74577096729 ;
2.08053054249 4.73553305139 3.13562391992 4.41814629163 2.4980789177 3.74194269736 2.81258908325 ;
