cluster 0
size:596
#377eb8
[ 1.75673062  4.75119811  2.68248935  2.00468606  4.06343924  1.22129623
  3.31857197]

cluster 1
size:375
#ff7f00
[ 2.1345667   4.69025072  3.11415764  4.39877822  2.7994328   3.82403452
  2.82702519]

cluster 2
size:417
#4daf4a
[ 1.20764462  4.70363588  2.38234939  2.0369272   2.02981201  0.97154963
  1.97675987]

cluster 3
size:399
#f781bf
[ 3.0117307   4.40443739  3.45069315  3.54861227  4.76187054  2.38793508
  3.43395862]

cluster 4
size:846
#a65628
[ 2.50463339  4.70248104  2.8717901   2.79521038  2.47008524  0.951258
  3.26331328]

cluster 5
size:376
#984ea3
[ 1.65910293  4.71694718  0.          1.74387034  2.39602556  0.77489825
  2.79396739]

