cluster 0
size:183
#377eb8
[ 1.78842331  4.65274179  2.22205952  2.65784201  2.18663656  1.58179004
  0.        ]

cluster 1
size:495
#ff7f00
[ 3.00794297  4.40171226  3.43469009  3.55079186  4.74434487  2.03163055
  3.4258754 ]

cluster 2
size:617
#4daf4a
[ 1.84201549  4.75721231  2.7192126   2.09056382  4.07779044  1.20073785
  3.36550054]

cluster 3
size:344
#f781bf
[ 1.66257042  4.72336347  0.          1.71455251  2.42427308  0.77207052
  3.05387133]

cluster 4
size:360
#a65628
[ 2.17020205  4.69429353  3.11922105  4.39905564  2.6971915   3.8298736
  3.09212877]

cluster 5
size:1010
#984ea3
[ 1.96985258  4.73359788  2.63256556  2.39871471  2.11789305  0.92636345
  3.07696655]

