cluster 0
size:376
#377eb8
[ 1.65910293  4.71694718  0.          1.74387034  2.39602556  0.77489825
  2.79396739]

cluster 1
size:559
#ff7f00
[ 1.69623387  4.74798533  2.6760697   1.92022067  4.06842187  1.16400599
  3.32669631]

cluster 2
size:404
#4daf4a
[ 1.16424294  4.70314864  2.37429054  2.02370287  2.02185049  0.93736792
  1.96244682]

cluster 3
size:819
#f781bf
[ 2.47170907  4.74110021  2.81306636  2.74901693  2.33050195  1.08687389
  3.24138906]

cluster 4
size:374
#a65628
[ 2.12690209  4.69010442  3.11321668  4.40056412  2.78711372  3.8266414
  2.81505029]

cluster 5
size:477
#984ea3
[ 3.00486828  4.39494288  3.4444292   3.53488991  4.74962284  2.04172426
  3.42399692]

