cluster 0
size:909
#377eb8
[ 2.82930615  4.5429857   3.16458004  3.33345846  4.4094661   1.86571742
  3.36812464]

cluster 1
size:640
#ff7f00
[ 2.39492701  4.7683788   2.65304066  2.47902253  1.7981908   0.67197111
  2.8249989 ]

cluster 2
size:350
#4daf4a
[ 1.56117913  4.73484504  2.459726    1.00452056  3.77895973  0.79259306
  3.18221499]

cluster 3
size:371
#f781bf
[ 1.6900235   4.72011266  0.04445277  1.76924909  2.28382752  0.68308699
  2.74348205]

cluster 4
size:457
#a65628
[ 2.16550695  4.67525787  3.07857096  4.35136242  2.67917703  3.72744255
  2.76519189]

cluster 5
size:282
#984ea3
[ 0.09873828  4.73379088  2.50894031  1.83276064  2.3235679   0.90667041
  2.76181593]

