59.7371512482 3.40234948605 7.73127753304 3.73274596182 0.0 58.5961820852 10.3333333333 ;
60.0322973796 3.45048750762 1.61486898233 0.495886654479 0.83211456429 2.00045703839 0.0 ;
57.178870674 3.19016393443 4.67686703097 2.14025500911 0.0 31.7595628415 4.68342440801 ;
63.6245110821 4.53129074316 7.34680573664 1.95436766623 1.72620599739 8.46219035202 1.01694915254 ;
56.2136805773 2.96579855664 2.25917791026 1.0 0.0 13.5748352683 1.65798556636 ;
59.7692307692 3.93243243243 1.86798336798 0.365384615385 1.0 3.93035343035 0.365384615385 ;
62.894590846 4.37170596394 10.8072122053 2.77808599168 2.10957004161 9.99029126214 1.22191400832 ;
56.8060153882 3.14945208673 4.8715318256 2.16530659827 0.0 33.7631149452 5.17043599907 ;
56.096828855 2.75260227548 1.14645364319 0.471798595982 0.0 6.60009682885 0.720648753328 ;
63.8294020845 3.98491497532 2.78579264948 1.07377948437 1.27948436643 2.63823368075 0.0 ;
62.0453802126 3.8399427637 2.37959934587 0.79517579722 1.21484055601 2.33605887163 0.0 ;
55.9858906526 2.71730914588 1.08339632149 0.435626102293 0.0 6.21567145377 0.67044595616 ;
62.912987013 4.41038961039 10.4376623377 2.7 2.02597402597 10.3753246753 1.27662337662 ;
65.6342668863 5.03953871499 2.98187808896 1.0 1.0 7.9373970346 1.0 ;
56.8801699083 3.15247037782 4.78090766823 2.13547954393 0.0 32.9877040018 5.02705119607 ;
63.6245110821 4.53129074316 7.34680573664 1.95436766623 1.72620599739 8.46219035202 1.01694915254 ;
56.2136805773 2.96579855664 2.25917791026 1.0 0.0 13.5748352683 1.65798556636 ;
60.0322973796 3.45048750762 1.61486898233 0.495886654479 0.83211456429 2.00045703839 0.0 ;
59.6671709531 3.39636913767 7.75642965204 3.75340393343 0.0 58.9636913767 10.4236006051 ;
57.2141048825 3.1931283906 4.69294755877 2.14683544304 0.0 31.8658227848 4.7027124774 ;
63.8294020845 3.98491497532 2.78579264948 1.07377948437 1.27948436643 2.63823368075 0.0 ;
56.8063759962 3.15049226442 4.87951242382 2.16690107829 0.0 33.8291139241 5.18330989217 ;
59.7692307692 3.93243243243 1.86798336798 0.365384615385 1.0 3.93035343035 0.365384615385 ;
62.894590846 4.37170596394 10.8072122053 2.77808599168 2.10957004161 9.99029126214 1.22191400832 ;
56.1003851709 2.75373134328 1.15888300433 0.479537794896 0.0 6.68271545498 0.732065479056 ;
62.0 3.33333333333 6.0 2.66666666667 1.33333333333 20.0 5.66666666667 ;
63.6986928105 4.56666666667 7.32222222222 1.94836601307 1.70522875817 8.53790849673 1.02156862745 ;
58.4303104078 3.31223371881 6.58734023128 3.0797321972 0.0 47.9945222155 7.96835057821 ;
60.3852781137 3.48140870617 1.62197702539 0.527660217654 0.830864570738 1.94195888755 0.0 ;
55.9640170766 2.97906078471 2.92701768652 1.28420410653 0.0 18.628379752 2.45273429559 ;
56.8802864175 3.15260684717 4.78317296934 2.13627209667 0.0 33.0035802193 5.03020810025 ;
62.0453802126 3.8399427637 2.37959934587 0.79517579722 1.21484055601 2.33605887163 0.0 ;
55.9866599547 2.71759375787 1.08457085326 0.436446010571 0.0 6.22476717845 0.671281147747 ;
65.6342668863 5.03953871499 2.98187808896 1.0 1.0 7.9373970346 1.0 ;
62.912987013 4.41038961039 10.4376623377 2.7 2.02597402597 10.3753246753 1.27662337662 ;
60.0322973796 3.45048750762 1.61486898233 0.495886654479 0.83211456429 2.00045703839 0.0 ;
59.6671709531 3.39636913767 7.75642965204 3.75340393343 0.0 58.9636913767 10.4236006051 ;
56.2136805773 2.96579855664 2.25917791026 1.0 0.0 13.5748352683 1.65798556636 ;
57.2141048825 3.1931283906 4.69294755877 2.14683544304 0.0 31.8658227848 4.7027124774 ;
63.6245110821 4.53129074316 7.34680573664 1.95436766623 1.72620599739 8.46219035202 1.01694915254 ;
61.7439393939 3.95606060606 11.9227272727 2.97272727273 2.30606060606 9.74696969697 1.16060606061 ;
60.4634696332 3.49188214071 1.67558628984 0.541491280818 0.84771497294 1.94783523752 0.0 ;
58.6533762058 3.32733118971 6.64694533762 3.10996784566 0.0 48.5807073955 8.10225080386 ;
66.0444938821 5.02113459399 3.42714126808 1.12903225806 1.05561735261 8.05561735261 1.0 ;
55.593124368 2.95227502528 2.9809908999 1.30273003033 0.0 19.0665318504 2.52234580384 ;
60.3852781137 3.48140870617 1.62197702539 0.527660217654 0.830864570738 1.94195888755 0.0 ;
62.0 3.33333333333 6.0 2.66666666667 1.33333333333 20.0 5.66666666667 ;
55.9640170766 2.97906078471 2.92701768652 1.28420410653 0.0 18.628379752 2.45273429559 ;
63.6986928105 4.56666666667 7.32222222222 1.94836601307 1.70522875817 8.53790849673 1.02156862745 ;
58.4303104078 3.31223371881 6.58734023128 3.0797321972 0.0 47.9945222155 7.96835057821 ;
62.0506742951 3.83939517777 2.37719656723 0.794850837761 1.21373109931 2.33776052309 0.0 ;
55.9701937407 2.72006954794 1.10531544958 0.447342275211 0.0 6.35817188276 0.686289120715 ;
65.6342668863 5.03953871499 2.98187808896 1.0 1.0 7.9373970346 1.0 ;
56.8984817584 3.15567641061 4.81101291638 2.14751869477 0.0 33.2220711534 5.07228642647 ;
62.9014267185 4.40985732815 10.4383916991 2.70038910506 2.02723735409 10.3670557717 1.27496757458 ;
56.2136805773 2.96579855664 2.25917791026 1.0 0.0 13.5748352683 1.65798556636 ;
63.6245110821 4.53129074316 7.34680573664 1.95436766623 1.72620599739 8.46219035202 1.01694915254 ;
59.6671709531 3.39636913767 7.75642965204 3.75340393343 0.0 58.9636913767 10.4236006051 ;
60.0322973796 3.45048750762 1.61486898233 0.495886654479 0.83211456429 2.00045703839 0.0 ;
57.2141048825 3.1931283906 4.69294755877 2.14683544304 0.0 31.8658227848 4.7027124774 ;
60.0322973796 3.45048750762 1.61486898233 0.495886654479 0.83211456429 2.00045703839 0.0 ;
56.2136805773 2.96579855664 2.25917791026 1.0 0.0 13.5748352683 1.65798556636 ;
59.6671709531 3.39636913767 7.75642965204 3.75340393343 0.0 58.9636913767 10.4236006051 ;
63.6245110821 4.53129074316 7.34680573664 1.95436766623 1.72620599739 8.46219035202 1.01694915254 ;
57.2141048825 3.1931283906 4.69294755877 2.14683544304 0.0 31.8658227848 4.7027124774 ;
56.022812735 2.7227375282 1.09400852344 0.441464026072 0.0 6.2770117824 0.678616194535 ;
62.0535568275 3.83932951758 2.37367130008 0.79415372036 1.21300081766 2.33667211774 0.0 ;
56.8435955056 3.14966292135 4.79033707865 2.13865168539 0.0 33.0714606742 5.04269662921 ;
62.8809831824 4.40879689521 10.4398447607 2.69987063389 2.0297542044 10.3531694696 1.27166882277 ;
65.6342668863 5.03953871499 2.98187808896 1.0 1.0 7.9373970346 1.0 ;
63.6986928105 4.56666666667 7.32222222222 1.94836601307 1.70522875817 8.53790849673 1.02156862745 ;
58.4221411192 3.31204379562 6.58515815085 3.07907542579 0.0 47.9854014599 7.96654501217 ;
60.3852781137 3.48140870617 1.62197702539 0.527660217654 0.830864570738 1.94195888755 0.0 ;
62.0 3.33333333333 6.0 2.66666666667 1.33333333333 20.0 5.66666666667 ;
55.9662464416 2.97905652704 2.92700284669 1.28405856039 0.0 18.6254575031 2.45221634811 ;
62.0 3.33333333333 6.0 2.66666666667 1.33333333333 20.0 5.66666666667 ;
63.6986928105 4.56666666667 7.32222222222 1.94836601307 1.70522875817 8.53790849673 1.02156862745 ;
60.3852781137 3.48140870617 1.62197702539 0.527660217654 0.830864570738 1.94195888755 0.0 ;
58.4221411192 3.31204379562 6.58515815085 3.07907542579 0.0 47.9854014599 7.96654501217 ;
55.9662464416 2.97905652704 2.92700284669 1.28405856039 0.0 18.6254575031 2.45221634811 ;
55.9858906526 2.71730914588 1.08339632149 0.435626102293 0.0 6.21567145377 0.67044595616 ;
62.912987013 4.41038961039 10.4376623377 2.7 2.02597402597 10.3753246753 1.27662337662 ;
65.6342668863 5.03953871499 2.98187808896 1.0 1.0 7.9373970346 1.0 ;
56.8801699083 3.15247037782 4.78090766823 2.13547954393 0.0 32.9877040018 5.02705119607 ;
62.0453802126 3.8399427637 2.37959934587 0.79517579722 1.21484055601 2.33605887163 0.0 ;
62.0 3.33333333333 6.0 2.66666666667 1.33333333333 20.0 5.66666666667 ;
55.9640170766 2.97906078471 2.92701768652 1.28420410653 0.0 18.628379752 2.45273429559 ;
58.4303104078 3.31223371881 6.58734023128 3.0797321972 0.0 47.9945222155 7.96835057821 ;
60.3852781137 3.48140870617 1.62197702539 0.527660217654 0.830864570738 1.94195888755 0.0 ;
63.6986928105 4.56666666667 7.32222222222 1.94836601307 1.70522875817 8.53790849673 1.02156862745 ;
55.9640170766 2.97906078471 2.92701768652 1.28420410653 0.0 18.628379752 2.45273429559 ;
60.3852781137 3.48140870617 1.62197702539 0.527660217654 0.830864570738 1.94195888755 0.0 ;
63.6986928105 4.56666666667 7.32222222222 1.94836601307 1.70522875817 8.53790849673 1.02156862745 ;
58.4303104078 3.31223371881 6.58734023128 3.0797321972 0.0 47.9945222155 7.96835057821 ;
62.0 3.33333333333 6.0 2.66666666667 1.33333333333 20.0 5.66666666667 ;
63.6986928105 4.56666666667 7.32222222222 1.94836601307 1.70522875817 8.53790849673 1.02156862745 ;
58.4221411192 3.31204379562 6.58515815085 3.07907542579 0.0 47.9854014599 7.96654501217 ;
60.3852781137 3.48140870617 1.62197702539 0.527660217654 0.830864570738 1.94195888755 0.0 ;
55.9662464416 2.97905652704 2.92700284669 1.28405856039 0.0 18.6254575031 2.45221634811 ;
62.0 3.33333333333 6.0 2.66666666667 1.33333333333 20.0 5.66666666667 ;
63.6986928105 4.56666666667 7.32222222222 1.94836601307 1.70522875817 8.53790849673 1.02156862745 ;
58.4303104078 3.31223371881 6.58734023128 3.0797321972 0.0 47.9945222155 7.96835057821 ;
55.9640170766 2.97906078471 2.92701768652 1.28420410653 0.0 18.628379752 2.45273429559 ;
60.3852781137 3.48140870617 1.62197702539 0.527660217654 0.830864570738 1.94195888755 0.0 ;
62.0 3.33333333333 6.0 2.66666666667 1.33333333333 20.0 5.66666666667 ;
60.0322973796 3.45048750762 1.61486898233 0.495886654479 0.83211456429 2.00045703839 0.0 ;
56.2136805773 2.96579855664 2.25917791026 1.0 0.0 13.5748352683 1.65798556636 ;
63.6245110821 4.53129074316 7.34680573664 1.95436766623 1.72620599739 8.46219035202 1.01694915254 ;
57.2141048825 3.1931283906 4.69294755877 2.14683544304 0.0 31.8658227848 4.7027124774 ;
59.6671709531 3.39636913767 7.75642965204 3.75340393343 0.0 58.9636913767 10.4236006051 ;
63.6986928105 4.56666666667 7.32222222222 1.94836601307 1.70522875817 8.53790849673 1.02156862745 ;
58.4303104078 3.31223371881 6.58734023128 3.0797321972 0.0 47.9945222155 7.96835057821 ;
62.0 3.33333333333 6.0 2.66666666667 1.33333333333 20.0 5.66666666667 ;
60.3852781137 3.48140870617 1.62197702539 0.527660217654 0.830864570738 1.94195888755 0.0 ;
55.9640170766 2.97906078471 2.92701768652 1.28420410653 0.0 18.628379752 2.45273429559 ;
63.6245110821 4.53129074316 7.34680573664 1.95436766623 1.72620599739 8.46219035202 1.01694915254 ;
56.2136805773 2.96579855664 2.25917791026 1.0 0.0 13.5748352683 1.65798556636 ;
59.6671709531 3.39636913767 7.75642965204 3.75340393343 0.0 58.9636913767 10.4236006051 ;
60.0322973796 3.45048750762 1.61486898233 0.495886654479 0.83211456429 2.00045703839 0.0 ;
57.2141048825 3.1931283906 4.69294755877 2.14683544304 0.0 31.8658227848 4.7027124774 ;
62.0 3.33333333333 6.0 2.66666666667 1.33333333333 20.0 5.66666666667 ;
55.9640170766 2.97906078471 2.92701768652 1.28420410653 0.0 18.628379752 2.45273429559 ;
60.3852781137 3.48140870617 1.62197702539 0.527660217654 0.830864570738 1.94195888755 0.0 ;
58.4303104078 3.31223371881 6.58734023128 3.0797321972 0.0 47.9945222155 7.96835057821 ;
63.6986928105 4.56666666667 7.32222222222 1.94836601307 1.70522875817 8.53790849673 1.02156862745 ;
60.3852781137 3.48140870617 1.62197702539 0.527660217654 0.830864570738 1.94195888755 0.0 ;
55.9640170766 2.97906078471 2.92701768652 1.28420410653 0.0 18.628379752 2.45273429559 ;
63.6986928105 4.56666666667 7.32222222222 1.94836601307 1.70522875817 8.53790849673 1.02156862745 ;
58.4303104078 3.31223371881 6.58734023128 3.0797321972 0.0 47.9945222155 7.96835057821 ;
62.0 3.33333333333 6.0 2.66666666667 1.33333333333 20.0 5.66666666667 ;
56.2136805773 2.96579855664 2.25917791026 1.0 0.0 13.5748352683 1.65798556636 ;
63.6245110821 4.53129074316 7.34680573664 1.95436766623 1.72620599739 8.46219035202 1.01694915254 ;
57.2141048825 3.1931283906 4.69294755877 2.14683544304 0.0 31.8658227848 4.7027124774 ;
60.0322973796 3.45048750762 1.61486898233 0.495886654479 0.83211456429 2.00045703839 0.0 ;
59.6671709531 3.39636913767 7.75642965204 3.75340393343 0.0 58.9636913767 10.4236006051 ;
63.6986928105 4.56666666667 7.32222222222 1.94836601307 1.70522875817 8.53790849673 1.02156862745 ;
55.9640170766 2.97906078471 2.92701768652 1.28420410653 0.0 18.628379752 2.45273429559 ;
62.0 3.33333333333 6.0 2.66666666667 1.33333333333 20.0 5.66666666667 ;
58.4303104078 3.31223371881 6.58734023128 3.0797321972 0.0 47.9945222155 7.96835057821 ;
60.3852781137 3.48140870617 1.62197702539 0.527660217654 0.830864570738 1.94195888755 0.0 ;
63.6245110821 4.53129074316 7.34680573664 1.95436766623 1.72620599739 8.46219035202 1.01694915254 ;
57.2141048825 3.1931283906 4.69294755877 2.14683544304 0.0 31.8658227848 4.7027124774 ;
56.2136805773 2.96579855664 2.25917791026 1.0 0.0 13.5748352683 1.65798556636 ;
60.0322973796 3.45048750762 1.61486898233 0.495886654479 0.83211456429 2.00045703839 0.0 ;
59.6671709531 3.39636913767 7.75642965204 3.75340393343 0.0 58.9636913767 10.4236006051 ;
55.9701937407 2.72006954794 1.10531544958 0.447342275211 0.0 6.35817188276 0.686289120715 ;
62.0506742951 3.83939517777 2.37719656723 0.794850837761 1.21373109931 2.33776052309 0.0 ;
56.8984817584 3.15567641061 4.81101291638 2.14751869477 0.0 33.2220711534 5.07228642647 ;
62.9014267185 4.40985732815 10.4383916991 2.70038910506 2.02723735409 10.3670557717 1.27496757458 ;
65.6342668863 5.03953871499 2.98187808896 1.0 1.0 7.9373970346 1.0 ;
60.3852781137 3.48140870617 1.62197702539 0.527660217654 0.830864570738 1.94195888755 0.0 ;
58.4303104078 3.31223371881 6.58734023128 3.0797321972 0.0 47.9945222155 7.96835057821 ;
63.6986928105 4.56666666667 7.32222222222 1.94836601307 1.70522875817 8.53790849673 1.02156862745 ;
55.9640170766 2.97906078471 2.92701768652 1.28420410653 0.0 18.628379752 2.45273429559 ;
62.0 3.33333333333 6.0 2.66666666667 1.33333333333 20.0 5.66666666667 ;
60.3852781137 3.48140870617 1.62197702539 0.527660217654 0.830864570738 1.94195888755 0.0 ;
58.4221411192 3.31204379562 6.58515815085 3.07907542579 0.0 47.9854014599 7.96654501217 ;
62.0 3.33333333333 6.0 2.66666666667 1.33333333333 20.0 5.66666666667 ;
63.6986928105 4.56666666667 7.32222222222 1.94836601307 1.70522875817 8.53790849673 1.02156862745 ;
55.9662464416 2.97905652704 2.92700284669 1.28405856039 0.0 18.6254575031 2.45221634811 ;
65.6342668863 5.03953871499 2.98187808896 1.0 1.0 7.9373970346 1.0 ;
55.9866599547 2.71759375787 1.08457085326 0.436446010571 0.0 6.22476717845 0.671281147747 ;
56.8802864175 3.15260684717 4.78317296934 2.13627209667 0.0 33.0035802193 5.03020810025 ;
62.912987013 4.41038961039 10.4376623377 2.7 2.02597402597 10.3753246753 1.27662337662 ;
62.0453802126 3.8399427637 2.37959934587 0.79517579722 1.21484055601 2.33605887163 0.0 ;
65.6342668863 5.03953871499 2.98187808896 1.0 1.0 7.9373970346 1.0 ;
56.818383659 3.14809058615 4.76642984014 2.1289964476 0.0 32.881660746 5.00577264654 ;
56.0421640843 2.71907543815 1.07061214122 0.42951485903 0.0 6.12623825248 0.660655321311 ;
62.9109677419 4.40903225806 10.4412903226 2.69935483871 2.03225806452 10.335483871 1.26838709677 ;
62.0495090016 3.83919803601 2.37070376432 0.793371522095 1.21276595745 2.33490180033 0.0 ;
55.9640170766 2.97906078471 2.92701768652 1.28420410653 0.0 18.628379752 2.45273429559 ;
60.3852781137 3.48140870617 1.62197702539 0.527660217654 0.830864570738 1.94195888755 0.0 ;
62.0 3.33333333333 6.0 2.66666666667 1.33333333333 20.0 5.66666666667 ;
58.4303104078 3.31223371881 6.58734023128 3.0797321972 0.0 47.9945222155 7.96835057821 ;
63.6986928105 4.56666666667 7.32222222222 1.94836601307 1.70522875817 8.53790849673 1.02156862745 ;
63.6245110821 4.53129074316 7.34680573664 1.95436766623 1.72620599739 8.46219035202 1.01694915254 ;
57.178870674 3.19016393443 4.67686703097 2.14025500911 0.0 31.7595628415 4.68342440801 ;
60.0322973796 3.45048750762 1.61486898233 0.495886654479 0.83211456429 2.00045703839 0.0 ;
59.7371512482 3.40234948605 7.73127753304 3.73274596182 0.0 58.5961820852 10.3333333333 ;
56.2136805773 2.96579855664 2.25917791026 1.0 0.0 13.5748352683 1.65798556636 ;
62.0211597152 3.83560528993 2.36236012208 0.793692777213 1.20549338759 2.3481180061 0.0 ;
56.7814021422 3.15433300876 4.9406037001 2.1893865628 0.0 34.3101265823 5.28018500487 ;
65.6342668863 5.03953871499 2.98187808896 1.0 1.0 7.9373970346 1.0 ;
56.1409988386 2.74912891986 1.24274099884 0.524274099884 0.0 7.22717770035 0.801858304297 ;
62.9162371134 4.40979381443 10.4458762887 2.70360824742 2.03350515464 10.3621134021 1.27190721649 ;
62.9162371134 4.40979381443 10.4458762887 2.70360824742 2.03350515464 10.3621134021 1.27190721649 ;
65.6342668863 5.03953871499 2.98187808896 1.0 1.0 7.9373970346 1.0 ;
56.7814021422 3.15433300876 4.9406037001 2.1893865628 0.0 34.3101265823 5.28018500487 ;
62.0211597152 3.83560528993 2.36236012208 0.793692777213 1.20549338759 2.3481180061 0.0 ;
56.1409988386 2.74912891986 1.24274099884 0.524274099884 0.0 7.22717770035 0.801858304297 ;
59.7692307692 3.93243243243 1.86798336798 0.365384615385 1.0 3.93035343035 0.365384615385 ;
62.8593103448 4.39172413793 10.7517241379 2.76689655172 2.09793103448 9.98068965517 1.21931034483 ;
63.8251096491 3.98492324561 2.78536184211 1.07373903509 1.27878289474 2.64007675439 0.0 ;
56.0739292365 2.79683426443 1.65344506518 0.68938547486 0.0 10.0208566108 1.20391061453 ;
57.1360052562 3.22601839685 5.50065703022 2.47339027595 0.0 38.8363994744 6.13830486202 ;
63.6986928105 4.56666666667 7.32222222222 1.94836601307 1.70522875817 8.53790849673 1.02156862745 ;
62.0 3.33333333333 6.0 2.66666666667 1.33333333333 20.0 5.66666666667 ;
55.9662464416 2.97905652704 2.92700284669 1.28405856039 0.0 18.6254575031 2.45221634811 ;
60.3852781137 3.48140870617 1.62197702539 0.527660217654 0.830864570738 1.94195888755 0.0 ;
58.4221411192 3.31204379562 6.58515815085 3.07907542579 0.0 47.9854014599 7.96654501217 ;
60.3852781137 3.48140870617 1.62197702539 0.527660217654 0.830864570738 1.94195888755 0.0 ;
62.0 3.33333333333 6.0 2.66666666667 1.33333333333 20.0 5.66666666667 ;
63.6986928105 4.56666666667 7.32222222222 1.94836601307 1.70522875817 8.53790849673 1.02156862745 ;
55.9662464416 2.97905652704 2.92700284669 1.28405856039 0.0 18.6254575031 2.45221634811 ;
58.4221411192 3.31204379562 6.58515815085 3.07907542579 0.0 47.9854014599 7.96654501217 ;
55.9866599547 2.71759375787 1.08457085326 0.436446010571 0.0 6.22476717845 0.671281147747 ;
65.6342668863 5.03953871499 2.98187808896 1.0 1.0 7.9373970346 1.0 ;
62.0453802126 3.8399427637 2.37959934587 0.79517579722 1.21484055601 2.33605887163 0.0 ;
56.8802864175 3.15260684717 4.78317296934 2.13627209667 0.0 33.0035802193 5.03020810025 ;
62.912987013 4.41038961039 10.4376623377 2.7 2.02597402597 10.3753246753 1.27662337662 ;
60.0322973796 3.45048750762 1.61486898233 0.495886654479 0.83211456429 2.00045703839 0.0 ;
56.2136805773 2.96579855664 2.25917791026 1.0 0.0 13.5748352683 1.65798556636 ;
57.2141048825 3.1931283906 4.69294755877 2.14683544304 0.0 31.8658227848 4.7027124774 ;
63.6245110821 4.53129074316 7.34680573664 1.95436766623 1.72620599739 8.46219035202 1.01694915254 ;
59.6671709531 3.39636913767 7.75642965204 3.75340393343 0.0 58.9636913767 10.4236006051 ;
60.3852781137 3.48140870617 1.62197702539 0.527660217654 0.830864570738 1.94195888755 0.0 ;
55.9662464416 2.97905652704 2.92700284669 1.28405856039 0.0 18.6254575031 2.45221634811 ;
63.6986928105 4.56666666667 7.32222222222 1.94836601307 1.70522875817 8.53790849673 1.02156862745 ;
58.4221411192 3.31204379562 6.58515815085 3.07907542579 0.0 47.9854014599 7.96654501217 ;
62.0 3.33333333333 6.0 2.66666666667 1.33333333333 20.0 5.66666666667 ;
55.9866599547 2.71759375787 1.08457085326 0.436446010571 0.0 6.22476717845 0.671281147747 ;
62.912987013 4.41038961039 10.4376623377 2.7 2.02597402597 10.3753246753 1.27662337662 ;
62.0453802126 3.8399427637 2.37959934587 0.79517579722 1.21484055601 2.33605887163 0.0 ;
56.8802864175 3.15260684717 4.78317296934 2.13627209667 0.0 33.0035802193 5.03020810025 ;
65.6342668863 5.03953871499 2.98187808896 1.0 1.0 7.9373970346 1.0 ;
60.0322973796 3.45048750762 1.61486898233 0.495886654479 0.83211456429 2.00045703839 0.0 ;
59.6671709531 3.39636913767 7.75642965204 3.75340393343 0.0 58.9636913767 10.4236006051 ;
63.6245110821 4.53129074316 7.34680573664 1.95436766623 1.72620599739 8.46219035202 1.01694915254 ;
56.2136805773 2.96579855664 2.25917791026 1.0 0.0 13.5748352683 1.65798556636 ;
57.2141048825 3.1931283906 4.69294755877 2.14683544304 0.0 31.8658227848 4.7027124774 ;
56.8466650843 3.15499643959 4.89532399715 2.17493472585 0.0 33.9240446238 5.20579159744 ;
56.0620985011 2.73852010469 1.19628836545 0.49750178444 0.0 6.93552224601 0.763978110873 ;
62.0217789538 3.83614899247 2.36433950743 0.794015876247 1.20659474863 2.34724201099 0.0 ;
65.6342668863 5.03953871499 2.98187808896 1.0 1.0 7.9373970346 1.0 ;
62.9225806452 4.41032258065 10.4451612903 2.70322580645 2.03225806452 10.3703225806 1.2735483871 ;
62.0453802126 3.8399427637 2.37959934587 0.79517579722 1.21484055601 2.33605887163 0.0 ;
56.8802864175 3.15260684717 4.78317296934 2.13627209667 0.0 33.0035802193 5.03020810025 ;
55.9866599547 2.71759375787 1.08457085326 0.436446010571 0.0 6.22476717845 0.671281147747 ;
62.912987013 4.41038961039 10.4376623377 2.7 2.02597402597 10.3753246753 1.27662337662 ;
65.6342668863 5.03953871499 2.98187808896 1.0 1.0 7.9373970346 1.0 ;
60.0322973796 3.45048750762 1.61486898233 0.495886654479 0.83211456429 2.00045703839 0.0 ;
57.2141048825 3.1931283906 4.69294755877 2.14683544304 0.0 31.8658227848 4.7027124774 ;
56.2136805773 2.96579855664 2.25917791026 1.0 0.0 13.5748352683 1.65798556636 ;
63.6245110821 4.53129074316 7.34680573664 1.95436766623 1.72620599739 8.46219035202 1.01694915254 ;
59.6671709531 3.39636913767 7.75642965204 3.75340393343 0.0 58.9636913767 10.4236006051 ;
65.6342668863 5.03953871499 2.98187808896 1.0 1.0 7.9373970346 1.0 ;
56.9028597367 3.15592374035 4.8138901498 2.14866091693 0.0 33.245574217 5.0767135724 ;
62.8950777202 4.40932642487 10.439119171 2.69948186528 2.02849740933 10.3588082902 1.27331606218 ;
55.9670220679 2.7205554178 1.10860401686 0.449045375651 0.0 6.37912224151 0.689065212001 ;
62.0515021459 3.83936235438 2.37543429389 0.794604537094 1.21336603311 2.33742080523 0.0 ;
56.2136805773 2.96579855664 2.25917791026 1.0 0.0 13.5748352683 1.65798556636 ;
60.0322973796 3.45048750762 1.61486898233 0.495886654479 0.83211456429 2.00045703839 0.0 ;
63.6245110821 4.53129074316 7.34680573664 1.95436766623 1.72620599739 8.46219035202 1.01694915254 ;
57.2141048825 3.1931283906 4.69294755877 2.14683544304 0.0 31.8658227848 4.7027124774 ;
59.6671709531 3.39636913767 7.75642965204 3.75340393343 0.0 58.9636913767 10.4236006051 ;
56.1003851709 2.75373134328 1.15888300433 0.479537794896 0.0 6.68271545498 0.732065479056 ;
59.7692307692 3.93243243243 1.86798336798 0.365384615385 1.0 3.93035343035 0.365384615385 ;
56.8063759962 3.15049226442 4.87951242382 2.16690107829 0.0 33.8291139241 5.18330989217 ;
63.8294020845 3.98491497532 2.78579264948 1.07377948437 1.27948436643 2.63823368075 0.0 ;
62.894590846 4.37170596394 10.8072122053 2.77808599168 2.10957004161 9.99029126214 1.22191400832 ;
56.2136805773 2.96579855664 2.25917791026 1.0 0.0 13.5748352683 1.65798556636 ;
60.0322973796 3.45048750762 1.61486898233 0.495886654479 0.83211456429 2.00045703839 0.0 ;
59.7371512482 3.40234948605 7.73127753304 3.73274596182 0.0 58.5961820852 10.3333333333 ;
63.6245110821 4.53129074316 7.34680573664 1.95436766623 1.72620599739 8.46219035202 1.01694915254 ;
57.178870674 3.19016393443 4.67686703097 2.14025500911 0.0 31.7595628415 4.68342440801 ;
62.0 3.33333333333 6.0 2.66666666667 1.33333333333 20.0 5.66666666667 ;
55.9662464416 2.97905652704 2.92700284669 1.28405856039 0.0 18.6254575031 2.45221634811 ;
63.6986928105 4.56666666667 7.32222222222 1.94836601307 1.70522875817 8.53790849673 1.02156862745 ;
60.3852781137 3.48140870617 1.62197702539 0.527660217654 0.830864570738 1.94195888755 0.0 ;
58.4221411192 3.31204379562 6.58515815085 3.07907542579 0.0 47.9854014599 7.96654501217 ;
62.0 3.33333333333 6.0 2.66666666667 1.33333333333 20.0 5.66666666667 ;
60.3852781137 3.48140870617 1.62197702539 0.527660217654 0.830864570738 1.94195888755 0.0 ;
58.4303104078 3.31223371881 6.58734023128 3.0797321972 0.0 47.9945222155 7.96835057821 ;
55.9640170766 2.97906078471 2.92701768652 1.28420410653 0.0 18.628379752 2.45273429559 ;
63.6986928105 4.56666666667 7.32222222222 1.94836601307 1.70522875817 8.53790849673 1.02156862745 ;
63.8294020845 3.98491497532 2.78579264948 1.07377948437 1.27948436643 2.63823368075 0.0 ;
56.8063759962 3.15049226442 4.87951242382 2.16690107829 0.0 33.8291139241 5.18330989217 ;
59.7692307692 3.93243243243 1.86798336798 0.365384615385 1.0 3.93035343035 0.365384615385 ;
56.1003851709 2.75373134328 1.15888300433 0.479537794896 0.0 6.68271545498 0.732065479056 ;
62.894590846 4.37170596394 10.8072122053 2.77808599168 2.10957004161 9.99029126214 1.22191400832 ;
63.6986928105 4.56666666667 7.32222222222 1.94836601307 1.70522875817 8.53790849673 1.02156862745 ;
55.9662464416 2.97905652704 2.92700284669 1.28405856039 0.0 18.6254575031 2.45221634811 ;
58.4221411192 3.31204379562 6.58515815085 3.07907542579 0.0 47.9854014599 7.96654501217 ;
60.3852781137 3.48140870617 1.62197702539 0.527660217654 0.830864570738 1.94195888755 0.0 ;
62.0 3.33333333333 6.0 2.66666666667 1.33333333333 20.0 5.66666666667 ;
56.1001685529 2.75367204431 1.15843968216 0.479171683121 0.0 6.67926799904 0.731519383578 ;
56.8064213733 3.15045699555 4.8790719475 2.16686196391 0.0 33.8261073354 5.18279821889 ;
62.894590846 4.37170596394 10.8072122053 2.77808599168 2.10957004161 9.99029126214 1.22191400832 ;
59.7692307692 3.93243243243 1.86798336798 0.365384615385 1.0 3.93035343035 0.365384615385 ;
63.8294020845 3.98491497532 2.78579264948 1.07377948437 1.27948436643 2.63823368075 0.0 ;
60.3852781137 3.48140870617 1.62197702539 0.527660217654 0.830864570738 1.94195888755 0.0 ;
58.4221411192 3.31204379562 6.58515815085 3.07907542579 0.0 47.9854014599 7.96654501217 ;
63.6986928105 4.56666666667 7.32222222222 1.94836601307 1.70522875817 8.53790849673 1.02156862745 ;
62.0 3.33333333333 6.0 2.66666666667 1.33333333333 20.0 5.66666666667 ;
55.9662464416 2.97905652704 2.92700284669 1.28405856039 0.0 18.6254575031 2.45221634811 ;
63.6245110821 4.53129074316 7.34680573664 1.95436766623 1.72620599739 8.46219035202 1.01694915254 ;
60.0322973796 3.45048750762 1.61486898233 0.495886654479 0.83211456429 2.00045703839 0.0 ;
57.2141048825 3.1931283906 4.69294755877 2.14683544304 0.0 31.8658227848 4.7027124774 ;
56.2136805773 2.96579855664 2.25917791026 1.0 0.0 13.5748352683 1.65798556636 ;
59.6671709531 3.39636913767 7.75642965204 3.75340393343 0.0 58.9636913767 10.4236006051 ;
65.6342668863 5.03953871499 2.98187808896 1.0 1.0 7.9373970346 1.0 ;
56.8681115979 3.15448466682 4.8402121282 2.15771270463 0.0 33.4731381139 5.12105141803 ;
62.8979328165 4.40956072351 10.4405684755 2.69896640827 2.03100775194 10.3449612403 1.27002583979 ;
62.041445488 3.83870967742 2.37015108207 0.79399755002 1.21090240915 2.33973050225 0.0 ;
56.0202686203 2.72796092796 1.1431013431 0.467399267399 0.0 6.59365079365 0.717216117216 ;
55.9670220679 2.7205554178 1.10860401686 0.449045375651 0.0 6.37912224151 0.689065212001 ;
62.0515021459 3.83936235438 2.37543429389 0.794604537094 1.21336603311 2.33742080523 0.0 ;
56.9028597367 3.15592374035 4.8138901498 2.14866091693 0.0 33.245574217 5.0767135724 ;
62.8950777202 4.40932642487 10.439119171 2.69948186528 2.02849740933 10.3588082902 1.27331606218 ;
65.6342668863 5.03953871499 2.98187808896 1.0 1.0 7.9373970346 1.0 ;
55.9640170766 2.97906078471 2.92701768652 1.28420410653 0.0 18.628379752 2.45273429559 ;
63.6986928105 4.56666666667 7.32222222222 1.94836601307 1.70522875817 8.53790849673 1.02156862745 ;
58.4303104078 3.31223371881 6.58734023128 3.0797321972 0.0 47.9945222155 7.96835057821 ;
62.0 3.33333333333 6.0 2.66666666667 1.33333333333 20.0 5.66666666667 ;
60.3852781137 3.48140870617 1.62197702539 0.527660217654 0.830864570738 1.94195888755 0.0 ;
65.6342668863 5.03953871499 2.98187808896 1.0 1.0 7.9373970346 1.0 ;
55.9866599547 2.71759375787 1.08457085326 0.436446010571 0.0 6.22476717845 0.671281147747 ;
62.912987013 4.41038961039 10.4376623377 2.7 2.02597402597 10.3753246753 1.27662337662 ;
56.8802864175 3.15260684717 4.78317296934 2.13627209667 0.0 33.0035802193 5.03020810025 ;
62.0453802126 3.8399427637 2.37959934587 0.79517579722 1.21484055601 2.33605887163 0.0 ;
60.3863945578 3.48193499622 1.62328042328 0.528042328042 0.831443688587 1.94149659864 0.0 ;
55.9555283558 2.97654018768 2.91819665443 1.28008975928 0.0 18.5652794778 2.44165646675 ;
63.7026143791 4.5660130719 7.31764705882 1.9477124183 1.70392156863 8.54117647059 1.02352941176 ;
61.0 3.5 8.5 3.5 1.5 26.5 7.0 ;
58.4265944645 3.3146811071 6.56859205776 3.0697954272 0.0 47.8267148014 7.93501805054 ;
56.8403776978 3.14950539568 4.79114208633 2.13893884892 0.0 33.0789118705 5.0440647482 ;
62.0507053772 3.83909221018 2.37190758536 0.793907176447 1.21263545287 2.33633203844 0.0 ;
62.8979328165 4.40956072351 10.4405684755 2.69896640827 2.03100775194 10.3449612403 1.27002583979 ;
56.0268103232 2.72312703583 1.09496366825 0.441994487597 0.0 6.28213480331 0.679278376347 ;
65.6342668863 5.03953871499 2.98187808896 1.0 1.0 7.9373970346 1.0 ;
59.7692307692 3.93243243243 1.86798336798 0.365384615385 1.0 3.93035343035 0.365384615385 ;
56.8065268065 3.14965034965 4.87132867133 2.16526806527 0.0 33.7603729604 5.16993006993 ;
56.096125908 2.75230024213 1.14576271186 0.471428571429 0.0 6.59636803874 0.7200968523 ;
62.894590846 4.37170596394 10.8072122053 2.77808599168 2.10957004161 9.99029126214 1.22191400832 ;
63.8294020845 3.98491497532 2.78579264948 1.07377948437 1.27948436643 2.63823368075 0.0 ;
63.6986928105 4.56666666667 7.32222222222 1.94836601307 1.70522875817 8.53790849673 1.02156862745 ;
58.4221411192 3.31204379562 6.58515815085 3.07907542579 0.0 47.9854014599 7.96654501217 ;
62.0 3.33333333333 6.0 2.66666666667 1.33333333333 20.0 5.66666666667 ;
55.9662464416 2.97905652704 2.92700284669 1.28405856039 0.0 18.6254575031 2.45221634811 ;
60.3852781137 3.48140870617 1.62197702539 0.527660217654 0.830864570738 1.94195888755 0.0 ;
63.8294020845 3.98491497532 2.78579264948 1.07377948437 1.27948436643 2.63823368075 0.0 ;
56.8063759962 3.15049226442 4.87951242382 2.16690107829 0.0 33.8291139241 5.18330989217 ;
56.1003851709 2.75373134328 1.15888300433 0.479537794896 0.0 6.68271545498 0.732065479056 ;
59.7692307692 3.93243243243 1.86798336798 0.365384615385 1.0 3.93035343035 0.365384615385 ;
62.894590846 4.37170596394 10.8072122053 2.77808599168 2.10957004161 9.99029126214 1.22191400832 ;
63.8251096491 3.98492324561 2.78536184211 1.07373903509 1.27878289474 2.64007675439 0.0 ;
56.0739292365 2.79683426443 1.65344506518 0.68938547486 0.0 10.0208566108 1.20391061453 ;
59.7692307692 3.93243243243 1.86798336798 0.365384615385 1.0 3.93035343035 0.365384615385 ;
57.1360052562 3.22601839685 5.50065703022 2.47339027595 0.0 38.8363994744 6.13830486202 ;
62.8593103448 4.39172413793 10.7517241379 2.76689655172 2.09793103448 9.98068965517 1.21931034483 ;
63.6986928105 4.56666666667 7.32222222222 1.94836601307 1.70522875817 8.53790849673 1.02156862745 ;
62.0 3.33333333333 6.0 2.66666666667 1.33333333333 20.0 5.66666666667 ;
60.3852781137 3.48140870617 1.62197702539 0.527660217654 0.830864570738 1.94195888755 0.0 ;
58.4303104078 3.31223371881 6.58734023128 3.0797321972 0.0 47.9945222155 7.96835057821 ;
55.9640170766 2.97906078471 2.92701768652 1.28420410653 0.0 18.628379752 2.45273429559 ;
63.6245110821 4.53129074316 7.34680573664 1.95436766623 1.72620599739 8.46219035202 1.01694915254 ;
57.2141048825 3.1931283906 4.69294755877 2.14683544304 0.0 31.8658227848 4.7027124774 ;
56.2136805773 2.96579855664 2.25917791026 1.0 0.0 13.5748352683 1.65798556636 ;
59.6671709531 3.39636913767 7.75642965204 3.75340393343 0.0 58.9636913767 10.4236006051 ;
60.0322973796 3.45048750762 1.61486898233 0.495886654479 0.83211456429 2.00045703839 0.0 ;
60.0322973796 3.45048750762 1.61486898233 0.495886654479 0.83211456429 2.00045703839 0.0 ;
63.6245110821 4.53129074316 7.34680573664 1.95436766623 1.72620599739 8.46219035202 1.01694915254 ;
57.2141048825 3.1931283906 4.69294755877 2.14683544304 0.0 31.8658227848 4.7027124774 ;
56.2136805773 2.96579855664 2.25917791026 1.0 0.0 13.5748352683 1.65798556636 ;
59.6671709531 3.39636913767 7.75642965204 3.75340393343 0.0 58.9636913767 10.4236006051 ;
55.9662464416 2.97905652704 2.92700284669 1.28405856039 0.0 18.6254575031 2.45221634811 ;
60.3852781137 3.48140870617 1.62197702539 0.527660217654 0.830864570738 1.94195888755 0.0 ;
63.6986928105 4.56666666667 7.32222222222 1.94836601307 1.70522875817 8.53790849673 1.02156862745 ;
58.4221411192 3.31204379562 6.58515815085 3.07907542579 0.0 47.9854014599 7.96654501217 ;
62.0 3.33333333333 6.0 2.66666666667 1.33333333333 20.0 5.66666666667 ;
56.8802864175 3.15260684717 4.78317296934 2.13627209667 0.0 33.0035802193 5.03020810025 ;
62.0453802126 3.8399427637 2.37959934587 0.79517579722 1.21484055601 2.33605887163 0.0 ;
62.912987013 4.41038961039 10.4376623377 2.7 2.02597402597 10.3753246753 1.27662337662 ;
55.9866599547 2.71759375787 1.08457085326 0.436446010571 0.0 6.22476717845 0.671281147747 ;
65.6342668863 5.03953871499 2.98187808896 1.0 1.0 7.9373970346 1.0 ;
60.0322973796 3.45048750762 1.61486898233 0.495886654479 0.83211456429 2.00045703839 0.0 ;
57.2141048825 3.1931283906 4.69294755877 2.14683544304 0.0 31.8658227848 4.7027124774 ;
56.2136805773 2.96579855664 2.25917791026 1.0 0.0 13.5748352683 1.65798556636 ;
63.6245110821 4.53129074316 7.34680573664 1.95436766623 1.72620599739 8.46219035202 1.01694915254 ;
59.6671709531 3.39636913767 7.75642965204 3.75340393343 0.0 58.9636913767 10.4236006051 ;
63.6245110821 4.53129074316 7.34680573664 1.95436766623 1.72620599739 8.46219035202 1.01694915254 ;
56.2136805773 2.96579855664 2.25917791026 1.0 0.0 13.5748352683 1.65798556636 ;
60.0322973796 3.45048750762 1.61486898233 0.495886654479 0.83211456429 2.00045703839 0.0 ;
57.2141048825 3.1931283906 4.69294755877 2.14683544304 0.0 31.8658227848 4.7027124774 ;
59.6671709531 3.39636913767 7.75642965204 3.75340393343 0.0 58.9636913767 10.4236006051 ;
56.0806337196 2.74178292741 1.20879640577 0.50342870655 0.0 7.00851265074 0.772759517616 ;
65.6342668863 5.03953871499 2.98187808896 1.0 1.0 7.9373970346 1.0 ;
62.9162371134 4.40979381443 10.4458762887 2.70360824742 2.03350515464 10.3621134021 1.27190721649 ;
56.8328158586 3.15428707905 4.90566037736 2.17936470026 0.0 34.0179125866 5.22450441844 ;
62.0225977199 3.83611563518 2.36258143322 0.793566775244 1.20622964169 2.34690553746 0.0 ;
63.8231907895 3.98519736842 2.78453947368 1.07401315789 1.27823464912 2.64144736842 0.0 ;
56.1095431715 2.75675675676 1.17388184645 0.488639081559 0.0 6.7799569481 0.745276249701 ;
59.7692307692 3.93243243243 1.86798336798 0.365384615385 1.0 3.93035343035 0.365384615385 ;
56.8050047214 3.14966949953 4.89069877243 2.16949952786 0.0 33.9258734655 5.20231350331 ;
62.879501385 4.36842105263 10.7977839335 2.77423822715 2.10941828255 9.97783933518 1.22022160665 ;
58.4303104078 3.31223371881 6.58734023128 3.0797321972 0.0 47.9945222155 7.96835057821 ;
63.6986928105 4.56666666667 7.32222222222 1.94836601307 1.70522875817 8.53790849673 1.02156862745 ;
62.0 3.33333333333 6.0 2.66666666667 1.33333333333 20.0 5.66666666667 ;
60.3852781137 3.48140870617 1.62197702539 0.527660217654 0.830864570738 1.94195888755 0.0 ;
55.9640170766 2.97906078471 2.92701768652 1.28420410653 0.0 18.628379752 2.45273429559 ;
56.2136805773 2.96579855664 2.25917791026 1.0 0.0 13.5748352683 1.65798556636 ;
60.0322973796 3.45048750762 1.61486898233 0.495886654479 0.83211456429 2.00045703839 0.0 ;
59.6671709531 3.39636913767 7.75642965204 3.75340393343 0.0 58.9636913767 10.4236006051 ;
57.2141048825 3.1931283906 4.69294755877 2.14683544304 0.0 31.8658227848 4.7027124774 ;
63.6245110821 4.53129074316 7.34680573664 1.95436766623 1.72620599739 8.46219035202 1.01694915254 ;
62.0919708029 3.95182481752 11.8569343066 3.03649635036 2.31678832117 9.32262773723 1.0598540146 ;
66.4923469388 5.01977040816 2.6887755102 1.0 0.989158163265 6.55038265306 0.603954081633 ;
55.5226467113 2.94840488381 2.91138243403 1.26998818432 0.0 18.5697124852 2.44190626231 ;
59.8296334538 3.33040784719 1.66098778179 0.499053519188 0.855618654276 1.63930476682 0.0 ;
58.6583811345 3.32887189293 6.62778840025 3.09751434034 0.0 48.425111536 8.07138304653 ;
62.0 3.33333333333 6.0 2.66666666667 1.33333333333 20.0 5.66666666667 ;
55.9640170766 2.97906078471 2.92701768652 1.28420410653 0.0 18.628379752 2.45273429559 ;
58.4303104078 3.31223371881 6.58734023128 3.0797321972 0.0 47.9945222155 7.96835057821 ;
60.3852781137 3.48140870617 1.62197702539 0.527660217654 0.830864570738 1.94195888755 0.0 ;
63.6986928105 4.56666666667 7.32222222222 1.94836601307 1.70522875817 8.53790849673 1.02156862745 ;
62.0 3.33333333333 6.0 2.66666666667 1.33333333333 20.0 5.66666666667 ;
63.6986928105 4.56666666667 7.32222222222 1.94836601307 1.70522875817 8.53790849673 1.02156862745 ;
55.9640170766 2.97906078471 2.92701768652 1.28420410653 0.0 18.628379752 2.45273429559 ;
60.3852781137 3.48140870617 1.62197702539 0.527660217654 0.830864570738 1.94195888755 0.0 ;
58.4303104078 3.31223371881 6.58734023128 3.0797321972 0.0 47.9945222155 7.96835057821 ;
56.8083313831 3.15047975661 4.87760355722 2.16662766206 0.0 33.8104376316 5.17973320852 ;
59.7692307692 3.93243243243 1.86798336798 0.365384615385 1.0 3.93035343035 0.365384615385 ;
56.0971786834 2.7530745117 1.15456956836 0.476971304558 0.0 6.65613696648 0.728237279961 ;
62.894590846 4.37170596394 10.8072122053 2.77808599168 2.10957004161 9.99029126214 1.22191400832 ;
63.8294020845 3.98491497532 2.78579264948 1.07377948437 1.27948436643 2.63823368075 0.0 ;
59.7692307692 3.93243243243 1.86798336798 0.365384615385 1.0 3.93035343035 0.365384615385 ;
56.8063759962 3.15049226442 4.87951242382 2.16690107829 0.0 33.8291139241 5.18330989217 ;
56.1003851709 2.75373134328 1.15888300433 0.479537794896 0.0 6.68271545498 0.732065479056 ;
62.894590846 4.37170596394 10.8072122053 2.77808599168 2.10957004161 9.99029126214 1.22191400832 ;
63.8294020845 3.98491497532 2.78579264948 1.07377948437 1.27948436643 2.63823368075 0.0 ;
60.3867553674 3.48185666767 1.62231629876 0.527819776232 0.831115814938 1.94148775325 0.0 ;
58.4145170966 3.3149370126 6.56328734253 3.06718656269 0.0 47.7930413917 7.92801439712 ;
62.0 3.33333333333 6.0 2.66666666667 1.33333333333 20.0 5.66666666667 ;
63.6986928105 4.56666666667 7.32222222222 1.94836601307 1.70522875817 8.53790849673 1.02156862745 ;
55.957116602 2.97610782111 2.91627527057 1.27915050031 0.0 18.5468654278 2.43843169287 ;
65.6342668863 5.03953871499 2.98187808896 1.0 1.0 7.9373970346 1.0 ;
56.8370736086 3.14901256732 4.78770197487 2.13756732496 0.0 33.052513465 5.03882405745 ;
62.8950777202 4.40932642487 10.439119171 2.69948186528 2.02849740933 10.3588082902 1.27331606218 ;
56.028872709 2.72282199347 1.0913884007 0.440120512177 0.0 6.25784584484 0.676374592016 ;
62.0515021459 3.83936235438 2.37543429389 0.794604537094 1.21336603311 2.33742080523 0.0 ;
56.1003851709 2.75373134328 1.15888300433 0.479537794896 0.0 6.68271545498 0.732065479056 ;
56.8063759962 3.15049226442 4.87951242382 2.16690107829 0.0 33.8291139241 5.18330989217 ;
63.8294020845 3.98491497532 2.78579264948 1.07377948437 1.27948436643 2.63823368075 0.0 ;
59.7692307692 3.93243243243 1.86798336798 0.365384615385 1.0 3.93035343035 0.365384615385 ;
62.894590846 4.37170596394 10.8072122053 2.77808599168 2.10957004161 9.99029126214 1.22191400832 ;
60.0322973796 3.45048750762 1.61486898233 0.495886654479 0.83211456429 2.00045703839 0.0 ;
57.2141048825 3.1931283906 4.69294755877 2.14683544304 0.0 31.8658227848 4.7027124774 ;
63.6245110821 4.53129074316 7.34680573664 1.95436766623 1.72620599739 8.46219035202 1.01694915254 ;
56.2136805773 2.96579855664 2.25917791026 1.0 0.0 13.5748352683 1.65798556636 ;
59.6671709531 3.39636913767 7.75642965204 3.75340393343 0.0 58.9636913767 10.4236006051 ;
60.0322973796 3.45048750762 1.61486898233 0.495886654479 0.83211456429 2.00045703839 0.0 ;
63.6245110821 4.53129074316 7.34680573664 1.95436766623 1.72620599739 8.46219035202 1.01694915254 ;
57.2141048825 3.1931283906 4.69294755877 2.14683544304 0.0 31.8658227848 4.7027124774 ;
59.6671709531 3.39636913767 7.75642965204 3.75340393343 0.0 58.9636913767 10.4236006051 ;
56.2136805773 2.96579855664 2.25917791026 1.0 0.0 13.5748352683 1.65798556636 ;
55.9640170766 2.97906078471 2.92701768652 1.28420410653 0.0 18.628379752 2.45273429559 ;
62.0 3.33333333333 6.0 2.66666666667 1.33333333333 20.0 5.66666666667 ;
58.4303104078 3.31223371881 6.58734023128 3.0797321972 0.0 47.9945222155 7.96835057821 ;
63.6986928105 4.56666666667 7.32222222222 1.94836601307 1.70522875817 8.53790849673 1.02156862745 ;
60.3852781137 3.48140870617 1.62197702539 0.527660217654 0.830864570738 1.94195888755 0.0 ;
65.6342668863 5.03953871499 2.98187808896 1.0 1.0 7.9373970346 1.0 ;
55.9866599547 2.71759375787 1.08457085326 0.436446010571 0.0 6.22476717845 0.671281147747 ;
62.912987013 4.41038961039 10.4376623377 2.7 2.02597402597 10.3753246753 1.27662337662 ;
62.0453802126 3.8399427637 2.37959934587 0.79517579722 1.21484055601 2.33605887163 0.0 ;
56.8802864175 3.15260684717 4.78317296934 2.13627209667 0.0 33.0035802193 5.03020810025 ;
58.4467956469 3.31438935913 6.57557436518 3.07376058041 0.0 47.9008464329 7.94981862152 ;
63.6988896146 4.56564337035 7.31809274984 1.94774657087 1.70476812541 8.53690398432 1.02286087524 ;
55.9549806478 2.97759217763 2.92238745162 1.28193114687 0.0 18.5911590955 2.44611937258 ;
61.0 3.5 8.5 3.5 1.5 26.5 7.0 ;
60.3844293273 3.48148148148 1.62207105064 0.527739984883 0.830990173847 1.94164777022 0.0 ;
59.7692307692 3.93243243243 1.86798336798 0.365384615385 1.0 3.93035343035 0.365384615385 ;
56.8064213733 3.15045699555 4.8790719475 2.16686196391 0.0 33.8261073354 5.18279821889 ;
56.1001685529 2.75367204431 1.15843968216 0.479171683121 0.0 6.67926799904 0.731519383578 ;
62.894590846 4.37170596394 10.8072122053 2.77808599168 2.10957004161 9.99029126214 1.22191400832 ;
63.8294020845 3.98491497532 2.78579264948 1.07377948437 1.27948436643 2.63823368075 0.0 ;
60.0322973796 3.45048750762 1.61486898233 0.495886654479 0.83211456429 2.00045703839 0.0 ;
56.2136805773 2.96579855664 2.25917791026 1.0 0.0 13.5748352683 1.65798556636 ;
57.2141048825 3.1931283906 4.69294755877 2.14683544304 0.0 31.8658227848 4.7027124774 ;
63.6245110821 4.53129074316 7.34680573664 1.95436766623 1.72620599739 8.46219035202 1.01694915254 ;
59.6671709531 3.39636913767 7.75642965204 3.75340393343 0.0 58.9636913767 10.4236006051 ;
55.9640170766 2.97906078471 2.92701768652 1.28420410653 0.0 18.628379752 2.45273429559 ;
63.6986928105 4.56666666667 7.32222222222 1.94836601307 1.70522875817 8.53790849673 1.02156862745 ;
60.3852781137 3.48140870617 1.62197702539 0.527660217654 0.830864570738 1.94195888755 0.0 ;
58.4303104078 3.31223371881 6.58734023128 3.0797321972 0.0 47.9945222155 7.96835057821 ;
62.0 3.33333333333 6.0 2.66666666667 1.33333333333 20.0 5.66666666667 ;
65.6342668863 5.03953871499 2.98187808896 1.0 1.0 7.9373970346 1.0 ;
55.9894313035 2.71791645697 1.08505284348 0.436587820835 0.0 6.22546552592 0.671363865123 ;
62.912987013 4.41038961039 10.4376623377 2.7 2.02597402597 10.3753246753 1.27662337662 ;
56.8780214861 3.1524171889 4.78357206804 2.13652641003 0.0 33.0089525515 5.03111011638 ;
62.0453802126 3.8399427637 2.37959934587 0.79517579722 1.21484055601 2.33605887163 0.0 ;
60.3852781137 3.48140870617 1.62197702539 0.527660217654 0.830864570738 1.94195888755 0.0 ;
58.4221411192 3.31204379562 6.58515815085 3.07907542579 0.0 47.9854014599 7.96654501217 ;
62.0 3.33333333333 6.0 2.66666666667 1.33333333333 20.0 5.66666666667 ;
55.9662464416 2.97905652704 2.92700284669 1.28405856039 0.0 18.6254575031 2.45221634811 ;
63.6986928105 4.56666666667 7.32222222222 1.94836601307 1.70522875817 8.53790849673 1.02156862745 ;
62.894590846 4.37170596394 10.8072122053 2.77808599168 2.10957004161 9.99029126214 1.22191400832 ;
56.1003851709 2.75373134328 1.15888300433 0.479537794896 0.0 6.68271545498 0.732065479056 ;
56.8063759962 3.15049226442 4.87951242382 2.16690107829 0.0 33.8291139241 5.18330989217 ;
63.8294020845 3.98491497532 2.78579264948 1.07377948437 1.27948436643 2.63823368075 0.0 ;
59.7692307692 3.93243243243 1.86798336798 0.365384615385 1.0 3.93035343035 0.365384615385 ;
