cluster 0
size:409
#377eb8
[ 1.21550055  4.70554816  2.36997168  1.97511445  2.04636057  0.90193607
  1.98643185]

cluster 1
size:831
#ff7f00
[ 2.50259268  4.70022075  2.85780347  2.75936871  2.45335119  0.87947803
  3.2585694 ]

cluster 2
size:390
#4daf4a
[ 2.10418091  4.68817061  3.10516431  4.39639961  2.73677738  3.82015833
  2.80652733]

cluster 3
size:399
#f781bf
[ 3.01254748  4.40511998  3.45000068  3.55023976  4.76189758  2.39145234
  3.43413887]

cluster 4
size:376
#a65628
[ 1.65910293  4.71694718  0.          1.74387034  2.39602556  0.77489825
  2.79396739]

cluster 5
size:604
#984ea3
[ 1.77521675  4.75357894  2.70638412  2.05691876  4.08058033  1.29271976
  3.32472825]

