2.00309021322 4.70429482946 3.07634468729 4.50111864918 3.00250010681 3.78389166567 2.81057602806 ;
1.37494438917 4.7337205523 2.64311562671 2.25821233254 0.843819189765 0.947315471546 2.40492535361 ;
1.60278036907 4.7601261587 0.0 2.23652512933 2.11656586017 0.87072772737 2.71032497308 ;
2.13479135086 4.80853241708 2.64236069776 2.47861509877 3.10869765591 0.967198140765 3.25961381333 ;
2.85245497148 4.54978293243 3.35044325473 4.07174746729 4.36722158144 1.92132118483 3.39693757032 ;
2.84772191359 4.6442406639 2.94681329127 4.04512646781 2.01241741925 1.66065635932 2.34019168503 ;
2.0305900627 4.70271713942 3.08114435255 4.49533949252 3.02940369102 3.77689793059 2.83065859373 ;
1.34783303598 4.74852727394 1.55192340224 2.15328481747 0.916081322528 1.18010099864 2.07849451948 ;
2.19983277762 4.75255496558 2.75283541157 2.87876641801 2.63524118671 0.0 3.17385840401 ;
2.85252088161 4.53450574723 3.34495655751 4.05622631172 4.34248767607 2.24761526854 3.38441349023 ;
1.99164152439 4.78667756243 1.90204985362 2.39030553508 3.27513194881 1.49167528366 3.24087287544 ;
2.88029813241 4.65381161264 3.09228833857 4.00998640416 2.18455818194 2.06437564666 2.36703124764 ;
1.74262492378 4.781735142 2.1314001389 2.49444274714 5.6737936791e-06 0.904227296189 3.01554090753 ;
2.83323401002 4.51039675884 3.39895541559 4.02728849058 4.52144373106 2.34439584858 3.40525288406 ;
2.12200781242 4.70837845412 3.09632112257 4.49239552867 3.05246926581 3.77208585062 3.09717505616 ;
1.35515019988 4.73815398055 1.60304049347 2.26911115995 3.12245520426 1.13944163067 3.13178824221 ;
2.74179745969 4.74126960542 2.89559277829 3.28619406049 3.15095781797 0.963171944352 3.18147861963 ;
1.91129879259 4.6619408173 2.48279394183 3.32240484867 2.30599395829 1.7549530406 0.0 ;
1.91129879259 4.6619408173 2.48279394183 3.32240484867 2.30599395829 1.7549530406 0.0 ;
2.83323401002 4.51039675884 3.39895541559 4.02728849058 4.52144373106 2.34439584858 3.40525288406 ;
2.74147133333 4.74099132711 2.89567239799 3.28994542358 3.15027703554 0.964271455704 3.18124106425 ;
1.74262492378 4.781735142 2.1314001389 2.49444274714 5.6737936791e-06 0.904227296189 3.01554090753 ;
1.35858415051 4.73866093626 1.60555138759 2.26445179412 3.12373830083 1.1371019148 3.13231758287 ;
2.12200781242 4.70837845412 3.09632112257 4.49239552867 3.05246926581 3.77208585062 3.09717505616 ;
2.85230355988 4.63817654961 2.95354707161 4.0379482328 2.01990230449 1.67102040031 2.34198830021 ;
1.60278036907 4.7601261587 0.0 2.23652512933 2.11656586017 0.87072772737 2.71032497308 ;
2.13052905721 4.80365701293 2.64855639474 2.50818697346 3.1616007806 0.980016955998 3.26112751708 ;
1.9961680374 4.70248007973 3.07261631994 4.4983116814 3.00085961152 3.78336254581 2.81110767863 ;
2.85469082413 4.54951320345 3.35014695044 4.07152663443 4.36923288973 1.91832946595 3.3967678283 ;
1.38752649032 4.75630996941 2.62394113646 2.18158502805 0.714205050618 0.89340485439 2.40847379202 ;
1.25872562375 4.72016260675 1.53388266568 2.43812752439 2.27518760178 1.09816472192 2.97855956543 ;
2.83743630418 4.51996274155 3.36689850214 4.06003939459 4.37195771309 2.29384457711 3.39055807437 ;
1.91129879259 4.6619408173 2.48279394183 3.32240484867 2.30599395829 1.7549530406 0.0 ;
2.69021102541 4.7300483231 2.83824004928 2.93375470175 3.95142772574 0.797257114428 3.3477798686 ;
2.59459458389 4.81071431315 2.81222800504 3.00501213235 1.68223730566 0.922542066264 3.11715056531 ;
2.12014986015 4.70864667844 3.0985198185 4.4901292195 3.05453870789 3.7708481934 3.10587492542 ;
1.91129879259 4.6619408173 2.48279394183 3.32240484867 2.30599395829 1.7549530406 0.0 ;
2.74319900634 4.74109259755 2.89647969118 3.29121680398 3.14883731474 0.962114091111 3.18021380629 ;
2.83320298468 4.51102493212 3.39887304069 4.02811028584 4.51931907928 2.34380850392 3.40562337177 ;
1.74262492378 4.781735142 2.1314001389 2.49444274714 5.6737936791e-06 0.904227296189 3.01554090753 ;
2.12200781242 4.70837845412 3.09632112257 4.49239552867 3.05246926581 3.77208585062 3.09717505616 ;
1.36100071527 4.73830094687 1.60844409258 2.26400460871 3.125846395 1.13804156538 3.13350408727 ;
2.14695072297 4.79650221242 2.67869362209 2.61932274621 3.11686638492 0.998927379541 3.25673272139 ;
2.81392562541 4.59039358015 2.92819573541 3.96587955125 2.01459533648 1.77359819844 2.24002618718 ;
1.37119396954 4.80269675443 2.61483366013 2.03494713234 0.528226774842 0.815616731661 2.3851382556 ;
2.85364570687 4.55205903694 3.34477082649 4.06940772044 4.3698081006 1.89915968462 3.39225570376 ;
1.99820388056 4.7006740918 3.0706031652 4.49532820955 2.99357968322 3.78116974944 2.81284339245 ;
1.60278036907 4.7601261587 0.0 2.23652512933 2.11656586017 0.87072772737 2.71032497308 ;
1.61237554699 4.75458060963 1.14073608314 2.25708967198 3.48502215234 1.25825892009 3.25928314183 ;
2.63610368818 4.55239956105 3.30207615274 4.21628485338 3.90170532481 2.8874140522 3.29107579091 ;
2.7394655178 4.82186301975 2.88669948222 3.10319026395 2.75764345953 1.72581610431 3.28287611569 ;
1.32958165376 4.68332231101 1.80859432043 3.02889662531 1.73168711894 1.99969962766 2.76466698244 ;
1.91129879259 4.6619408173 2.48279394183 3.32240484867 2.30599395829 1.7549530406 0.0 ;
2.19755944242 4.75239814409 2.75223820369 2.87926940179 2.63125418441 0.0 3.16321481753 ;
2.84095064255 4.51906054737 3.37940374398 4.02819061396 4.48066249109 2.32708898456 3.40879889517 ;
2.96019894785 4.62213416724 3.14879948907 4.09226146837 3.2437145902 1.26630937781 2.75664064635 ;
1.727326818 4.7632382645 2.62388981947 2.52866650876 0.471142418246 0.972588962101 2.44191433223 ;
1.60278036907 4.7601261587 0.0 2.23652512933 2.11656586017 0.87072772737 2.71032497308 ;
2.05241575777 4.79329190775 2.64824796872 2.50193945737 3.22021927272 0.96563453715 3.26028428463 ;
2.0329225775 4.7019725646 3.08068544597 4.49133127609 3.03032376261 3.77602118765 2.83666347546 ;
2.90715992304 4.6356346352 3.16185170723 4.24582352141 3.5881159767 1.36116165478 3.20653045638 ;
1.97623543278 4.57997433831 2.36132216892 3.16857307342 2.31058573813 1.58140250482 1.15769641976 ;
2.50303806077 4.80465495973 2.72632730051 2.55668510245 2.29109439043 1.0169399526 3.22424214264 ;
1.9959808174 4.69696901444 3.06745871297 4.48566495714 2.98195817263 3.77739211562 2.80735327689 ;
2.82848446289 4.5007336369 3.45712392359 3.83509555611 4.79692175971 2.46858724342 3.4902440748 ;
1.09458308764 4.78815098702 1.30267005184 2.15536209059 2.28617692116 0.824930888875 3.12161339455 ;
2.95200801659 4.62110352624 3.12787444492 4.08772181275 3.13242695998 1.29351993438 2.75659798682 ;
2.03179826415 4.70324559044 3.08158643222 4.49413521803 3.03142785545 3.77694490206 2.83585824279 ;
1.6833733571 4.76704333644 2.62951605055 2.47419992842 0.487651269699 0.94115401911 2.4254966423 ;
1.60278036907 4.7601261587 0.0 2.23652512933 2.11656586017 0.87072772737 2.71032497308 ;
2.84224277454 4.5195335908 3.37996138729 4.02848456704 4.47789517456 2.32352518724 3.40745608896 ;
2.05795831628 4.79357641442 2.64911676463 2.50863333067 3.2306179751 0.964459692858 3.26047797757 ;
2.83286167242 4.5115416689 3.39437319029 4.03262059402 4.50593444368 2.33804029458 3.40749909607 ;
2.74200679717 4.74299352131 2.89496447081 3.28608882923 3.14645418939 0.954293503522 3.17749525595 ;
1.36485017282 4.73712056372 1.61108925871 2.25646838973 3.12875827415 1.13654843747 3.13350179297 ;
2.12040542245 4.70858285628 3.0940024648 4.49282408515 3.05104207239 3.77046552277 3.09747476137 ;
1.74262492378 4.781735142 2.1314001389 2.49444274714 5.6737936791e-06 0.904227296189 3.01554090753 ;
1.91129879259 4.6619408173 2.48279394183 3.32240484867 2.30599395829 1.7549530406 0.0 ;
2.84029157596 4.50598930883 3.42798519746 3.95094781976 4.66730385935 2.40853937469 3.45347608841 ;
1.706909475 4.78037608867 2.12631883549 2.48249782699 5.09516316225e-06 0.894585632575 2.70800699062 ;
2.87805349652 4.65987861167 3.0732745296 4.13780021396 3.26360193733 1.17434058957 3.18252174305 ;
1.13198184751 4.66481837655 2.18737530341 2.63790589269 3.09074713797 1.38699741356 2.18394135153 ;
2.03992628787 4.7057061464 3.08657712695 4.50019712373 3.02748513443 3.77740449003 2.82264678995 ;
2.46551225141 4.81214882618 2.13717474936 2.29016806249 3.10928488022 0.895520997335 3.24533296965 ;
2.85365394916 4.62273007433 3.05225500643 4.1780238261 2.84757744401 1.51155108823 3.10583498139 ;
2.89671829734 4.5532332784 3.48495757823 3.84276889157 4.74094324757 2.14650826591 3.51850864263 ;
2.07795066537 4.71669824232 3.08898821082 4.51592174246 3.02438793469 3.77999244607 3.10627176154 ;
1.61261465812 4.77690757234 1.69873141929 2.27391957041 1.71021371912 0.861226532182 3.02910192342 ;
1.91129879259 4.6619408173 2.48279394183 3.32240484867 2.30599395829 1.7549530406 0.0 ;
2.11656405091 4.79260576137 2.71891870559 2.26389996872 3.86637560889 1.13529200418 3.30997660702 ;
1.60278036907 4.7601261587 0.0 2.23652512933 2.11656586017 0.87072772737 2.71032497308 ;
2.84095064255 4.51906054737 3.37940374398 4.02819061396 4.48066249109 2.32708898456 3.40879889517 ;
2.05241575777 4.79329190775 2.64824796872 2.50193945737 3.22021927272 0.96563453715 3.26028428463 ;
2.96019894785 4.62213416724 3.14879948907 4.09226146837 3.2437145902 1.26630937781 2.75664064635 ;
1.727326818 4.7632382645 2.62388981947 2.52866650876 0.471142418246 0.972588962101 2.44191433223 ;
2.0329225775 4.7019725646 3.08068544597 4.49133127609 3.03032376261 3.77602118765 2.83666347546 ;
1.91129879259 4.6619408173 2.48279394183 3.32240484867 2.30599395829 1.7549530406 0.0 ;
1.74262492378 4.781735142 2.1314001389 2.49444274714 5.6737936791e-06 0.904227296189 3.01554090753 ;
2.8335278815 4.51228359215 3.39382594396 4.03369470476 4.50335500591 2.33733493452 3.40672084014 ;
2.7395617537 4.74341497938 2.89287424517 3.27972478028 3.14424716808 0.949852513987 3.17671595324 ;
2.12071905397 4.70771813435 3.09561021463 4.49197090319 3.0513900401 3.76998737779 3.09933535597 ;
1.36368118372 4.73675616743 1.60746335762 2.25904503065 3.13250973103 1.13768785067 3.13381792689 ;
1.79760240164 4.61712716426 1.8409843737 2.96494923076 2.25618522415 1.43227988557 1.59264952666 ;
2.8450168849 4.50477020953 3.43667265404 3.93351687922 4.69069177309 2.41997974288 3.4620127126 ;
1.82089995679 4.77592168392 2.64698981141 2.59532046748 6.35545087023e-06 0.973155811886 2.7428897904 ;
2.88100629468 4.65721887133 3.07767697546 4.14628729157 3.28361297577 1.19270298316 3.1845472293 ;
1.9431247311 4.80364176274 2.08052864057 2.22522728711 3.11221035175 0.93400499811 3.223775022 ;
2.04122859062 4.70550641058 3.08874040245 4.49981263333 3.02876812738 3.7789472512 2.82166182962 ;
2.45970553161 4.81211819343 2.15407414675 2.32083467918 3.08851911943 0.917049986238 3.24474325234 ;
2.85337520673 4.56163493918 3.43374994661 3.84375279645 4.74174377274 2.04704713316 3.5119920031 ;
1.99053906467 4.71036279552 3.07835628873 4.50694621028 2.98940382146 3.78776395315 2.79676752231 ;
2.88070850971 4.61270734246 3.08556827328 4.23617205913 3.26209156379 1.57410517532 3.1375145265 ;
1.706909475 4.78037608867 2.12631883549 2.48249782699 5.09516316225e-06 0.894585632575 2.70800699062 ;
1.11060035144 4.664508804 2.17387109249 2.62720472723 3.08949552758 1.36149910959 2.18042981597 ;
2.76092045435 4.48659430122 3.37888841145 4.08179615963 4.37586865369 2.03546479346 3.37850543133 ;
2.08730681896 4.57268623916 2.83329167104 3.33594312242 2.45404289187 1.62570727675 1.24627570362 ;
1.60278036907 4.7601261587 0.0 2.23652512933 2.11656586017 0.87072772737 2.71032497308 ;
1.87875411224 4.80917981155 2.62241337178 2.23703910623 2.51134449996 0.927457085706 3.22003742068 ;
2.0044345966 4.70385392615 3.07437434736 4.5021271734 2.99222927364 3.78238764042 2.80221750564 ;
3.08562076609 4.79230870819 2.9626705155 4.03645638675 2.49789902442 1.27135964858 3.17404459177 ;
1.91129879259 4.6619408173 2.48279394183 3.32240484867 2.30599395829 1.7549530406 0.0 ;
2.32838885869 4.58449765951 3.26813113182 4.16528649081 3.61430167861 3.35019952353 3.22630568158 ;
1.73852948828 4.78101974748 2.13688065995 2.48976605618 5.72800189896e-06 0.902061476726 3.03756461587 ;
0.85006758109 4.67511330562 2.11270262725 2.51494485966 3.08053933637 1.44004318094 2.86920514598 ;
2.48896751136 4.81479650682 2.16544949559 2.31078796545 3.10365402527 0.918835674812 3.25053198317 ;
2.89155417131 4.64764413634 3.15401582371 4.19433268355 3.72547463768 1.52988055668 3.28971424347 ;
2.87685767291 4.67626867465 3.06373883182 4.01043078147 2.12133434531 2.24486825182 2.51843168583 ;
1.9500505032 4.78143103884 1.84731360693 2.37185807797 3.29230303589 1.50697784237 3.23181402608 ;
2.03515778762 4.70603355796 3.08428582046 4.50085737912 3.04215751118 3.77878648857 2.84774429493 ;
2.19465118185 4.74998398056 2.74638066984 2.87364023726 2.59328218063 0.0 2.95347657283 ;
1.34138356091 4.75188759336 1.50694231696 2.10238760584 0.708473359844 1.24054431732 2.25999079684 ;
2.84486947302 4.52976269376 3.34923712096 4.06425974824 4.33124512911 2.24460280928 3.386855619 ;
2.96068060235 4.62293819165 3.14820316357 4.09216492819 3.23634251159 1.26746995816 2.75746311295 ;
2.05241575777 4.79329190775 2.64824796872 2.50193945737 3.22021927272 0.96563453715 3.26028428463 ;
2.84095064255 4.51906054737 3.37940374398 4.02819061396 4.48066249109 2.32708898456 3.40879889517 ;
2.0329225775 4.7019725646 3.08068544597 4.49133127609 3.03032376261 3.77602118765 2.83666347546 ;
1.72327975886 4.76264255961 2.62315445127 2.52440567605 0.472462144907 0.970335808687 2.44001906159 ;
1.60278036907 4.7601261587 0.0 2.23652512933 2.11656586017 0.87072772737 2.71032497308 ;
2.48454226288 4.49721409296 3.09581880378 3.74259300113 3.31140104504 1.37367951621 2.01879435621 ;
1.82044720791 4.77628772237 2.63365104887 2.584194715 6.310851215e-06 0.966326648294 2.73272026996 ;
1.60278036907 4.7601261587 0.0 2.23652512933 2.11656586017 0.87072772737 2.71032497308 ;
2.84817401751 4.52124086395 3.37859977216 4.05118997259 4.43263664815 2.30242350551 3.39876564913 ;
2.04232397826 4.70139937964 3.0806493074 4.48635288793 3.04010354955 3.77241704083 2.84276965734 ;
2.25910016618 4.8046682076 2.71559193269 2.77896850468 3.11744174492 0.933402520139 3.24781248111 ;
2.25259313204 4.56412483837 2.55535419475 3.4159467153 3.03169057797 1.79861868267 1.22427283781 ;
2.05363909139 4.70196844767 3.08898256942 4.48605456287 3.0280798707 3.7726265103 2.83157271136 ;
1.706909475 4.78037608867 2.12631883549 2.48249782699 5.09516316225e-06 0.894585632575 2.70800699062 ;
1.26049204703 4.7713162502 1.4045504793 2.24016366474 3.06637671641 0.901094945026 3.15710821224 ;
2.70974137445 4.76118173896 2.8773717519 3.12643712361 3.17681357448 0.91288348804 3.25231857201 ;
2.82460252772 4.51040036683 3.38196073732 4.04636848227 4.46440319468 2.32755345523 3.38653506918 ;
2.03515778762 4.70603355796 3.08428582046 4.50085737912 3.04215751118 3.77878648857 2.84774429493 ;
1.9478645829 4.78150704887 1.84650663601 2.37871910029 3.29136738209 1.5052024747 3.23238748927 ;
2.87743204054 4.67541473685 3.06299921518 4.01001831822 2.11281966137 2.25207052289 2.51472974625 ;
2.19465118185 4.74998398056 2.74638066984 2.87364023726 2.59328218063 0.0 2.95347657283 ;
1.34677064348 4.75209461443 1.51299429413 2.09350241485 0.704511469505 1.23857966104 2.25593853645 ;
2.84486947302 4.52976269376 3.34923712096 4.06425974824 4.33124512911 2.24460280928 3.386855619 ;
1.36473324897 4.73885020801 1.61212465558 2.24539735557 3.12934642964 1.12827928344 3.13248205995 ;
2.74249313395 4.74170147569 2.8951020657 3.28935872535 3.14301844772 0.953431353899 3.17864568584 ;
1.91129879259 4.6619408173 2.48279394183 3.32240484867 2.30599395829 1.7549530406 0.0 ;
2.12040542245 4.70858285628 3.0940024648 4.49282408515 3.05104207239 3.77046552277 3.09747476137 ;
1.74262492378 4.781735142 2.1314001389 2.49444274714 5.6737936791e-06 0.904227296189 3.01554090753 ;
2.834106508 4.51382526803 3.39181675264 4.03386662372 4.50068587933 2.33627875679 3.4048905601 ;
2.89671829734 4.5532332784 3.48495757823 3.84276889157 4.74094324757 2.14650826591 3.51850864263 ;
2.11656405091 4.79260576137 2.71891870559 2.26389996872 3.86637560889 1.13529200418 3.30997660702 ;
1.61261465812 4.77690757234 1.69873141929 2.27391957041 1.71021371912 0.861226532182 3.02910192342 ;
2.85365394916 4.62273007433 3.05225500643 4.1780238261 2.84757744401 1.51155108823 3.10583498139 ;
1.91129879259 4.6619408173 2.48279394183 3.32240484867 2.30599395829 1.7549530406 0.0 ;
2.07795066537 4.71669824232 3.08898821082 4.51592174246 3.02438793469 3.77999244607 3.10627176154 ;
2.87536136683 4.65145883099 3.08844975573 4.00429383871 2.18638126389 2.06582245149 2.37073494478 ;
2.85241922694 4.53447852655 3.34476708135 4.05484496811 4.3449665469 2.2475818104 3.38376461214 ;
1.9859821726 4.78732641433 1.91016769383 2.38141600933 3.28824723049 1.49349107598 3.24367204982 ;
1.35843210941 4.75093030448 1.5322292492 2.16315227666 0.919934640057 1.17229043692 2.09158356081 ;
2.19983277762 4.75255496558 2.75283541157 2.87876641801 2.63524118671 0.0 3.17385840401 ;
2.0305900627 4.70271713942 3.08114435255 4.49533949252 3.02940369102 3.77689793059 2.83065859373 ;
2.99703206475 4.81381891671 3.05106102891 4.22638802444 3.16163375128 2.05005156022 3.12911172276 ;
2.43607556991 4.51532355189 3.3028131612 4.15616420401 3.94180211232 2.91665052583 3.27679104101 ;
1.2807392412 4.73187385597 1.45737364706 2.31449255976 3.08416368574 1.03008499397 3.02292899482 ;
2.53611007841 4.71787885015 2.88411396411 2.95038834448 3.39004869358 1.03316030249 3.30892162683 ;
1.74262492378 4.781735142 2.1314001389 2.49444274714 5.6737936791e-06 0.904227296189 3.01554090753 ;
1.91129879259 4.6619408173 2.48279394183 3.32240484867 2.30599395829 1.7549530406 0.0 ;
2.85364570687 4.55205903694 3.34477082649 4.06940772044 4.3698081006 1.89915968462 3.39225570376 ;
2.14668015951 4.79663051694 2.67813941206 2.61746432439 3.11884583309 0.997938234096 3.2570365568 ;
1.99820388056 4.7006740918 3.0706031652 4.49532820955 2.99357968322 3.78116974944 2.81284339245 ;
1.37119396954 4.80269675443 2.61483366013 2.03494713234 0.528226774842 0.815616731661 2.3851382556 ;
1.60278036907 4.7601261587 0.0 2.23652512933 2.11656586017 0.87072772737 2.71032497308 ;
2.81240632662 4.59074182374 2.92885630479 3.96637196989 2.01294930327 1.77366445849 2.24263675036 ;
1.79086980837 4.61656335043 1.83408930114 2.96816068212 2.25797880937 1.42691554143 1.59849510328 ;
2.88100629468 4.65721887133 3.07767697546 4.14628729157 3.28361297577 1.19270298316 3.1845472293 ;
2.8450168849 4.50477020953 3.43667265404 3.93351687922 4.69069177309 2.41997974288 3.4620127126 ;
1.94552069254 4.80405736433 2.0830940273 2.22325789197 3.11267537995 0.935156668884 3.22386177482 ;
2.04122859062 4.70550641058 3.08874040245 4.49981263333 3.02876812738 3.7789472512 2.82166182962 ;
1.82089995679 4.77592168392 2.64698981141 2.59532046748 6.35545087023e-06 0.973155811886 2.7428897904 ;
2.83495314837 4.63812699943 2.94404660881 4.04176557975 2.00136333509 1.67850884132 2.3164299335 ;
2.00309021322 4.70429482946 3.07634468729 4.50111864918 3.00250010681 3.78389166567 2.81057602806 ;
2.85510206354 4.55033125653 3.349358599 4.07231996826 4.36381356392 1.91931193463 3.39603776228 ;
1.60278036907 4.7601261587 0.0 2.23652512933 2.11656586017 0.87072772737 2.71032497308 ;
2.14360488954 4.80894855332 2.64330245522 2.49720446929 3.09427678405 0.961852552465 3.25824366557 ;
1.36559233076 4.73530568205 2.64743500422 2.23691452733 0.843038379624 0.956727574519 2.40320949131 ;
1.69137066193 4.77758193201 2.11923052203 2.4837558844 5.15356044778e-06 0.904838763034 2.70231115826 ;
2.29709791893 4.74459906375 2.78231874865 2.96163260089 3.17646645537 0.0 3.20228026546 ;
2.05781535898 4.70351845386 3.08857290957 4.48609288714 3.02942977194 3.77102458355 2.83370607055 ;
2.19347856637 4.55829373701 2.46715439748 3.39059854588 3.07650856974 1.86105573816 1.22388899608 ;
2.88482271337 4.56603341428 3.2948067464 4.04206027982 4.05417749008 2.17707352902 3.3477884603 ;
1.93550194263 4.79803828627 1.85520776487 2.32072474919 3.16195844583 1.45388806252 3.22406043998 ;
2.04910155389 4.79363710347 2.64528955484 2.49277982971 3.23602605347 0.969116833825 3.26146635882 ;
2.03179826415 4.70324559044 3.08158643222 4.49413521803 3.03142785545 3.77694490206 2.83585824279 ;
1.60278036907 4.7601261587 0.0 2.23652512933 2.11656586017 0.87072772737 2.71032497308 ;
2.84224277454 4.5195335908 3.37996138729 4.02848456704 4.47789517456 2.32352518724 3.40745608896 ;
2.95485803303 4.62757256423 3.12331451014 4.08454348375 3.05827042842 1.28181755977 2.75691463978 ;
1.63996181722 4.76638713863 2.61807230381 2.42804613625 0.502164700345 0.928763869542 2.42501479388 ;
2.74172591235 4.74298457374 2.89420955027 3.28709331842 3.13972323808 0.950144485953 3.17934528237 ;
1.3649361185 4.738346494 1.61006652579 2.24332636314 3.134312942 1.1270728962 3.13218133895 ;
2.12071905397 4.70771813435 3.09561021463 4.49197090319 3.0513900401 3.76998737779 3.09933535597 ;
1.74262492378 4.781735142 2.1314001389 2.49444274714 5.6737936791e-06 0.904227296189 3.01554090753 ;
2.83333941879 4.51329372993 3.39029395036 4.0344089246 4.4987756786 2.33545687069 3.40234911624 ;
1.91129879259 4.6619408173 2.48279394183 3.32240484867 2.30599395829 1.7549530406 0.0 ;
2.07938721961 4.71428367672 3.08706632364 4.51294258728 3.02279473901 3.78077257615 3.09302482307 ;
1.3904471945 4.72481452345 1.9357333717 2.38019872144 1.19816460294 1.02781990006 2.90378528317 ;
2.86914813553 4.55256764414 3.4529393688 3.86528457597 4.72298295768 2.12710900213 3.51067684429 ;
2.86381930197 4.6368856872 3.05254109335 4.18162920186 2.82408474268 1.47752268096 3.11488243196 ;
1.91129879259 4.6619408173 2.48279394183 3.32240484867 2.30599395829 1.7549530406 0.0 ;
2.07430811529 4.81683708205 2.13511107026 2.15933330196 3.33812486227 0.907957534564 3.27679457134 ;
2.00435019644 4.6606156365 2.93107618133 3.46395634584 2.39609723138 1.91406065181 0.0 ;
2.45161816126 4.73383171152 2.78295774051 2.98532167326 3.49019998385 0.999258985622 3.30298151816 ;
2.85202480481 4.52023398773 3.36945141252 4.05268337409 4.40610802168 2.29934616735 3.37315692322 ;
1.81545223431 4.77779451223 2.71494426656 2.73212433068 1.07748786556 0.957099114236 2.91969751643 ;
2.10268351933 4.70712036014 3.08897249503 4.4910893117 3.050119391 3.77110028722 3.10282867031 ;
1.60278036907 4.7601261587 0.0 2.23652512933 2.11656586017 0.87072772737 2.71032497308 ;
1.99053906467 4.71036279552 3.07835628873 4.50694621028 2.98940382146 3.78776395315 2.79676752231 ;
2.88018858151 4.61172980771 3.08706856438 4.23686380379 3.270996526 1.58011993371 3.13998912894 ;
1.11060035144 4.664508804 2.17387109249 2.62720472723 3.08949552758 1.36149910959 2.18042981597 ;
2.8538869214 4.5625992752 3.43417436389 3.84004526065 4.74011953367 2.04223378032 3.51128155939 ;
1.706909475 4.78037608867 2.12631883549 2.48249782699 5.09516316225e-06 0.894585632575 2.70800699062 ;
2.45970553161 4.81211819343 2.15407414675 2.32083467918 3.08851911943 0.917049986238 3.24474325234 ;
2.86789045615 4.54537513933 3.32260294419 4.05893332657 4.24506741012 2.21050323645 3.3612996828 ;
1.62432654339 4.77253156512 2.05541031237 2.39658882715 5.62060186336e-06 0.986839775934 2.6729943191 ;
2.3116891374 4.74637203406 2.78581060107 2.99315085094 2.9948312747 0.0 3.01538872895 ;
2.05781535898 4.70351845386 3.08857290957 4.48609288714 3.02942977194 3.77102458355 2.83370607055 ;
2.16233316514 4.52291018828 2.37427063261 3.47377428331 3.13252144444 2.2478497242 1.49060817445 ;
2.05134642753 4.79886657486 1.98492888936 2.47716546906 3.05198665212 1.48975763959 3.22519614222 ;
1.82044720791 4.77628772237 2.63365104887 2.584194715 6.310851215e-06 0.966326648294 2.73272026996 ;
2.33266222232 4.58230422815 3.27273559723 4.15862802607 3.62894321133 3.3385378634 3.23547268816 ;
1.60278036907 4.7601261587 0.0 2.23652512933 2.11656586017 0.87072772737 2.71032497308 ;
2.90519597879 4.6449251777 3.16399999051 4.20799837995 3.74245520065 1.53063354824 3.29387011546 ;
2.15440108673 4.57476264295 2.97494129897 3.67833426686 3.03140262906 2.22808620736 1.16235588802 ;
1.98043979632 4.80522199628 2.62832241337 2.31960568945 3.1746224978 0.988350728897 3.25465330627 ;
2.05241575777 4.79329190775 2.64824796872 2.50193945737 3.22021927272 0.96563453715 3.26028428463 ;
2.96019894785 4.62213416724 3.14879948907 4.09226146837 3.2437145902 1.26630937781 2.75664064635 ;
2.84095064255 4.51906054737 3.37940374398 4.02819061396 4.48066249109 2.32708898456 3.40879889517 ;
1.727326818 4.7632382645 2.62388981947 2.52866650876 0.471142418246 0.972588962101 2.44191433223 ;
2.0329225775 4.7019725646 3.08068544597 4.49133127609 3.03032376261 3.77602118765 2.83666347546 ;
1.60278036907 4.7601261587 0.0 2.23652512933 2.11656586017 0.87072772737 2.71032497308 ;
2.07795066537 4.71669824232 3.08898821082 4.51592174246 3.02438793469 3.77999244607 3.10627176154 ;
2.11656405091 4.79260576137 2.71891870559 2.26389996872 3.86637560889 1.13529200418 3.30997660702 ;
1.61261465812 4.77690757234 1.69873141929 2.27391957041 1.71021371912 0.861226532182 3.02910192342 ;
2.89671829734 4.5532332784 3.48495757823 3.84276889157 4.74094324757 2.14650826591 3.51850864263 ;
2.85365394916 4.62273007433 3.05225500643 4.1780238261 2.84757744401 1.51155108823 3.10583498139 ;
1.91129879259 4.6619408173 2.48279394183 3.32240484867 2.30599395829 1.7549530406 0.0 ;
2.10268351933 4.70712036014 3.08897249503 4.4910893117 3.050119391 3.77110028722 3.10282867031 ;
1.60278036907 4.7601261587 0.0 2.23652512933 2.11656586017 0.87072772737 2.71032497308 ;
2.00435019644 4.6606156365 2.93107618133 3.46395634584 2.39609723138 1.91406065181 0.0 ;
2.45148865928 4.73347733333 2.78234723789 2.98489022885 3.49279154753 0.999628696458 3.30307312433 ;
1.82071763007 4.77825296696 2.71586901926 2.73656617697 1.08666184437 0.957511445723 2.92023672667 ;
2.85143864338 4.51974103042 3.37091348754 4.05246353281 4.40808923206 2.30091552783 3.37466700961 ;
2.08125679047 4.7064504496 3.08428333706 4.4954627657 3.00526887516 3.77750200594 3.11036418148 ;
2.03933103509 4.78667832459 2.64562516149 2.50350558784 3.04587257295 1.01912102167 3.24167249062 ;
2.8832063356 4.56895932293 3.28425087926 4.07132437414 4.08522765432 1.83414147073 3.29954152147 ;
1.86104467142 4.77636035769 2.64165561899 2.59138574126 7.08107321368e-06 0.968528329274 3.06189729477 ;
1.97275971866 4.65622569038 2.90184967572 3.44593662433 2.41188786919 1.88612879342 0.224049844637 ;
1.60278036907 4.7601261587 0.0 2.23652512933 2.11656586017 0.87072772737 2.71032497308 ;
1.85520648814 4.82113427413 2.73341512535 2.44786060606 1.81516140607 0.810523674872 3.16695710814 ;
2.90312616214 4.64288204252 3.15560620251 4.21128069664 3.80670635787 1.54655845107 3.29294400611 ;
2.32539895844 4.58408895377 3.27437239056 4.16317676579 3.62666121779 3.34575070078 3.22292582557 ;
2.18337963705 4.77483965409 1.84434235189 2.06996643938 3.78307266206 1.27821337888 3.33357183902 ;
1.74567403059 4.64829881468 1.29059193723 2.90174701904 1.84998940348 1.38692597667 2.72675277494 ;
1.91129879259 4.6619408173 2.48279394183 3.32240484867 2.30599395829 1.7549530406 0.0 ;
2.84430231098 4.62970248065 3.04200601674 4.16663460007 2.77277282905 1.52468004472 3.05434009057 ;
2.12744680877 4.79112365997 2.72192149463 2.26005202422 3.85968421537 1.15295305809 3.30542611804 ;
1.59074357138 4.7792646067 1.67437806431 2.25014566185 1.70019797294 0.835624268311 3.05594130245 ;
2.07412992353 4.7167822126 3.09008092035 4.51708771803 3.03373436532 3.7800184482 3.13075607073 ;
2.88891227153 4.54883112466 3.4717018996 3.86343072382 4.73981649938 2.13041324599 3.51462640965 ;
1.91129879259 4.6619408173 2.48279394183 3.32240484867 2.30599395829 1.7549530406 0.0 ;
2.71054229894 4.76112434298 2.87818278522 3.12941271221 3.17747172818 0.91555837112 3.25243802628 ;
2.05363909139 4.70196844767 3.08898256942 4.48605456287 3.0280798707 3.7726265103 2.83157271136 ;
1.706909475 4.78037608867 2.12631883549 2.48249782699 5.09516316225e-06 0.894585632575 2.70800699062 ;
2.25259313204 4.56412483837 2.55535419475 3.4159467153 3.03169057797 1.79861868267 1.22427283781 ;
2.82377598174 4.5095562463 3.38256986012 4.04513457669 4.46816794697 2.32863308887 3.3868478661 ;
1.26049204703 4.7713162502 1.4045504793 2.24016366474 3.06637671641 0.901094945026 3.15710821224 ;
1.79760240164 4.61712716426 1.8409843737 2.96494923076 2.25618522415 1.43227988557 1.59264952666 ;
2.88100629468 4.65721887133 3.07767697546 4.14628729157 3.28361297577 1.19270298316 3.1845472293 ;
2.04122859062 4.70550641058 3.08874040245 4.49981263333 3.02876812738 3.7789472512 2.82166182962 ;
1.9431247311 4.80364176274 2.08052864057 2.22522728711 3.11221035175 0.93400499811 3.223775022 ;
1.82089995679 4.77592168392 2.64698981141 2.59532046748 6.35545087023e-06 0.973155811886 2.7428897904 ;
2.8450168849 4.50477020953 3.43667265404 3.93351687922 4.69069177309 2.41997974288 3.4620127126 ;
1.91129879259 4.6619408173 2.48279394183 3.32240484867 2.30599395829 1.7549530406 0.0 ;
2.834106508 4.51382526803 3.39181675264 4.03386662372 4.50068587933 2.33627875679 3.4048905601 ;
2.74249313395 4.74170147569 2.8951020657 3.28935872535 3.14301844772 0.953431353899 3.17864568584 ;
1.74262492378 4.781735142 2.1314001389 2.49444274714 5.6737936791e-06 0.904227296189 3.01554090753 ;
2.12040542245 4.70858285628 3.0940024648 4.49282408515 3.05104207239 3.77046552277 3.09747476137 ;
1.36473324897 4.73885020801 1.61212465558 2.24539735557 3.12934642964 1.12827928344 3.13248205995 ;
1.60278036907 4.7601261587 0.0 2.23652512933 2.11656586017 0.87072772737 2.71032497308 ;
2.8477151197 4.52094060811 3.37959989615 4.05140075823 4.4340139133 2.30402112557 3.39909598122 ;
2.48689602949 4.49714208547 3.08683007863 3.74147358501 3.30736606267 1.36882552498 2.02183707178 ;
2.04232397826 4.70139937964 3.0806493074 4.48635288793 3.04010354955 3.77241704083 2.84276965734 ;
1.82044720791 4.77628772237 2.63365104887 2.584194715 6.310851215e-06 0.966326648294 2.73272026996 ;
2.25904931946 4.80489272556 2.71800844479 2.77950936181 3.11903616349 0.934908631172 3.24816944757 ;
1.61613495896 4.76906839123 0.0 2.19823376261 2.15783607584 0.876098466282 3.02321435661 ;
2.89323161341 4.58240456112 3.26324004988 4.0627421437 3.95277701051 1.78481786042 3.29623935991 ;
1.94411754477 4.78761975384 2.61849644146 2.38448313482 3.12550842435 1.02868207787 3.23640769655 ;
2.0414624802 4.66722869311 2.36973425989 3.04502159552 2.17575063733 1.2515454122 0.173395094391 ;
2.00989054155 4.70014103672 3.07254450772 4.4922053923 2.98944788049 3.77883419387 2.81430269473 ;
1.86104467142 4.77636035769 2.64165561899 2.59138574126 7.08107321368e-06 0.968528329274 3.06189729477 ;
2.03179826415 4.70324559044 3.08158643222 4.49413521803 3.03142785545 3.77694490206 2.83585824279 ;
2.96557019704 4.63137549819 3.11512642676 4.07729652076 2.86635539631 1.26427203244 2.78736469321 ;
1.51603367427 4.77245907526 2.58940387702 2.30615597193 0.558886451416 0.923693935009 2.34094038947 ;
2.84287830744 4.51925743136 3.38106109179 4.02676375094 4.47894633054 2.32430730842 3.40893551639 ;
2.04705706263 4.79336502518 2.64469555149 2.49331922056 3.2415230291 0.970210711333 3.26060302343 ;
1.60278036907 4.7601261587 0.0 2.23652512933 2.11656586017 0.87072772737 2.71032497308 ;
2.19983277762 4.75255496558 2.75283541157 2.87876641801 2.63524118671 0.0 3.17385840401 ;
2.83400002764 4.62599990918 3.05301949147 3.96352340064 2.06131159802 2.13351864773 2.26192561246 ;
1.3504699326 4.77279028008 1.62999189876 2.07381409459 0.736795453253 1.0835150788 2.03435307438 ;
2.86935940607 4.54429968002 3.33360755813 4.05309143923 4.2873051407 2.22303254559 3.3770815196 ;
2.0437251614 4.70648074023 3.08725920284 4.50161693806 3.04201484386 3.77856262746 2.83460005061 ;
1.94377498019 4.7804117644 1.84955897272 2.41848279645 3.2588408827 1.50476990862 3.21751952521 ;
2.25904931946 4.80489272556 2.71800844479 2.77950936181 3.11903616349 0.934908631172 3.24816944757 ;
2.48689602949 4.49714208547 3.08683007863 3.74147358501 3.30736606267 1.36882552498 2.02183707178 ;
1.82044720791 4.77628772237 2.63365104887 2.584194715 6.310851215e-06 0.966326648294 2.73272026996 ;
2.04232397826 4.70139937964 3.0806493074 4.48635288793 3.04010354955 3.77241704083 2.84276965734 ;
1.60278036907 4.7601261587 0.0 2.23652512933 2.11656586017 0.87072772737 2.71032497308 ;
2.8477151197 4.52094060811 3.37959989615 4.05140075823 4.4340139133 2.30402112557 3.39909598122 ;
2.04122859062 4.70550641058 3.08874040245 4.49981263333 3.02876812738 3.7789472512 2.82166182962 ;
1.79086980837 4.61656335043 1.83408930114 2.96816068212 2.25797880937 1.42691554143 1.59849510328 ;
2.8450168849 4.50477020953 3.43667265404 3.93351687922 4.69069177309 2.41997974288 3.4620127126 ;
2.88100629468 4.65721887133 3.07767697546 4.14628729157 3.28361297577 1.19270298316 3.1845472293 ;
1.82089995679 4.77592168392 2.64698981141 2.59532046748 6.35545087023e-06 0.973155811886 2.7428897904 ;
1.94552069254 4.80405736433 2.0830940273 2.22325789197 3.11267537995 0.935156668884 3.22386177482 ;
2.03992628787 4.7057061464 3.08657712695 4.50019712373 3.02748513443 3.77740449003 2.82264678995 ;
1.13198184751 4.66481837655 2.18737530341 2.63790589269 3.09074713797 1.38699741356 2.18394135153 ;
2.8408490878 4.5058206585 3.42844926721 3.94964915833 4.66969096862 2.40946008598 3.45436846206 ;
2.46551225141 4.81214882618 2.13717474936 2.29016806249 3.10928488022 0.895520997335 3.24533296965 ;
1.706909475 4.78037608867 2.12631883549 2.48249782699 5.09516316225e-06 0.894585632575 2.70800699062 ;
2.8775468458 4.65973185357 3.07355360123 4.1384816441 3.26427359542 1.1758569794 3.18231222682 ;
2.58570510409 4.57130783424 3.32392051492 4.12140478479 3.77047823219 3.27438840126 3.2854245034 ;
1.7263306067 4.62407002638 3.07250028295 4.21096679371 2.9100598721 3.1457516016 1.69633292952 ;
2.88772045432 4.64860916982 3.14400875339 4.20115583941 3.71940420524 1.49680356334 3.28777944625 ;
2.47337272162 4.80673794122 2.16881977452 2.32364375496 3.11278103661 0.944030146268 3.25033113791 ;
1.706909475 4.78037608867 2.12631883549 2.48249782699 5.09516316225e-06 0.894585632575 2.70800699062 ;
0.698885547541 4.69677029554 1.87615650823 2.26923280061 3.05555636277 1.04771360052 2.39748025493 ;
2.3319602307 4.5820561083 3.27151708502 4.15907420559 3.62580780815 3.3385687796 3.23238653423 ;
2.06142270136 4.5999760762 2.9134068344 3.52615500473 2.65789446618 2.04828744485 1.01427140184 ;
1.86104467142 4.77636035769 2.64165561899 2.59138574126 7.08107321368e-06 0.968528329274 3.06189729477 ;
2.9083711316 4.64552296474 3.16826321242 4.20634911168 3.74195141233 1.53445198468 3.29547516015 ;
1.97917920698 4.80520286398 2.62652508967 2.31828015618 3.17435391867 0.98604918805 3.25527943826 ;
1.60278036907 4.7601261587 0.0 2.23652512933 2.11656586017 0.87072772737 2.71032497308 ;
1.13198184751 4.66481837655 2.18737530341 2.63790589269 3.09074713797 1.38699741356 2.18394135153 ;
2.84029157596 4.50598930883 3.42798519746 3.95094781976 4.66730385935 2.40853937469 3.45347608841 ;
2.03992628787 4.7057061464 3.08657712695 4.50019712373 3.02748513443 3.77740449003 2.82264678995 ;
2.87805349652 4.65987861167 3.0732745296 4.13780021396 3.26360193733 1.17434058957 3.18252174305 ;
1.706909475 4.78037608867 2.12631883549 2.48249782699 5.09516316225e-06 0.894585632575 2.70800699062 ;
2.46551225141 4.81214882618 2.13717474936 2.29016806249 3.10928488022 0.895520997335 3.24533296965 ;
1.60278036907 4.7601261587 0.0 2.23652512933 2.11656586017 0.87072772737 2.71032497308 ;
1.99970562503 4.70140151499 3.07072280566 4.49719363855 2.99546779922 3.78152036512 2.81223964912 ;
2.14943399101 4.79657886641 2.6780686887 2.62090836962 3.11814055164 0.999558401881 3.2556931027 ;
2.85361665908 4.55175869419 3.3436575553 4.07037354275 4.36842579287 1.89866373013 3.38979230861 ;
2.80448519067 4.58994394612 2.93104333234 3.96242495634 1.99565653157 1.78129921333 2.24044213598 ;
1.37119396954 4.80269675443 2.61483366013 2.03494713234 0.528226774842 0.815616731661 2.3851382556 ;
2.30483776574 4.79797641197 2.79381308636 2.87316123675 3.14819114002 1.73032563029 3.26107978527 ;
1.706909475 4.78037608867 2.12631883549 2.48249782699 5.09516316225e-06 0.894585632575 2.70800699062 ;
2.29318425296 4.73977954283 2.77190380469 2.96872086584 3.17881760506 0.0 3.0094943121 ;
2.01817101392 4.65611212987 1.26259262487 2.83074999096 3.01200929182 1.59007814141 2.34656172739 ;
2.05652029891 4.70371571282 3.08648977319 4.48649691658 3.02819243808 3.76955814691 2.8346251374 ;
2.84241863942 4.5073271713 3.39157641265 4.05416125932 4.42322105962 2.28958690452 3.39528111465 ;
2.84095064255 4.51906054737 3.37940374398 4.02819061396 4.48066249109 2.32708898456 3.40879889517 ;
1.727326818 4.7632382645 2.62388981947 2.52866650876 0.471142418246 0.972588962101 2.44191433223 ;
2.96019894785 4.62213416724 3.14879948907 4.09226146837 3.2437145902 1.26630937781 2.75664064635 ;
2.0329225775 4.7019725646 3.08068544597 4.49133127609 3.03032376261 3.77602118765 2.83666347546 ;
2.05241575777 4.79329190775 2.64824796872 2.50193945737 3.22021927272 0.96563453715 3.26028428463 ;
1.60278036907 4.7601261587 0.0 2.23652512933 2.11656586017 0.87072772737 2.71032497308 ;
2.85249894384 4.56117502428 3.43181590888 3.84504961291 4.74264591087 2.04833390848 3.51216609995 ;
1.706909475 4.78037608867 2.12631883549 2.48249782699 5.09516316225e-06 0.894585632575 2.70800699062 ;
2.88263679942 4.61359377859 3.08768835681 4.23740161635 3.25867758709 1.57161025617 3.13728616883 ;
1.11340010291 4.66370049959 2.17434798543 2.62914461015 3.09016212619 1.36309763787 2.1820964267 ;
1.99053906467 4.71036279552 3.07835628873 4.50694621028 2.98940382146 3.78776395315 2.79676752231 ;
2.45970553161 4.81211819343 2.15407414675 2.32083467918 3.08851911943 0.917049986238 3.24474325234 ;
2.05363909139 4.70196844767 3.08898256942 4.48605456287 3.0280798707 3.7726265103 2.83157271136 ;
2.72221853284 4.75666891063 2.88675093454 3.18034170106 3.1814755349 0.92997291777 3.25264841109 ;
1.30959869787 4.77933788805 1.43683359695 2.15818303164 3.05900346135 0.885989338061 3.16491445717 ;
2.82829747757 4.51064690075 3.38609877519 4.04056664154 4.48207261745 2.33392151476 3.3903179849 ;
2.16693706409 4.56347235712 2.52518286506 3.42942766346 3.04128611915 1.7637261425 1.28530737715 ;
1.706909475 4.78037608867 2.12631883549 2.48249782699 5.09516316225e-06 0.894585632575 2.70800699062 ;
2.86446720422 4.54101264964 3.33705793223 4.05075476787 4.31253151244 2.23297569637 3.37910032626 ;
1.95600991123 4.78289305111 1.86860275639 2.41693018521 3.25586803624 1.50572994787 3.22505822779 ;
2.19983277762 4.75255496558 2.75283541157 2.87876641801 2.63524118671 0.0 3.17385840401 ;
2.84112202731 4.6347421668 3.07943821623 3.98706357965 2.10733857303 2.08478441498 2.28847718888 ;
2.03878443029 4.70537454785 3.08519355513 4.49827903794 3.03896595886 3.77768267716 2.8344416199 ;
1.3738438916 4.76310631858 1.59220449464 2.09236061674 0.796900158491 1.11964253117 2.058226715 ;
2.19833484495 4.7520929457 2.7359544572 2.86859095872 2.63189747043 0.0 3.17456252357 ;
2.4007276033 4.8099002621 2.74599561747 2.84760181022 3.26842544183 1.72802918392 3.2761329028 ;
1.60278036907 4.7601261587 0.0 2.23652512933 2.11656586017 0.87072772737 2.71032497308 ;
2.52130458036 4.57672173946 3.27584222775 4.22846430065 3.88299309521 2.85061552625 3.30405568331 ;
1.38859974236 4.8023502735 2.63578205317 1.96438216434 0.816244528874 1.24827667906 2.07503174734 ;
2.44734654036 4.60022899103 2.96268575057 4.01304656886 2.13261304126 2.49658035291 1.6087009291 ;
2.12071905397 4.70771813435 3.09561021463 4.49197090319 3.0513900401 3.76998737779 3.09933535597 ;
1.3649361185 4.738346494 1.61006652579 2.24332636314 3.134312942 1.1270728962 3.13218133895 ;
2.83333941879 4.51329372993 3.39029395036 4.0344089246 4.4987756786 2.33545687069 3.40234911624 ;
1.74262492378 4.781735142 2.1314001389 2.49444274714 5.6737936791e-06 0.904227296189 3.01554090753 ;
2.74172591235 4.74298457374 2.89420955027 3.28709331842 3.13972323808 0.950144485953 3.17934528237 ;
1.91129879259 4.6619408173 2.48279394183 3.32240484867 2.30599395829 1.7549530406 0.0 ;
2.03992628787 4.7057061464 3.08657712695 4.50019712373 3.02748513443 3.77740449003 2.82264678995 ;
2.87805349652 4.65987861167 3.0732745296 4.13780021396 3.26360193733 1.17434058957 3.18252174305 ;
1.13198184751 4.66481837655 2.18737530341 2.63790589269 3.09074713797 1.38699741356 2.18394135153 ;
2.84029157596 4.50598930883 3.42798519746 3.95094781976 4.66730385935 2.40853937469 3.45347608841 ;
1.706909475 4.78037608867 2.12631883549 2.48249782699 5.09516316225e-06 0.894585632575 2.70800699062 ;
2.46551225141 4.81214882618 2.13717474936 2.29016806249 3.10928488022 0.895520997335 3.24533296965 ;
1.706909475 4.78037608867 2.12631883549 2.48249782699 5.09516316225e-06 0.894585632575 2.70800699062 ;
2.05652029891 4.70371571282 3.08648977319 4.48649691658 3.02819243808 3.76955814691 2.8346251374 ;
2.29318425296 4.73977954283 2.77190380469 2.96872086584 3.17881760506 0.0 3.0094943121 ;
2.01817101392 4.65611212987 1.26259262487 2.83074999096 3.01200929182 1.59007814141 2.34656172739 ;
2.30437869139 4.79936448008 2.7921545058 2.86424577182 3.14850880093 1.73016932666 3.25991329555 ;
2.8399565297 4.50760819571 3.38989641088 4.05603686643 4.41608566583 2.286729503 3.39563556584 ;
2.88193386655 4.65613602596 3.07797114674 4.14617723787 3.28584134314 1.19612957095 3.18376351527 ;
2.84546055786 4.50545584877 3.43707232865 3.93246801299 4.69321468012 2.42117852418 3.46335790561 ;
1.79579370449 4.61801902973 1.85493122502 2.96043126986 2.24614298735 1.42366988223 1.58530100873 ;
1.82089995679 4.77592168392 2.64698981141 2.59532046748 6.35545087023e-06 0.973155811886 2.7428897904 ;
1.94359521944 4.80292083387 2.07667991275 2.2312156691 3.11247430366 0.936870747385 3.22229353073 ;
2.04122859062 4.70550641058 3.08874040245 4.49981263333 3.02876812738 3.7789472512 2.82166182962 ;
2.84224277454 4.5195335908 3.37996138729 4.02848456704 4.47789517456 2.32352518724 3.40745608896 ;
1.60278036907 4.7601261587 0.0 2.23652512933 2.11656586017 0.87072772737 2.71032497308 ;
2.05879661902 4.7935936904 2.64947767161 2.51077951398 3.22905267019 0.964323914589 3.26076349327 ;
1.69396761161 4.76565365966 2.62649244091 2.48548316126 0.483459424974 0.943321000172 2.43044901082 ;
2.95284620398 4.6207920698 3.13408541469 4.08967648849 3.15602200313 1.29516855342 2.75332397697 ;
2.03179826415 4.70324559044 3.08158643222 4.49413521803 3.03142785545 3.77694490206 2.83585824279 ;
2.83049901554 4.51377103491 3.38921167689 4.04087662995 4.4639793927 2.3254121021 3.39905437053 ;
2.73103802117 4.50170182638 3.05062596134 4.01431659014 2.64413842977 1.95493163858 1.96634458161 ;
1.32357366676 4.74476946886 1.41241768723 2.32263288477 3.20297959677 1.04024587142 3.15591784978 ;
0.966758171502 4.78410413012 1.53626495667 2.08794798843 0.741525944104 0.74122017018 1.91286062842 ;
2.66283799347 4.78770676496 2.84903712798 2.9996851959 2.6302551683 0.874325991512 3.24722512548 ;
2.04866103811 4.7070632581 3.08906438173 4.50003717146 3.0498464052 3.77751715099 2.84675808043 ;
2.90907126029 4.64489302131 3.16629669211 4.20366582739 3.7464971358 1.54678256872 3.29413718615 ;
2.32669080535 4.58276641674 3.27272019711 4.16135582842 3.61836896228 3.34473470682 3.227069667 ;
1.60278036907 4.7601261587 0.0 2.23652512933 2.11656586017 0.87072772737 2.71032497308 ;
1.86104467142 4.77636035769 2.64165561899 2.59138574126 7.08107321368e-06 0.968528329274 3.06189729477 ;
2.08662969241 4.60027666982 2.91934914868 3.52054898736 2.64088464333 2.07444777729 0.91905761624 ;
1.97161722704 4.80097374989 2.63226682113 2.3442468787 3.17178684216 0.993769318193 3.25415473513 ;
2.88100629468 4.65721887133 3.07767697546 4.14628729157 3.28361297577 1.19270298316 3.1845472293 ;
2.8450168849 4.50477020953 3.43667265404 3.93351687922 4.69069177309 2.41997974288 3.4620127126 ;
2.04122859062 4.70550641058 3.08874040245 4.49981263333 3.02876812738 3.7789472512 2.82166182962 ;
1.9431247311 4.80364176274 2.08052864057 2.22522728711 3.11221035175 0.93400499811 3.223775022 ;
1.82089995679 4.77592168392 2.64698981141 2.59532046748 6.35545087023e-06 0.973155811886 2.7428897904 ;
1.79760240164 4.61712716426 1.8409843737 2.96494923076 2.25618522415 1.43227988557 1.59264952666 ;
2.00435019644 4.6606156365 2.93107618133 3.46395634584 2.39609723138 1.91406065181 0.0 ;
2.89629731168 4.57902008662 3.28230764819 4.06923455826 4.05554907877 1.79085073348 3.33939681677 ;
1.83789164465 4.72035405574 2.7134957197 2.81437604577 0.940200798247 1.188082082 2.88070411452 ;
2.07794312837 4.7080927533 3.07969798622 4.49968649427 3.00823817985 3.77506792911 3.11405899081 ;
1.60278036907 4.7601261587 0.0 2.23652512933 2.11656586017 0.87072772737 2.71032497308 ;
2.07571500009 4.8096523773 2.59978813215 2.34250729788 3.32298728043 0.970706363502 3.28269581749 ;
2.33228881178 4.58212991273 3.27771865641 4.16015085384 3.64100549526 3.33554349257 3.23807682353 ;
2.00014008809 4.79557790668 2.62521031695 2.38178368795 3.19532724154 1.01210130618 3.26324684604 ;
1.60278036907 4.7601261587 0.0 2.23652512933 2.11656586017 0.87072772737 2.71032497308 ;
2.20432548507 4.55160067035 2.94233349415 3.94122221268 2.34685415713 2.5417620224 1.33277491743 ;
2.91118173433 4.64550143194 3.16768537926 4.21494165264 3.77282178375 1.52204643358 3.29437846447 ;
1.76433033293 4.80828961303 2.68573342904 2.31454585375 0.381456004137 0.74506209043 2.59726482855 ;
2.84224277454 4.5195335908 3.37996138729 4.02848456704 4.47789517456 2.32352518724 3.40745608896 ;
1.6833733571 4.76704333644 2.62951605055 2.47419992842 0.487651269699 0.94115401911 2.4254966423 ;
2.03179826415 4.70324559044 3.08158643222 4.49413521803 3.03142785545 3.77694490206 2.83585824279 ;
2.05795831628 4.79357641442 2.64911676463 2.50863333067 3.2306179751 0.964459692858 3.26047797757 ;
2.95200801659 4.62110352624 3.12787444492 4.08772181275 3.13242695998 1.29351993438 2.75659798682 ;
1.60278036907 4.7601261587 0.0 2.23652512933 2.11656586017 0.87072772737 2.71032497308 ;
2.52726115514 4.81810649003 2.76406263728 2.61621817964 1.98946330201 0.937906874982 3.21062526757 ;
2.32882656214 4.58071014937 3.27011996785 4.16533706989 3.60261811704 3.35505845142 3.20948479722 ;
1.64732548861 4.76103639651 2.00973103103 2.13473742088 4.04419081834 1.29264941477 3.35542829524 ;
1.91129879259 4.6619408173 2.48279394183 3.32240484867 2.30599395829 1.7549530406 0.0 ;
2.89801828709 4.63610529792 3.17992918902 4.226805487 3.89742248345 1.57963574143 3.29394783954 ;
1.3147878318 4.71195325783 1.51144998528 2.5671593324 1.65617990383 1.04667059477 2.83026066392 ;
2.95810599464 4.63016190956 3.11290574255 4.08018014958 2.95014180266 1.2749717408 2.77326837581 ;
1.57552468308 4.77080806766 2.60884027501 2.36051180201 0.533046067119 0.912329761887 2.38491192975 ;
2.84336977056 4.51957619396 3.38000715959 4.02658877965 4.47741383178 2.32258979814 3.40856972399 ;
2.03179826415 4.70324559044 3.08158643222 4.49413521803 3.03142785545 3.77694490206 2.83585824279 ;
2.04395462996 4.79363189012 2.64352921377 2.48632333101 3.2405394238 0.971550732191 3.261830775 ;
1.60278036907 4.7601261587 0.0 2.23652512933 2.11656586017 0.87072772737 2.71032497308 ;
2.13052905721 4.80365701293 2.64855639474 2.50818697346 3.1616007806 0.980016955998 3.26112751708 ;
1.9961680374 4.70248007973 3.07261631994 4.4983116814 3.00085961152 3.78336254581 2.81110767863 ;
1.38752649032 4.75630996941 2.62394113646 2.18158502805 0.714205050618 0.89340485439 2.40847379202 ;
2.85230355988 4.63817654961 2.95354707161 4.0379482328 2.01990230449 1.67102040031 2.34198830021 ;
1.60278036907 4.7601261587 0.0 2.23652512933 2.11656586017 0.87072772737 2.71032497308 ;
2.85469082413 4.54951320345 3.35014695044 4.07152663443 4.36923288973 1.91832946595 3.3967678283 ;
2.07795066537 4.71669824232 3.08898821082 4.51592174246 3.02438793469 3.77999244607 3.10627176154 ;
2.85365394916 4.62273007433 3.05225500643 4.1780238261 2.84757744401 1.51155108823 3.10583498139 ;
2.89671829734 4.5532332784 3.48495757823 3.84276889157 4.74094324757 2.14650826591 3.51850864263 ;
2.11656405091 4.79260576137 2.71891870559 2.26389996872 3.86637560889 1.13529200418 3.30997660702 ;
1.61261465812 4.77690757234 1.69873141929 2.27391957041 1.71021371912 0.861226532182 3.02910192342 ;
1.91129879259 4.6619408173 2.48279394183 3.32240484867 2.30599395829 1.7549530406 0.0 ;
2.05363909139 4.70196844767 3.08898256942 4.48605456287 3.0280798707 3.7726265103 2.83157271136 ;
2.71054229894 4.76112434298 2.87818278522 3.12941271221 3.17747172818 0.91555837112 3.25243802628 ;
2.25259313204 4.56412483837 2.55535419475 3.4159467153 3.03169057797 1.79861868267 1.22427283781 ;
1.706909475 4.78037608867 2.12631883549 2.48249782699 5.09516316225e-06 0.894585632575 2.70800699062 ;
2.82377598174 4.5095562463 3.38256986012 4.04513457669 4.46816794697 2.32863308887 3.3868478661 ;
1.26049204703 4.7713162502 1.4045504793 2.24016366474 3.06637671641 0.901094945026 3.15710821224 ;
1.38744322301 4.7889989306 2.59846223833 2.0626509241 0.545861979299 0.834698789307 2.37854627774 ;
2.8546054946 4.55077165426 3.34986417249 4.07049691934 4.37418117341 1.92098364478 3.39842491713 ;
2.140276857 4.79641871153 2.67010444261 2.59287069355 3.12985367993 0.985599173573 3.25814902796 ;
2.82574166151 4.60751116511 2.95029999312 4.01068326977 2.01877667288 1.74038278305 2.25402334362 ;
1.99820709177 4.70169651526 3.07060223575 4.49626119724 2.99565037045 3.78160466817 2.81354735583 ;
1.60278036907 4.7601261587 0.0 2.23652512933 2.11656586017 0.87072772737 2.71032497308 ;
2.8408490878 4.5058206585 3.42844926721 3.94964915833 4.66969096862 2.40946008598 3.45436846206 ;
1.706909475 4.78037608867 2.12631883549 2.48249782699 5.09516316225e-06 0.894585632575 2.70800699062 ;
2.46551225141 4.81214882618 2.13717474936 2.29016806249 3.10928488022 0.895520997335 3.24533296965 ;
1.13198184751 4.66481837655 2.18737530341 2.63790589269 3.09074713797 1.38699741356 2.18394135153 ;
2.03992628787 4.7057061464 3.08657712695 4.50019712373 3.02748513443 3.77740449003 2.82264678995 ;
2.8775468458 4.65973185357 3.07355360123 4.1384816441 3.26427359542 1.1758569794 3.18231222682 ;
2.8335278815 4.51228359215 3.39382594396 4.03369470476 4.50335500591 2.33733493452 3.40672084014 ;
1.36348005435 4.7372652047 1.60953525673 2.26109230036 3.12752655922 1.13887743017 3.13411652669 ;
2.12071905397 4.70771813435 3.09561021463 4.49197090319 3.0513900401 3.76998737779 3.09933535597 ;
1.74262492378 4.781735142 2.1314001389 2.49444274714 5.6737936791e-06 0.904227296189 3.01554090753 ;
2.74126583659 4.74313549802 2.89319138288 3.2797497654 3.1470720528 0.948964247939 3.17659708772 ;
1.91129879259 4.6619408173 2.48279394183 3.32240484867 2.30599395829 1.7549530406 0.0 ;
1.706909475 4.78037608867 2.12631883549 2.48249782699 5.09516316225e-06 0.894585632575 2.70800699062 ;
1.13198184751 4.66481837655 2.18737530341 2.63790589269 3.09074713797 1.38699741356 2.18394135153 ;
2.8775468458 4.65973185357 3.07355360123 4.1384816441 3.26427359542 1.1758569794 3.18231222682 ;
2.03992628787 4.7057061464 3.08657712695 4.50019712373 3.02748513443 3.77740449003 2.82264678995 ;
2.46551225141 4.81214882618 2.13717474936 2.29016806249 3.10928488022 0.895520997335 3.24533296965 ;
2.8408490878 4.5058206585 3.42844926721 3.94964915833 4.66969096862 2.40946008598 3.45436846206 ;
2.07240544443 4.81727359222 2.13483313235 2.15899905752 3.33781226063 0.906645219453 3.27706414205 ;
2.07783120273 4.71485203289 3.08657698281 4.51332894038 3.02111966793 3.78160238612 3.09144136628 ;
2.86424497367 4.63609959914 3.05359860989 4.18317368596 2.83368068536 1.4856544232 3.11787323394 ;
2.86771582216 4.55407994007 3.45265558562 3.86484510557 4.72373990317 2.1207105163 3.50993814944 ;
1.91129879259 4.6619408173 2.48279394183 3.32240484867 2.30599395829 1.7549530406 0.0 ;
1.40090099826 4.72306854867 1.94214703732 2.38517596359 1.20592698968 1.03340095598 2.90453213622 ;
2.80756931636 4.50544704757 3.37977455732 4.06219254288 4.41078502666 2.29229473291 3.38486666316 ;
1.69832761669 4.64980113244 1.88137442124 2.88356943243 1.58750823262 1.81723617244 1.94189342192 ;
2.678302963 4.81329286849 2.83545201889 2.91660694697 2.54442498561 1.68255164863 3.24891767583 ;
2.19793658781 4.74998606337 2.74877399073 2.87570117297 2.59056987028 0.0 2.95277425095 ;
2.05775811649 4.70255597403 3.08820698071 4.48616489704 3.03460466383 3.76962518354 2.84139464968 ;
1.47397252858 4.75616489908 1.03011400537 2.34931970953 3.17484752459 1.20132126465 3.16593953301 ;
2.85364570687 4.55205903694 3.34477082649 4.06940772044 4.3698081006 1.89915968462 3.39225570376 ;
1.99820388056 4.7006740918 3.0706031652 4.49532820955 2.99357968322 3.78116974944 2.81284339245 ;
1.60278036907 4.7601261587 0.0 2.23652512933 2.11656586017 0.87072772737 2.71032497308 ;
2.14695072297 4.79650221242 2.67869362209 2.61932274621 3.11686638492 0.998927379541 3.25673272139 ;
1.37119396954 4.80269675443 2.61483366013 2.03494713234 0.528226774842 0.815616731661 2.3851382556 ;
2.81392562541 4.59039358015 2.92819573541 3.96587955125 2.01459533648 1.77359819844 2.24002618718 ;
2.83879927231 4.51637139707 3.39730625136 4.02906072534 4.51250856266 2.34162803485 3.40745069582 ;
1.35539615961 4.7455823958 1.60726110757 2.21847946099 3.13299422148 1.11466300067 3.13270434088 ;
1.74262492378 4.781735142 2.1314001389 2.49444274714 5.6737936791e-06 0.904227296189 3.01554090753 ;
2.750478082 4.73435518226 2.90245727154 3.31715355468 3.14498806196 0.966720919673 3.17930737568 ;
1.91129879259 4.6619408173 2.48279394183 3.32240484867 2.30599395829 1.7549530406 0.0 ;
2.12246761966 4.70842187092 3.09623663804 4.49172224774 3.05480355776 3.77094748708 3.09754677369 ;
1.60278036907 4.7601261587 0.0 2.23652512933 2.11656586017 0.87072772737 2.71032497308 ;
2.14038140037 4.80764306813 2.64689781554 2.50232443219 3.10367113195 0.963765185453 3.25948620599 ;
2.00156308615 4.70355172247 3.07620855914 4.49922244524 3.0005725725 3.78353085062 2.81119079462 ;
2.85566904423 4.54993073023 3.34951632952 4.0720037887 4.36532348828 1.91923296375 3.39638858782 ;
1.37441477725 4.7382172824 2.6403965053 2.22773150064 0.814569240101 0.942565009126 2.39810300047 ;
2.83760653412 4.63919201212 2.94343256485 4.04358430847 1.99708908069 1.684012149 2.31260020222 ;
1.99265794271 4.78775919909 1.90125734385 2.39232251512 3.27416024329 1.49078389123 3.2408857576 ;
2.0305900627 4.70271713942 3.08114435255 4.49533949252 3.02940369102 3.77689793059 2.83065859373 ;
2.19983277762 4.75255496558 2.75283541157 2.87876641801 2.63524118671 0.0 3.17385840401 ;
2.85507202794 4.53587371224 3.34314733622 4.0542844434 4.33817110204 2.2432758619 3.38309373254 ;
1.34321702235 4.75254403068 1.54471484141 2.15211186657 0.908822056019 1.18019981688 2.08267014697 ;
2.86683069738 4.64619949503 3.09235934133 3.99806415526 2.17889772379 2.06785286449 2.3563686859 ;
2.32882656214 4.58071014937 3.27011996785 4.16533706989 3.60261811704 3.35505845142 3.20948479722 ;
1.31549296875 4.71229760786 1.51353196259 2.570876742 1.66118512751 1.04755397176 2.83054727933 ;
2.89801828709 4.63610529792 3.17992918902 4.226805487 3.89742248345 1.57963574143 3.29394783954 ;
1.64740727699 4.76067309927 2.00825164671 2.12739092719 4.04486952908 1.29214470417 3.35684944636 ;
1.91129879259 4.6619408173 2.48279394183 3.32240484867 2.30599395829 1.7549530406 0.0 ;
2.52726115514 4.81810649003 2.76406263728 2.61621817964 1.98946330201 0.937906874982 3.21062526757 ;
2.8477151197 4.52094060811 3.37959989615 4.05140075823 4.4340139133 2.30402112557 3.39909598122 ;
1.82044720791 4.77628772237 2.63365104887 2.584194715 6.310851215e-06 0.966326648294 2.73272026996 ;
2.25904931946 4.80489272556 2.71800844479 2.77950936181 3.11903616349 0.934908631172 3.24816944757 ;
2.04232397826 4.70139937964 3.0806493074 4.48635288793 3.04010354955 3.77241704083 2.84276965734 ;
1.60278036907 4.7601261587 0.0 2.23652512933 2.11656586017 0.87072772737 2.71032497308 ;
2.48689602949 4.49714208547 3.08683007863 3.74147358501 3.30736606267 1.36882552498 2.02183707178 ;
1.61261465812 4.77690757234 1.69873141929 2.27391957041 1.71021371912 0.861226532182 3.02910192342 ;
2.89671829734 4.5532332784 3.48495757823 3.84276889157 4.74094324757 2.14650826591 3.51850864263 ;
2.11656405091 4.79260576137 2.71891870559 2.26389996872 3.86637560889 1.13529200418 3.30997660702 ;
2.07795066537 4.71669824232 3.08898821082 4.51592174246 3.02438793469 3.77999244607 3.10627176154 ;
1.91129879259 4.6619408173 2.48279394183 3.32240484867 2.30599395829 1.7549530406 0.0 ;
2.85365394916 4.62273007433 3.05225500643 4.1780238261 2.84757744401 1.51155108823 3.10583498139 ;
2.84546055786 4.50545584877 3.43707232865 3.93246801299 4.69321468012 2.42117852418 3.46335790561 ;
1.79579370449 4.61801902973 1.85493122502 2.96043126986 2.24614298735 1.42366988223 1.58530100873 ;
2.88299863946 4.65727765232 3.07924319015 4.14770498799 3.28786936288 1.20076663722 3.18485525109 ;
1.94359521944 4.80292083387 2.07667991275 2.2312156691 3.11247430366 0.936870747385 3.22229353073 ;
1.82089995679 4.77592168392 2.64698981141 2.59532046748 6.35545087023e-06 0.973155811886 2.7428897904 ;
2.03754130118 4.7039908157 3.08693823041 4.49852178097 3.02519173689 3.77889961916 2.81916294376 ;
1.85886005157 4.77587898606 2.65673869496 2.60432869848 7.13727220744e-06 0.976215062046 3.06313936286 ;
2.84251348368 4.5025827674 3.44095090215 3.87555281347 4.75938879182 2.44797570242 3.47845923483 ;
1.8897843373 4.80698055994 1.95744331173 2.18882149695 2.90179268598 0.908281167832 3.21006745661 ;
2.87506604814 4.65074832872 3.10660327456 4.18086664269 3.3484748565 1.34563705855 3.19209017014 ;
1.9122654672 4.58702353949 2.30522751701 3.1629209351 2.51500369368 1.54399965231 1.13082430576 ;
2.00349287052 4.70652406536 3.07652641387 4.50225202026 3.00461323381 3.78354817738 2.81168478229 ;
1.51603367427 4.77245907526 2.58940387702 2.30615597193 0.558886451416 0.923693935009 2.34094038947 ;
2.96557019704 4.63137549819 3.11512642676 4.07729652076 2.86635539631 1.26427203244 2.78736469321 ;
1.60278036907 4.7601261587 0.0 2.23652512933 2.11656586017 0.87072772737 2.71032497308 ;
2.04705706263 4.79336502518 2.64469555149 2.49331922056 3.2415230291 0.970210711333 3.26060302343 ;
2.03179826415 4.70324559044 3.08158643222 4.49413521803 3.03142785545 3.77694490206 2.83585824279 ;
2.84287830744 4.51925743136 3.38106109179 4.02676375094 4.47894633054 2.32430730842 3.40893551639 ;
2.13706688652 4.80861020947 2.64221463134 2.48491768402 3.11297324168 0.968623638495 3.26000438934 ;
2.84624677272 4.64322099321 2.94544002298 4.04458638327 2.00631081317 1.65825000331 2.33329633573 ;
2.00309021322 4.70429482946 3.07634468729 4.50111864918 3.00250010681 3.78389166567 2.81057602806 ;
1.60278036907 4.7601261587 0.0 2.23652512933 2.11656586017 0.87072772737 2.71032497308 ;
1.37092016382 4.73588619713 2.64612499976 2.24236275476 0.838854237462 0.95057175356 2.40806404945 ;
2.85337431345 4.54963351972 3.34889311793 4.07208751371 4.36413756118 1.91893373148 3.39650685131 ;
