2.23837854417 4.76799717019 3.17161646037 4.50846124486 2.82741827281 3.82484609152 3.16489954187 ;
0.361842860856 4.74245735834 2.44131437766 1.55605470278 3.29172863506 0.92744993237 2.98419002289 ;
2.39473192414 4.77343958871 2.60915925869 1.97110429565 3.30218407041 0.863780608638 3.15312120204 ;
1.54704980437 4.77976163491 2.61569754709 2.37183892578 0.314056242378 0.746008446148 2.91759590255 ;
1.98408033582 4.63260877206 3.15814004465 4.06892970106 2.7035910599 3.3902888126 0.0700695780858 ;
2.75778069857 4.58179854581 3.25664831817 3.68045602148 4.6162687684 2.31281520774 3.50198334701 ;
1.79331399948 4.7192827403 0.0834827275231 1.88713366323 1.89863631752 0.79691173621 2.81938334341 ;
2.59579981961 4.7101802165 2.9490220393 3.94082916012 3.25458886973 0.774824758564 3.14675746246 ;
1.31609880875 4.7391100664 1.72570970283 1.380385633 3.11800206863 0.848399950498 2.97855179383 ;
2.23495438732 4.76643357073 3.17458174993 4.51833782545 2.83684890677 3.85241498519 3.15907197955 ;
2.52442594935 4.71210495486 2.71346696773 2.87856600853 3.91387195753 0.162078723711 3.24818210657 ;
2.70953903339 4.61626040699 3.16464002212 3.52101069745 4.45608936599 2.22947378733 3.4517373267 ;
0.380146470987 4.75461113998 1.49998609213 1.94247465113 0.524845722151 0.832058393648 2.71881859685 ;
2.06422427222 4.77541087816 2.31901971284 2.26721318139 0.188465238349 0.648206851943 2.96040434724 ;
2.37337797941 4.77317539045 2.69946595391 3.44199431293 2.17726141848 1.19547765135 3.07590922917 ;
2.12120284637 4.65047471534 3.10288194518 4.00315501491 2.70992427709 3.1707760198 0.0354946939706 ;
3.01525276741 4.6523942271 3.39350777864 3.93440825267 4.59799146705 2.54255051805 3.58710166569 ;
1.54553032118 4.76788055027 2.61788644829 2.39669747321 0.137032382807 0.864776719298 2.87593673312 ;
2.19706279738 4.75252203463 3.17360836924 4.48923803238 2.80032236444 3.85981600528 2.85582249583 ;
2.56952939956 4.56262244879 3.1081797845 3.55138340385 4.41218850291 1.44176032541 3.35391471635 ;
2.26959662749 4.74166915248 2.67403559834 3.87844804378 2.52524102 0.975649241906 2.80483213714 ;
1.43375839074 4.72506183387 0.147464474556 1.58335688452 1.10069064228 0.611214560081 2.73394571692 ;
1.41967212804 4.7317150553 2.01966111199 1.83633328506 3.75496029057 1.68455231316 3.11866954327 ;
2.06199822632 4.78633005785 2.53459404567 1.79262174371 2.97551784631 0.280058744757 3.05796598071 ;
2.67027540703 4.77173797618 2.79772382191 3.38528483574 2.69979363325 1.03550879975 3.13739400726 ;
2.78496505983 4.58314403979 3.25927424341 3.75174319194 4.58620659501 1.98845403479 3.47926352293 ;
2.2323320125 4.7698258106 3.17791584731 4.51759581698 2.86302376769 3.84196381886 3.16253836615 ;
1.63462847602 4.73606880626 2.61008103281 1.85946695305 3.96098960465 1.05463774643 3.25742373824 ;
2.12120284637 4.65047471534 3.10288194518 4.00315501491 2.70992427709 3.1707760198 0.0354946939706 ;
1.76593631857 4.71377182279 0.041362269019 1.78085641466 2.15543054837 0.797238615071 2.8606322873 ;
1.75872879697 4.7692582035 2.45205799815 2.92577237828 0.0322093762202 1.09270171911 2.93341276407 ;
1.08396403925 4.78546082449 2.50973737461 1.52961285084 1.68397770255 0.346827839967 2.7932940532 ;
1.38383536071 4.76110758305 1.9097035953 2.0568046656 0.0306233233083 0.781254093216 2.82682274665 ;
1.91608173931 4.74365793997 2.65287111835 1.84057333493 3.87696486763 1.82913278121 3.25253403957 ;
2.46901545873 4.75123407433 2.86286547689 3.73586916836 2.06255425361 1.35835268304 2.88505085703 ;
2.7785843813 4.58741431171 3.27913761363 3.80197705943 4.56821415835 2.26191876172 3.45624154137 ;
1.92432240341 4.71132536763 0.0322447157465 2.05841109169 2.98418134408 0.954133321444 2.88655555117 ;
1.17738488229 4.78072142972 2.48911865197 1.69007280559 2.35793047331 0.30541016801 2.82635067176 ;
2.21384910082 4.75501222306 3.19293467697 4.49547344007 2.83990153856 3.87557013847 2.87521133473 ;
2.54712053717 4.70674060326 2.83898067582 2.99874188673 4.00107590956 0.0297994403155 3.30016863624 ;
2.22764733787 4.76630749555 3.17417006427 4.51647040712 2.83734542951 3.84880234486 3.15993322936 ;
0.814431209133 4.72193944548 2.04132358982 1.3447438545 3.81885066133 1.43367763372 3.16847132787 ;
2.73210932863 4.60013966151 3.22933756036 3.64807469263 4.56977075063 2.01495805075 3.48277999513 ;
2.35716750377 4.74155931964 2.2885916978 2.17681590662 3.49523163662 0.511413038185 3.09623688602 ;
1.64022304817 4.7506655048 1.1661497839 2.4280770062 0.526154255305 0.894706507061 2.81983773207 ;
2.05074745496 4.65068188864 3.09519279146 3.96519904611 2.68179839363 3.25385423291 0.0360765741996 ;
1.0454383241 4.78523748767 2.45024660088 1.45091143881 1.10763084617 0.34701101746 2.86604525457 ;
2.59640126016 4.76578869884 2.79378946382 3.730491994 2.35869356217 1.18014261914 3.08830297889 ;
2.31114594646 4.74794378108 2.84868295304 3.75050271267 1.71106732597 1.30653740198 2.91920816751 ;
2.21447823552 4.7588131348 3.19414760682 4.49942024798 2.86335399752 3.8710114738 2.87595845583 ;
2.73669727026 4.69402389167 2.93251174934 3.50206484696 3.9668292828 0.0954845140077 3.21786548011 ;
1.43841401245 4.7717138841 1.73228284475 1.33629539195 1.6845240486 0.27391143072 2.80369648041 ;
1.76894208857 4.75139131676 2.63758815118 1.83533751851 3.73222752993 1.19760194553 3.17991124683 ;
1.15963262624 4.762979942 2.22534071676 2.08844491161 0.0697763310485 0.82873192184 2.81965749093 ;
2.77621847682 4.59285758753 3.26169486571 3.75430186417 4.52983208589 2.26979161828 3.45022248049 ;
2.03818479227 4.70409613641 0.0531447221257 2.33302505946 3.17688451558 1.12655973533 2.88187649078 ;
1.76762511381 4.72959780347 0.0304290013005 2.00592267802 1.62299663397 0.80608368779 2.76879907523 ;
2.36452583618 4.76449233346 2.55281701406 1.99889177117 3.6170729121 1.82128938937 3.20385928501 ;
2.20619973991 4.75701219405 3.18305270088 4.48945515107 2.83860510398 3.85005367711 2.87867035948 ;
1.03392328672 4.77732015338 2.4404202417 1.42827239413 0.279989534551 0.618566169158 2.86573601445 ;
1.40165467781 4.75631102474 2.37978929986 1.69150916592 3.22313064415 0.38685375662 3.01127350597 ;
2.65138475959 4.70630911307 2.89870706121 3.90824929709 3.54984190691 0.910779443344 3.10978884574 ;
2.80612190222 4.56300287062 3.3441688727 3.74825555441 4.69860129293 2.37878574405 3.5339420235 ;
1.9891554107 4.74306229523 2.74461302034 3.45024496082 0.873279169731 0.958548216364 2.83155569199 ;
1.3186498439 4.7154861962 0.561329199153 1.49988888253 2.16069403145 0.52714676868 2.09347382273 ;
2.69076905638 4.72218780705 2.8915072423 3.84880461375 3.13527417759 0.846348301896 3.15986705362 ;
2.25776239642 4.76858773536 3.17969045701 4.51725424502 2.84494361938 3.8498143956 3.16858123155 ;
0.411046401221 4.76048734675 2.58955533339 1.9896821173 3.0329093562 0.783809164943 3.12399512906 ;
1.64740301403 4.77026235825 2.132026054 2.19855165929 0.325667530821 0.708555372175 2.99056236367 ;
1.86610037265 4.61797071786 3.11095334569 4.10365133405 2.52980398734 3.36933941369 0.255665022746 ;
2.38804654879 4.75787719102 2.25275781519 1.95325051581 3.62154328641 1.13424728931 3.21352149703 ;
2.7928569683 4.57118913871 3.30984648687 3.74178370441 4.66827231256 2.2991930531 3.51258736464 ;
2.2421890221 4.76755431044 3.17725916899 4.52024167261 2.84934261952 3.85961035376 3.16070051167 ;
1.27051550716 4.73966405341 0.674604747688 1.49782795968 1.65199375248 0.6621415934 2.68883673452 ;
2.73872585608 4.60116794483 3.22046756152 3.673425803 4.51667719891 2.2655915566 3.46422150151 ;
2.74498234974 4.66381047634 2.90729871578 3.7557023018 4.13700425143 0.12672817631 3.21485567349 ;
2.24450284374 4.75242847979 2.72267904189 3.77360131377 1.81752698473 1.22688880649 3.07479805247 ;
1.88117718586 4.75595028426 2.4079953849 1.82713129979 3.52041789439 0.924186869436 3.16164217823 ;
1.35083623726 4.78738205248 2.56476766799 1.97746066154 0.256397127108 0.640612597352 2.91493914183 ;
2.07746721722 4.64335328552 3.16381771599 4.00005688563 2.69098227498 3.36937815403 0.0379426038996 ;
2.82164904149 4.69354961603 2.94868455222 3.84740189122 3.72850458076 0.173564931017 3.15608626059 ;
2.21882549859 4.7573707313 3.18751266445 4.49775790203 2.8463251559 3.8712577293 2.87540896718 ;
1.63725331812 4.76358686906 2.65948023763 2.51643959259 0.212356328598 0.871006310797 2.87716586534 ;
2.18667263777 4.76088268769 2.112123872 1.72625982986 3.23122866511 0.352078749129 3.05836233465 ;
2.76334779634 4.58857930915 3.28193810547 3.70335531394 4.62165302112 2.30801858355 3.49943618105 ;
0.171761491157 4.74248175077 2.45663157056 1.97454598259 3.24183619659 0.978597685688 3.03162947351 ;
2.56657555911 4.74643067142 2.5984124049 2.96594771471 2.97946553113 1.79128260731 3.01024050591 ;
1.33184371497 4.72834206188 0.246877510191 1.60488810051 0.960253690949 0.597522308327 2.68905396781 ;
2.61755409795 4.74870006271 2.72943447546 2.87732415867 3.12394965117 0.590201717524 3.05079048921 ;
2.22827673563 4.75867223928 3.18147049184 4.48533973708 2.84239772801 3.81718795435 2.87520064664 ;
2.75618150913 4.61562136677 3.20793230691 3.67547007917 4.44373627654 2.12427363408 3.44324789831 ;
1.00497000586 4.72224913441 2.34817951952 1.39205274674 3.79997581333 1.16352769094 3.14952986824 ;
0.513462242373 4.69221667572 1.45733386973 1.4051523733 0.455635573589 0.83184462002 1.92471507116 ;
1.85066332279 4.76983323421 2.59338018351 2.67717590295 0.226135446653 0.966084759616 3.01114671933 ;
2.09847527871 4.7490839655 0.421136600171 1.66418025378 2.1770619339 0.668323138099 2.96446902754 ;
0.259718131898 4.76983653031 2.63050269828 3.08615617737 2.3556371075 0.482677926381 2.97903130341 ;
0.5470929739 4.76691174479 2.12332002017 1.20949757036 0.854276968261 0.466229395533 2.61781699282 ;
2.75463870577 4.5955049233 3.23775457872 3.72609098909 4.51196122204 2.26563713229 3.46611855401 ;
1.92153654492 4.71871044238 0.0840547759252 1.88456333962 2.32584419628 0.815484380594 2.87807441599 ;
2.26098705294 4.772981816 3.17760002126 4.51256091856 2.85150883199 3.80206528112 3.18084107094 ;
2.72161212421 4.707848336 2.9146538549 3.65877998289 3.45036750474 0.414324770679 3.17745807695 ;
1.79066969148 4.76677002017 2.60139132516 1.80625667738 3.45707369327 1.0071145321 3.14420885143 ;
1.90882140596 4.76060924437 2.62613029682 3.08612217589 0.569089345429 1.03700542787 3.01321314562 ;
1.85383026075 4.62752122304 3.11962258403 4.08898303565 2.73024448428 3.43712486246 0.242578425081 ;
0.997764639664 4.76449145666 1.3383957506 0.396857597216 1.21443801849 0.46443459315 2.77617452919 ;
2.23838298769 4.76614596443 3.17536647064 4.51869658372 2.83698492293 3.85687965639 3.15938585854 ;
2.32785745975 4.75485891191 2.02336021355 1.9542469984 3.30789891328 0.654720575566 3.08313125311 ;
2.76475230016 4.60096193271 3.21480541538 3.64095776385 4.54444444995 1.94153752944 3.46914408867 ;
2.63270038206 4.77363588721 2.78159270865 3.6363165486 2.42711069341 1.2188816706 3.12778616845 ;
1.59210897598 4.7576013315 2.15236618021 2.60239211871 0.181249993863 0.80419259308 2.89369434589 ;
0.21120806486 4.73955422686 2.43522882759 2.22400850632 3.44887248568 1.08196950519 3.10523667912 ;
2.07512740776 4.64713834539 3.03536576946 3.90931929285 2.69095234375 3.07443572547 0.0338564773258 ;
1.56229272856 4.65788795921 2.11940922928 2.49514994673 1.80721345865 1.01021325806 0.0793053325204 ;
1.80511207105 4.73279949649 2.18264713272 1.87070151577 3.87523454504 1.2049988608 3.23458838089 ;
2.21351815245 4.75976175874 3.1836778819 4.48941212168 2.87082798106 3.82915618801 2.88682531152 ;
1.79295559347 4.7706307388 2.71663264416 2.86265064082 0.0603468451211 1.04644369594 3.04123532847 ;
2.78969494261 4.59906089085 3.24696372672 3.75305496807 4.47963184949 1.97439003665 3.46388346785 ;
2.32089671081 4.77150967989 2.65741950076 3.13871582957 2.56227472326 0.569252232637 3.06822972829 ;
0.750307457787 4.79518397598 2.27964690762 0.812460918766 1.61460138864 0.493183839689 3.0609706835 ;
1.56521097188 4.73318733725 0.0867742981159 1.85662957608 0.943526632893 0.660819174604 2.97342239969 ;
2.22747009074 4.76265365753 3.19493683764 4.50711145182 2.9596337665 3.86720355009 2.93106222598 ;
1.26903118183 4.77036961514 2.58200652005 1.72156232148 3.10466332639 0.759117618827 3.12471055093 ;
2.31164564983 4.74185419232 2.87251693687 3.79402142103 1.20094430027 1.74449570822 3.12814352486 ;
2.74220749305 4.7164371837 2.83744898576 3.25747778293 3.71777085291 0.191264856915 3.28531956367 ;
2.73339951296 4.61737424153 3.18975365284 3.53287005712 4.42286392843 2.22627954598 3.4406070419 ;
1.90032663343 4.72271111225 0.12329295011 1.96111076021 3.00307859903 0.959890661752 3.01074530054 ;
1.79411742935 4.63679615946 2.34500143017 2.97011617204 2.04039433789 1.40858202711 0.0512989429937 ;
1.32291811489 4.77188095526 1.86990649695 1.74408723369 0.204628813194 0.593276240921 2.96691389544 ;
2.80086902217 4.58036962265 3.27573752212 3.73812934326 4.59545032093 1.97130388431 3.4841602947 ;
1.94101926233 4.76218583684 2.71991462435 3.17503286848 0.0592524164111 1.35291024776 2.93370834289 ;
2.22617951518 4.7589639896 3.19080173274 4.49683241644 2.90048309308 3.86559223152 2.88449858278 ;
1.30216285336 4.73413172676 2.6256925035 1.91705743009 4.02185811322 1.33699718728 3.29086264141 ;
1.47146942942 4.79030204571 2.51390167271 1.74853762123 2.39518563341 0.250773450784 2.85857562843 ;
1.95379884418 4.70978918644 0.0405952373411 2.0599967043 3.02773384925 0.928552134788 2.87720229723 ;
1.02646535519 4.7402195954 1.33053396332 1.36345137592 0.144132681916 0.57450468741 2.67460059447 ;
2.7119354651 4.76303518468 2.78461359805 3.3510462601 2.81357357468 1.05958558771 2.96032865207 ;
0.858539720096 4.73742240261 1.43118875996 0.943531712156 0.567559676108 0.540829971046 2.631937064 ;
2.2235076432 4.7571391243 3.17930515268 4.47561280222 2.83801023185 3.77559935781 2.85653509417 ;
2.07580042967 4.74983012721 2.66958211281 1.97299617895 3.54607974839 1.79455361031 3.21638134893 ;
1.34780749179 4.76886019866 2.61822035727 2.36644712275 2.39170123359 0.316338336257 2.87509135329 ;
2.76607425962 4.60456771819 3.24973599749 3.81527786864 4.43032610218 2.2233777694 3.43489991306 ;
1.95924678898 4.71347459423 0.0594165415037 2.14078113274 3.06981058585 0.984085428735 2.90592387906 ;
2.59602365231 4.71461002512 2.82074065417 3.04987566194 3.91919447994 0.0428223688104 3.24738097745 ;
1.97171079853 4.76209192279 2.52150231328 3.06003212098 0.192157615124 1.11864543393 2.92154490182 ;
2.80788028226 4.60597416915 3.24489959569 3.77943761053 4.46747239676 1.85854785878 3.45103814738 ;
1.24566107032 4.79004958789 2.49742046852 1.56545555451 1.10483727375 0.372225775665 2.8190404153 ;
2.25420747649 4.77082994794 3.18039796462 4.52442232926 2.87825053301 3.85917136863 3.1653092309 ;
0.192089677747 4.72991475471 2.42161887156 2.09439955024 3.71711657744 1.20399804543 3.16039171882 ;
1.58512821012 4.7339909405 0.0684046406029 1.85872119652 1.1324884832 0.692935761996 2.77925087695 ;
2.29105226814 4.74680419628 2.81646357075 3.64924726838 1.36790201571 1.25734176187 3.08602213239 ;
2.03807987129 4.63936589691 3.14835042071 4.0677307653 2.73217036788 3.22355329723 0.0666235332619 ;
2.43038058125 4.74950358269 2.2260412197 2.01649753831 3.62760740568 1.00598282465 3.13631313541 ;
1.4685649609 4.78169884939 1.89160338697 1.8685483865 0.286149669094 0.635620621072 3.00883268091 ;
2.5420522832 4.7483532344 2.77153398888 3.8300923386 2.03672811558 1.13098368557 3.11289168409 ;
2.36473539782 4.76086385087 2.2270493905 2.00613111038 3.52986253522 0.992010906714 3.19623721205 ;
1.0610700095 4.65590618967 3.12036824892 4.29083097829 2.66780305882 3.74226604063 1.51337810815 ;
2.76484847326 4.59258551512 3.25827118675 3.75599588767 4.55934971561 1.91992894599 3.46887149785 ;
1.7638674233 4.66460793601 1.99441371971 2.56611028958 2.04022754664 0.86019324162 0.0727709465135 ;
2.45769403555 4.77473037197 3.19338823174 4.53018194354 2.86531699122 3.859142777 3.19269598668 ;
0.515687483859 4.75557718611 1.96680102188 1.64010307623 2.88615402005 0.682564623438 3.11143350754 ;
1.85605049223 4.72215540927 0.0646751499335 1.74958860896 2.25085927093 0.748263328777 2.82409248597 ;
2.72734684428 4.61100252773 3.18662087018 3.59377108999 4.47091886665 2.25631653337 3.45144821269 ;
2.19423063761 4.76106569956 3.16042882145 4.48520024161 2.79309773822 3.77561180893 2.91076470717 ;
1.4593640496 4.75959173578 2.36697361888 2.46437090994 0.204210488299 0.830057928083 2.82478692327 ;
2.23054999296 4.77838643245 2.58460904077 1.92047570454 3.02825061008 0.632000954604 3.03669177424 ;
3.03030615696 4.35990346542 4.58539065889 3.52549580607 4.78985821919 5.34234366476 0.0 ;
0.377562541165 4.73051617818 2.49193694773 1.46225427405 3.42396518332 1.22164171284 3.07034615573 ;
2.64101504442 4.70378211088 2.93267720959 3.85975104191 3.31732908164 0.528621308131 3.07948927183 ;
2.33406191133 4.74774245068 2.86384215386 3.78794645117 1.16421646506 1.51355462121 3.08017582781 ;
2.25127515637 4.76968545637 3.18711094423 4.52228892467 2.95003915159 3.85690746465 3.16296936795 ;
2.34357352888 4.71502393772 0.219561872771 2.16376113807 3.05427225723 0.977399401056 2.92010713077 ;
0.0952851231931 4.74292197083 2.31260633707 2.08499739713 3.22996714097 0.935176031924 3.03927658548 ;
2.77689060333 4.61762429352 3.21372062601 3.68466467673 4.44294431124 1.87319777918 3.44810156943 ;
2.06718257957 4.64369332314 3.09630188591 4.06878050696 2.71916394033 3.18289972113 0.0360765741996 ;
1.1852863821 4.75657129722 1.6820387918 1.61017327538 0.239716091612 0.617770859494 2.78923600354 ;
2.29214374117 4.77245310291 2.6150934357 1.93728209613 3.15355465067 0.671798975148 3.0963078536 ;
2.22665025126 4.76132057376 3.19533176172 4.50556224438 2.87217038344 3.87327833832 2.90424742659 ;
1.77509246439 4.64235299393 2.17220994518 2.73361277961 2.03799565029 1.09570957303 0.0387938164893 ;
2.77930751935 4.58715779796 3.25728385552 3.58894193246 4.59961748645 2.06299296751 3.50275839323 ;
0.728719831228 4.76687266627 1.67836051395 0.919236626618 0.532384722492 0.479487782898 2.90651010878 ;
1.77126513978 4.76983915436 2.60207696643 1.82988058765 3.29391240098 0.776569416516 3.1762981984 ;
1.95942571048 4.72211218973 0.113479800238 2.01377366749 3.01420638488 0.964861341365 3.06613315114 ;
2.37328725438 4.75109004199 2.84813815789 3.8920278652 2.87549236063 1.0438516192 3.11624396253 ;
1.8820495057 4.75725828243 2.35620763997 2.90600812201 0.144152514569 1.01511681336 3.05617302743 ;
2.21037866523 4.75799472297 3.17456098969 4.47612403182 2.83457842904 3.78629266023 2.87428944522 ;
2.59012082718 4.71695135728 2.83122816923 3.17248621291 3.54580751188 0.183663718595 3.1299166971 ;
2.75785852651 4.61692656651 3.21014513344 3.68223099904 4.38928180631 2.21431556132 3.42591720159 ;
0.175857994974 4.76492423366 2.52109139231 1.87317879871 1.08671610051 0.550134574813 2.67058277529 ;
1.64293262242 4.76375171114 2.57645932652 1.66458951946 3.34635987753 1.15561738983 3.08425157395 ;
1.31710028394 4.72396198425 0.125718507753 1.5699776307 0.243819892751 0.699914469533 2.81361799526 ;
1.98217125853 4.7136823063 0.0721030267811 2.09665353913 3.04810041757 0.92417428085 2.87036438958 ;
2.18730868555 4.75666004804 2.70644977761 2.85123514633 0.501183235256 0.958627118544 2.93529182572 ;
2.69076444786 4.71975923997 2.90863215173 3.70575040308 3.23086513307 0.704774023833 3.16819019828 ;
2.77497724247 4.57988182101 3.27143070137 3.72113683699 4.6092204365 2.30493536243 3.4953922466 ;
2.04225590845 4.63992285456 3.16400657882 3.99996479087 2.6941455304 3.37403358253 0.0688819581182 ;
1.23836733138 4.79431591325 2.51519995302 1.63592699446 1.97643259074 0.351332384831 2.84480523759 ;
2.24049624547 4.77080726721 3.1733989262 4.51047653668 2.85410118949 3.82016046363 3.16629369162 ;
1.84390056457 4.71606122805 0.0384355484448 1.79401759003 2.26584823627 0.788737959679 2.86030525409 ;
1.53472399203 4.76119905917 2.38983022002 2.64361564506 0.0818874920647 1.00297838693 2.875749969 ;
1.78631626489 4.74736796384 2.61167939009 1.83846075375 3.81586066276 1.184321111 3.23852314453 ;
2.61547537747 4.71296855005 2.86454978103 3.90495191289 3.15089660909 0.787695333952 3.02238854178 ;
2.80600129104 4.57974670378 3.27954300213 3.73526654409 4.60614920138 2.28774920084 3.48559602777 ;
1.03111686886 4.78692228026 2.49799784012 1.62043065406 2.15046805193 0.250689192498 2.76274135168 ;
2.21720037076 4.7595244703 3.1872726942 4.49458983235 2.84148511069 3.85467394946 2.87197864032 ;
1.68384534828 4.75805611164 2.63950807895 2.52291741713 0.148266627019 0.947552795852 2.86859299277 ;
1.57645812676 4.73040406425 0.0425934378734 1.78087243871 1.18726644653 0.709987789137 2.77982263679 ;
2.46005757746 4.75783360426 2.33778011055 2.01180923792 3.60233835174 1.01912392764 3.17178152153 ;
0.397592036359 4.7086983662 2.19671935681 1.86277615694 3.97424327632 1.67274682014 3.27595402907 ;
1.94188785495 4.66843932357 2.7124615824 3.61492334261 2.35874177342 2.37443480968 0.0461588012981 ;
2.76336650636 4.62635619628 3.17953288126 3.68563847066 4.33162421535 1.87499902704 3.43074743405 ;
1.59528715822 4.73108356342 0.0829237869685 1.64060304478 1.15410071097 0.660397489225 2.84374895763 ;
2.36912358498 4.76608629567 2.28394812224 2.09304892494 3.18109146316 0.698490954262 3.15070968728 ;
2.26434224159 4.76564405835 3.19234744089 4.50267091063 2.90862015555 3.84880862626 3.12759786541 ;
0.824373047275 4.77494703131 2.51686957027 1.2429999303 0.384912665007 0.430145479681 2.90268257535 ;
0.188113636 4.74182965207 2.42022086219 2.18425515307 3.31361154953 0.937424196367 3.09852311912 ;
2.11501237139 4.7492270143 2.75322359702 3.36305978105 0.563268424048 1.36238575332 3.06222287068 ;
2.77593457552 4.59530359084 3.2704202978 3.724162717 4.54636694402 2.2741691639 3.46551627749 ;
1.19396975812 4.79109305326 2.03446119231 1.76463736605 2.12455317031 0.288637117748 2.84092229113 ;
2.21042743396 4.76005577036 3.19625387417 4.4976540794 2.95870857883 3.85629946352 2.90154955971 ;
2.66505216134 4.69720683673 2.89726468031 3.66219979281 3.69783722078 0.144174470943 3.17917304062 ;
1.56223695714 4.72936583431 2.29603650626 1.65855193697 3.9810377243 1.00512001467 3.22275661925 ;
2.62849419984 4.7421085715 2.16723657393 2.93852088862 2.69340329594 1.62225036234 2.98560293258 ;
2.08613442161 4.71849480968 2.89043283243 3.9598484685 0.346509354179 2.03972867245 2.50960224137 ;
1.32309595002 4.76512089328 1.74263500999 1.73867361669 0.0591239313549 0.659887151355 2.82088839574 ;
2.22862617804 4.76802228635 3.17349793777 4.51402892799 2.83396059094 3.83472224323 3.16351211104 ;
1.50390580454 4.7243645743 1.91894791728 1.59258402128 3.7301538624 0.811901087438 3.08405395516 ;
1.69122914588 4.74402895281 1.56862559814 3.01924858407 0.32930295806 0.964520176158 2.75547703382 ;
2.78331023611 4.76055730423 2.57995849441 3.29107604113 3.06916709785 1.25871760308 3.1020332366 ;
2.73772429423 4.58786054286 3.2804952152 3.69940940401 4.61940361264 2.00852720222 3.49771201061 ;
1.17222385394 4.76917229273 2.11629658746 1.08333814046 0.312118507599 0.622233366172 2.95664925078 ;
1.95045185555 4.63580250502 3.14354591034 4.02555296736 2.69406940401 3.36497874765 0.0688819581182 ;
1.55747069311 4.79411597612 2.65334784657 2.37951310363 2.08321021549 0.373497380837 2.9761853927 ;
0.833904654302 4.73496094597 2.30895024935 1.3298173672 3.50269377894 1.15906821427 3.08869079033 ;
2.73390235187 4.6075560586 3.1995474061 3.61793424093 4.52662136104 2.19999299093 3.46901236188 ;
1.75404222265 4.72614501669 0.102090344935 1.88573851005 1.68259427951 0.696058418871 2.75160047978 ;
2.24033981958 4.76635957916 3.1756163997 4.51873464301 2.83561084786 3.8568669388 3.15905246012 ;
2.39327510804 4.72996789068 2.72520521812 2.78097642128 3.5381026251 0.0500172325536 3.10363787532 ;
1.44945216898 4.77469696883 2.61101929818 2.34566263233 0.323973247619 0.717834629867 2.91319434989 ;
2.07746721722 4.64335328552 3.16381771599 4.00005688563 2.69098227498 3.36937815403 0.0379426038996 ;
2.55403857057 4.77257370011 2.75160863936 3.25697431228 2.48808334589 1.51617382152 3.15414674218 ;
2.31724008593 4.74374170293 2.80695771548 3.7338942763 1.63986364933 1.31917319611 3.10746902819 ;
2.23715151751 4.76906673308 3.17730738241 4.52255698158 2.85745555743 3.85542991953 3.16090904493 ;
1.85377652062 4.74127443453 2.28011753827 1.83837436506 3.78827574874 1.13863876763 3.19015662198 ;
1.29630309155 4.79436409334 2.52546162476 1.72573211272 1.12902716364 0.461458252293 2.87371934822 ;
2.78298854352 4.59212012097 3.26133374347 3.74709931491 4.55085266543 2.28138993942 3.47156926275 ;
1.53647437238 4.73267687706 0.0382035214244 1.79539597248 1.28668739386 0.709148234807 2.77421978467 ;
2.7135171245 4.66967868748 2.94964442533 3.68074746627 4.13615684933 0.153341476586 3.32927040921 ;
2.10323533137 4.649937542 2.99476380947 3.96424748441 2.69298655341 3.03155704557 0.0524531832933 ;
2.3888087293 4.77248729011 2.72347049764 3.15992438744 2.5808121737 0.631159300161 2.9448327566 ;
2.08259323485 4.73969788101 2.81539684316 3.556499931 0.155947737728 1.82843721389 2.79389656638 ;
1.72140256962 4.74562054509 2.59827231412 1.77379764269 3.83131161814 1.19125833431 3.20652655881 ;
2.21572841096 4.75935555747 3.19351737131 4.4909007898 2.94455366072 3.84494454641 2.88952401467 ;
0.96320196497 4.78055263591 2.49402442009 1.518025621 0.914010660207 0.394828246594 2.78404203625 ;
2.78370718422 4.59642041006 3.25530368679 3.76578290186 4.49592298228 1.95807875204 3.44380588004 ;
2.05760228691 4.70857870401 0.0644559564021 2.19107876835 3.16325018668 1.03487940419 2.87737705742 ;
1.2634789683 4.72536033359 0.0296160816632 1.58912076597 0.478629675517 0.61237248655 2.79793978223 ;
1.98408033582 4.63260877206 3.15814004465 4.06892970106 2.7035910599 3.3902888126 0.0700695780858 ;
2.23584199623 4.76802669644 3.18066111607 4.51392120601 2.83221170066 3.84031917378 3.16339967333 ;
2.30912351321 4.75690756675 2.63891784583 1.98483139169 3.75988945713 1.12184450177 3.23370986658 ;
1.35372400433 4.75887521741 1.85672028838 1.91762326698 0.0800215028083 0.730278364084 2.83951106142 ;
2.7746577071 4.60030141051 3.24978175048 3.81463564038 4.50721380205 1.89879279027 3.45579411751 ;
0.585628496945 4.76869948273 2.43421779681 1.40480612604 2.7345340908 0.614880726118 2.92290053697 ;
1.98332121729 4.71164568482 0.0693298334434 2.09913649552 2.97547046137 0.950123596321 2.87558239933 ;
2.32872915484 4.76055906834 2.80958537784 3.48005336582 1.97578053735 0.855871768851 3.01151054005 ;
1.61119578103 4.6759168423 2.20788713965 2.51768710216 1.78148704585 0.794875315056 0.0813250094987 ;
2.75855556104 4.62859852311 3.18284164993 3.69954388137 4.33886694444 1.83909806541 3.42673025422 ;
2.22962846448 4.770415368 3.17293114436 4.51323840058 2.8464263735 3.82094844776 3.16422025543 ;
1.96948359487 4.76416345365 2.70831915756 3.12015247464 1.0645076567 0.954404042412 3.06399929557 ;
1.70569693388 4.76113147599 2.59711441433 1.77732959351 3.35222351069 0.744485563525 3.17752026744 ;
2.04535470478 4.63678711296 3.24024257021 4.2094240691 2.91586711991 3.79424294399 0.0478406744821 ;
1.917855395 4.7228547319 0.114507229548 2.02925110659 3.09872585026 1.00885808472 3.00068978943 ;
1.05915737182 4.7442231374 1.18174887455 1.29376816399 0.20355730841 0.571863978574 2.9846624637 ;
2.08059351555 4.65320963294 3.04306346542 3.96785550981 2.69934683849 3.17591690488 0.0549509539263 ;
1.935636956 4.74979799183 2.26728789459 1.88580463717 3.63688421632 1.83553249421 3.23251730311 ;
2.23370628648 4.77009397754 3.17651421063 4.51468874088 2.92133169698 3.8228201832 3.1631385499 ;
0.875289458475 4.78574878188 2.51704320993 1.64575646596 0.89392795595 0.455870824352 2.84216085618 ;
2.79945022977 4.60268597066 3.24946600562 3.80628290787 4.47196963561 2.077448695 3.46465772805 ;
2.17549870558 4.73598994632 2.54686691249 2.58304138485 3.432537499 0.0528361827396 3.08486813307 ;
2.26656149968 4.74293623048 2.8130895567 3.59547611766 0.888948062942 1.54690529719 3.06527710294 ;
1.49669206345 4.7295762931 0.112372772692 1.69419467067 1.30400897218 0.611449060265 2.75960330789 ;
2.42061718382 4.78346171404 2.58969233975 2.00802716778 3.05747599572 0.546487534098 3.04799640601 ;
2.21816630828 4.757830905 3.18739417 4.49301210944 2.84968579872 3.86257175389 2.87795461599 ;
1.64824229983 4.75486705691 2.28380848168 2.77074123341 0.208457670293 0.876836072158 2.86401681581 ;
2.81249483775 4.57728809719 3.29892001463 3.72550786344 4.62522856019 2.28703936181 3.51189769535 ;
1.07790148534 4.73502384855 2.63127527456 1.84671420879 3.96169328812 1.54274038823 3.25341246276 ;
2.49795027627 4.71230155272 2.92475485634 3.92168465185 3.12710920288 0.868830548213 2.98374467659 ;
0.762706127721 4.76451702506 1.6922827296 0.630802681588 1.03107895784 0.544609626695 2.73755486561 ;
1.97098929925 4.71397842875 0.0385846164883 2.12875632191 3.05387562268 0.967241807071 2.90330400258 ;
2.61771530241 4.70564035776 2.66029473631 3.13670185842 3.90023985763 0.0560521878849 3.2144232803 ;
0.290403522629 4.71245964547 3.00593796078 4.34635631759 2.30631421629 3.4379200177 2.52432023154 ;
1.55494075992 4.77843547541 2.62463216709 2.38825979015 0.231493441949 0.753906192093 2.87462632272 ;
2.76710374418 4.60932266364 3.22010585141 3.71388136789 4.45179190024 2.23142979058 3.43521642666 ;
2.47240455481 4.76089489335 3.20113963052 4.49141205252 2.89812428722 3.83872059552 2.94043716212 ;
1.74294877651 4.73513020738 0.063413255349 1.87253990245 1.45283247285 0.766430903092 2.80583284492 ;
2.31548188404 4.75814009484 2.65282672269 2.49431031057 2.81147124107 1.23161560838 2.98590072168 ;
0.58688531345 4.73743973824 2.18174193771 1.30702050657 3.27779086245 0.8149780166 2.96157745166 ;
2.22706188806 4.7677034588 3.1696171242 4.50727495161 2.82675622943 3.80639720089 3.16385498307 ;
2.23756462096 4.76784956552 2.71435069117 3.06609434685 2.20414912777 0.579329908821 2.99465682907 ;
2.79013306001 4.59937396709 3.25761343302 3.83351327383 4.4842382899 1.90146413417 3.45356144303 ;
2.45994628936 4.75741366959 2.65171510998 2.07767778913 3.80939845119 1.24136394522 3.28953467115 ;
2.08753295992 4.65318208521 3.09009153526 3.96357640217 2.70090664352 3.15055727314 0.0349312861298 ;
1.42257457536 4.76436326786 2.00081204237 2.12526324464 0.0944739192274 0.812262837912 2.89349002752 ;
0.543096023037 4.74035827982 2.513981126 1.39936764825 3.29373533466 0.81031778879 3.01322516649 ;
1.91722240465 4.71358348928 0.0558618288818 2.00315655515 2.94290202183 0.918155617204 2.87443054537 ;
2.21414380499 4.75714737653 3.188906397 4.4903579722 2.94632381541 3.85153519205 2.87382321619 ;
1.96058533109 4.73525997619 2.20838238761 1.93296070918 3.83290134699 1.85169078657 3.21249586917 ;
0.97288090986 4.76685433963 2.51154340527 1.50304507433 0.403843305888 0.531475059038 2.75435807823 ;
2.70200363164 4.70918693472 2.92487538801 3.84792951859 3.39688065913 0.786536335153 3.10732489642 ;
1.59442907755 4.72829464722 0.0656702493067 1.83446931496 1.42968983773 0.656299574402 2.69946414605 ;
1.63629215261 4.77826437383 2.5332921332 1.93408439387 2.95417462542 0.234919895255 3.03171349287 ;
2.12059341021 4.74377551499 2.81394568955 3.60106743654 0.458620145055 1.73102167223 2.8615895443 ;
2.80849565507 4.57229409053 3.3176098918 3.75818263806 4.657558448 2.33407884895 3.51848928896 ;
2.00717902007 4.71722920639 0.181732432698 2.1246522382 3.10621981574 0.972950519091 2.92796442595 ;
2.75496364554 4.5937125235 3.24179467233 3.58716518533 4.56881034061 2.0227385058 3.49088855468 ;
1.76148836441 4.76508476687 2.62128904731 1.88342487352 3.32171313183 0.775060437197 3.0830695112 ;
2.49867261828 4.7477016543 2.8388334188 3.92078073463 2.76824992451 0.99180449967 2.96263997756 ;
2.55671136232 4.79270260605 3.24251710586 4.5602158171 3.07799224168 3.88897129757 3.22386705431 ;
1.3778330812 4.6624992367 3.04199382237 4.30565973946 2.26347400917 3.67948617037 2.00929000239 ;
0.717883715031 4.75599515621 1.69045066273 0.826670445548 0.80116064529 0.547468974151 2.69205317971 ;
1.89396893924 4.77645349406 2.28299020173 2.78721389104 0.187965330183 0.841930633846 2.95131342139 ;
1.19206189312 4.7543883081 1.33613041429 0.75400494668 0.852415428014 0.458226342948 2.8407175261 ;
2.75237320488 4.61830574992 3.22402568884 3.67641438377 4.4458486994 2.14115240366 3.4663753735 ;
1.75457182849 4.76594989511 2.50683178245 2.88619613496 0.359052918989 0.870028234069 2.9109115998 ;
2.55074780998 4.74842078023 2.72308085008 2.68894002623 3.2402887141 0.59063387797 3.11057421197 ;
2.5057027342 4.78154907237 3.22623381695 4.52717567576 2.9882279838 3.82637024034 3.19931272986 ;
0.561398977893 4.73875811188 2.62444231034 1.89991357761 3.41919921594 1.04002109612 3.00415011277 ;
1.97719554801 4.70978903538 0.0769079425286 2.29200264473 3.11731782307 1.06526244933 2.89755943509 ;
1.324066035 4.66183305167 3.02213125543 4.26069707833 2.23630597602 3.55338664323 1.67546822437 ;
2.79293375674 4.62023360502 3.2038547314 3.78867844899 4.31052083476 1.8304464853 3.42504018931 ;
1.40553892332 4.74382201102 0.226655533236 1.5128119854 0.770038723956 0.51222574915 2.85518695047 ;
1.86578860761 4.75257654829 2.64109944212 1.86995648732 3.70369689853 0.970146731744 3.22950908324 ;
2.20789673455 4.75970154034 3.1906576351 4.4897563167 2.83193012046 3.82235888934 2.91138921996 ;
1.98697040027 4.6312054594 2.36186093565 2.87577072167 2.324744359 1.13088958556 0.0521707295357 ;
0.222765057786 4.77958417655 2.55257669564 1.88073320604 1.18575404112 0.616089964954 2.90575697518 ;
2.154332328 4.70744393485 0.199395814098 2.23087243332 3.33992882664 1.25016640461 3.06384497244 ;
2.25055795918 4.77633302449 2.69066022086 2.80097115525 1.07699003781 0.764788257639 3.07159810846 ;
2.34065765941 4.74982059518 2.7173491112 3.62324118427 1.46421810923 1.29784904815 3.08247859666 ;
2.22490467973 4.76983751747 3.17618936966 4.52085212714 2.86337175222 3.84818596177 3.15995498539 ;
0.915050415817 4.75933224063 1.97412414235 1.61374420788 2.7151630002 0.563861745241 2.90157335301 ;
2.75621715562 4.59348720285 3.24041567252 3.74316728679 4.54195244652 2.2738584975 3.46639096355 ;
2.07234514922 4.6443969732 3.1101936869 4.00105011699 2.680698207 3.33200191911 0.0372995089182 ;
1.25546549714 4.75778044862 1.68617310299 1.67067696516 0.138130214805 0.644266576728 2.82032296624 ;
2.6300361823 4.66536112346 2.89959661679 3.83243915521 4.02387676732 0.138470654061 3.19264135292 ;
2.40152193833 4.76042729823 2.26627122252 1.94107900946 3.64615522153 1.09498007904 3.19485036273 ;
1.65463095127 4.76072781123 2.48595619955 2.98584203789 0.155780365103 1.03665239214 2.87961751092 ;
2.25544613975 4.77087094106 3.18353974663 4.5111029445 2.84861423633 3.81277706952 3.1658249134 ;
2.27350822949 4.76777459706 2.62739178764 2.42505526991 2.77648668243 0.47159468242 3.07077078461 ;
0.805293377032 4.73268082516 2.54542288252 1.87483290581 3.82143039615 1.39227971407 3.21239926067 ;
2.8022901193 4.62353379565 3.20103976986 3.70800735678 4.34328243961 1.87757617696 3.43281478885 ;
1.06852053501 4.75335247868 1.27271597853 0.794498934052 0.784744843879 0.466332501352 2.79946696089 ;
2.17381775879 4.70918615993 0.0756823221931 2.39127879938 3.10071407327 1.11132253217 2.86684230504 ;
2.09256953661 4.65234742757 3.13993172131 3.9620428355 2.71085316577 3.18259561152 0.0354946939706 ;
2.78888214205 4.58945030084 3.28570021454 3.74875607226 4.57988782113 2.29815000326 3.48413005594 ;
1.73574735807 4.76754473895 2.16989353608 1.91965195436 2.98220015863 0.124330636852 3.00285788953 ;
1.94604262373 4.76376336328 2.46781689172 3.0332884425 0.0884926425687 1.1807759829 2.95990034447 ;
2.39998884904 4.74096684618 2.65285744412 3.62997990911 2.44120757479 1.31412144062 2.75764818264 ;
2.22339344282 4.75813728259 3.19009839159 4.49876834607 2.87168217288 3.8744944304 2.87467733365 ;
0.782263818921 4.74272734254 1.47345959007 1.08909399318 0.633433904401 0.525929218473 2.680176988 ;
1.84673840105 4.74049921473 2.09817890354 1.80666255781 3.74714975545 1.87339231401 3.22472516659 ;
2.71169378125 4.66742429406 3.02219077548 3.73644704799 4.18568732693 0.139368964359 3.35437025077 ;
2.18589505766 4.73380869973 2.86290187422 3.88588766538 0.558064887578 2.00256165933 2.92545699187 ;
2.64969140745 4.57472657253 3.21438379955 3.20013563449 4.54165141328 2.36540409065 3.46648020056 ;
1.68058642925 4.73474522684 1.98841438482 1.64164651214 3.83704785215 0.853046922607 3.20056317691 ;
2.21825561374 4.75831517071 3.18849770463 4.49350860754 2.95256940765 3.85976646366 2.88745892005 ;
1.22312305237 4.63480138041 1.77980859677 2.26225274781 1.69326550082 0.798027914287 0.143926910702 ;
1.77954704092 4.78319051666 2.23239115219 2.38177953642 2.22867036192 0.49573787193 3.01345862989 ;
2.79897111324 4.70225340996 3.03227736069 3.99101415882 3.92173402561 1.27853638681 3.27279946783 ;
1.27049709274 4.77165275993 1.73307050826 1.59295366788 0.189195246443 0.618692300931 3.02586158341 ;
2.45000572554 4.77472027555 3.20878568472 4.52994375677 2.92537064719 3.87223214442 3.178939646 ;
2.53846571166 4.7576443326 2.83387580074 3.71279101951 2.6877702925 0.991949588955 3.03789208212 ;
1.77955846505 4.76989865746 2.59567392653 2.63774027107 0.102881116402 0.874375095955 2.92040427811 ;
0.93177405942 4.78771726039 2.52570343795 1.46410506759 2.1517645383 0.420501039204 2.82921898624 ;
2.7970981814 4.57846812776 3.2855770208 3.77329980521 4.62090473176 1.99707503129 3.49159422662 ;
2.07229547237 4.74969082776 2.60910903139 1.95263425419 3.836179713 1.15795285747 3.24575729189 ;
1.13494830384 4.65995269666 3.03270954836 4.23795432585 2.49744758126 3.51557702517 1.36589655792 ;
1.7159252799 4.71478386595 0.0465625521448 1.87566314217 2.04185436856 0.838017647062 2.83133143703 ;
2.26676105186 4.76638435463 2.28503852167 1.88318279729 3.22026121461 0.124935227366 3.04333307568 ;
2.22093184651 4.7544151425 3.18786808529 4.49280799034 2.84585221324 3.86858572265 2.87171312596 ;
2.77941544407 4.59001075173 3.25662373326 3.82044219996 4.53747903824 1.89286946582 3.43982338331 ;
1.38504273434 4.77802505816 2.55968371904 2.03439023762 0.195731944869 0.735676200243 2.89336164178 ;
1.53329833698 4.72959290086 0.0516344207387 1.72354314336 1.06821799611 0.663853046505 2.73388485418 ;
2.57905903535 4.74693709759 2.76378665017 3.8624953404 1.99644932854 1.15957023869 2.85881627012 ;
0.113640311663 4.74498986144 2.40431332988 1.98686324346 3.04761383533 0.840406316045 2.95808623919 ;
2.38505355161 4.75547164727 2.35199289666 2.010311846 3.7254080955 1.8787264313 3.22580367606 ;
1.78941788154 4.74397301682 2.6524144546 1.92295726403 3.83551796126 1.86261713 3.26380047223 ;
1.09356745497 4.76040135445 1.76822219837 1.54952451661 0.33897946589 0.632452195136 2.76151464848 ;
2.24564696848 4.7708281908 3.18581845535 4.52273627948 2.95092938241 3.84819291798 3.16577864926 ;
2.82051491281 4.60592630291 3.24490606629 3.81928478454 4.45073320287 1.84149945527 3.44558143571 ;
1.82734660012 4.77327764364 2.57898311767 2.12458124307 2.96337820217 0.161575975474 3.03352619884 ;
1.95620105894 4.7100154355 0.0332024795806 2.10519050652 3.02638072203 0.965134109458 2.87529795489 ;
2.28945084597 4.74690602251 2.83277480175 3.74784628806 1.14611738271 1.54961905302 3.06449078187 ;
2.05143186114 4.64314692214 3.16317070117 4.01404101844 2.74985221575 3.33933037845 0.0688819581182 ;
2.74139293159 4.6922823082 2.89533138184 3.55637245661 3.98179807952 0.147000093579 3.22427587169 ;
1.345981564 4.64188637448 2.97727287972 4.17071042015 2.36800590818 3.39680571657 1.02329134374 ;
2.09832968018 4.74555900287 2.13145259718 1.83059454142 3.69348704993 1.39126246403 3.20442094511 ;
2.37241157353 4.776124061 3.20751577527 4.53210692193 2.93272943169 3.87000004289 3.17491314625 ;
1.2846388585 4.76324136717 1.55512616833 1.47708206585 0.341828677721 0.615440964976 2.82050417045 ;
1.04454176929 4.76686712596 2.24031496481 1.94331381057 2.54078094829 0.262258723467 2.81084683974 ;
2.76004698136 4.59292699539 3.26571748642 3.75018855361 4.53506318663 2.27077739397 3.46205781734 ;
2.39268165232 4.75244123894 2.68593149054 3.64796418852 1.39255711038 1.27160550289 3.07870933444 ;
2.13234559585 4.64454721661 3.0061317063 3.94447516592 2.70797260003 3.06983052269 0.053260155344 ;
2.23651680054 4.76682884198 3.17323312112 4.51409783244 2.83361553305 3.84210439553 3.15965855719 ;
2.37484858261 4.71323405432 2.62359125084 2.75443776803 3.81678907337 0.0340548070698 3.22652043513 ;
1.44148813682 4.7611684455 1.78330194825 2.04402934519 0.142850149413 0.75925947449 2.88669698536 ;
2.7904802797 4.60263311676 3.25198093412 3.79287813144 4.49165690684 2.20330147337 3.46127219801 ;
2.22850314522 4.76091391005 2.68416725306 3.51240894522 1.79627433427 0.994877808848 3.06429620119 ;
0.851174062778 4.7651968295 1.73431658064 1.09590592768 2.21247835638 0.371827412021 2.72681501316 ;
1.9185929335 4.74321577128 2.18861193016 1.8602709091 3.73533162449 1.80347946473 3.22724229345 ;
2.21055676303 4.75578996153 3.18519123985 4.48971252947 2.84028606398 3.8495737347 2.87256136863 ;
1.73465438826 4.74941456638 2.56686459111 1.81627748068 3.68194524061 0.87725436856 3.14674240526 ;
1.938993128 4.71305280189 0.049626133357 2.01132488364 2.98177609373 0.939363940445 2.84429112772 ;
2.77017926381 4.59040989818 3.25979308248 3.65338077848 4.57475211403 2.30968834006 3.49680024814 ;
0.595002797575 4.76755931118 2.01544488484 0.96091032122 0.911683809339 0.535830435938 2.77751918295 ;
2.66739540065 4.70893051086 2.96649365724 3.92436181268 3.6154398353 0.57387915613 3.08619264165 ;
1.72788143542 4.76778842304 2.04413277792 2.75747176731 0.38867658699 0.584599735318 2.821064143 ;
2.3343134436 4.76137534371 2.84722402256 2.92023173648 1.81258811695 1.44099244574 2.98129076891 ;
2.07204786915 4.64267269754 3.14790691734 4.06894922314 2.7297463016 3.21654504492 0.0366778504363 ;
2.15566781184 4.75598471749 2.69707522282 3.33556774337 1.06212552544 0.959648706665 3.04063076111 ;
2.79313022837 4.61488895232 3.2220498223 3.77688743673 4.39976704567 1.84813809205 3.44531329695 ;
2.24295405767 4.76845795246 3.17188791638 4.51230341636 2.83904767202 3.82352472794 3.16242773653 ;
1.03720573201 4.75003605435 1.50707443684 1.34741448628 0.239880719548 0.586636865095 2.71993785055 ;
2.35642760247 4.77431578323 2.61652237681 1.89507722617 3.38171450656 0.87218394297 3.16110083914 ;
0.253672825451 4.74592657208 2.58545265195 1.96958760902 3.15993710796 0.866294517273 2.97919666435 ;
1.97680831254 4.71158351182 0.0706892419423 2.08344078216 3.01485995992 0.923466669026 2.87125857061 ;
0.344583137898 4.6986376161 2.95743754156 4.32283606584 2.23264038924 3.51887531384 2.29668053412 ;
2.682004796 4.71024765993 2.91371983136 3.8437706331 3.41717335623 0.846053834737 3.09650358911 ;
0.953759270913 4.78647423689 2.47848842238 1.3486331056 1.31374544013 0.417729010162 2.71220993275 ;
2.46961648274 4.76352323232 3.20568147754 4.5000469493 2.93196599319 3.86617057785 2.96234064917 ;
1.90463112107 4.75734685739 2.5999454962 1.86215940955 3.63554160616 1.02739218385 3.1858786212 ;
1.98529211243 4.76140283547 2.68227756697 3.17289527478 0.527923989222 1.0261490061 2.95642312765 ;
1.73579383069 4.72142208682 0.074921190686 1.87958296358 2.02910082649 0.793287106222 2.82767007982 ;
2.80054899316 4.57233565435 3.30347959817 3.70687924442 4.64921689148 2.33236409645 3.50517041713 ;
2.23252775891 4.77074598085 3.17482698625 4.49863763576 2.82873712874 3.76151850236 3.162549801 ;
2.26770762807 4.75155549342 2.66979168307 2.5483822735 3.20386872164 0.478784648632 3.10872299424 ;
2.73700385091 4.62501389282 3.19634323988 3.60360310873 4.37824518414 2.04440433322 3.45133890826 ;
1.34589696558 4.72618351939 0.154612215654 1.56837981823 0.464156538925 0.576314442284 2.75958577836 ;
2.12687395524 4.64958199167 3.15374886231 4.00224513752 2.72018168714 3.2036710317 0.0360765741996 ;
2.07315317708 4.71069369165 0.133776254412 2.20890824976 3.19699489792 1.12007002306 2.8995705567 ;
1.66436754793 4.76303968835 2.65277839696 2.72715320542 0.388023375216 0.865076352469 2.96590463855 ;
0.455029765392 4.7590526434 2.50072522363 1.02188489422 2.67352841878 0.950658563792 2.92392204865 ;
2.05198487679 4.7140441931 0.0733548687961 2.18616153293 3.06069806862 1.01955798153 2.86522271775 ;
2.5156152447 4.78671705585 3.2205190761 4.55159934604 3.03250683771 3.85837458502 3.21258973483 ;
1.77273834669 4.76759810131 2.28433040068 2.66172746134 0.686710467651 0.633487689846 2.96075989715 ;
2.01056581637 4.75321999353 2.6273825521 2.04611113638 3.60404522503 0.919593890724 3.18228579077 ;
2.12687395524 4.64958199167 3.15374886231 4.00224513752 2.72018168714 3.2036710317 0.0360765741996 ;
0.560900203763 4.77292584319 1.9588384257 0.788502190281 1.72697879175 0.622981584165 2.74040106954 ;
2.80701670575 4.62128256511 3.21049473235 3.79628103025 4.29548565944 1.82195437797 3.42275326017 ;
1.13362693639 4.68674247114 2.95004129165 4.18947908034 1.90936407106 3.26592580715 2.98369115718 ;
2.79780767172 4.6072354683 3.2408780384 3.8068619653 4.36961099282 2.22716967436 3.40996566876 ;
1.75552680534 4.76605405147 2.40739167895 2.12170738212 3.09949075133 0.2287669262 2.98140196579 ;
1.90054200039 4.74786998315 2.71745246963 3.0265839522 0.567105850673 1.0079205345 2.89928727655 ;
2.20838462916 4.75801421674 3.17893396575 4.48331617071 2.84175591755 3.81287837335 2.87385910263 ;
1.91509825335 4.73829764486 2.29336768638 1.89246729008 3.83381682397 1.9083056865 3.23814485911 ;
1.63313153094 4.73214448205 0.0692222901199 2.10121783613 1.18637693606 0.831323897102 2.77991085728 ;
2.81815380303 4.68955439864 2.96068181214 3.7713722199 3.81548493401 0.166972680862 3.1759657595 ;
0.666433511364 4.76817481067 2.10878371976 0.597467153012 1.30629412754 0.484633143707 2.74262211032 ;
2.73550646181 4.76023514348 2.78849937997 3.58435886917 2.84863113647 0.956787482034 2.89124036881 ;
1.7258141939 4.74591462368 2.60994601474 1.83596601178 3.80929744635 1.09558604023 3.22855009492 ;
1.04770846365 4.74719000641 1.24526375575 0.791588589097 0.640123121897 0.574901201871 2.78096079968 ;
2.21421834616 4.75864082974 3.18747201508 4.49221027616 2.94519301908 3.85191143418 2.88129329643 ;
1.21757851146 4.78702830119 2.57722673918 2.23792404306 1.43315890046 0.202713872367 2.79255939985 ;
1.95692289509 4.71494928451 0.0687012016253 2.1020148859 3.04532741462 0.937931449281 2.84156396235 ;
2.77516757441 4.5813610352 3.28372357501 3.74553642959 4.59627970043 2.00772806016 3.48579120884 ;
2.0421883736 4.75115283363 2.66425333946 3.33540896723 0.260097553817 1.77106746237 2.97023789653 ;
1.52326675742 4.73405432788 0.0484188306888 1.77522884663 1.2856983934 0.720405170632 2.75069123885 ;
2.23444479193 4.7697460052 3.17763528286 4.51712788305 2.94806407762 3.83928384451 3.16320036865 ;
1.26530947728 4.79138125105 2.53622274275 1.75179966179 1.27142065792 0.401784167446 2.87117322973 ;
1.74654690335 4.73234511061 2.25471748504 1.80435727032 3.87086285659 1.03533978205 3.19588724178 ;
2.66892155296 4.7465593562 2.75113272526 3.67247627556 3.04069535213 0.955948063003 3.09699969295 ;
2.07662561368 4.7405632567 2.80572428937 3.5795361128 0.036532918324 1.8820941263 3.04759069662 ;
2.77348993383 4.57600383274 3.294432158 3.68129444464 4.63632556613 2.1674923269 3.51112899698 ;
2.04225590845 4.64636490809 3.14912734996 3.95784748778 2.68167432731 3.34442250702 0.0372995089182 ;
1.60918933119 4.74834537538 2.60691146742 1.91364301512 3.47730745823 0.583145837707 3.14584798126 ;
2.7670191304 4.58517686952 3.29132209119 3.68838458733 4.64857597197 2.04913104763 3.51524510817 ;
1.84979133017 4.76476162559 2.65310122714 2.97728430832 0.365525229567 0.901599608506 2.94591181583 ;
1.39047926832 4.73377948999 0.117851804085 1.46612530507 0.759780349628 0.566178654255 2.83470356964 ;
2.21773148476 4.75836970116 3.19674806509 4.49846552977 2.86169774263 3.87444469235 2.87752677598 ;
2.64937920512 4.75549046515 2.81386689448 3.38854726647 2.9687702427 1.3646221432 2.9918157429 ;
0.579054015933 4.77036756532 2.48769940446 1.00377947079 1.07802324161 0.587948160585 2.49260392269 ;
2.06072912118 4.70404456742 0.0990272390858 2.34712760389 3.28753143578 1.16227303413 2.88185072336 ;
1.79273927986 4.73786406502 2.603446295 1.89871013441 4.03119648071 1.70032492251 3.31558504523 ;
0.513988206288 4.7785046935 2.43660756352 1.01346386194 1.5466805644 0.528256471859 2.72029630787 ;
2.21368278414 4.75655883312 3.17871056833 4.47835180174 2.84398106131 3.79901760674 2.86292573323 ;
2.11989303625 4.76362562513 2.62176474961 2.47942252779 2.6153831619 0.520642820416 2.94829588007 ;
2.74426498214 4.69123984169 2.94118731069 3.74819316322 3.93362694163 0.200742302625 3.24792676112 ;
1.7147766393 4.71633020157 0.0310911676797 1.86794462523 1.94752446691 0.82636756617 2.8159931856 ;
2.82130071937 4.59687651946 3.25442762386 3.82595933911 4.44607437387 2.25764690266 3.43588863817 ;
1.86130670558 4.76263897764 2.63842134383 3.00048006793 0.163792496789 1.03705243067 2.89835409846 ;
0.0275621633504 4.75171191778 2.03369438679 2.4626743747 1.18529718774 0.771104253822 2.67164274893 ;
1.60781861026 4.73480459075 2.51543192898 1.84873233771 3.96703552908 1.53871521858 3.27659083369 ;
2.22067097484 4.75881421116 3.18844622294 4.49972881047 2.87639128103 3.87102755856 2.88304497367 ;
2.46290204537 4.73697683197 2.79161143967 3.74701025376 1.7100040961 1.43695774024 2.88742531667 ;
2.70472506824 4.68531447447 2.89375270051 3.58481190603 3.99227859771 0.147994435704 3.22067163376 ;
2.80924679476 4.58880833912 3.2660621843 3.76321663734 4.54697773406 2.27366042713 3.4551524528 ;
2.06159319879 4.77263975773 1.65459169316 1.70493395669 2.69992887111 0.437768134297 2.86608487426 ;
1.73358082168 4.76841095219 1.92773101644 1.69187258081 0.100640570926 0.629950152139 2.9124103987 ;
2.5268281879 4.78803289816 3.23899173253 4.54959681283 2.99430533462 3.87349919927 3.20684818053 ;
1.57903826482 4.7696483514 2.57497957914 1.78083816668 3.05030560761 0.665428232058 3.0307102813 ;
2.75973159658 4.70366502988 2.95408010272 3.75260395198 3.58814669453 0.294818561321 3.16530348656 ;
2.7265383506 4.62033471869 3.18254461757 3.517037971 4.39981656434 2.22505966224 3.45230161285 ;
1.37013513319 4.6751551525 3.00477184902 4.21174527517 2.4376372615 3.35612300275 1.89904886362 ;
0.952560211346 4.73185447993 1.25152708735 1.2244134248 0.316305660516 0.554391135827 2.66346588742 ;
1.97142015487 4.76350364632 2.69881423151 3.13865140857 0.407732783998 1.10351784895 3.0093985696 ;
1.98730814617 4.71433068742 0.126245560218 2.17569831316 3.1390250026 1.08300646742 2.92504765154 ;
1.92931927226 4.74323178244 2.21843535973 1.87799275284 3.79918078559 1.07152691929 3.22652778786 ;
2.22844746352 4.76101324144 3.19555062427 4.50479920507 2.95104005072 3.87166063717 2.89776678068 ;
1.1857018724 4.79628828979 2.51633735275 1.5228361902 1.3599741578 0.355427152326 3.02626402731 ;
2.3615732185 4.75511804173 2.76886944636 3.74055569188 2.64420311549 1.00367269263 3.09730954004 ;
1.441976932 4.73595560631 0.0499748758823 1.74485540659 1.05531304605 0.684271793855 2.93477063441 ;
1.82674562965 4.63022822053 2.15102526073 2.67516131165 2.10257220879 1.07604958791 0.0298034984278 ;
2.79492791345 4.58668392433 3.27168460126 3.73621360012 4.57815588427 1.98519191721 3.48361155042 ;
1.99886077268 4.7656883493 2.75675490399 3.35998537916 0.0243476313986 1.66401076736 3.04471519449 ;
2.594315702 4.73842308659 2.80756722401 3.89625243386 2.96990712143 1.12332387886 2.94804018587 ;
1.31029738675 4.78772399164 2.55001595184 1.80892710729 2.21502268881 0.376764520314 2.85233221063 ;
1.66807534785 4.72195700265 0.0302058804399 1.85885447153 1.932572135 0.776930412878 2.80936530614 ;
0.319435794305 4.69276910753 2.95401193113 4.31797133883 2.13512897843 3.52914904458 2.4624114807 ;
2.47146964759 4.7629250615 3.20669354449 4.50425247607 2.93895100419 3.87687482412 2.93713755246 ;
2.01439707915 4.74721629852 2.57529084254 1.87879553497 3.90230090991 1.19784496512 3.26819111933 ;
1.67656415283 4.77556893616 2.61928947937 2.50396219888 0.0742504927976 0.898400030748 2.87148347054 ;
2.83085902401 4.56405930169 3.31933271027 3.74038621913 4.67418503258 2.06590164782 3.52106849409 ;
0.105669433753 4.73539775489 2.26544897522 2.02367729492 3.19678333962 0.940887171614 2.99067242753 ;
2.23003319565 4.75850985204 3.1969363736 4.49684308793 2.95364813281 3.86829673235 2.88639299374 ;
1.31226012257 4.7555961875 1.61409503944 1.68048965952 0.377626334802 0.575146426996 2.79869778706 ;
2.79020505523 4.69958776444 2.88571304052 3.84753866865 3.67529538652 0.214154981882 3.16290574925 ;
2.16455534948 4.77050786012 2.18418829088 1.67577016564 3.13466679853 0.238380072156 3.05329476687 ;
2.79213895338 4.58873082214 3.28705289783 3.76802147463 4.576753346 2.28920536318 3.4868207878 ;
2.48657676711 4.74185879667 2.35612565573 2.63544149271 3.18753185709 1.82415306122 3.02807616248 ;
2.12053533633 4.73508097607 2.85230305157 3.84325332538 0.454041051011 1.83249544153 2.8225765551 ;
2.08753295992 4.65318208521 3.09009153526 3.96357640217 2.70090664352 3.15055727314 0.0349312861298 ;
2.80152445619 4.59503143444 3.24891197946 3.73694473309 4.55201850584 1.9331026719 3.47112012112 ;
1.47885222238 4.7983704137 2.5599073348 1.72840529013 1.71146127643 0.242511988261 2.8971675291 ;
2.25064951246 4.76920925701 3.17934909086 4.52281623146 2.94931955353 3.85856417656 3.16243847722 ;
1.20505672432 4.73231550029 0.620192502221 1.48329593621 0.785083492978 0.651199248806 2.71213976611 ;
1.81545250941 4.73461231144 2.16558121105 1.85669910683 3.84308934268 1.08745975842 3.18027947243 ;
1.93551705316 4.7674518475 2.75826602087 3.30868602429 0.0281197059001 1.58815547576 3.04239518162 ;
2.39236462588 4.75458533324 2.72342361752 3.71470658057 2.57423579584 1.10402720697 3.10235143021 ;
2.90073654653 4.72557076818 2.87275289 3.15725579889 3.7611284912 0.361175144568 3.22307972466 ;
2.20519945504 4.75614157621 3.17775679107 4.48414645259 2.82629121804 3.82175024828 2.87882763294 ;
2.23167221228 4.76558259706 2.76595911521 3.19678759908 1.59953112939 0.928476519024 2.96922461032 ;
2.7941310607 4.59489083808 3.25590638348 3.78218566708 4.49905754877 2.26988779511 3.43934787288 ;
0.982977224802 4.76186570244 2.24173366874 1.85833364363 0.048417389056 0.768119230558 2.77789103788 ;
1.6085028744 4.72962546932 2.49980747965 1.98802369247 4.07454264254 1.48956754038 3.27095530669 ;
1.95962100166 4.72004713704 0.0703608163203 1.90190505162 2.0818802659 0.780416277653 2.87518909575 ;
0.895833738988 4.76675940062 2.4764779121 1.35175726266 2.67373994099 0.475690053685 2.68145710863 ;
2.6288278431 4.72001287868 2.94603368286 3.85465586667 3.25722990455 0.876505233425 3.11354582281 ;
2.6232615938 4.78553739405 3.2734306947 4.53211996189 3.20396005794 3.8182557567 3.23724096572 ;
1.51506701651 4.76955415246 2.54435833727 1.69574030164 3.12595225028 0.520280072821 3.02584446619 ;
1.28582295299 4.73076508956 0.253403095148 1.34135261776 0.715830478825 0.538644499092 2.71299515865 ;
1.58282073454 4.78316476932 2.61869294201 2.44137491938 0.279870626431 0.777750875534 2.91883094655 ;
2.64948373734 4.60191872975 3.14352048048 3.22287530777 4.44179841424 2.21473462219 3.42321975776 ;
1.38866101482 4.68359920336 3.04228529959 4.32583182678 2.23703716237 3.66851721605 2.16655312509 ;
2.04671110307 4.70504529788 0.102509706303 2.34627838949 3.28325679402 1.18111191117 2.89348131064 ;
0.780073225009 4.79330768042 2.51324977469 1.90201475873 2.32121915433 0.309015601139 2.93001243857 ;
2.23608133583 4.76984668954 3.17113417409 4.50574903318 2.8454744629 3.78855212119 3.16476496697 ;
2.61304399354 4.75657530682 2.65427173558 2.77505112329 3.22071614209 0.674634558219 3.13736464243 ;
2.77089986952 4.60004033157 3.26380847737 3.78149672708 4.50962330827 2.05413700665 3.47748101804 ;
2.09710023529 4.64281962484 2.94963282911 3.93869020003 2.72175519092 3.0520602872 0.0524531832933 ;
1.86396686577 4.74917092952 2.64743712724 2.9030839983 0.30216890068 0.928967785213 2.92428158356 ;
1.33423855453 4.74076660937 0.578481103164 1.29742445068 0.80434601857 0.631507094126 2.80004818405 ;
1.53628495163 4.71162996231 1.78484277391 1.69933622062 3.95973222233 1.59821411965 3.21277538244 ;
1.90314584645 4.71246674498 0.0356165690661 2.00169587771 2.95246075759 0.925308974406 2.86122221623 ;
2.77067072487 4.60242750921 3.22672883095 3.61403413649 4.50103536408 2.27962472316 3.46160663394 ;
2.33078576081 4.77085302267 2.60250379042 1.8614324958 3.3344197808 0.77373294446 3.12196592259 ;
2.01989689182 4.74113297525 2.60587276786 3.35119077349 0.387472612853 1.53983691216 2.87369192463 ;
0.171187498112 4.71770275371 2.67032240886 2.31808365975 3.56916319009 1.23168218697 3.10655868387 ;
2.23749248228 4.7609491466 3.18841864779 4.49195976343 2.90155096845 3.8441185418 2.88985725277 ;
1.10437897751 4.77050100528 1.92937461825 1.44852597689 0.791145019695 0.353589877396 2.73358424765 ;
2.72651003499 4.70594763332 2.95719639053 3.91281049641 3.40703721523 0.563995676809 3.08624482172 ;
1.46500100559 4.72506703323 0.110968371705 2.06819666692 0.334027778917 0.84245776586 2.81405504869 ;
2.24360958563 4.76704432921 3.17543166611 4.51022529112 2.83346798402 3.83205487305 3.1638342327 ;
2.2296155303 4.76538864354 2.79217023541 3.37798179075 1.70684023122 0.941564034728 3.09855277577 ;
2.78486480504 4.60447891008 3.22570035034 3.77157010978 4.47678451394 1.86295824274 3.44319148937 ;
1.75347572432 4.75736892193 2.64838201551 1.86228832439 3.71331939939 1.04099247073 3.21783440711 ;
1.02100861574 4.77977705376 2.43762293969 1.4425897349 0.654449189054 0.533891578495 2.83049905327 ;
2.01907644419 4.71967347825 0.452604382095 1.93986626639 3.09147149961 0.74000259566 2.82920701022 ;
2.08665405075 4.65682764442 3.08026212162 3.90625838685 2.65832961651 3.00735012436 0.0333435003966 ;
2.76182341133 4.71830702485 2.93490766834 3.91770902684 3.21762515787 0.975235989867 3.17983107694 ;
1.33551875936 4.78079823782 2.59142593577 2.16051178797 0.786619038027 0.655876295995 2.87294390076 ;
2.21765013804 4.76447424431 3.17046262942 4.50839079615 2.82270992412 3.83206656058 3.15777282113 ;
1.63950544614 4.7259380059 0.0579195563454 1.82429803308 1.80576091254 0.836115048003 2.80648028052 ;
1.96062501633 4.74382863027 2.49170745143 2.08814678528 3.52985012517 0.0377712047562 3.10421440134 ;
2.80130130126 4.56633623948 3.32378208384 3.75507457971 4.69352124637 2.35092769342 3.52334404224 ;
2.07746721722 4.64335328552 3.16381771599 4.00005688563 2.69098227498 3.36937815403 0.0379426038996 ;
1.87648761422 4.75209357799 2.58040387894 1.93753090034 3.69385394179 1.85008203662 3.24742504168 ;
2.29207676644 4.73000128648 2.87023796906 3.74380424799 1.65932367795 1.61415819629 2.82953619599 ;
1.09952792616 4.79189581038 2.54424979695 1.88337571934 0.679435379899 0.528080670793 2.89103868976 ;
2.47857009037 4.75890335544 2.65989810091 2.42785914769 3.29143375781 0.289937742924 3.02730901541 ;
2.80797533896 4.59454535034 3.26604843622 3.75723029931 4.5508655792 2.05738776585 3.47975662731 ;
1.35883793577 4.74085688299 0.135294960028 1.51504480681 0.796376459008 0.550406560796 2.78361408028 ;
2.23153999234 4.75739191895 3.19945793545 4.49613134246 2.9103043248 3.87098268842 2.87561136045 ;
1.16084737683 4.7369596704 2.61633203647 1.75968718915 3.93816251273 1.58479175841 3.26508530325 ;
2.10438929723 4.6906997199 0.0692904551906 2.32936006407 3.29545838315 1.20465482648 2.8610682526 ;
2.16561477266 4.76207866478 2.71638060028 3.53536761972 1.55143224735 0.747953997642 2.83023026422 ;
2.73991979829 4.600246742 3.23265600916 3.76405521074 4.51882010782 1.97947063064 3.47182872022 ;
2.49938463411 4.77588694969 3.21635180464 4.51571046344 2.9762590754 3.8316022925 3.1901732442 ;
1.59696745672 4.73046401767 0.0625688303154 1.84294285767 1.30322975735 0.775679492087 2.77350239019 ;
1.10127446855 4.74104442373 2.29271026825 1.41737998805 3.42245756766 0.713859365791 3.08267516394 ;
1.21207932388 4.66202354145 3.02558116677 4.27600737357 2.22339228951 3.58209483056 1.64542489401 ;
2.6440454343 4.76635986521 2.4814673284 2.49225298322 3.43085101924 1.01731229128 3.18031121391 ;
1.09366555472 4.77635315992 2.56272897408 1.69253633931 0.256354941831 0.728097015437 2.81542769695 ;
1.58861905867 4.72879074635 0.0573930375189 1.78389807309 1.17348803748 0.703232221978 2.78406387015 ;
1.238872575 4.66267659934 3.04223172695 4.29423062358 2.23372351619 3.63363912349 1.84673982755 ;
2.65475683068 4.7036826823 2.85919568803 3.93251512596 3.22714017901 0.807741325808 3.04917387957 ;
1.58063021935 4.78801605231 2.61955193288 2.33259556491 0.27725792523 0.729961889407 2.91011428383 ;
2.76553169457 4.57849802259 3.26624626469 3.71260043384 4.63942103712 2.31444093083 3.50586867599 ;
2.42897995752 4.76934212428 2.39425261912 2.00423578177 3.41332529158 1.02244084583 3.14349371446 ;
0.516212210767 4.7402474414 2.29510288871 1.60562325635 3.1511248323 0.708855800375 2.94890300152 ;
2.51621526518 4.78036550924 3.22400434439 4.53355777047 3.01550653559 3.86834244375 3.200275289 ;
1.22019892369 4.64897293452 3.08227195901 4.21435704912 2.68933978911 3.5581947353 1.29573307721 ;
2.79201263846 4.57756603884 3.29332934855 3.71655266126 4.63951186516 2.28748167907 3.50831409404 ;
1.67783619852 4.77067784823 2.64235036691 2.82443759147 0.422621209266 0.818501734594 2.93911824249 ;
1.70688416931 4.74326127671 0.993747446362 1.67617332426 2.71854537913 0.644481808116 2.68707360171 ;
1.76606076665 4.76094015654 2.65093265522 1.88555433338 3.60243835773 1.06845333858 3.22328757186 ;
2.4411243989 4.7801142359 3.20059779012 4.5323514965 2.88774726707 3.85423062374 3.20239076875 ;
0.985802916159 4.73320212693 1.02038110979 1.07540142817 0.26438003183 0.651134733669 2.782591945 ;
2.6753825368 4.72072164282 2.84036178075 3.77971960522 3.19343505776 0.817704446266 3.13417660117 ;
1.89893341555 4.71376530673 0.0777697519643 2.00412475253 2.98886773973 0.904496369989 2.88835905309 ;
0.578267296931 4.76123079871 2.53790170055 1.58583576304 2.91094538685 0.686001563514 2.93352258479 ;
2.7569310404 4.5934771105 3.24379267918 3.76557471448 4.53537148107 1.89788217262 3.45911779758 ;
2.24160875492 4.76648294963 3.17542736868 4.51782020388 2.83673577487 3.85390311626 3.15944941504 ;
2.36208542449 4.7610403554 2.86446624316 3.85609099788 1.84416818639 1.11596050789 3.09638485927 ;
2.40311026785 4.77340182911 2.63130475135 1.99687153612 3.50091531463 0.956527228484 3.17970243517 ;
2.07204786915 4.64267269754 3.14790691734 4.06894922314 2.7297463016 3.21654504492 0.0366778504363 ;
1.37770252225 4.76105209734 1.86535700334 1.86616866822 0.171928600377 0.688728087561 2.85104268039 ;
1.9810477968 4.71446635503 0.0733536555825 2.10984656502 3.04165272262 0.950551694281 2.87150388167 ;
2.23102576763 4.76996209376 3.16683649136 4.4990815399 2.83893699618 3.76939453026 3.16278527293 ;
2.53370071906 4.73660240317 2.76743382584 2.80645059028 3.29881081585 0.45269126098 3.14220047522 ;
0.935096454965 4.76109264598 1.81070018557 1.34117591474 0.925458225931 0.456556568431 2.75394192763 ;
2.11010126392 4.65216257206 3.15693187001 4.00866530718 2.71188660747 3.2570655489 0.0366778504363 ;
1.1595999326 4.74095988659 2.62437904714 1.75236685845 3.97020025489 1.46967621499 3.24609078733 ;
2.80654669211 4.60679119652 3.2480135894 3.77335703821 4.44989744725 2.20030863807 3.45932251787 ;
2.02820676249 4.75906945642 2.6000648409 3.14910861414 0.462740070932 1.08520407257 3.02967473868 ;
2.01888876277 4.63597106878 3.15784494679 4.07023332222 2.70053801981 3.38583688939 0.0386082636171 ;
2.75266635894 4.59316313369 3.23731599993 3.62181891308 4.57386623292 2.0296353066 3.48545626456 ;
0.218516504457 4.74147857879 2.37616628441 1.82896784786 3.29927466597 1.01316831197 3.03007004457 ;
1.59325557617 4.7335575099 0.065087493327 1.75286642956 1.27443618189 0.725834250983 2.76108289553 ;
1.53396167099 4.77360043995 2.60947559565 2.31741802782 0.20488157311 0.782811055829 2.91449923535 ;
2.24088145226 4.76650328653 3.17538001796 4.51592228325 2.83539684364 3.85071353223 3.15970472009 ;
2.53302208458 4.74636598706 2.72026358479 3.95485956834 2.71424989129 0.951045030709 3.02619226143 ;
2.37107672792 4.76993681696 2.35855337312 1.86187059088 3.27308071261 0.736666386893 3.10738824592 ;
2.50084814918 4.76405319686 2.33762578849 2.10952522326 3.54305052971 0.963751488429 3.17929804755 ;
2.21157262064 4.75574547567 3.18353340838 4.48827338168 2.83050824801 3.85412877324 2.88048586142 ;
0.791573472421 4.77907198195 2.50326120262 1.35833562744 0.5333122404 0.496737406673 2.76837561277 ;
2.81910487448 4.56603177312 3.34212562023 3.70788076083 4.69499139541 2.3765256828 3.53891727425 ;
1.61256901608 4.73091729556 0.0717103167965 1.82836059225 1.1856396643 0.671723249958 2.78927712916 ;
1.9720341351 4.764891349 2.7289279533 3.01237815392 1.19381346974 0.80450662819 2.86524815307 ;
0.688588692776 4.72261896641 2.17001142602 1.33851226632 3.70434389386 1.16491270636 3.09273004803 ;
2.63137036411 4.70151490812 2.90638643496 3.97712734146 3.60141470611 1.00722331682 3.05988217656 ;
2.07746721722 4.64335328552 3.16381771599 4.00005688563 2.69098227498 3.36937815403 0.0379426038996 ;
2.74214196587 4.58558238517 3.25908366021 3.69658784216 4.59075044995 2.29091043786 3.4849601337 ;
1.62599759153 4.77948337686 2.62264619241 2.77751308818 0.54610485481 0.751874283997 2.98140980514 ;
2.69118316022 4.70800773101 2.9293740733 3.81681973301 3.34004397638 0.603358981093 3.16953934985 ;
2.23416446832 4.76813198388 3.17628618991 4.4948660394 2.81861648691 3.7866946813 3.16866553113 ;
2.0255227746 4.70952523165 0.0687466645338 2.22095251776 3.19469400521 1.11513365251 2.90651236971 ;
1.80754803892 4.76599627682 2.60893367578 1.81196178207 3.39414484743 0.926796617346 3.12219612204 ;
0.952538597533 4.73745157833 1.0379613171 1.01456294296 0.688058334296 0.592544986698 2.66907803825 ;
2.21212930377 4.7581966444 3.18706641201 4.49985078073 2.86398037259 3.87248560179 2.87579592252 ;
2.44112735209 4.76783875618 2.60377641615 1.89680154721 3.64585840954 0.903278735495 3.20281720244 ;
2.72388385158 4.59184209261 3.25011366981 3.68505598568 4.55475288502 2.280622291 3.45561771214 ;
1.85726887473 4.71442820564 0.0731801575217 1.98706330119 2.910319818 0.919023641288 2.85963041107 ;
0.816051388394 4.76912427672 2.55518696715 1.78186669712 2.71401909494 0.683142495076 2.89572925719 ;
2.50655041161 4.74188763994 2.88684121052 3.77472803135 1.81082821826 1.40333865724 2.93540011543 ;
2.74785012102 4.66888506304 3.02586316546 3.91184925642 4.12888929737 0.187885430282 3.17730915582 ;
1.37367078681 4.75872825728 1.92941841389 1.96759670934 0.101007634651 0.716523391393 2.85474731899 ;
0.653207111616 4.72673206588 2.26146966998 1.25694355332 3.50304863732 1.03346334725 3.04248907265 ;
2.20394339147 4.75538873097 3.17955866772 4.48222542287 2.82975595951 3.82347771201 2.8762833603 ;
1.49998077499 4.77186077399 2.6268032008 2.31835957184 0.103965486175 0.86524841152 2.88629185164 ;
2.59955509825 4.69710349567 2.86379403456 3.11899677888 4.07591491982 0.0401490133253 3.31188793958 ;
2.6097959148 4.75192309795 1.99131878201 2.18091503239 3.60130210662 1.63956776738 3.10924186546 ;
2.04642977738 4.76871621336 2.70836782937 2.97003778604 2.17488293979 0.637265162149 2.8276359722 ;
1.54233754045 4.7299860386 0.0788830606196 1.78518129294 1.10701673436 0.624100389547 2.73958674235 ;
2.76669579569 4.60183747546 3.25787593631 3.78531754649 4.47742890188 2.24498326719 3.4509122007 ;
2.53382454374 4.7344248279 2.81434591602 3.8813432587 1.80355116616 1.48017449661 2.87713921208 ;
2.35645035331 4.75534263815 2.13395604331 1.89996778241 3.51115543932 1.74103798024 3.11618630096 ;
0.219838517175 4.74033244715 2.19533879481 1.81493433342 3.07689535593 0.712458298742 2.97090985097 ;
1.48271284074 4.77192582936 1.72717722957 1.80148210388 0.471998382309 0.614531530987 2.8714168584 ;
2.50956257103 4.7251055857 2.60059872913 2.76689658395 3.57823476379 0.0291103923215 3.10769324227 ;
2.80749313933 4.58850127803 3.27747444037 3.77309991644 4.573759104 2.22800651756 3.46372948652 ;
2.46171775462 4.7611954747 3.20302043731 4.5035127155 2.91598117466 3.88339023065 2.92967741801 ;
0.138862835635 4.70787199703 3.02799366388 4.3902231459 2.42166654439 3.52685580521 2.48616080041 ;
1.7115202734 4.71550086163 0.0419968300018 1.8666711645 1.99230538896 0.827740412966 2.83409720796 ;
2.24995383355 4.76952844077 3.17494551112 4.51271685201 2.85285461979 3.83481311834 3.16272469802 ;
2.702787213 4.60863081226 3.18416715452 3.52792586246 4.51074870566 2.26959874177 3.4737123129 ;
2.26927643741 4.77753437187 2.56338435771 1.78476624272 3.14679731091 0.604480485133 3.10022635781 ;
0.158639139377 4.75215438003 2.56871413875 1.94910237091 2.98007293243 0.856066003685 2.98739494938 ;
1.62415229316 4.75659381969 2.6228234183 2.45981567643 0.155449035289 0.916918437683 2.90236919076 ;
2.07746721722 4.64335328552 3.16381771599 4.00005688563 2.69098227498 3.36937815403 0.0379426038996 ;
2.70016684712 4.71545195259 2.93893050117 3.87712923548 3.24070895292 0.709576345591 3.16163076733 ;
2.22950250176 4.75846790408 3.18792568833 4.49394284757 2.91102923151 3.85201886649 2.87739555184 ;
2.42158288992 4.77778070112 2.60993432328 2.31031624575 2.90919606893 0.341898835823 2.95392445359 ;
1.51741060604 4.73840056367 2.60111826675 1.62599602541 3.98854067988 1.6368653578 3.28825556927 ;
2.24791794269 4.74065509538 2.74919095265 3.56458099523 0.839945690011 1.52805899647 2.90346149798 ;
1.0994047102 4.7521388504 1.64288997054 1.32854840404 0.301565230692 0.576733336254 2.75542075537 ;
2.81152898165 4.60944139123 3.23147007566 3.77394903153 4.4148485013 1.88608852255 3.42387088329 ;
1.95091347046 4.71176611936 0.0446311842876 2.07585004061 3.0189753617 0.932609903372 2.87659319424 ;
0.206077187035 4.77289305976 2.67441081999 2.78976692313 2.46346624764 0.512998806889 2.9095659175 ;
2.42567325638 4.78265691356 2.41140062945 1.94603664259 3.11480911882 0.581726718388 3.09251645935 ;
2.25098799928 4.76758970787 3.17071143612 4.50425827709 2.82236389215 3.81265647069 3.16530539859 ;
2.81655739002 4.57949588306 3.28349877237 3.72903847983 4.60929358195 2.30197182183 3.49521943269 ;
1.43252380386 4.77828380424 2.61814433847 2.36160947191 0.3658098257 0.742832738089 2.91740999892 ;
2.59078162198 4.69734027021 2.82153318162 3.9267805413 3.26170641066 0.698546330307 3.11657522207 ;
1.01023343131 4.73255574753 2.39155921943 1.89472001867 3.85642254616 1.61930499903 3.22986736789 ;
1.38804715981 4.72436348559 0.250681957282 1.5620703051 1.37712141982 0.620207407135 2.7202139703 ;
1.98054109632 4.64027662367 3.08973301842 4.02663829347 2.68062208061 3.32294708423 0.0372995089182 ;
2.70410971476 4.70891480421 2.92375600014 3.81693217897 3.38085597419 0.577559169629 3.21435432016 ;
2.19124959555 4.75892590495 3.17967936247 4.4901991969 2.81759257481 3.82078709635 2.90213423039 ;
1.29073805628 4.76576182856 2.569784888 1.72175218961 3.11083580783 0.329504159959 3.13929945157 ;
1.53587290423 4.76791417162 2.10536506883 2.24650730263 0.205797746581 0.77350712294 3.02136780102 ;
2.27545003987 4.75806999723 2.67671872486 2.20239035881 3.43941913637 1.82512474692 3.24940200002 ;
1.74469288027 4.64262280545 2.19291527898 2.66205965 1.9883852225 1.11302148565 0.0522668475784 ;
2.78649735263 4.58359732538 3.31011401045 3.78457349359 4.62030128421 2.35219903093 3.50691449756 ;
1.89556784647 4.72204225894 0.0667665245177 1.93994405033 2.90055289067 0.898408708817 3.05209768372 ;
1.39800846333 4.66519469717 3.03566385973 4.29479255387 2.22706306697 3.65793152271 2.06112380479 ;
1.90862069144 4.71628540597 0.0739169829929 2.0156006719 2.46608942341 0.858707978516 2.88095332644 ;
2.75084154679 4.57155456274 3.29492659302 3.7168494705 4.66170701058 2.32705380034 3.51097394476 ;
2.11073369033 4.76073652319 2.70133688606 3.31914873088 1.02255826615 0.774451448619 2.72551668266 ;
1.86660665952 4.75821807883 2.60320671646 1.85613911808 3.56913637926 0.99546738291 3.17157404091 ;
0.918122598687 4.77845162709 2.15596300824 1.4625427489 0.712554799135 0.592736743192 2.85073320551 ;
2.78157189962 4.71964068775 2.9725284414 3.838136002 3.45884949181 0.882728334332 3.17058890137 ;
2.55008076094 4.7894932507 3.23931292655 4.55729756777 3.08239035084 3.88631237862 3.21490066809 ;
2.10184952216 4.64768426484 3.10182346292 4.00424322935 2.68804616633 3.22812245485 0.0666021964583 ;
2.79459442666 4.59823063234 3.22569362178 3.76160146638 4.50436676472 1.88128277881 3.45124215019 ;
2.00369852706 4.76380241207 1.61440436684 1.93950078527 0.581430959549 0.60980843963 2.90811479336 ;
2.46734242191 4.77049910011 3.19001125772 4.51260752175 2.86184258157 3.82797921655 3.18642112213 ;
0.16274954581 4.77950217392 2.00014488245 1.7713177281 1.27802445266 0.532208360499 2.67554527304 ;
0.150860564235 4.71864288229 3.0035764504 4.34964472919 2.46404842351 3.47929376398 2.99745389026 ;
2.55839729531 4.77505908016 2.68810071061 3.04006637192 2.33566305428 0.893617225593 3.06815492102 ;
1.66279649269 4.72835545803 2.10554421977 1.78697962975 3.93156716111 1.1001065789 3.20498437234 ;
2.78785378706 4.609235708 3.23675084004 3.79591849178 4.37108568097 2.19183307947 3.44363426021 ;
1.16064084515 4.74565984037 0.875051556688 1.08710984646 1.11161282437 0.552500766019 2.75025282243 ;
2.07234514922 4.6443969732 3.1101936869 4.00105011699 2.680698207 3.33200191911 0.0372995089182 ;
2.235269555 4.7701692858 3.17155041801 4.50948877492 2.93240126217 3.80013437545 3.16347241917 ;
2.07591896387 4.74195368811 2.64456801835 3.43571791825 0.266854387293 1.84009915817 3.09322883667 ;
2.51530177712 4.70943968511 2.58587136514 2.99317194141 3.78998102846 0.0800071530504 3.14912613836 ;
1.82204828591 4.74767695221 2.24143404466 1.78339867218 3.66788882089 1.6708484916 3.21788226606 ;
1.43404247862 4.78168240682 2.58197881486 2.48152746472 1.53586980244 0.295953086261 2.85972930319 ;
1.29366687014 4.64026762321 3.08346808134 4.21032028884 2.71864613425 3.59511594758 1.27238142751 ;
1.91600998255 4.75156227849 2.24301177508 1.77821355938 3.54176810308 0.911262184882 3.14022511854 ;
1.47383526212 4.74551693644 1.06444873315 1.32618895359 0.866200012426 0.473302378278 2.76050401538 ;
2.67546157837 4.75196247751 2.67293585772 3.85336721857 2.92451753976 1.01886242104 3.00302448927 ;
2.06743176839 4.75998515563 2.69454839267 3.19864270074 0.166280308401 1.54567273049 3.04053365188 ;
2.45007272304 4.78327327698 3.20257428895 4.54191277491 2.98090260666 3.86112626045 3.2125702985 ;
0.346951437265 4.78576706791 2.55774005211 2.38590649751 1.77710468189 0.417033353048 2.76230178932 ;
2.76090866442 4.58478802622 3.26938607052 3.62606661017 4.60443679856 2.06106428446 3.5065289074 ;
0.775977361656 4.72350808909 2.43876067832 1.83187437328 3.81859586851 1.48764553074 3.21873589467 ;
2.5231575003 4.77445290174 2.73515216595 3.48787559323 1.95643168552 1.15630489807 3.12488882271 ;
2.24385950258 4.75095878764 1.85503045969 1.78162728173 3.1677643539 0.369985365947 2.97771634153 ;
2.78016811502 4.61063914971 3.19471156028 3.65674006922 4.48555362423 1.90040344438 3.45297862832 ;
2.09904966486 4.6457931149 2.99476380947 3.93719678234 2.67077928059 3.0520602872 0.0524531832933 ;
1.11134438416 4.77593783502 1.82695836278 1.81683893716 0.494439288181 0.567849072435 2.84986196906 ;
0.614333765407 4.68278800963 2.96252135916 4.34016892761 1.74725310699 3.62460839127 2.9655243729 ;
2.4820953442 4.77626174782 3.19687090777 4.53275588482 2.9830890203 3.85297509698 3.18917312014 ;
1.79398769052 4.75992827855 2.6078747307 1.77007390206 3.61087903414 1.01282733451 3.15379785675 ;
2.22810933328 4.76742426973 3.16801297601 4.50509639199 2.82319407996 3.8110153494 3.16187743683 ;
1.44163276577 4.78009911574 2.61918460196 2.23507369179 0.807707204394 0.681681090661 2.92026273698 ;
2.77384191655 4.59325435111 3.25304897757 3.72437851853 4.52704101257 2.27070695822 3.47169910658 ;
1.26973570659 4.7324972908 0.112472791005 1.69199201552 0.508035371188 0.626081619537 2.80873453548 ;
2.04225590845 4.64636490809 3.14912734996 3.95784748778 2.68167432731 3.34442250702 0.0372995089182 ;
2.64048014293 4.70809696897 2.9096334249 3.75154074241 3.25851646069 0.584529995215 3.17034224731 ;
2.02257460522 4.70741567864 0.0953042181253 2.06620885221 3.2057890427 1.05069424397 2.85451793681 ;
2.7352393207 4.59961357138 3.22897736424 3.57927560568 4.55047613274 2.28843442331 3.48339104298 ;
1.95413649243 4.71210916881 0.0752945374656 2.05121779577 2.98649633721 0.901506926978 2.87757992336 ;
1.41551658165 4.7595201325 2.57428105791 1.7869503401 3.41150185322 0.748989504829 3.12114821113 ;
2.21651054357 4.75849313933 3.18872087996 4.49705827844 2.8628328755 3.86626210191 2.8793610885 ;
1.92664662231 4.75952036117 2.52268650821 3.02525014364 0.135164573918 1.10329942039 2.94387738976 ;
0.900485636256 4.75320381375 1.6121098828 1.15185626116 0.541516015363 0.48389877648 2.71171518862 ;
2.49222671946 4.75627237005 2.80084109456 3.37459435182 2.45447281013 1.2647435646 2.80328345538 ;
2.85984629342 4.688151675 2.99838468598 3.58655397837 4.08475515392 0.186227848255 3.31931610696 ;
2.5310211758 4.79305229627 3.23264554123 4.56270422877 3.05904198169 3.88327163556 3.22685075563 ;
1.30459581111 4.77351494194 1.90678052057 1.90131115034 0.123332055976 0.703180429102 2.86737290405 ;
1.68625599698 4.74230427683 2.64659189108 1.74300712448 3.86196011765 1.6195556068 3.25387572264 ;
1.76839634115 4.77631939069 2.57540651119 2.13840695177 2.7889050727 0.194156003532 2.99631590711 ;
1.81191893792 4.71695749794 0.12151772992 1.94759752757 2.91581520016 0.901662014485 2.77691454585 ;
2.804976729 4.59447054562 3.25185007172 3.77778241794 4.54371671997 1.87320355784 3.45854329641 ;
1.38707185469 4.64862032594 3.03416745327 4.25780589782 2.26737217373 3.62696910509 1.86393464531 ;
2.65111162936 4.75311815052 2.88015100436 3.82749229282 1.98513915247 1.26048565141 2.99237236369 ;
2.24269677225 4.76752118088 3.18488060378 4.51878005269 2.84188061821 3.85505875948 3.16142966583 ;
2.74994660295 4.61620145706 3.18349397908 3.54131611637 4.44823937305 1.90997486526 3.44925824396 ;
1.50854197425 4.76529287957 2.56516974298 1.73363668229 3.27579457132 0.63350425961 3.08010807683 ;
1.31809765639 4.73079906402 0.113967641381 1.42721833067 0.654919642156 0.611455930803 2.76258069226 ;
2.04225590845 4.64636490809 3.14912734996 3.95784748778 2.68167432731 3.34442250702 0.0372995089182 ;
2.45716580775 4.76326588727 2.85533196808 3.69616242161 2.16774254739 1.02317882806 3.04897935085 ;
2.05573414136 4.70684288048 0.141375673888 2.32285350302 3.24866849212 1.13058436408 2.89765269049 ;
1.35155603219 4.77344894093 2.54920881733 2.06996280806 0.236705737066 0.727450891084 2.88332409803 ;
0.254774921565 4.74494511254 1.77497147431 2.8546840401 0.48462872193 0.923660070827 2.78691097817 ;
2.78746951046 4.61821625646 3.21864182666 3.80351485287 4.33698130956 1.85723080016 3.42890963752 ;
2.12687395524 4.64958199167 3.15374886231 4.00224513752 2.72018168714 3.2036710317 0.0360765741996 ;
2.23316075421 4.76788981269 3.17686131904 4.50505106584 2.82771263704 3.80819088021 3.16340914893 ;
2.01962106655 4.75319928755 2.63813736441 2.02952565317 3.61496410297 0.918782412669 3.18659035954 ;
0.766264518023 4.77457546069 1.97863875798 0.769305319649 1.66374819526 0.554028729486 2.7830503363 ;
2.21736690919 4.76256566968 2.5086912189 2.88417404829 0.892439413725 0.728630295277 2.99819630796 ;
2.05812699787 4.71292635875 0.0867764466216 2.2145616735 3.11250274417 1.078265168 2.90157669907 ;
2.42099955036 4.75758711362 2.28645323767 1.95829378101 3.57091536759 0.987595749562 3.15972295776 ;
2.22260473435 4.75862031031 3.18994694035 4.49784711303 2.87981460026 3.87190298685 2.88327401883 ;
1.61189451801 4.73105062198 0.0757403673877 1.82096596043 1.27355128788 0.685488427877 2.77656863334 ;
1.30457377338 4.78643605567 2.56104104673 1.59039925127 0.138606746891 0.633746923088 2.88608251865 ;
2.81144356061 4.61542160455 3.19117203904 3.79530085334 4.35636821136 1.82758386142 3.38929689203 ;
0.247812998473 4.71955973147 2.47581639063 2.01827491526 3.94679248252 1.36061000613 3.25931090609 ;
2.25122811505 4.73568553976 2.77828970407 3.73636280227 1.2103006851 1.25409582564 2.88114681855 ;
1.02408206285 4.77763613991 2.49049048406 1.87695556143 2.12443692768 0.269556265179 2.59843076629 ;
