64.6713836478 3.52044025157 4.4213836478 1.7036163522 0.129716981132 21.6517295597 2.95833333333 ;
76.6358800774 4.47437137331 2.89941972921 1.03239845261 1.02949709865 4.27224371373 0.32833655706 ;
49.9394484412 2.84892086331 3.07374100719 1.15527577938 0.165467625899 15.0707434053 1.84292565947 ;
59.4367245658 3.30272952854 8.61786600496 4.31265508685 0.00248138957816 69.3920595533 12.5186104218 ;
51.6079163555 2.96564600448 4.43988050784 1.9073935773 0.0149365197909 29.5235250187 4.21359223301 ;
61.8413245033 3.53536423841 2.42145695364 0.777218543046 0.891655629139 3.33086092715 0.199735099338 ;
49.6534145559 3.02981724912 1.67265149086 0.445335043283 0.688682269958 2.48893876242 0.104841295287 ;
59.0646672915 3.32239925023 6.23242736645 2.82380506092 0.00468603561387 44.152764761 6.98500468604 ;
59.968079096 3.44632768362 2.18898305085 0.681638418079 0.886440677966 2.71016949153 0.115254237288 ;
51.9563970166 3.00803212851 4.71428571429 2.03442340792 0.0103270223752 32.1061388411 4.70625358577 ;
72.4538761369 4.14941533131 2.85188393244 0.987007362495 0.997834560416 4.05543525336 0.309657860546 ;
64.1605890603 3.49649368864 4.58835904628 1.80294530154 0.108695652174 23.4915848527 3.25105189341 ;
48.3116531165 2.96283391405 1.58381726674 0.423925667828 0.644599303136 2.69647696477 0.12543554007 ;
59.8786251343 3.3179377014 7.51557465091 3.63587540279 0.00322234156821 57.6595059076 9.88292158969 ;
88.3524590164 5.43715846995 3.05464480874 1.17486338798 1.05464480874 5.54371584699 0.494535519126 ;
51.8108108108 2.96966354109 3.23938223938 1.17926089355 0.243243243243 13.9911748483 1.69277440706 ;
47.7573916565 2.93236127987 1.61603888214 0.46132037262 0.580396921831 3.35925475901 0.206966383151 ;
68.090715048 3.87086446105 2.74991106368 0.919245819993 0.970117395945 3.78157239417 0.267520455354 ;
57.8309659091 3.2734375 6.09943181818 2.74857954545 0.00497159090909 43.5071022727 6.86789772727 ;
49.0197585071 2.81284302964 3.45938529089 1.41822173436 0.0581778265642 21.6904500549 2.93139407245 ;
57.2520673813 3.34548238897 2.30964777948 0.716385911179 0.816539050536 3.55405819296 0.227258805513 ;
62.490942029 3.40942028986 4.46557971014 1.72946859903 0.115942028986 22.6256038647 3.09782608696 ;
59.2183544304 3.29430379747 8.96202531646 4.51582278481 0.00316455696203 72.5443037975 13.2373417722 ;
82.2199170124 4.83506224066 2.89834024896 1.08921161826 1.01452282158 4.9387966805 0.423236514523 ;
62.2352494302 3.57305646999 2.5429222588 0.821473790833 0.884274499873 3.83894656875 0.271967586731 ;
51.7509689922 3.05135658915 5.15697674419 2.26259689922 0.00581395348837 36.0532945736 5.41375968992 ;
60.6072423398 3.34122562674 6.91225626741 3.25905292479 0.0041782729805 51.0905292479 8.41364902507 ;
49.7776821572 3.02036718302 1.73493975904 0.488238668962 0.660068846816 2.98565691337 0.167527251865 ;
76.95 4.46930693069 2.92772277228 1.04504950495 0.99702970297 4.66435643564 0.388118811881 ;
63.9055597867 3.47753236862 4.72658035034 1.94516374714 0.0647372429551 26.2361005331 3.68849961919 ;
59.3497757848 3.29596412556 9.35874439462 4.77578475336 0.0 77.1390134529 14.2959641256 ;
50.5812182741 2.84771573604 3.34568527919 1.27208121827 0.106091370558 18.238071066 2.35329949239 ;
49.5500553097 3.00774336283 1.85287610619 0.547289823009 0.632466814159 3.69800884956 0.250276548673 ;
58.2287968442 3.27218934911 8.28599605523 4.10848126233 0.00197238658777 66.2998027613 11.798816568 ;
73.3607791058 4.19831783975 2.87383798141 1.00752545374 0.96015936255 4.60823373174 0.385568835768 ;
62.9173492182 3.42740134028 4.68577810871 1.9121370067 0.0685033507074 25.7855547282 3.62025316456 ;
49.957605985 2.85236907731 3.60847880299 1.43142144638 0.0728179551122 21.7137157107 2.93167082294 ;
58.2143522833 3.28331780056 6.02329916123 2.7008387698 0.00465983224604 42.495806151 6.6477166822 ;
90.0035842294 5.58064516129 3.08602150538 1.18637992832 1.10752688172 5.02867383513 0.430107526882 ;
61.1151832461 3.50096445302 2.46018186828 0.785891430146 0.854505373381 3.82915403692 0.271700192891 ;
80.8020050125 4.73099415205 3.09690893901 1.14452798663 0.974937343358 5.66499582289 0.538011695906 ;
58.1252987368 3.35814271082 2.19358142711 0.677364288153 0.835097302834 3.04165244111 0.163878456811 ;
58.0875576037 3.26728110599 6.79608294931 3.21198156682 0.00345622119816 50.797235023 8.33525345622 ;
58.3096636412 3.26214628938 5.00320341698 2.14095034704 0.0229578216765 31.6214628938 4.61078483716 ;
67.7524020695 3.86400591279 2.86511456024 0.959349593496 0.921655580192 4.74094604582 0.40317812269 ;
51.8635953026 2.91056910569 3.42050587173 1.29177958446 0.116079494128 18.2813911472 2.36224028907 ;
48.3316214233 2.97909024211 1.67131327953 0.470286133529 0.623624358034 3.14343360235 0.185619955979 ;
60.2171717172 3.33333333333 9.5404040404 4.88383838384 0.0 78.6717171717 14.7222222222 ;
51.7284797522 3.12591281257 1.85417127683 0.531754813012 0.718300508962 2.93007302501 0.157778269529 ;
58.8650793651 3.28571428571 8.71957671958 4.36772486772 0.0026455026455 70.2195767196 12.7010582011 ;
60.618336887 3.38059701493 6.37526652452 2.9157782516 0.00533049040512 45.1140724947 7.18017057569 ;
68.4315403423 3.75427872861 4.64303178484 1.79339853301 0.182151589242 21.1907090465 2.88630806846 ;
51.6899441341 2.89851024209 3.32635009311 1.2509310987 0.123836126629 17.4688081937 2.22020484171 ;
65.9346719457 3.75028280543 2.62924208145 0.870757918552 0.944287330317 3.55882352941 0.231617647059 ;
52.8939051919 3.04740406321 4.769751693 2.06546275395 0.0112866817156 32.0323551543 4.67494356659 ;
81.4564593301 4.76459330144 2.81244019139 1.04306220096 1.04210526316 4.15885167464 0.311961722488 ;
48.5728779168 2.97598917822 1.81433885695 0.527899898546 0.6198850186 3.65404125803 0.246871829557 ;
65.0097799511 3.50855745721 4.31540342298 1.68296658517 0.127954360228 21.1866340668 2.88671556642 ;
59.231433506 3.29360967185 8.13989637306 4.00863557858 0.00172711571675 64.5544041451 11.4110535406 ;
81.4350282486 4.84086629002 3.08286252354 1.1252354049 1.04331450094 4.89171374765 0.411487758945 ;
50.0640569395 2.84087442806 3.52872394509 1.40264361973 0.0793085917641 20.8027452974 2.76970005084 ;
58.2499142955 3.35858758999 2.06650668495 0.655810764484 0.790538224203 3.18443606445 0.178265341104 ;
68.0379090184 3.88188347965 2.83878691141 0.932960893855 1.01276935355 3.5790103751 0.232641660016 ;
57.0668449198 3.2486631016 5.64371657754 2.47660427807 0.00735294117647 38.7092245989 5.92914438503 ;
53.4798359535 3.06288448394 4.7983595352 2.06698564593 0.0116199589884 32.0820232399 4.69309637731 ;
63.1878213802 3.62110960758 2.52557510149 0.82598105548 0.910419485792 3.54262516915 0.227334235453 ;
77.9520231214 4.55953757225 2.91676300578 1.04161849711 1.04797687861 4.22658959538 0.322543352601 ;
59.0100222717 3.31848552339 6.70824053452 3.14810690423 0.00334075723831 49.2271714922 8.01670378619 ;
50.4088778605 3.04990350152 1.70140612076 0.464846980976 0.687344913151 2.63496002206 0.127102288393 ;
59.6141078838 3.29045643154 9.24481327801 4.70954356846 0.0 76.1203319502 14.0663900415 ;
50.7378689345 2.86993496748 3.23211605803 1.20460230115 0.143071535768 16.5292646323 2.06703351676 ;
66.3979206049 3.59640831758 4.62287334594 1.81758034026 0.126654064272 22.656899811 3.11058601134 ;
49.5174473436 3.02577805721 1.66991512103 0.460546997799 0.668972021377 2.71612700409 0.134548883999 ;
59.5914285714 3.33904761905 6.28476190476 2.85904761905 0.0047619047619 44.6752380952 7.09714285714 ;
61.8546496483 3.53737952592 2.44933576452 0.77989059651 0.907528002084 3.24824172962 0.189111747851 ;
51.6942924159 2.97810789679 4.54730258014 1.96247068022 0.0140734949179 30.4550430023 4.37842064113 ;
58.9893617021 3.29255319149 8.72340425532 4.37765957447 0.00265957446809 70.295212766 12.7180851064 ;
76.8274314214 4.48927680798 2.86932668329 1.02443890274 1.02194513716 4.2174563591 0.322194513716 ;
65.4126984127 3.55722639933 4.46700083542 1.73600668338 0.134502923977 21.686716792 2.95906432749 ;
50.5947309417 2.86378923767 3.17432735426 1.18161434978 0.14798206278 16.0549327354 1.99607623318 ;
62.927297668 3.43347050754 4.19410150892 1.59259259259 0.146090534979 20.1721536351 2.7085048011 ;
57.2965870307 3.31501706485 2.00955631399 0.632423208191 0.774744027304 3.10989761092 0.174744027304 ;
58.245024022 3.29032258065 5.81468771448 2.54975978037 0.0089224433768 39.8778311599 6.14550446122 ;
48.0241492865 2.94767654592 1.85876326381 0.545554335895 0.598975484815 3.97658251006 0.287961946579 ;
59.0857699805 3.28460038986 8.28460038986 4.11695906433 0.00194931773879 66.216374269 11.7953216374 ;
80.7998303647 4.76420695505 2.92875318066 1.08736217133 1.00763358779 4.86089906701 0.410517387617 ;
49.3580316742 2.82805429864 3.57748868778 1.467760181 0.052036199095 22.4162895928 3.03619909502 ;
67.2888140666 3.83651328096 2.83950617284 0.930415263749 1.00860456416 3.60419004863 0.236438458661 ;
50.3894622488 2.86692015209 3.16947311244 1.18359587181 0.145029875068 16.123302553 2.00706137968 ;
58.8829676071 3.30721003135 6.7210031348 3.15673981191 0.00313479623824 49.5224660397 8.07941483804 ;
75.5232067511 4.36286919831 2.8194092827 1.0 1.00801687764 4.04303797468 0.302109704641 ;
49.0592720971 3.00381282496 1.62530329289 0.436741767764 0.663431542461 2.60415944541 0.123050259965 ;
60.7731688107 3.50433184563 2.4276713048 0.768968233132 0.885271724862 3.42215804673 0.21029141507 ;
52.968897904 3.03177822853 4.71061528059 2.02366463827 0.0128465179175 31.5287356322 4.58282623394 ;
65.8254514187 3.57265692175 4.60533104041 1.8056749785 0.125537403267 22.7437661221 3.13413585555 ;
59.9855072464 3.33333333333 9.49275362319 4.85507246377 0.0 78.1207729469 14.5652173913 ;
71.3446893788 4.06613226453 2.87655310621 0.984769539078 0.973547094188 4.24448897796 0.338677354709 ;
61.14453125 3.32645089286 4.40234375 1.72265625 0.09765625 23.13671875 3.18470982143 ;
48.9937031484 2.97901049475 1.77511244378 0.530434782609 0.598500749625 3.91064467766 0.284557721139 ;
59.6141078838 3.29045643154 9.24481327801 4.70954356846 0.0 76.1203319502 14.0663900415 ;
59.7533488643 3.44874781596 2.40011648224 0.760046592895 0.848573092603 3.63104251602 0.237041351194 ;
58.8640552995 3.31490015361 6.35714285714 2.89708141321 0.00537634408602 45.6697388633 7.31029185868 ;
86.424 5.2 3.06 1.166 1.026 5.45 0.482 ;
48.4236972705 2.81203473945 3.66625310174 1.51612903226 0.0471464019851 23.7996277916 3.27109181141 ;
46.9052410901 2.88092243187 1.82431865828 0.569811320755 0.514465408805 5.23480083857 0.467085953878 ;
54.9318435754 3.04134078212 3.76573556797 1.54860335196 0.03947858473 23.0830540037 3.14525139665 ;
78.077404667 4.54980079681 2.73136027319 1.01821286283 0.980648833238 4.88389299943 0.426294820717 ;
59.195505618 3.29662921348 8.51235955056 4.24494382022 0.00224719101124 68.1101123596 12.2382022472 ;
55.5362614913 3.25706503235 1.79366700715 0.561797752809 0.737487231869 3.07899216888 0.177391896493 ;
62.7311827957 3.68279569892 19.7903225806 4.76344086022 3.02688172043 7.61827956989 0.688172043011 ;
58.2618055556 3.29305555556 5.88263888889 2.60902777778 0.00625 41.1277777778 6.39027777778 ;
64.9798331015 3.69784422809 2.33101529903 0.82371349096 0.804937413074 4.6668984701 0.393602225313 ;
50.4650850492 2.87735004476 3.72336615936 1.51387645479 0.0510295434199 23.2985675918 3.19113697404 ;
79.6766423358 4.66350364964 2.89708029197 1.06277372263 1.03868613139 4.44452554745 0.350364963504 ;
48.2422206506 2.93705799151 1.6941301273 0.483380480905 0.600070721358 3.4671145686 0.226661951909 ;
57.9085173502 3.27050473186 6.54100946372 3.02996845426 0.00394321766562 48.0875394322 7.79652996845 ;
64.9731182796 3.52995391705 4.78341013825 1.90399385561 0.0967741935484 25.0268817204 3.5069124424 ;
57.2218694885 3.3594356261 2.41587301587 0.772486772487 0.753791887125 4.60352733686 0.372134038801 ;
66.3775247888 3.75762027176 2.65442526625 0.86999632758 0.957767168564 3.49026808667 0.230627983841 ;
60.4238410596 3.33774834437 9.90728476821 5.11258278146 0.0 82.1258278146 15.5761589404 ;
58.7940817572 3.37614399024 2.08084197682 0.66168395363 0.81269066504 3.06223306894 0.165649786455 ;
61.0579494799 3.36478454681 5.17310549777 2.18276374443 0.0252600297177 31.7377414562 4.64635958395 ;
52.3159173755 2.93762656946 3.52612393682 1.37626569461 0.0923450789793 19.9947347104 2.64358039692 ;
68.7199017199 3.97010647011 3.25634725635 1.07166257166 0.957002457002 5.32432432432 0.484848484848 ;
59.7804878049 3.31707317073 8.95731707317 4.49085365854 0.0030487804878 72.006097561 13.1280487805 ;
48.3539423411 2.96908648836 1.79923584578 0.517540812782 0.626259117749 3.52309829802 0.229593608892 ;
81.5061378659 4.72804532578 2.67138810198 1.01888574127 0.982058545798 4.49291784703 0.366383380548 ;
56.5 3.22967032967 6.35604395604 2.95934065934 0.0032967032967 47.0483516484 7.55384615385 ;
49.5681613 3.03400541679 1.7676798074 0.494131808607 0.673487812218 2.97622630153 0.164911224797 ;
64.2108895706 3.49923312883 4.59662576687 1.83895705521 0.0973926380368 24.0452453988 3.33128834356 ;
76.8548864758 4.46692991115 2.90276406713 1.03751233959 1.00345508391 4.49308983218 0.363770977295 ;
57.8609022556 3.27819548872 9.22556390977 4.62406015038 0.00375939849624 74.5601503759 13.6992481203 ;
61.9604562738 3.54245880862 2.43624841572 0.784790874525 0.88288973384 3.48669201521 0.223320659062 ;
62.2888888889 3.3762962963 6.78666666667 3.20296296296 0.00296296296296 49.9718518519 8.17777777778 ;
50.3913043478 2.8400621118 3.30175983437 1.25414078675 0.112836438923 17.8219461698 2.27950310559 ;
52.4693548387 3.07903225806 5.16048387097 2.26129032258 0.00645161290323 35.7741935484 5.37016129032 ;
85.7817531306 5.08944543828 2.8801431127 1.1091234347 1.01788908766 5.01431127013 0.420393559928 ;
47.8259385666 2.74880546075 3.16518771331 1.28327645051 0.0600682593857 19.5843003413 2.5590443686 ;
61.7201991908 3.54621848739 2.31528166822 0.741674447557 0.930283224401 2.81263616558 0.132275132275 ;
58.1316939891 3.26174863388 5.24207650273 2.28142076503 0.00983606557377 34.7879781421 5.2 ;
49.8760708167 3.01570531125 1.74585950885 0.490291262136 0.658195316962 3.01941747573 0.170759565962 ;
58.7412677878 3.30401034929 7.77490297542 3.78266494179 0.00388098318241 60.5200517464 10.4954721863 ;
60.2328145266 3.31452658885 4.04474708171 1.45460440986 0.22308690013 17.0259403372 2.1757457847 ;
72.6792556103 4.19540229885 3.0284619595 1.04816639299 0.981937602627 4.73782156541 0.408319649699 ;
51.7321537523 2.94752898109 4.09762050031 1.70896888347 0.0256253813301 26.4002440513 3.70774862721 ;
53.0118759622 3.16736309655 1.79810864306 0.497690785133 0.769738288982 2.27644600836 0.0672971189795 ;
60.557312253 3.30830039526 9.15019762846 4.67984189723 0.0 75.3833992095 13.8853754941 ;
67.6788990826 3.86123853211 2.86209862385 0.95498853211 0.92746559633 4.5817087156 0.381020642202 ;
65.0677808728 3.5199628598 5.18477251625 2.1513463324 0.050139275766 29.7576601671 4.31940575673 ;
83.1211031175 4.90407673861 2.82613908873 1.07793764988 1.01438848921 4.72302158273 0.386091127098 ;
56.6786079836 3.23541453429 6.5209825998 3.02763561924 0.00409416581372 48.1125895599 7.78812691914 ;
50.8686708861 2.92510548523 2.99103375527 1.10970464135 0.226265822785 13.0754219409 1.54483122363 ;
77.7340251229 4.51993446204 2.93883123976 1.06116876024 0.992900054615 4.90005461496 0.422173675587 ;
50.0074074074 2.93744855967 4.59423868313 2.01234567901 0.0115226337449 31.7094650206 4.62716049383 ;
50.4731987036 3.06207928197 1.79431563201 0.517576664174 0.673647469459 3.16105709299 0.185240588382 ;
64.2277140335 3.48190644307 5.57281553398 2.39805825243 0.027360988526 34.4942630185 5.15798764342 ;
57.9300155521 3.27060653188 7.37169517885 3.53188180404 0.00466562986003 56.7698289269 9.57698289269 ;
60.819047619 3.39047619048 10.4857142857 5.42857142857 0.0 86.4 16.8285714286 ;
63.5621100397 3.63017583664 2.5822461713 0.835507657402 0.920022688599 3.53346568349 0.231140102099 ;
54.4632843792 3.02403204272 3.45037828215 1.28571428571 0.132621272808 17.4299065421 2.2318647085 ;
47.9661016949 2.9530046225 1.79738058552 0.512711864407 0.614791987673 3.55855161787 0.229969183359 ;
57.872688478 3.27524893314 5.820056899 2.56116642959 0.00782361308677 40.213371266 6.21692745377 ;
81.9471057884 4.83532934132 3.0 1.1127744511 1.0119760479 5.08183632735 0.445109780439 ;
48.8536023055 2.80634005764 3.44149855908 1.3976945245 0.0628242074928 21.2328530259 2.8386167147 ;
68.3517241379 3.89885057471 2.81685823755 0.94061302682 0.980076628352 3.92337164751 0.286206896552 ;
62.3642951252 3.38932806324 4.32213438735 1.68313570487 0.115283267457 21.9341238472 2.98814229249 ;
58.9108527132 3.27519379845 8.27519379845 4.10852713178 0.00193798449612 66.1375968992 11.769379845 ;
57.7572115385 3.34435096154 2.15264423077 0.677584134615 0.795072115385 3.33143028846 0.201923076923 ;
69.0395294118 4.01835294118 3.37552941176 1.13317647059 0.884705882353 6.58164705882 0.670117647059 ;
59.3587896254 3.33213256484 5.78458213256 2.52593659942 0.0100864553314 39.2226224784 6.02305475504 ;
49.4742063492 3.01455026455 1.61970899471 0.430886243386 0.672619047619 2.47453703704 0.103835978836 ;
58.2265758092 3.25724020443 8.06984667802 3.98977853492 0.00170357751278 64.3202725724 11.3594548552 ;
49.1090322581 2.82709677419 3.04903225806 1.15677419355 0.164516129032 15.1870967742 1.85290322581 ;
81.1253381425 4.69882777277 2.68981064022 1.02344454463 1.01893597836 4.1127141569 0.309287646528 ;
56.1000543774 3.10549211528 4.21642196846 1.74007612833 0.0494834148994 24.7629146275 3.42359978249 ;
60.3104564584 3.44124312075 2.22499190677 0.702492716089 0.875687924895 2.9630948527 0.148915506636 ;
50.6642954856 3.07250341997 1.68399452804 0.459917920657 0.700957592339 2.50889192886 0.105882352941 ;
59.0950920245 3.32310838446 6.67075664622 3.12678936605 0.00306748466258 48.9120654397 7.96523517382 ;
65.0729927007 3.52473641525 4.33657745337 1.66747769667 0.139497161395 20.8313057583 2.82643957826 ;
78.2618904275 4.59662853703 2.88741721854 1.0403371463 1.04214328718 4.35580975316 0.337146297411 ;
53.5920716113 3.05562659847 4.73913043478 2.02557544757 0.0140664961637 31.3670076726 4.54987212276 ;
49.8361925844 2.84947426674 3.15273934698 1.17819590481 0.162700608744 15.6458218041 1.93137797454 ;
63.4995822891 3.6201615149 2.55109997215 0.827903091061 0.926204399889 3.3589529379 0.203842940685 ;
60.0990990991 3.31981981982 9.37387387387 4.79279279279 0.0 77.2117117117 14.3108108108 ;
50.5798429319 3.0719895288 1.60366492147 0.464136125654 0.662303664921 2.85837696335 0.150785340314 ;
57.0526893524 3.25137211855 6.63666300768 3.09440175631 0.00439077936334 49.0746432492 7.99012074643 ;
63.829894313 3.64368394565 2.31253145445 0.7961751384 0.820835430297 4.3598389532 0.35103170609 ;
50.5959031657 2.84869646182 3.10800744879 1.2364990689 0.0675046554935 18.4981378026 2.38966480447 ;
59.6223929748 3.29692645445 4.78979143798 2.05872667398 0.0181119648738 30.6394072448 4.4489571899 ;
60.5265306122 3.30204081633 9.20816326531 4.70612244898 0.0 75.8244897959 13.9918367347 ;
78.6610904585 4.5780669145 2.8395291202 1.04522924411 0.98946716233 4.91140024783 0.422552664188 ;
59.2768361582 3.53107344633 20.1638418079 4.82485875706 3.04519774011 8.1581920904 0.779661016949 ;
79.2651933702 4.65400552486 2.89157458564 1.04903314917 1.04488950276 4.32113259669 0.329419889503 ;
49.9088811995 2.82122260669 3.11937716263 1.19088811995 0.113610149942 16.8448673587 2.11303344867 ;
50.8603166496 3.07865168539 1.78702757916 0.498212461696 0.695352400409 2.79749744637 0.144024514811 ;
58.3816901408 3.28450704225 7.87605633803 3.83943661972 0.00281690140845 61.6676056338 10.761971831 ;
64.1798561151 3.56994404476 4.17985611511 1.51558752998 0.257394084732 17.0215827338 2.18864908074 ;
64.1610854503 3.65444572748 2.45900692841 0.804272517321 0.960161662818 2.94370669746 0.153290993072 ;
63.1973807297 3.45463049579 5.60710944808 2.43124415341 0.0130963517306 36.0346117867 5.43030869972 ;
50.4048257373 2.93923145666 4.68811438785 2.06881143878 0.011617515639 32.3878462913 4.75156389634 ;
71.5904977376 4.10904977376 3.11583710407 1.06561085973 0.948868778281 5.30769230769 0.494117647059 ;
63.4788975022 3.47717484927 5.91645133506 2.56503014643 0.021533161068 37.8819982773 5.78811369509 ;
54.0835497835 3.01255411255 3.42380952381 1.28571428571 0.137662337662 17.3333333333 2.21082251082 ;
58.4074733096 3.26690391459 8.14768683274 4.03024911032 0.0017793594306 64.9288256228 11.5035587189 ;
60.9098233654 3.47660365665 2.29470096064 0.728540440037 0.881933684537 3.03811589712 0.16114037806 ;
50.8598629094 2.96420411272 4.59634424981 2.01523229246 0.012947448591 31.5270373191 4.5894897182 ;
49.4245877061 3.01859070465 1.73613193403 0.491154422789 0.655772113943 3.05787106447 0.174212893553 ;
85.3355817875 5.11804384486 2.86677908938 1.10286677909 1.04384485666 4.75716694772 0.381112984823 ;
50.5801079052 3.05582922824 1.81515364767 0.543279380718 0.645554773634 3.65235749472 0.248416608023 ;
59.9674220963 3.33569405099 5.25424929178 2.24504249292 0.0113314447592 33.9093484419 5.03611898017 ;
57.372 3.25466666667 6.81333333333 3.212 0.004 50.86 8.35466666667 ;
78.7468193384 4.61577608142 2.73218829517 1.01399491094 1.00381679389 4.44910941476 0.356870229008 ;
64.367029549 3.74105754277 5.51788491446 1.70373250389 0.709953343701 13.1407465008 1.60264385692 ;
50.868115942 2.8729468599 3.49855072464 1.41787439614 0.0526570048309 21.5898550725 2.8961352657 ;
63.7555341675 3.57202438242 1.93968559512 0.675328841835 0.878729547642 2.54860442733 0.0965672120629 ;
60.2780082988 3.31950207469 9.24066390041 4.71784232365 0.0 76.0829875519 14.0373443983 ;
55.9572801709 3.30046279815 2.16091135635 0.659309362763 0.798504805981 3.25738697045 0.191883232467 ;
50.6458030082 2.87675885492 3.64774381368 1.48617176128 0.0543425521591 22.5560407569 3.05579815623 ;
64.8494704992 3.55143721634 4.26248108926 1.59077155825 0.210287443268 18.5945537065 2.45612708018 ;
59.8100208768 3.31941544885 8.41753653445 4.1878914405 0.00208768267223 67.0939457203 11.9853862213 ;
79.2179310345 4.64689655172 2.81793103448 1.03172413793 1.04068965517 4.20551724138 0.313793103448 ;
65.6525267429 3.71191442272 2.59424566581 0.849502028772 0.966801918111 3.13426779786 0.179269642198 ;
47.3760969494 2.90973673214 1.72586711241 0.510656080234 0.557041370664 4.05599665692 0.302131216047 ;
58.0592193809 3.28196500673 5.83378196501 2.56527590848 0.00874831763122 40.2422611036 6.22341857335 ;
77.6003289474 4.54495614035 2.92214912281 1.04495614035 1.03234649123 4.38706140351 0.344298245614 ;
50.089307049 3.04540023895 1.67741935484 0.450418160096 0.695937873357 2.49522102748 0.104241338112 ;
59.3442906574 3.32525951557 6.18079584775 2.78719723183 0.00692041522491 43.5147058824 6.86591695502 ;
50.9811035525 2.93272864701 4.33257747543 1.86318972033 0.0136054421769 28.955404384 4.12320483749 ;
64.4499217527 3.50938967136 4.38341158059 1.68544600939 0.132237871674 21.43114241 2.91784037559 ;
59.1658291457 3.29899497487 8.64824120603 4.31658291457 0.00251256281407 69.567839196 12.540201005 ;
62.7471264368 3.58353381449 2.4707297514 0.798449612403 0.910451750869 3.28869286287 0.194065757819 ;
50.2118076689 2.8679245283 3.08155812538 1.15459525259 0.179549604382 14.6755934267 1.77845404747 ;
65.0680384088 3.7012345679 2.58792866941 0.846090534979 0.941563786008 3.43237311385 0.215912208505 ;
55.2105619499 3.17874069059 5.56533513879 2.46106973595 0.00609343263372 38.8314150305 5.94854434665 ;
51.1987980769 3.10072115385 1.81153846154 0.515144230769 0.707932692308 2.86514423077 0.150721153846 ;
59.5882352941 3.31066176471 8.22610294118 4.06985294118 0.00183823529412 65.3786764706 11.5992647059 ;
47.0762776506 2.71395881007 3.11670480549 1.27231121281 0.0839054157132 18.9885583524 2.45308924485 ;
57.4809004093 3.16371077763 3.79058663029 1.3758526603 0.159618008186 17.7455661664 2.28990450205 ;
80.1408560311 4.71439688716 2.91050583658 1.07159533074 1.02256809339 4.64902723735 0.379766536965 ;
67.2600243013 3.62818955043 5.01336573512 2.08869987849 0.0789793438639 27.0060753341 3.84690157959 ;
50.6939546599 3.08060453401 1.80755667506 0.515365239295 0.688161209068 3.02921914358 0.170277078086 ;
57.8538922156 3.26586826347 6.77724550898 3.19281437126 0.00359281437126 50.5065868263 8.28263473054 ;
62.7416058394 3.45547445255 3.99562043796 1.45255474453 0.221897810219 16.9708029197 2.17591240876 ;
79.1022576361 4.65338645418 2.93492695883 1.06972111554 1.02788844622 4.68459495352 0.383134130146 ;
57.9114085405 3.24856596558 5.08285532186 2.17208413002 0.0114722753346 32.9968132569 4.85659655832 ;
48.7411764706 2.77470588235 3.28294117647 1.30352941176 0.0811764705882 19.1629411765 2.49411764706 ;
64.0576271186 3.63813559322 2.49011299435 0.807627118644 0.951129943503 2.97485875706 0.158192090395 ;
60.2171945701 3.32126696833 9.38009049774 4.80090497738 0.0 77.2624434389 14.3303167421 ;
62.1815819861 3.55484988453 2.57909930716 0.839203233256 0.857678983834 4.2811778291 0.331408775982 ;
59.4405797101 3.31304347826 8.88115942029 4.45507246377 0.00289855072464 71.3884057971 12.9768115942 ;
50.3223102003 2.85374941779 3.56916627853 1.40614811365 0.0801117838845 20.841639497 2.78621332091 ;
62.3354341737 3.40826330532 4.85574229692 2.02801120448 0.0406162464986 28.7387955182 4.12605042017 ;
86.7178947368 5.17894736842 2.89894736842 1.10315789474 1.04421052632 4.75578947368 0.374736842105 ;
50.3168016194 3.03036437247 1.78820850202 0.518977732794 0.648785425101 3.3362854251 0.208248987854 ;
73.0612679808 4.22376132126 3.03782631859 1.04901438466 0.98241875333 4.76451784763 0.409696323921 ;
56.991202346 3.23655913978 6.28739002933 2.88758553275 0.0039100684262 45.7741935484 7.30009775171 ;
62.4944678609 3.58798735511 2.41833508957 0.776606954689 0.937038988409 2.95732349842 0.152265542677 ;
57.0546955624 3.24251805986 6.34468524252 2.94530443756 0.0030959752322 46.7203302374 7.49226006192 ;
61.8679914833 3.39034776437 3.89425124202 1.40383250532 0.210078069553 16.8722498226 2.1611071682 ;
49.7902790279 3.02730273027 1.72307230723 0.474947494749 0.668466846685 2.80168016802 0.146114611461 ;
77.7944598338 4.54792243767 2.96121883657 1.06038781163 1.02382271468 4.56398891967 0.372853185596 ;
59.6728395062 3.31481481481 8.95987654321 4.5 0.00308641975309 72.1820987654 13.1697530864 ;
58.0424966799 3.2390438247 4.9561752988 2.11088977424 0.0152722443559 31.2343957503 4.53452855246 ;
48.2084130019 2.76354365838 3.12492033142 1.23836838751 0.0981516889739 17.9643084767 2.29318036966 ;
53.31327222 2.98326026305 3.66600239139 1.41490633719 0.0984455958549 20.1980868872 2.67835791152 ;
60.6602883355 3.48361730013 2.37169069463 0.755963302752 0.862647444299 3.44141546527 0.215727391874 ;
52.9508489723 3.109025916 5.52636282395 2.44861483467 0.00714924039321 38.9722966935 5.96782841823 ;
75.123582323 4.34962847086 2.93586233868 1.03402424716 0.978490418459 4.7356276887 0.400469299961 ;
60.3425925926 3.38888888889 10.4074074074 5.38888888889 0.0 86.1296296296 16.712962963 ;
59.8703339882 3.31041257367 7.57760314342 3.64833005894 0.00196463654224 58.6876227898 9.99607072692 ;
66.8526187576 3.5724725944 5.37880633374 2.29232643118 0.0426309378806 31.2460414129 4.58587088916 ;
48.8970363581 2.98380690498 1.78399022304 0.524900702719 0.619003971891 3.69905285671 0.254812098992 ;
71.1187756967 4.11100959342 3.24577432618 1.09913202376 0.938328003655 5.75102786661 0.555961626313 ;
57.644836272 3.21007556675 4.76523929471 2.03173803526 0.0267002518892 29.7722921914 4.28866498741 ;
49.503276131 3.0271450858 1.70889235569 0.468018720749 0.680499219969 2.73354134165 0.134477379095 ;
60.7440273038 3.32764505119 8.98976109215 4.55631399317 0.0 73.3481228669 13.4163822526 ;
51.9759637188 2.93605442177 3.31700680272 1.21950113379 0.154648526077 16.4185941043 2.05804988662 ;
60.9457510191 3.47350266541 2.19065537786 0.703355283788 0.866415804327 2.97993101286 0.15396676074 ;
84.4612005857 4.95461200586 2.85212298682 1.08931185944 1.04538799414 4.46266471449 0.345534407028 ;
57.4137214137 3.26715176715 6.49688149688 3.02182952183 0.004158004158 47.5738045738 7.67151767152 ;
53.5720221607 3.06094182825 4.78393351801 2.0540166205 0.0138504155125 31.7721606648 4.62742382271 ;
63.2143745337 3.61029594628 2.48868440686 0.811489679184 0.902263118627 3.46083063914 0.218104949018 ;
50.1179177452 3.05119355766 1.76215127984 0.482887546736 0.69715271786 2.7100949094 0.133448375036 ;
59.5546218487 3.28991596639 9.26890756303 4.71848739496 0.0 76.2857142857 14.1092436975 ;
59.1388601036 3.32538860104 6.65077720207 3.11295336788 0.00310880829016 48.6435233161 7.90569948187 ;
78.6525047559 4.6125554851 2.86493341788 1.03424223209 1.03424223209 4.35510462904 0.339885859226 ;
50.3606299213 2.85669291339 3.16850393701 1.18845144357 0.133333333333 16.5349081365 2.06719160105 ;
65.889298893 3.57195571956 4.56918819188 1.77767527675 0.138376383764 21.934501845 3.00092250923 ;
66.8880157171 3.65717092338 4.62278978389 1.77996070727 0.17583497053 21.2259332024 2.89292730845 ;
55.0083636364 3.25527272727 2.02690909091 0.601090909091 0.796727272727 2.908 0.152363636364 ;
56.3891924712 3.21857923497 5.50333940498 2.42683667274 0.00607164541591 37.8937462052 5.76988463874 ;
78.8900662252 4.58543046358 2.76291390728 1.00662251656 1.03443708609 4.04966887417 0.296026490066 ;
59.4229452055 3.29965753425 8.14554794521 4.00342465753 0.00171232876712 64.4195205479 11.375 ;
51.3765867419 2.88857545839 3.49647390691 1.35731076634 0.0954395862717 19.6981664316 2.59191349318 ;
64.8937621832 3.69688109162 2.63612735543 0.865821962313 0.933398310591 3.54418453541 0.228719948018 ;
46.7481221833 2.89233850776 1.67701552328 0.49323985979 0.546319479219 3.95593390085 0.281922884326 ;
56.6392667061 3.21111768185 5.33234772324 2.32584269663 0.00827912477824 36.0070963927 5.41336487286 ;
57.9080255682 3.34978693182 2.12251420455 0.659801136364 0.8203125 3.01917613636 0.162286931818 ;
61.2520900322 3.33054662379 4.11639871383 1.58327974277 0.122829581994 20.5498392283 2.75627009646 ;
80.3596214511 4.69794952681 2.90220820189 1.08359621451 0.985015772871 4.97003154574 0.430599369085 ;
48.5177045177 2.81013431013 3.19230769231 1.23137973138 0.137362637363 16.9584859585 2.13614163614 ;
58.960651289 3.30664857531 7.83717774763 3.82089552239 0.00271370420624 61.1804613297 10.6404341927 ;
48.3734604688 2.97497020262 1.56535558204 0.416765991259 0.645212554629 2.58998808105 0.119189511323 ;
67.4049819204 3.85656890317 2.87384491764 0.94335074327 1.00241060667 3.78666130976 0.26235435918 ;
53.8826687117 3.12806748466 5.24616564417 2.3036809816 0.00536809815951 36.398006135 5.4777607362 ;
62.8553490708 3.60070316424 2.5773480663 0.831491712707 0.896785534907 3.7164741336 0.256654947263 ;
50.8989412897 2.87151106833 3.39990375361 1.30461982676 0.104427333975 18.6973051011 2.42781520693 ;
49.9947902386 3.02988757883 1.75651220181 0.502056484782 0.661639703866 3.10721140664 0.179599670962 ;
77.8989210676 4.53889835321 2.85576377058 1.03066439523 1.02328222601 4.37819420784 0.345258375923 ;
59.7763157895 3.32236842105 9.95394736842 5.10526315789 0.0 82.0921052632 15.5460526316 ;
65.6310679612 3.55075022065 4.70432480141 1.90644307149 0.0856134157105 24.8428949691 3.47219770521 ;
59.8837920489 3.31957186544 7.22629969419 3.43883792049 0.0045871559633 54.5519877676 9.12385321101 ;
67.7782240071 3.86657742079 2.68406961178 0.901383311022 0.950914770192 3.79428826417 0.270861222668 ;
49.2906852248 2.84100642398 3.68361884368 1.51605995717 0.0497858672377 23.3961456103 3.21145610278 ;
58.503518874 3.29430582214 6.79526551504 3.16826615483 0.00511836212412 50.2527191299 8.33141394754 ;
48.7605589076 2.97237218164 1.83645601778 0.545570022229 0.604953953636 3.89266433789 0.275643061289 ;
61.3125397836 3.36282622533 4.2431572247 1.63844684914 0.115213239975 21.9427116486 2.98599618078 ;
58.5464310464 3.3814968815 2.25155925156 0.697851697852 0.848579348579 3.11122661123 0.16735966736 ;
77.6401384083 4.58477508651 5.00346020761 1.93079584775 0.352941176471 20.3460207612 2.78546712803 ;
80.2124125874 4.61363636364 2.85227272727 1.03933566434 1.08479020979 3.59965034965 0.229020979021 ;
62.5310435931 3.58150594452 2.07450462351 0.711492734478 0.850990752972 3.28850726552 0.200264200793 ;
55.9269085003 3.14455874391 4.54466702761 1.96480779643 0.0151597184624 29.5998917163 4.2328099621 ;
59.3452266152 3.32401157184 6.37801350048 2.93924783028 0.00482160077146 45.9556412729 7.35294117647 ;
49.6275029446 3.00647820966 1.6148409894 0.457302709069 0.642520612485 2.92903415783 0.160482921084 ;
77.2962206333 4.51276813075 2.76915219612 1.03472931563 0.935648621042 5.44024514811 0.507150153218 ;
62.3969072165 3.67525773196 19.4896907216 4.68041237113 3.0412371134 7.5 0.670103092784 ;
59.0121580547 3.29787234043 8.93313069909 4.49240121581 0.00303951367781 72.009118541 13.1215805471 ;
53.3593533487 2.98891454965 3.08868360277 1.1648960739 0.115935334873 16.6004618938 2.10207852194 ;
46.868959869 2.72317772318 3.05077805078 1.23914823915 0.0982800982801 18.018018018 2.29893529894 ;
62.6550931836 3.57646157774 2.5225938218 0.816696451366 0.893285677815 3.61220321675 0.239979576206 ;
77.6210526316 4.55290858726 2.89141274238 1.03434903047 1.03379501385 4.308033241 0.335734072022 ;
56.7176056338 3.23169014085 5.77605633803 2.54788732394 0.00704225352113 40.0598591549 6.18169014085 ;
55.7098039216 3.0660130719 3.92156862745 1.52810457516 0.0875816993464 21.6581699346 2.92026143791 ;
50.0864651031 3.04436281435 1.74173495338 0.488556089291 0.673354054818 2.90901384572 0.157106527268 ;
59.1906614786 3.28404669261 8.27821011673 4.11478599222 0.00194552529183 66.1887159533 11.7859922179 ;
68.2797385621 3.70196078431 4.87189542484 1.93202614379 0.126797385621 23.785620915 3.29934640523 ;
60.925794155 3.49326556544 2.36035578145 0.75374841169 0.87623888183 3.28589580686 0.192121982211 ;
56.9806228374 3.23598615917 5.48027681661 2.38546712803 0.0083044982699 37.1785467128 5.63598615917 ;
50.091959799 2.84572864322 3.46281407035 1.3743718593 0.0824120603015 20.2929648241 2.68542713568 ;
76.0803449841 4.4339536995 2.86972310486 1.0163413527 1.02814344076 4.08488424875 0.306400363141 ;
59.7769784173 3.35251798561 10.0431654676 5.18705035971 0.0 83.273381295 15.8561151079 ;
49.0157480315 2.99307086614 1.77354330709 0.509921259843 0.637795275591 3.37795275591 0.211653543307 ;
59.0119453925 3.30204778157 7.3566552901 3.51535836177 0.00341296928328 56.2081911263 9.46587030717 ;
65.0718901454 3.52907915994 4.37399030695 1.67205169628 0.156704361874 20.3441033926 2.74232633279 ;
56.7057239057 3.23097643098 5.77912457912 2.55353535354 0.00673400673401 40.2127946128 6.21952861953 ;
55.4633959371 3.27711766961 2.30126485243 0.687619777693 0.809888846301 3.40666922192 0.210425450364 ;
61.8777979431 3.37084089534 4.35813672111 1.70840895342 0.105263157895 22.6654567453 3.10586811857 ;
78.2681630242 4.58948611931 3.0555227407 1.09096278795 1.02776137035 4.80094506793 0.404607206143 ;
48.558968059 2.78071253071 3.24754299754 1.30773955774 0.0749385749386 19.6812039312 2.57800982801 ;
59.7340206186 3.31958762887 8.40412371134 4.17525773196 0.0020618556701 66.9381443299 11.9463917526 ;
47.279232928 2.91861552853 1.55753040225 0.437324602432 0.580449017774 3.18942937325 0.191300280636 ;
64.7781456954 3.6619205298 2.48907284768 0.831456953642 0.89701986755 3.62119205298 0.242715231788 ;
49.6680327869 2.83913934426 3.63370901639 1.4800204918 0.0543032786885 22.7192622951 3.09579918033 ;
71.6776379477 4.10987415295 2.90125847047 0.987415295257 1.00387221684 4.02226524685 0.307357212004 ;
49.5446796811 3.00907341215 1.85757492439 0.550728622491 0.627440197965 3.77178993676 0.262304096783 ;
59.0601719198 3.30945558739 8.86246418338 4.44985673352 0.00286532951289 71.2492836676 12.9426934097 ;
58.2919818457 3.28819969743 6.10590015129 2.75037821483 0.0052950075643 43.4523449319 6.85476550681 ;
63.4422283356 3.46011004127 4.48349381018 1.74552957359 0.115543328748 22.6953232462 3.11348005502 ;
60.7559808612 3.4754784689 2.3773923445 0.761064593301 0.859150717703 3.53169856459 0.224282296651 ;
85.3884156729 5.10051107325 2.88926746167 1.11243611584 1.02044293015 5.04940374787 0.424190800681 ;
58.1930246542 3.36229705352 2.1067348166 0.657847263981 0.824413710162 2.9684305472 0.15724594107 ;
58.409941898 3.29567462879 5.74047772757 2.51452550032 0.00839251129761 39.2724338283 6.03550677857 ;
63.0876112252 3.46338124572 4.29158110883 1.58110882957 0.194387405886 18.6796714579 2.46406570842 ;
69.4466098254 3.95655704425 2.79293544458 0.940722695899 1.01542833942 3.54080389769 0.231831100284 ;
59.0598455598 3.27799227799 8.26447876448 4.10617760618 0.0019305019305 66.0888030888 11.7586872587 ;
83.402241594 4.97633872976 2.89788293898 1.10087173101 1.01245330012 5.13200498132 0.445828144458 ;
49.6455627706 2.8354978355 3.56114718615 1.45670995671 0.0562770562771 22.1011904762 2.98376623377 ;
48.0812978491 2.95260663507 1.79948960992 0.526430915057 0.602260298943 3.84360189573 0.266496536639 ;
68.2899318698 3.87925813777 2.84708554126 0.956093868282 0.915215745647 4.6566994701 0.398561695685 ;
53.0770146884 2.97578404129 3.65303691941 1.42913854704 0.0913060738388 20.4890829694 2.72409686383 ;
59.2106205251 3.31742243437 5.46897374702 2.35799522673 0.0173031026253 35.5841288783 5.34904534606 ;
47.8340233346 2.9416635303 1.76665412119 0.513360933384 0.599171998495 3.81219420399 0.266465939029 ;
60.2346938776 3.38775510204 10.5 5.4693877551 0.0 87.1326530612 16.9795918367 ;
57.9388379205 3.26146788991 7.36391437309 3.53822629969 0.00305810397554 56.9556574924 9.62385321101 ;
81.3598173516 4.78904109589 3.10228310502 1.14885844749 1.00547945205 5.43378995434 0.49497716895 ;
57.8940652819 3.35192878338 2.18011869436 0.684569732938 0.812462908012 3.27537091988 0.192581602374 ;
62.6775639336 3.57447930398 2.4782494068 0.804112839441 0.899288162404 3.40574742948 0.209596625363 ;
60.2300215983 3.35745140389 6.39416846652 2.94168466523 0.00323974082073 45.7051835853 7.2969762419 ;
49.9068965517 2.82068965517 3.16781609195 1.19942528736 0.117816091954 17.0132183908 2.13908045977 ;
58.8486486486 3.29189189189 8.75135135135 4.39459459459 0.0027027027027 70.4918918919 12.7594594595 ;
50.1114245416 3.0485190409 1.75232722144 0.488857545839 0.681241184767 2.86685472496 0.152327221439 ;
77.6465038846 4.5615982242 2.92730299667 1.04051054384 1.04883462819 4.25360710322 0.325749167592 ;
52.7836611195 3.03403933434 4.75718608169 2.04992435703 0.0128593040847 31.8419062027 4.6467473525 ;
65.1088211047 3.54080791426 4.39076669415 1.69167353669 0.138499587799 21.1129431162 2.86232481451 ;
52.2576212967 2.92185487334 3.41434091885 1.31129240017 0.100472305711 18.7518248175 2.43795620438 ;
58.0640083945 3.25760755509 5.15320041973 2.23347324239 0.0157397691501 33.5577124869 4.9648478489 ;
68.8641881639 3.95257966616 3.19802731411 1.06335356601 0.935887708649 5.45030349014 0.505690440061 ;
59.7481481481 3.35555555556 10.0740740741 5.21481481481 0.0 83.637037037 15.9703703704 ;
58.7563467492 3.37708978328 2.06037151703 0.652941176471 0.814241486068 2.99659442724 0.158204334365 ;
58.6414835165 3.28708791209 7.1717032967 3.42032967033 0.00412087912088 54.3873626374 9.08516483516 ;
82.2621761658 4.80621761658 2.82797927461 1.08186528497 0.980310880829 5.14093264249 0.464248704663 ;
48.3878504673 2.98382458663 1.79870596693 0.501797268152 0.647016534867 3.21099928109 0.191948238677 ;
61.729312763 3.51837307153 2.304628331 0.733520336606 0.925666199158 2.7301542777 0.126227208976 ;
64.6720430108 3.5 5.76021505376 2.49569892473 0.0172043010753 36.464516129 5.5247311828 ;
51.6205287714 2.99922239502 4.76049766719 2.09175738725 0.0124416796267 32.4494556765 4.76438569207 ;
76.7691556857 4.47779404588 2.94680331869 1.04538799414 1.03074670571 4.3289409468 0.337237676916 ;
48.799052774 2.76792963464 3.01826792963 1.16779431664 0.0974289580514 17.1150202977 2.14749661705 ;
49.5817677856 3.03510933169 1.72497690176 0.480135509701 0.663073606406 2.89836772405 0.155836156452 ;
58.3034188034 3.27777777778 7.88034188034 3.84757834758 0.002849002849 61.8148148148 10.7948717949 ;
62.2434662999 3.47248968363 4.02063273728 1.44635488308 0.252407152682 16.5839064649 2.11348005502 ;
79.7344877345 4.67243867244 3.00360750361 1.10173160173 1.02236652237 4.91991341991 0.417748917749 ;
57.4040025016 3.25766103815 5.68980612883 2.49593495935 0.00813008130081 39.0475297061 5.99437148218 ;
66.2725359523 3.77236057524 2.67344791301 0.889863205893 0.934408979306 3.82707821817 0.271834444055 ;
58.7224334601 3.27946768061 8.24714828897 4.09125475285 0.00190114068441 65.8650190114 11.716730038 ;
47.3331728455 2.93066923447 1.60519980741 0.42850264805 0.616273471353 2.84159845932 0.153105440539 ;
48.7944349801 2.79159568427 3.18796138558 1.26859738785 0.100511073254 18.3333333333 2.35661555934 ;
56.3329949239 3.30084602369 2.12453468697 0.641285956007 0.809813874788 3.06260575296 0.16717428088 ;
61.4447300771 3.34447300771 4.32262210797 1.69087403599 0.106041131105 22.1143958869 3.00321336761 ;
85.8306010929 5.10746812386 2.84517304189 1.09471766849 1.029143898 4.72677595628 0.378870673953 ;
52.424969988 2.93157262905 3.50580232093 1.35454181673 0.103241296519 19.2741096439 2.52420968387 ;
60.1218434343 3.34406565657 5.18876262626 2.21654040404 0.0189393939394 32.6186868687 4.79734848485 ;
71.5125692373 4.11077971879 3.09288453345 1.05624201108 0.952705581594 5.18875159778 0.477631018321 ;
49.0713612072 2.98742533794 1.7419050613 0.491983652939 0.637849732788 3.1920779629 0.192077962905 ;
56.0 3.20813397129 6.64354066986 3.10167464115 0.00478468899522 49.6232057416 8.09688995215 ;
60.3463976945 3.47319884726 2.31325648415 0.740345821326 0.861095100865 3.3590778098 0.199423631124 ;
60.9142857143 3.32244897959 9.18367346939 4.71020408163 0.0 75.7428571429 13.9959183673 ;
50.8938239159 3.07595269382 1.69172141919 0.458607095926 0.705650459921 2.47463863338 0.103547963206 ;
50.5356862745 2.93647058824 4.49490196078 1.93411764706 0.0109803921569 30.8423529412 4.46823529412 ;
64.4079335299 3.67917448405 2.64915572233 0.863575448941 0.931117662825 3.66711337443 0.248190833557 ;
59.2453608247 3.32474226804 6.67422680412 3.11855670103 0.00412371134021 48.6432989691 7.90206185567 ;
51.1362660944 2.91577253219 3.11212446352 1.15879828326 0.18025751073 14.9077253219 1.81974248927 ;
63.7514619883 3.4649122807 4.72076023392 1.88669590643 0.0884502923977 25.0497076023 3.49488304094 ;
79.2832764505 4.62935153584 2.8819112628 1.06075085324 1.00750853242 4.74812286689 0.395221843003 ;
59.6738197425 3.30042918455 9.29613733906 4.73819742489 0.0 76.5708154506 14.1759656652 ;
50.0303336704 2.83164812942 3.42517694641 1.34630940344 0.0899898887765 19.5980788675 2.57229524772 ;
58.357120203 3.39295908658 2.26450999049 0.707897240723 0.836980653346 3.35172851253 0.199492546781 ;
56.570379437 3.2276621787 5.57955936353 2.45593635251 0.00673194614443 38.4583843329 5.8794369645 ;
64.8890649762 3.51901743265 4.39778129952 1.7028526149 0.139461172742 21.1727416799 2.87242472266 ;
82.2069327731 4.8487394958 2.84768907563 1.06512605042 1.0262605042 4.59138655462 0.371848739496 ;
59.5740402194 3.30530164534 8.21206581353 4.06398537477 0.0018281535649 65.3144424132 11.5795246801 ;
68.6892446634 3.90558292282 2.77298850575 0.924055829228 0.993431855501 3.56157635468 0.236042692939 ;
48.3743179338 2.97344488905 1.68534012368 0.477264459804 0.621316842488 3.19789014187 0.19097853765 ;
61.870677058 3.54188991719 2.53726254262 0.811738918656 0.871651242085 3.87603507063 0.28056502679 ;
57.93257205 3.21261555193 4.55301794454 1.89722675367 0.0380641653072 27.5160413268 3.89450788472 ;
60.4094827586 3.31896551724 9.28017241379 4.75431034483 0.0 76.5732758621 14.1637931034 ;
49.5372813747 3.02976373121 1.71218165081 0.477140227064 0.66615526235 2.87787664928 0.153421294876 ;
76.5882352941 4.45144724556 2.97619047619 1.06676003735 0.967320261438 5.10084033613 0.452847805789 ;
54.0599755202 3.17135862913 6.53365973072 3.0305997552 0.00611995104039 48.5642594859 7.88494492044 ;
49.6611842105 2.81304824561 3.25603070175 1.2461622807 0.114035087719 17.7012061404 2.25822368421 ;
68.3028455285 3.60569105691 6.09146341463 2.72967479675 0.010162601626 40.4634146341 6.31300813008 ;
59.1724839038 3.45408336157 2.64283293799 0.830565909861 0.852931209759 4.19112165368 0.311758725856 ;
55.1503006012 3.1790247161 5.53306613226 2.45090180361 0.0060120240481 38.5150300601 5.89311957248 ;
81.5707456979 4.82695984704 3.01529636711 1.10994263862 1.02772466539 4.96749521989 0.42447418738 ;
59.791958042 3.31118881119 8.16433566434 4.02272727273 0.00174825174825 64.6573426573 11.4248251748 ;
49.7890665291 2.81072717896 3.27024239299 1.27230531202 0.0943785456421 18.5884476534 2.40587931924 ;
49.2092719556 3.00163238655 1.62389813908 0.443682664055 0.644466209598 2.75253019915 0.141691152465 ;
68.6046808511 3.86638297872 2.56042553191 0.872340425532 0.952765957447 3.51787234043 0.234042553191 ;
64.3851508121 3.48105181748 4.59010054138 1.85537509667 0.0866202629544 24.3720030936 3.37741686002 ;
58.8899628253 3.31747211896 6.14200743494 2.74646840149 0.00817843866171 43.1524163569 6.79776951673 ;
52.0674373796 3.1387283237 1.8063583815 0.495664739884 0.753371868979 2.44315992293 0.0895953757225 ;
65.8454973514 3.73749264273 2.57798705121 0.853737492643 0.949087698646 3.36580341377 0.20570924073 ;
50.6357516829 2.90800299177 4.12191473448 1.75766641735 0.0142109199701 27.4300673149 3.86910994764 ;
63.4375 3.44861111111 4.25 1.61805555556 0.139583333333 20.4923611111 2.75625 ;
80.7373737374 4.76094276094 3.01683501684 1.1069023569 1.02356902357 4.90404040404 0.414983164983 ;
59.150997151 3.29914529915 8.84615384615 4.4415954416 0.002849002849 71.1737891738 12.9344729345 ;
49.0533333333 2.84266666667 2.888 1.1 0.206 13.2313333333 1.56533333333 ;
68.7687406297 3.90929535232 2.78035982009 0.931409295352 0.982383808096 3.78785607196 0.268740629685 ;
57.3367164179 3.25492537313 5.95164179104 2.65970149254 0.00716417910448 41.8776119403 6.56179104478 ;
47.9016260163 2.96910569106 1.71138211382 0.471544715447 0.634552845528 3.13292682927 0.182113821138 ;
48.7921187893 2.79554540263 3.34323243861 1.33580810965 0.0839520274129 19.7252998287 2.5836664763 ;
59.5612903226 3.2935483871 9.0064516129 4.53225806452 0.00322580645161 72.7774193548 13.2774193548 ;
82.6551724138 4.91546162403 3.14794215795 1.16573971079 1.00778642937 5.61290322581 0.515016685206 ;
57.8007847872 3.34168427407 2.14880772714 0.675218834893 0.808028976758 3.18412315122 0.180199215213 ;
62.0122324159 3.38470948012 4.26972477064 1.66850152905 0.113149847095 21.8996941896 2.98532110092 ;
62.6628211851 3.59176717357 2.52149973781 0.810435238595 0.923702149974 3.28552700577 0.192448872575 ;
59.7981132075 3.35094339623 6.23018867925 2.8358490566 0.00566037735849 44.229245283 7.0141509434 ;
49.7107583774 2.83950617284 3.1416813639 1.17401528513 0.149323927102 15.8894767784 1.96884185773 ;
65.9651264167 3.58761987794 4.28073234525 1.62336530078 0.186573670445 19.272885789 2.57715780296 ;
77.9830409357 4.56257309942 2.80584795322 1.00935672515 1.03859649123 4.04269005848 0.29649122807 ;
58.7236180905 3.2864321608 8.68090452261 4.32663316583 0.00251256281407 69.5452261307 12.527638191 ;
53.258 3.02866666667 4.548 1.94333333333 0.0173333333333 29.6906666667 4.244 ;
50.0532386868 3.0396332446 1.66311742088 0.454895001479 0.683229813665 2.59775214434 0.119491274771 ;
48.9968421053 2.99192982456 1.55087719298 0.420350877193 0.644210526316 2.59087719298 0.121754385965 ;
54.8758741259 3.13578088578 5.1013986014 2.2365967366 0.00641025641026 34.6660839161 5.17249417249 ;
59.3396712859 3.4479535933 2.46374476313 0.76538833387 0.880116016758 3.41540444731 0.206896551724 ;
59.2751842752 3.31081081081 7.7285012285 3.74447174447 0.0036855036855 59.7444717445 10.3292383292 ;
69.534444932 3.93330408074 2.68275559456 0.914436156209 0.977182974989 3.65335673541 0.251864853006 ;
82.7539863326 4.92596810934 2.93621867882 1.10022779043 1.01822323462 4.99772209567 0.425968109339 ;
49.5220338983 2.83050847458 3.20960451977 1.21073446328 0.136723163842 16.6858757062 2.08587570621 ;
64.1598770177 3.47809377402 4.37355880092 1.6948501153 0.12759415834 21.6064565719 2.93927747886 ;
60.6349593496 3.47615176152 2.32872628726 0.735501355014 0.89674796748 3.01056910569 0.159349593496 ;
57.8307860262 3.27729257642 6.36899563319 2.93668122271 0.00436681222707 46.0818777293 7.34825327511 ;
75.7058823529 4.39057093426 2.83823529412 1.00735294118 1.02551903114 3.97837370242 0.290224913495 ;
56.1990521327 3.15842924848 4.80027081923 2.0548408937 0.0128639133378 31.182802979 4.52200406229 ;
49.2420306966 2.7945690673 3.19598583235 1.23317591499 0.10507674144 17.7455726092 2.26092089728 ;
59.9421052632 3.31315789474 8.70789473684 4.37105263158 0.00263157894737 70.0842105263 12.6868421053 ;
64.5417661098 3.56961018298 4.22593476531 1.54176610979 0.21877486078 17.8599840891 2.33412887828 ;
49.0335008375 3.01541038526 1.69480737018 0.469346733668 0.654271356784 2.92830820771 0.161809045226 ;
50.4684979839 3.06653225806 1.5859375 0.475806451613 0.634324596774 3.17464717742 0.187247983871 ;
61.1622103387 3.39750445633 6.311942959 2.86809269162 0.00623885918004 44.3859180036 7.04812834225 ;
61.1762820513 3.60576923077 15.9134615385 3.74038461538 2.99358974359 5.83653846154 0.464743589744 ;
52.4135285914 3.01813110181 4.6129707113 1.98047419805 0.0146443514644 30.9246861925 4.47559274756 ;
78.2008101852 4.56828703704 2.80092592593 1.05034722222 0.946759259259 5.46875 0.511574074074 ;
58.8228228228 3.29429429429 8.90990990991 4.47747747748 0.003003003003 71.8438438438 13.0810810811 ;
55.1867900715 3.05342869163 3.25788809424 1.27513672697 0.091291543963 18.0496424064 2.33277240219 ;
63.8385219668 3.62059935991 1.9397730579 0.700320046552 0.807972068665 3.3796915915 0.214722141402 ;
47.287456446 2.90331010453 1.64634146341 0.480400696864 0.564024390244 3.75087108014 0.258710801394 ;
58.6340136054 3.30272108844 6.06394557823 2.71428571429 0.00748299319728 42.6979591837 6.71156462585 ;
63.6796182686 3.47375596455 4.4124062713 1.65848670757 0.165644171779 20.2890252215 2.72733469666 ;
78.6286972939 4.62680931403 2.92070484581 1.05663939585 1.03713027061 4.5368156073 0.365009439899 ;
65.5236460717 3.68916857361 2.49923722349 0.829138062548 0.94469870328 3.14569031274 0.176964149504 ;
49.8392411383 2.84523215177 3.64902646031 1.49425861208 0.0534198701947 22.8222666001 3.1113330005 ;
55.9836289222 3.30525238745 2.23090040928 0.681105047749 0.793997271487 3.50648021828 0.223055934516 ;
58.8674698795 3.29518072289 8.92168674699 4.48192771084 0.00301204819277 71.8855421687 13.0903614458 ;
65.9320036265 3.5829555757 4.50770625567 1.75611967362 0.141432456936 21.5766092475 2.93834995467 ;
50.6266284523 3.07503908286 1.75455966649 0.491922876498 0.694111516415 2.79807191245 0.143564356436 ;
58.9973474801 3.29708222812 8.71352785146 4.37400530504 0.0026525198939 70.2625994695 12.7082228117 ;
79.035546613 4.65727699531 2.86854460094 1.04426559356 1.04560697518 4.32729711603 0.33199195171 ;
52.3181467181 3.00772200772 4.65173745174 2.00694980695 0.0131274131274 31.2231660232 4.53359073359 ;
63.9337624028 3.63395012068 2.56717618665 0.832662912309 0.927594529364 3.39957093054 0.210244033253 ;
50.8372952985 2.87427363973 3.19387216059 1.19598520866 0.131537242472 16.6053882726 2.07871104068 ;
59.8314720812 3.34822335025 6.35736040609 2.90152284264 0.00507614213198 45.1116751269 7.17664974619 ;
49.4347457627 2.85084745763 3.81694915254 1.58813559322 0.0245762711864 24.7050847458 3.38389830508 ;
62.907070166 3.61274772362 2.53776111409 0.812801285485 0.937600428495 3.18344938404 0.178628816283 ;
59.071339174 3.3041301627 7.74843554443 3.75844806008 0.00375469336671 60.0350438048 10.3892365457 ;
50.099871134 3.03930412371 1.58988402062 0.404961340206 0.710695876289 2.08891752577 0.0386597938144 ;
57.8156716418 3.2552238806 5.43731343284 2.3552238806 0.00820895522388 36.6656716418 5.54850746269 ;
77.9775345622 4.54896313364 2.80241935484 1.01612903226 1.02592165899 4.26094470046 0.327764976959 ;
50.1059293804 2.90006662225 2.91872085276 1.11325782811 0.254497001999 12.2824783478 1.44703530979 ;
64.1268033409 3.4821564161 4.20273348519 1.59225512528 0.149582384207 19.7441154138 2.6423690205 ;
52.3813253012 2.99759036145 3.30481927711 1.19096385542 0.282530120482 12.9945783133 1.54698795181 ;
64.5610169492 3.69774011299 2.70621468927 0.883615819209 0.914689265537 4.09802259887 0.311016949153 ;
61.5654797827 3.36753168377 4.77911888956 1.99456849728 0.038624019312 28.4906457453 4.08750754375 ;
60.8555240793 3.32861189802 8.6940509915 4.39943342776 0.0 70.8300283286 12.8611898017 ;
78.721630094 4.56426332288 2.90219435737 1.05830721003 1.00313479624 4.73103448276 0.394357366771 ;
51.2413793103 3.08423269281 1.61489865754 0.435114503817 0.712029481442 2.23927349302 0.0650171097657 ;
56.6138297872 3.23191489362 6.40212765957 2.94361702128 0.00531914893617 46.429787234 7.42765957447 ;
47.9888603256 2.80205655527 3.71636675236 1.53041988003 0.0248500428449 24.3976006855 3.33933161954 ;
59.7261435929 3.43774613753 2.33868524689 0.737958194487 0.862162980915 3.32687064526 0.193577703726 ;
57.0110893673 3.23939986954 5.742987606 2.53228962818 0.00782778864971 39.775603392 6.1441617743 ;
62.7730923695 3.42369477912 4.3266398929 1.68674698795 0.117135207497 21.8353413655 2.96921017403 ;
70.6459330144 4.03044802088 2.8703784254 0.974771639843 0.987820791649 3.99173553719 0.300565463245 ;
49.1289256198 2.80661157025 3.38732782369 1.34986225895 0.0815426997245 19.9068870523 2.61432506887 ;
59.6820925553 3.31589537223 8.36418511066 4.15291750503 0.00201207243461 66.615694165 11.8712273642 ;
49.0180761782 3.00258231117 1.7291801162 0.491930277598 0.639767591995 3.21497740478 0.193996126533 ;
84.5712166172 5.02522255193 2.85459940653 1.09792284866 1.00148367953 5.19732937685 0.454005934718 ;
48.7354166667 2.8625 4.38229166667 1.90833333333 0.0135416666667 30.3375 4.36770833333 ;
63.6158781075 3.62683774392 2.5840684309 0.840951617215 0.912857524726 3.65089548249 0.246992782678 ;
57.949112426 3.26627218935 6.82366863905 3.21656804734 0.00355029585799 50.801183432 8.33846153846 ;
50.4465475873 3.05918421754 1.70434550786 0.475073313783 0.684617435351 2.73020527859 0.135430551853 ;
62.7825773938 3.42620590353 5.04967602592 2.12742980562 0.036717062635 30.2318214543 4.38948884089 ;
77.9790486976 4.5651189128 3.03397508494 1.09456398641 0.981313703284 5.30577576444 0.480181200453 ;
52.7124087591 2.95523114355 3.32116788321 1.21557177616 0.159124087591 16.1420924574 2.01459854015 ;
59.9852941176 3.33823529412 9.52450980392 4.86764705882 0.0 78.3088235294 14.612745098 ;
50.6872220575 3.07263563593 1.58938630299 0.412689000889 0.718351615772 2.09249925882 0.0400237177587 ;
55.6952380952 3.19194139194 5.62637362637 2.47399267399 0.00732600732601 38.9831501832 5.98608058608 ;
77.7312186978 4.54312743461 2.98386199221 1.05787423484 1.03895381191 4.42515303283 0.351697273233 ;
60.2475247525 3.33333333333 8.10561056106 3.9801980198 0.0016501650165 63.7359735974 11.2161716172 ;
50.9564329476 2.94690265487 3.10755616065 1.14635806671 0.304969366916 11.8393464942 1.3866575902 ;
63.3700340522 3.61038592509 2.47900113507 0.813280363224 0.902383654938 3.51532349603 0.227866061294 ;
64.5098634294 3.49772382398 4.54931714719 1.79362670713 0.1062215478 23.2883156297 3.20789074355 ;
49.2946783161 2.82684670373 3.62271644162 1.47815726767 0.032565528197 23.1445591739 3.12470214456 ;
58.2538167939 3.25381679389 4.86259541985 2.06679389313 0.0248091603053 30.4631043257 4.39503816794 ;
51.6841314151 3.113807172 1.89070216878 0.551427957913 0.705604466395 3.16555722568 0.184668241357 ;
57.7075718016 3.2637075718 7.96083550914 3.89817232376 0.00261096605744 62.9399477807 10.911227154 ;
81.1934338953 4.74534161491 3.01863354037 1.11801242236 0.992901508429 5.21295474712 0.46495119787 ;
66.0704336399 3.76110381078 2.70906701708 0.902496714849 0.897503285151 4.37976346912 0.354270696452 ;
62.686746988 3.34939759036 10.5662650602 5.55421686747 0.0 88.3855421687 17.4578313253 ;
51.7754827122 2.90839694656 3.46340368208 1.31207903009 0.110462505613 18.6187696453 2.41715312079 ;
59.1155192532 3.32088681447 6.27187864644 2.8821470245 0.0046674445741 44.7876312719 7.10035005834 ;
62.4734768908 3.58403361345 2.54254201681 0.818539915966 0.899947478992 3.62788865546 0.245010504202 ;
59.7396121884 3.31024930748 8.78947368421 4.40443213296 0.00277008310249 70.7756232687 12.836565097 ;
50.96 2.9412244898 4.44326530612 1.91591836735 0.0138775510204 29.8718367347 4.28 ;
77.0806697108 4.48148148148 2.8904109589 1.03348554033 1.00862506342 4.47539320142 0.360730593607 ;
51.5980290456 2.91493775934 3.27230290456 1.19865145228 0.163900414938 15.8615145228 1.97095435685 ;
65.5546666667 3.53866666667 4.77955555556 1.96533333333 0.0675555555556 26.3973333333 3.736 ;
49.8980740741 3.03081481481 1.66577777778 0.456296296296 0.675851851852 2.6402962963 0.125037037037 ;
57.7222222222 3.28649237473 6.39433551198 2.94553376906 0.00435729847495 46.2864923747 7.39760348584 ;
56.6080305927 3.2960484385 2.0901848311 0.639898024219 0.790949649458 3.13543658381 0.176226896112 ;
64.4021164021 3.4823633157 5.11199294533 2.1569664903 0.0432098765432 29.9100529101 4.35802469136 ;
80.3786793954 4.69053301512 2.91249005569 1.08114558473 0.993635640414 4.86316626889 0.413683373111 ;
59.8561320755 3.31132075472 8.55188679245 4.27358490566 0.00235849056604 68.6933962264 12.3773584906 ;
66.7793286806 3.81954137587 2.88800265869 0.955134596211 0.926553672316 4.64207377866 0.386507145231 ;
51.7179930796 2.91868512111 3.59169550173 1.41046712803 0.0804498269896 20.6656574394 2.74826989619 ;
47.3620543294 2.9142614601 1.73726655348 0.506791171477 0.573005093379 3.8726655348 0.276315789474 ;
54.822386679 3.17021276596 5.96022201665 2.68547641073 0.00462534690102 43.1008325624 6.75855689177 ;
64.4923413567 3.69228665208 2.63922319475 0.860776805252 0.944474835886 3.50410284464 0.221553610503 ;
50.7587695629 2.88936859147 3.0939017809 1.15326497572 0.171073934161 15.0491095521 1.84241770103 ;
59.260707635 3.32960893855 6.2625698324 2.85474860335 0.00372439478585 44.7709497207 7.10986964618 ;
79.5995655322 4.65025343954 2.83997103548 1.03910209993 1.03910209993 4.29833454019 0.331643736423 ;
51.0080708149 3.08227024212 1.69669356938 0.461598542046 0.710231710492 2.46263993752 0.101015360583 ;
52.0195121951 2.98118466899 4.46132404181 1.90662020906 0.015331010453 29.4648083624 4.206271777 ;
59.0135869565 3.29076086957 8.76358695652 4.39945652174 0.00271739130435 70.5652173913 12.7934782609 ;
65.9492293744 3.57842248413 4.53218495014 1.76246600181 0.135992747053 21.7887579329 2.9800543971 ;
57.5326086957 3.46739130435 16.3695652174 3.83695652174 3.05434782609 6.0 0.485507246377 ;
56.8808163265 3.23918367347 5.99265306122 2.69551020408 0.00408163265306 42.7763265306 6.70285714286 ;
75.2764940239 4.35338645418 2.76215139442 0.998007968127 0.963346613546 4.70199203187 0.397211155378 ;
49.8906801008 2.83123425693 3.23425692695 1.29974811083 0.0554156171285 19.9294710327 2.62972292191 ;
60.2420792079 3.46831683168 1.89925742574 0.651237623762 0.762128712871 3.52871287129 0.234158415842 ;
48.4692556634 2.9665587918 1.46242358864 0.440848615606 0.567781373607 3.32865875584 0.207479323984 ;
59.6596244131 3.30985915493 8.55399061033 4.27230046948 0.00234741784038 68.6596244131 12.3615023474 ;
62.2077656676 3.39373297003 4.48024523161 1.86239782016 0.0510899182561 26.0749318801 3.6689373297 ;
48.9451842676 2.98730257046 1.67729947352 0.498916073088 0.610405698359 3.59987612264 0.240631774543 ;
59.2153221126 3.31746952989 5.47417295415 2.39349970981 0.0110272780035 36.7544979687 5.57225769008 ;
60.0061946903 3.42536873156 1.97640117994 0.659587020649 0.788200589971 3.37817109145 0.208849557522 ;
58.8338658147 3.28274760383 8.00638977636 3.9392971246 0.00159744408946 63.4792332268 11.1677316294 ;
52.6805061289 2.95531830763 3.42744167655 1.38987742191 0.0517991300909 20.8647686833 2.78568604191 ;
84.143454039 4.94707520891 2.78133704735 1.07520891365 1.01671309192 4.74233983287 0.389972144847 ;
60.8648648649 3.60540540541 19.9189189189 4.80540540541 2.98918918919 8.34054054054 0.783783783784 ;
70.6252704457 4.06923409779 2.71008221549 0.971008221549 0.879705755084 5.45305062743 0.514928602337 ;
78.8118489583 4.61067708333 2.822265625 1.02278645833 1.03645833333 4.18424479167 0.315755208333 ;
51.020123839 2.87409700722 3.2306501548 1.2084623323 0.13209494324 16.7961816305 2.11145510836 ;
50.6295336788 3.07590673575 1.77150259067 0.497668393782 0.695077720207 2.82875647668 0.14689119171 ;
59.4476683938 3.32849740933 6.38445595855 2.93367875648 0.00414507772021 45.8487046632 7.32227979275 ;
66.6805555556 3.61904761905 4.59226190476 1.79365079365 0.141865079365 21.9692460317 3.00396825397 ;
59.1376404494 3.30056179775 8.83426966292 4.43820224719 0.00280898876404 70.9887640449 12.893258427 ;
52.8276119403 3.0328358209 4.68432835821 2.01417910448 0.0134328358209 31.2410447761 4.53059701493 ;
63.8233549083 3.64131607335 2.56930960086 0.837378640777 0.920442286947 3.51618122977 0.225997842503 ;
57.3414786967 3.21992481203 4.99749373434 2.13972431078 0.0112781954887 32.3389724311 4.7343358396 ;
67.4286142771 3.83773245351 2.6700659868 0.893221355729 0.981703659268 3.48350329934 0.22375524895 ;
52.408 3.14610526316 1.86673684211 0.531157894737 0.734526315789 2.75621052632 0.135578947368 ;
61.1574134553 3.36381450033 4.02677988243 1.466361855 0.199869366427 17.557805356 2.26845199216 ;
57.415158371 3.26357466063 6.6628959276 3.11538461538 0.00452488687783 49.2251131222 8.01583710407 ;
82.8845714286 4.896 3.008 1.12914285714 1.00457142857 5.27885714286 0.470857142857 ;
60.2868525896 3.29880478088 9.17928286853 4.6812749004 0.0 75.5258964143 13.9282868526 ;
47.7429530201 2.75234899329 2.97785234899 1.19395973154 0.0946308724832 17.5624161074 2.23087248322 ;
49.6591630592 3.01962481962 1.79509379509 0.515728715729 0.65367965368 3.26637806638 0.199422799423 ;
56.8664772727 3.21519886364 5.04119318182 2.14346590909 0.0120738636364 32.8728693182 4.828125 ;
76.3933270677 4.4375 2.87171052632 1.02114661654 1.02490601504 4.11560150376 0.309210526316 ;
49.5724678232 2.80749860101 3.25181869054 1.28035814214 0.0805819809737 19.1404588696 2.49300503637 ;
64.4391836735 3.53632653061 4.35755102041 1.60244897959 0.215510204082 18.2783673469 2.40244897959 ;
59.5933333333 3.29666666667 9.05 4.55666666667 0.00333333333333 73.2066666667 13.37 ;
61.6529808774 3.53993250844 2.34898762655 0.750562429696 0.910011248594 3.01715410574 0.159167604049 ;
58.3135391924 3.28622327791 6.56413301663 3.0783847981 0.00237529691211 48.4703087886 7.85629453682 ;
51.3278795812 2.9109947644 3.97905759162 1.66034031414 0.0261780104712 25.612565445 3.56217277487 ;
62.0549597855 3.55067024129 2.38096514745 0.761662198391 0.915549597855 2.97828418231 0.155495978552 ;
59.24217119 3.30480167015 8.40501043841 4.18162839248 0.00208768267223 67.1440501044 11.9958246347 ;
58.3984319316 3.29793300071 5.90235210264 2.59871703493 0.00926585887384 40.6721311475 6.29864575909 ;
77.2090573986 4.4981569247 2.84307530279 1.01316482359 1.03633491311 4.02264349658 0.296471827278 ;
50.3374836173 2.90301441678 2.95543905636 1.12385321101 0.229357798165 12.9023591088 1.52162516383 ;
65.6936560935 3.60350584307 4.28631051753 1.62270450751 0.192821368948 19.2487479132 2.56010016694 ;
49.5597014925 3.03086838535 1.64891451832 0.422998643148 0.709633649932 2.23914518318 0.0607191316147 ;
49.1498185588 2.97382063245 1.96915500259 0.61689994816 0.566874027994 5.07490927942 0.447382063245 ;
59.4483648881 3.33907056799 6.4586919105 2.96385542169 0.00602409638554 46.3012048193 7.43889845095 ;
72.0744943266 4.13566847558 2.88011840158 0.990626541687 1.01578687716 4.00049333991 0.299950666009 ;
61.9378917379 3.37321937322 4.2 1.58176638177 0.138461538462 20.2621082621 2.71168091168 ;
59.8365758755 3.30739299611 9.15175097276 4.66147859922 0.0 75.2412451362 13.8560311284 ;
50.6700537956 2.91990436342 4.19366407651 1.76688583383 0.0137477585176 28.0914524806 3.98147041243 ;
60.6068003487 3.47573379831 2.30688753269 0.724789305434 0.882592269689 3.0142400465 0.161290322581 ;
85.9665427509 5.15799256506 2.89219330855 1.11710037175 1.02973977695 5.02416356877 0.414498141264 ;
56.4619974874 3.31595477387 2.19880653266 0.679334170854 0.787688442211 3.47550251256 0.218592964824 ;
57.1338264963 3.2508406187 5.67518493611 2.48755884331 0.00874243443174 38.862138534 5.95158036315 ;
67.0648801128 3.80888575458 2.62517630465 0.874118476728 0.979901269394 3.27891396333 0.193935119887 ;
51.4552511416 2.90136986301 3.58675799087 1.43561643836 0.0671232876712 21.4141552511 2.87397260274 ;
67.2196307094 3.69776482021 4.50826044704 1.69776482021 0.216715257532 19.7424684159 2.65694849368 ;
47.2740425532 2.90340425532 1.74127659574 0.508085106383 0.571063829787 3.93744680851 0.285531914894 ;
59.7081174439 3.30742659758 8.14680483592 4.01381692573 0.00172711571675 64.5025906736 11.3937823834 ;
81.4318181818 4.76799242424 2.82670454545 1.04829545455 1.03882575758 4.25568181818 0.326704545455 ;
58.2588424437 3.2652733119 7.9807073955 3.93729903537 0.0016077170418 63.5305466238 11.1752411576 ;
48.5445838838 2.96301188904 1.79623513871 0.533685601057 0.599405548217 3.88870541612 0.277741083223 ;
69.1507835663 3.96145700974 2.95806861499 0.982634476917 0.985599322321 4.1986446421 0.323591698433 ;
60.5798165138 3.30091743119 4.1125382263 1.55657492355 0.146177370031 19.6874617737 2.62140672783 ;
58.7998123241 3.39474507351 2.17985611511 0.681263684704 0.846105724116 2.98310916484 0.151704723178 ;
59.7398255814 3.34665697674 5.75145348837 2.50072674419 0.0094476744186 38.5690406977 5.89825581395 ;
82.2731092437 4.81827731092 2.80672268908 1.07037815126 0.996848739496 4.81092436975 0.409663865546 ;
48.3051948052 2.81038961039 3.57597402597 1.48636363636 0.0396103896104 23.2974025974 3.18441558442 ;
60.3459902795 3.45899149453 2.33383961118 0.746354799514 0.843863912515 3.56895504253 0.232685297691 ;
57.5702535984 3.27278958191 5.80945853324 2.55380397533 0.0089102124743 39.9677861549 6.17203564085 ;
48.5864516129 2.80451612903 3.05741935484 1.16903225806 0.144516129032 15.8206451613 1.95483870968 ;
83.3639705882 4.94607843137 2.86764705882 1.11151960784 0.976715686275 5.46078431373 0.503676470588 ;
59.0696324952 3.28046421663 8.26885880077 4.1083172147 0.00193423597679 66.1141199226 11.7659574468 ;
49.4920844327 3.01978891821 1.62796833773 0.435026385224 0.677770448549 2.49340369393 0.107519788918 ;
58.0209115282 3.17050938338 4.23753351206 1.72707774799 0.0621983914209 24.1211796247 3.31260053619 ;
70.4798165138 4.04403669725 3.12889908257 1.05091743119 0.975229357798 4.90458715596 0.430275229358 ;
48.6556251865 2.95851984482 1.90898239332 0.590271560728 0.566994926887 4.78663085646 0.409728439272 ;
58.5617792422 3.27512355848 8.03459637562 3.96375617792 0.00164744645799 63.8945634267 11.2652388797 ;
62.8870320856 3.43315508021 4.31951871658 1.5929144385 0.186497326203 19.1370320856 2.53877005348 ;
50.0712217719 2.87203242617 3.83729009844 1.59409380428 0.0330052113492 24.847133758 3.42443543717 ;
59.3627370157 3.34789777411 5.86809563067 2.56306677659 0.00989282769992 39.7798845837 6.12036273702 ;
59.033808933 3.40198511166 2.13151364764 0.668734491315 0.842431761787 2.93579404467 0.149193548387 ;
83.5446428571 4.98341836735 2.92091836735 1.10969387755 1.00510204082 5.27295918367 0.469387755102 ;
69.9294066696 3.98094413166 2.82806409701 0.953659592897 1.02078822001 3.56994369857 0.234300563014 ;
58.840571262 3.40775284174 2.2620227339 0.716700670358 0.821334887788 3.47974351501 0.21859516176 ;
50.4929508994 2.85901798736 3.50850753525 1.39474963539 0.0753524550316 20.6835196889 2.7520661157 ;
59.6171003717 3.3029739777 8.24349442379 4.07992565056 0.00185873605948 65.5390334572 11.6319702602 ;
69.5271857329 3.94084384515 2.79338842975 0.935624184428 0.996085254458 3.64767290126 0.247933884298 ;
48.4293139293 2.96777546778 1.76784476784 0.510395010395 0.620582120582 3.53672903673 0.229383229383 ;
82.9634002361 4.9279811098 2.87839433294 1.08028335301 1.0318772137 4.67060212515 0.382526564345 ;
65.7291296625 3.59147424512 4.56927175844 1.76731793961 0.151865008881 21.6944937833 2.96092362345 ;
56.798297315 3.23051735429 5.66666666667 2.49181401441 0.00654878847413 39.1204977079 6.01047806156 ;
77.2415054888 4.52692106639 3.0256142185 1.07056978568 1.03972817564 4.50496602196 0.359644537376 ;
56.9340746624 3.25258141382 6.10246227164 2.73629864972 0.00635424940429 43.3915806195 6.83081810961 ;
49.5211954864 2.99146081122 1.59591338823 0.434888685575 0.65263799939 2.69441903019 0.124733150351 ;
49.8306499702 2.85748360167 3.75313059034 1.55277280859 0.0363744782349 24.1806797853 3.31902206321 ;
60.3002680965 3.31367292225 8.72922252011 4.38605898123 0.00268096514745 70.2600536193 12.7292225201 ;
62.7042413891 3.57415314546 2.24167378309 0.733561058924 0.915456874466 2.84770851124 0.13635069741 ;
65.7409133271 3.56011183597 4.71854613234 1.93103448276 0.076421248835 25.5191053122 3.57875116496 ;
55.2592364532 3.17610837438 3.6828817734 1.26169950739 0.377463054187 12.4581280788 1.48214285714 ;
47.8901734104 2.88124014714 2.82133473463 1.01418812401 0.308460325801 11.9096163952 1.3767735155 ;
62.8651976669 3.41218405703 4.18211276734 1.57809462087 0.138042773817 20.1231367466 2.70511989631 ;
53.6323777403 3.06239460371 4.73580663294 2.02473299607 0.0123664980326 31.4345137718 4.56942102305 ;
64.6366214939 3.69902300662 2.71225969114 0.879924361803 0.965332492909 3.45918688938 0.212102111566 ;
59.8388625592 3.32701421801 9.45023696682 4.83412322275 0.0 77.8815165877 14.4786729858 ;
78.745385105 4.60343730108 2.83577339274 1.03373647358 1.0203691916 4.44875875239 0.352641629535 ;
58.9682539683 3.30725623583 6.76870748299 3.19274376417 0.00340136054422 50.2063492063 8.22222222222 ;
52.4683474925 3.1082488353 1.61715538504 0.448890106879 0.717730885174 2.23157029323 0.0767333516032 ;
51.4190945764 2.88749439713 3.46391752577 1.33213805468 0.100851636038 19.0654415061 2.48453608247 ;
64.7214876033 3.70798898072 2.71129476584 0.879338842975 0.942148760331 3.74132231405 0.256473829201 ;
58.683988764 3.29353932584 7.2345505618 3.44943820225 0.00421348314607 54.9747191011 9.20224719101 ;
51.1714154412 3.08295036765 1.79572610294 0.524586397059 0.676240808824 3.16107536765 0.187040441176 ;
55.5787292818 3.18301104972 5.23687845304 2.28038674033 0.00621546961326 35.5752762431 5.3273480663 ;
60.176 3.36 10.144 5.28 0.0 84.52 16.264 ;
68.0197674419 3.67790697674 4.72790697674 1.88139534884 0.138372093023 22.9825581395 3.17558139535 ;
79.6814486327 4.63414634146 2.74944567627 1.0155210643 1.0280857354 4.13968957871 0.309682187731 ;
53.7051470588 3.11176470588 5.325 2.34558823529 0.00661764705882 36.925 5.57941176471 ;
59.0769010043 3.39741750359 2.21578192253 0.698421807747 0.829268292683 3.27460545194 0.196843615495 ;
59.3971014493 3.31449275362 7.90289855072 3.85942028986 0.00144927536232 62.0507246377 10.8362318841 ;
83.8391420912 5.00536193029 2.84048257373 1.08042895442 1.02278820375 4.84852546917 0.399463806971 ;
51.3745300752 2.89144736842 3.42528195489 1.30404135338 0.110902255639 18.507518797 2.3984962406 ;
65.7623853211 3.53577981651 4.86697247706 2.02385321101 0.0688073394495 26.9082568807 3.82660550459 ;
48.3742309084 2.98298950416 1.73217517191 0.484618168657 0.639160332971 3.17553384003 0.18856315599 ;
69.9583503471 3.99510004083 2.96325030625 0.997958350347 0.967741935484 4.45447121274 0.364230298081 ;
63.8025111169 3.64347371174 2.6222861627 0.853256604761 0.913157206382 3.72665445985 0.258958932775 ;
51.1531841652 2.97676419966 4.75301204819 2.04905335628 0.012908777969 32.417383821 4.7504302926 ;
50.5740546218 2.87394957983 3.22584033613 1.19642857143 0.153361344538 16.1843487395 2.01102941176 ;
78.7493654822 4.59581218274 2.85659898477 1.03997461929 1.0171319797 4.51205583756 0.36230964467 ;
50.6130155329 3.07123727906 1.69442956615 0.469469737547 0.69335832887 2.63979646492 0.123727905731 ;
64.0321592649 3.47320061256 4.59877488515 1.84992343032 0.0888208269525 24.3614088821 3.37748851455 ;
60.0591517857 3.34486607143 6.546875 3.04241071429 0.00334821428571 47.3013392857 7.62946428571 ;
58.8870967742 3.29677419355 8.97419354839 4.52258064516 0.00322580645161 72.7806451613 13.2838709677 ;
65.9297597043 3.57024029575 4.70702402957 1.9011090573 0.086876155268 24.8040665434 3.46765249538 ;
50.1507479862 3.04056386651 1.67146144994 0.458860759494 0.680092059839 2.62744533947 0.124280782509 ;
77.7139689579 4.5354767184 2.92793791574 1.0465631929 1.022172949 4.49944567627 0.363082039911 ;
60.2727272727 3.32727272727 8.49772727273 4.24318181818 0.00227272727273 68.125 12.25 ;
57.4543524416 3.26857749469 6.21549893843 2.82484076433 0.00424628450106 44.5806794055 7.04883227176 ;
51.1146393972 2.89612486545 3.24111948332 1.18675995694 0.166846071044 15.6393972013 1.93595263724 ;
62.9380554104 3.60428646106 2.53502352326 0.820700470465 0.907736539467 3.5658651333 0.23470987977 ;
51.5759937646 2.96024941543 4.42166796571 1.90491036633 0.0155884645362 29.3842556508 4.18784099766 ;
70.5994318182 4.02800324675 2.75730519481 0.937905844156 1.02191558442 3.50649350649 0.230925324675 ;
49.9459598559 2.83736489964 3.45702521873 1.40504374678 0.05815748842 21.4117344313 2.86361296963 ;
58.158778626 3.26259541985 7.90534351145 3.89465648855 0.00152671755725 62.8 11.0091603053 ;
58.4956772334 3.3855907781 2.12622478386 0.66916426513 0.835734870317 2.99193083573 0.15878962536 ;
48.1219691403 2.94819985305 1.76120499633 0.510286554004 0.600293901543 3.68626010287 0.246877296106 ;
58.829639012 3.298290057 5.5883470551 2.42051931602 0.0101329955668 37.2647245092 5.6630778974 ;
63.9732211171 3.55700076511 4.46977811783 1.60596786534 0.264728385616 17.5508798776 2.28462127008 ;
85.591943958 5.11558669002 2.8826619965 1.10858143608 1.01926444834 5.05429071804 0.423817863398 ;
50.2300546448 2.85409836066 3.19398907104 1.18961748634 0.14262295082 16.3229508197 2.03278688525 ;
62.7017173052 3.58071334214 2.48005284016 0.803170409511 0.907793923382 3.34953764861 0.202113606341 ;
59.6213235294 3.28308823529 9.06617647059 4.60661764706 0.0 74.5 13.6691176471 ;
53.4845844504 3.04892761394 4.67761394102 2.00938337802 0.0120643431635 31.1380697051 4.50871313673 ;
66.0402504472 3.5939177102 4.47137745975 1.72719141324 0.149373881932 21.1198568873 2.87656529517 ;
50.076878445 3.04206556426 1.69074557586 0.465622280244 0.682332463011 2.68871482449 0.131128517551 ;
77.6886898096 4.55823068309 2.91265397536 1.0352743561 1.04759238522 4.21668533035 0.321388577828 ;
59.1019367992 3.32619775739 6.59225280326 3.0621814475 0.00509683995923 47.6829765545 7.71151885831 ;
51.1102629347 2.96607294317 4.7048346056 2.03562340967 0.0127226463104 31.9669211196 4.6641221374 ;
60.4164948454 3.49072164948 2.38711340206 0.757731958763 0.879896907216 3.37216494845 0.205670103093 ;
58.4519337017 3.30165745856 6.80883977901 3.21104972376 0.00331491712707 50.6011049724 8.29281767956 ;
75.1064833006 4.35088408644 2.92691552063 1.03104125737 0.991748526523 4.53752455796 0.372495088409 ;
65.7081749049 3.56653992395 5.00855513308 2.0788973384 0.0655893536122 27.9401140684 4.00380228137 ;
48.6882982396 2.96237487056 1.65688643424 0.457714877459 0.627545736969 2.98653779772 0.168795305488 ;
52.4388001935 2.93855829705 3.33430091921 1.23705853895 0.129172714078 17.1799709724 2.18238993711 ;
59.9784946237 3.31182795699 9.63440860215 4.93010752688 0.0 79.5053763441 14.9193548387 ;
66.1274405396 3.77706780263 2.73340433085 0.903798367057 0.946751863685 3.86545970891 0.277245296415 ;
56.4791946309 3.21812080537 5.71543624161 2.52214765101 0.00671140939597 39.6577181208 6.11409395973 ;
47.3514362657 2.92549371634 1.70870736086 0.478904847397 0.597396768402 3.40709156194 0.216786355476 ;
59.7794970986 3.31334622824 8.30367504836 4.11025145068 0.00193423597679 66.0676982592 11.750483559 ;
79.5965541996 4.63460157933 2.86862885858 1.05240488155 1.02727925341 4.46087580761 0.353194544149 ;
64.4679334917 3.5106888361 4.53523357086 1.78780680918 0.116389548694 22.8551068884 3.13301662708 ;
56.3364517207 3.29502171734 2.06515202138 0.634814567324 0.78416304711 3.17841630471 0.180755095222 ;
50.0925373134 2.83980099502 3.45870646766 1.36169154229 0.0875621890547 19.9696517413 2.63582089552 ;
56.2326760563 3.20563380282 5.37746478873 2.36338028169 0.00788732394366 36.5515492958 5.51436619718 ;
59.0999369483 3.44262295082 2.31368221942 0.733606557377 0.859394703657 3.34709962169 0.195460277427 ;
69.5472197705 3.95189761695 2.81332744925 0.93865842895 1.01015004413 3.52383053839 0.229479258605 ;
59.3260530421 3.29953198128 7.98595943838 3.92355694228 0.0015600624025 63.120124805 11.0873634945 ;
64.5227447957 3.49807247494 4.27525057826 1.64070932922 0.145720894372 20.4109483423 2.75558982267 ;
48.7992982456 2.98245614035 1.65473684211 0.449122807018 0.641754385965 2.82912280702 0.151228070175 ;
82.9332552693 4.92271662763 2.84894613583 1.07611241218 1.01990632319 4.77049180328 0.3981264637 ;
49.5436422414 2.80441810345 3.28717672414 1.27478448276 0.102909482759 18.2693965517 2.34752155172 ;
48.9537516171 2.99741267788 1.71733505821 0.489003880983 0.63745148771 3.20795601552 0.192108667529 ;
66.0598690365 3.57904583723 4.6800748363 1.89055191768 0.0963517305893 24.3208606174 3.38353601497 ;
59.5496254682 3.42009987516 2.3043071161 0.726279650437 0.837702871411 3.44319600499 0.217540574282 ;
59.6610486891 3.30337078652 8.25093632959 4.08426966292 0.00187265917603 65.6367041199 11.6554307116 ;
50.9131229995 2.87471422039 3.47279378144 1.35025148605 0.0969364426155 19.4677640604 2.55235482396 ;
83.1875761267 4.91352009744 2.81364190012 1.06699147381 1.02801461632 4.5359317905 0.359317904994 ;
55.7162790698 3.19601328904 5.61661129568 2.48106312292 0.00664451827243 39.0478405316 5.99069767442 ;
69.7285776425 3.99260548064 2.91996520226 0.979991300565 0.993910395824 4.08525445846 0.309699869508 ;
59.5308151093 3.33134526176 5.73956262425 2.49701789264 0.0112657388999 38.2306163022 5.83167660702 ;
60.1195409627 3.43672298374 2.1198597386 0.665604080332 0.879502709595 2.61204972904 0.107108702582 ;
49.0 2.83626875408 3.66797129811 1.5362035225 0.0358773646445 24.0874103066 3.30136986301 ;
59.7018779343 3.28345070423 3.94600938967 1.44366197183 0.198943661972 17.3421361502 2.23884976526 ;
82.5889502762 4.81436464088 2.77679558011 1.06077348066 1.02320441989 4.49723756906 0.358011049724 ;
58.7568027211 3.28401360544 8.09353741497 3.99149659864 0.00170068027211 64.343537415 11.3639455782 ;
48.9667166417 2.9820089955 1.80569715142 0.533733133433 0.616791604198 3.78020989505 0.268665667166 ;
70.285 4.071 3.1105 1.0495 0.978 4.7935 0.4115 ;
57.0631808279 3.23602033406 5.89179375454 2.61220043573 0.00653594771242 41.2469135802 6.40958605664 ;
51.4942348008 3.09617400419 1.65801886792 0.445754716981 0.724318658281 2.23951781971 0.0649895178197 ;
79.8938589841 4.69219105383 2.86580742987 1.05155420773 1.04548900682 4.31766489765 0.330553449583 ;
52.2938676381 2.94171220401 3.92228293868 1.60655737705 0.0327868852459 24.4924104432 3.3679417122 ;
64.9049748463 3.7073784237 2.63527110117 0.862772498603 0.940190050307 3.6076020123 0.236724427054 ;
67.1265432099 3.65740740741 4.72633744856 1.83230452675 0.152263374486 22.3775720165 3.079218107 ;
49.893919793 2.90362225097 2.9935316947 1.12354463131 0.252910737387 12.6287192755 1.48706338939 ;
59.7434210526 3.31578947368 8.42543859649 4.21271929825 0.00219298245614 67.7609649123 12.1513157895 ;
50.4854142357 2.88156359393 3.00933488915 1.13243873979 0.183780630105 14.2141190198 1.70886814469 ;
66.4537209923 3.78394238464 2.67031208322 0.881835156042 0.961323019472 3.49266471059 0.220858895706 ;
58.4855305466 3.30144694534 6.04742765273 2.68649517685 0.008038585209 42.1414790997 6.58601286174 ;
59.5245535714 3.3125 8.46875 4.23214285714 0.00223214285714 68.0178571429 12.2053571429 ;
51.8819112628 2.95153583618 4.19112627986 1.77747440273 0.0211604095563 27.3119453925 3.84232081911 ;
51.8054827175 3.12562574493 1.76281287247 0.487008343266 0.738498212157 2.46507747318 0.0960667461263 ;
66.555028463 3.64705882353 4.54459203036 1.73624288425 0.176470588235 20.8140417457 2.82922201139 ;
82.9833729216 4.90498812352 2.80522565321 1.06294536817 1.02731591449 4.53087885986 0.362232779097 ;
