cluster 0
size:470
#377eb8
[ 0.90825938  4.74179879  2.56631713  1.31623428  3.21680452  1.17108856
  2.96212304]

cluster 1
size:674
#ff7f00
[ 2.53002143  4.71490881  2.77246934  2.63962953  3.41453461  0.4629337
  3.10075085]

cluster 2
size:666
#4daf4a
[ 2.86074738  4.51369371  3.27342769  3.45722721  4.55092943  2.26874402
  3.4096973 ]

cluster 3
size:498
#f781bf
[ 2.2023441   4.67880693  3.06375503  4.30069904  2.58209833  3.54589306
  2.78829608]

cluster 4
size:371
#a65628
[ 1.58471546  4.7483971   2.04990204  1.88732302  0.31433665  0.61221559
  2.63235833]

cluster 5
size:330
#984ea3
[ 1.73761807  4.71788097  0.07634416  1.78143695  2.91483467  0.75622611
  2.80490235]

