cluster 0
size:390
#377eb8
[ 2.10418091  4.68817061  3.10516431  4.39639961  2.73677738  3.82015833
  2.80652733]

cluster 1
size:828
#ff7f00
[ 2.50140344  4.70042561  2.85609873  2.75600082  2.44512806  0.87632526
  3.25803766]

cluster 2
size:400
#4daf4a
[ 3.0129797   4.40537878  3.44970011  3.5505524   4.76192522  2.38855231
  3.43410042]

cluster 3
size:409
#f781bf
[ 1.21550055  4.70554816  2.36997168  1.97511445  2.04636057  0.90193607
  1.98643185]

cluster 4
size:606
#a65628
[ 1.77811544  4.75343906  2.70843427  2.06232731  4.08261777  1.29508287
  3.32497209]

cluster 5
size:376
#984ea3
[ 1.65910293  4.71694718  0.          1.74387034  2.39602556  0.77489825
  2.79396739]

