cluster 0
size:364
#377eb8
[ 0.97999671  4.75219308  1.99653838  1.19942332  0.84776313  0.55367897
  2.55689029]

cluster 1
size:743
#ff7f00
[ 1.85315599  4.71405403  2.68125748  1.94979879  3.92146792  0.99214357
  3.17785229]

cluster 2
size:474
#4daf4a
[ 2.3435262   4.76085813  2.69605527  2.87808981  1.7566895   0.88759482
  2.89013084]

cluster 3
size:438
#f781bf
[ 2.12372995  4.67313319  3.06427108  4.35891516  2.68084717  3.7679853
  2.72128228]

cluster 4
size:660
#a65628
[ 2.96062568  4.49755589  3.32603676  3.61984762  4.57096636  2.06846599
  3.42931971]

cluster 5
size:330
#984ea3
[ 1.71767599  4.71821048  0.09755753  1.76443473  2.91714131  0.73020278
  2.80821055]

