1.844816643 4.62578667845 2.46225307755 2.89468215778 2.05901859885 2.16548423429 0.0 ;
2.03756043683 4.7674273142 3.16619281174 4.51240409652 2.5273314175 3.85527051598 3.0720376052 ;
2.61756967243 4.63025757459 3.07920305239 3.25163091057 3.83827334162 1.60493950236 3.34341268052 ;
1.65227842969 4.75820460173 1.75920017905 2.12062055051 1.70671764583 0.785095703714 3.01225997928 ;
2.88203204982 4.59174117973 3.14860092167 3.29410083142 4.39080824558 1.70605334236 3.42132896024 ;
1.81085685278 4.76691136079 2.83431506518 2.80694605691 1.94890582532 1.23657688582 3.16592560651 ;
1.94532006326 4.64875265595 1.41460095227 2.34978534654 2.22766810116 1.28375525224 2.23024330659 ;
2.04728168941 4.76926329039 3.17203048478 4.51944924335 2.80202421835 3.85897255008 2.95661228476 ;
1.844816643 4.62578667845 2.46225307755 2.89468215778 2.05901859885 2.16548423429 0.0 ;
1.58105112722 4.74248420009 1.82062073699 2.20711816321 1.84418598526 0.859206446119 3.01618911034 ;
2.03756043683 4.7674273142 3.16619281174 4.51240409652 2.5273314175 3.85527051598 3.0720376052 ;
2.70912801559 4.63653470399 3.08818137604 3.23453716607 3.82475438098 1.5841984393 3.35406580686 ;
1.72873493371 4.74108186536 2.30351861541 2.64243314055 0.0 1.47809923047 2.68668517227 ;
2.65981421656 4.648195396 3.04822566568 3.15226730502 3.71873797573 1.49438530205 3.35032749155 ;
1.53154373539 4.70149521649 1.67813529894 2.30727138124 2.938135954 1.11615245854 2.49225147402 ;
2.04689653705 4.76587398607 3.16873493 4.51226391358 2.76416937179 3.85685101134 2.93681015298 ;
2.65842807219 4.64867821483 3.04444221433 3.12839871227 3.71211175209 1.49612029011 3.34862348909 ;
1.72873493371 4.74108186536 2.30351861541 2.64243314055 0.0 1.47809923047 2.68668517227 ;
2.04689653705 4.76587398607 3.16873493 4.51226391358 2.76416937179 3.85685101134 2.93681015298 ;
1.50982351783 4.70159488943 1.65642185321 2.34168307232 2.93568862578 1.10398835662 2.4771751714 ;
2.04689653705 4.76587398607 3.16873493 4.51226391358 2.76416937179 3.85685101134 2.93681015298 ;
1.72873493371 4.74108186536 2.30351861541 2.64243314055 0.0 1.47809923047 2.68668517227 ;
1.50982351783 4.70159488943 1.65642185321 2.34168307232 2.93568862578 1.10398835662 2.4771751714 ;
2.65842807219 4.64867821483 3.04444221433 3.12839871227 3.71211175209 1.49612029011 3.34862348909 ;
1.50982351783 4.70159488943 1.65642185321 2.34168307232 2.93568862578 1.10398835662 2.4771751714 ;
2.04689653705 4.76587398607 3.16873493 4.51226391358 2.76416937179 3.85685101134 2.93681015298 ;
1.72873493371 4.74108186536 2.30351861541 2.64243314055 0.0 1.47809923047 2.68668517227 ;
2.65842807219 4.64867821483 3.04444221433 3.12839871227 3.71211175209 1.49612029011 3.34862348909 ;
1.8605864941 4.73697824325 2.80358002093 2.66213358359 2.23659067718 1.05901110684 3.18517543148 ;
2.05637213423 4.76506660683 3.17094096625 4.51082644624 2.52057581343 3.85926809553 2.91347084893 ;
1.89880876495 4.70068870291 1.23880858713 2.30643921133 2.2451441478 1.19531129717 2.20575478487 ;
2.90385102473 4.57157595323 3.1692685415 3.29228410397 4.42002894416 1.69420226543 3.4242164232 ;
1.72873493371 4.74108186536 2.30351861541 2.64243314055 0.0 1.47809923047 2.68668517227 ;
2.65842807219 4.64867821483 3.04444221433 3.12839871227 3.71211175209 1.49612029011 3.34862348909 ;
2.04689653705 4.76587398607 3.16873493 4.51226391358 2.76416937179 3.85685101134 2.93681015298 ;
1.50982351783 4.70159488943 1.65642185321 2.34168307232 2.93568862578 1.10398835662 2.4771751714 ;
1.72873493371 4.74108186536 2.30351861541 2.64243314055 0.0 1.47809923047 2.68668517227 ;
2.04689653705 4.76587398607 3.16873493 4.51226391358 2.76416937179 3.85685101134 2.93681015298 ;
2.65842807219 4.64867821483 3.04444221433 3.12839871227 3.71211175209 1.49612029011 3.34862348909 ;
1.50982351783 4.70159488943 1.65642185321 2.34168307232 2.93568862578 1.10398835662 2.4771751714 ;
1.48310150013 4.72433457104 2.22616350896 2.18375375382 1.16576239664 0.951960295343 2.29790950785 ;
2.0454436972 4.76264129604 3.16546509843 4.50743817807 2.50630654037 3.8562181401 2.90343091655 ;
2.74092811638 4.51962160265 3.32681551871 3.67857488363 4.60858896077 1.8342589304 3.44985120106 ;
2.3420838275 4.73708440495 2.26518692211 2.61412830084 3.06973122441 1.18589170205 3.22605011785 ;
2.04939953003 4.76418515091 3.16990549074 4.50848912097 2.51340095872 3.85577144479 2.90952435958 ;
2.6139510178 4.56412505243 3.21952954156 3.31692868988 4.54476149363 2.31056160687 3.43521675058 ;
1.47546160167 4.70974590868 1.53784621168 2.29765226625 2.18412382093 1.09638358433 2.38782670506 ;
2.49413002303 4.70830079142 2.86354096599 2.81386409976 2.63892696265 0.902716290958 3.24534245489 ;
2.65981421656 4.648195396 3.04822566568 3.15226730502 3.71873797573 1.49438530205 3.35032749155 ;
1.53154373539 4.70149521649 1.67813529894 2.30727138124 2.938135954 1.11615245854 2.49225147402 ;
2.04689653705 4.76587398607 3.16873493 4.51226391358 2.76416937179 3.85685101134 2.93681015298 ;
1.72873493371 4.74108186536 2.30351861541 2.64243314055 0.0 1.47809923047 2.68668517227 ;
2.49413002303 4.70830079142 2.86354096599 2.81386409976 2.63892696265 0.902716290958 3.24534245489 ;
2.04939953003 4.76418515091 3.16990549074 4.50848912097 2.51340095872 3.85577144479 2.90952435958 ;
1.47546160167 4.70974590868 1.53784621168 2.29765226625 2.18412382093 1.09638358433 2.38782670506 ;
2.6139510178 4.56412505243 3.21952954156 3.31692868988 4.54476149363 2.31056160687 3.43521675058 ;
2.04314940794 4.76809171834 3.16914442216 4.5155972118 2.76854375113 3.86134255647 2.97169743457 ;
1.79459635106 4.75860334814 2.7618647935 2.80390512498 0.0 1.56504130668 3.06115385893 ;
2.40654561599 4.65734186199 2.99386730425 3.03430974698 3.65043481361 1.40899521113 3.32435798931 ;
1.86605250505 4.68911609268 1.2628376254 2.33822711498 2.25261435255 1.25629453285 2.06857547969 ;
0.0 4.7091395859 2.71353619946 2.99448404063 2.16427420687 1.86536003038 2.70239733272 ;
2.64001101278 4.6476357256 3.05398229806 3.1570528499 3.77356443971 1.491647116 3.3512570129 ;
2.07868073823 4.7234446489 1.62215950984 2.25028084079 1.70449869225 1.04685493325 2.56011538888 ;
2.32358599625 4.76463131083 3.18234569116 4.50986225193 2.54198316671 3.86837838387 2.91253659436 ;
2.04939953003 4.76418515091 3.16990549074 4.50848912097 2.51340095872 3.85577144479 2.90952435958 ;
1.47546160167 4.70974590868 1.53784621168 2.29765226625 2.18412382093 1.09638358433 2.38782670506 ;
2.6139510178 4.56412505243 3.21952954156 3.31692868988 4.54476149363 2.31056160687 3.43521675058 ;
2.49413002303 4.70830079142 2.86354096599 2.81386409976 2.63892696265 0.902716290958 3.24534245489 ;
1.51931041571 4.70235452099 1.66046307343 2.33959790891 2.9311098046 1.10110212443 2.48135190732 ;
2.65791203277 4.64815713531 3.0471983487 3.1319531017 3.71676741778 1.498732836 3.34960741998 ;
2.04689653705 4.76587398607 3.16873493 4.51226391358 2.76416937179 3.85685101134 2.93681015298 ;
1.72873493371 4.74108186536 2.30351861541 2.64243314055 0.0 1.47809923047 2.68668517227 ;
1.47546160167 4.70974590868 1.53784621168 2.29765226625 2.18412382093 1.09638358433 2.38782670506 ;
2.49241805869 4.70803590151 2.86345925059 2.81510201805 2.63718936579 0.901105237701 3.24593578007 ;
2.61686723039 4.56526574639 3.21818454619 3.31232122366 4.54016111731 2.30781826713 3.43322554813 ;
2.04939953003 4.76418515091 3.16990549074 4.50848912097 2.51340095872 3.85577144479 2.90952435958 ;
2.06250307186 4.76344107103 3.17388250212 4.50701114847 2.51951795595 3.85596427706 2.92328173946 ;
1.86042048059 4.52113172586 2.5501884523 2.73450546479 2.57670981243 1.91239980577 1.64381659808 ;
2.81796625956 4.60272357134 3.15619999005 3.23383425125 4.37405814625 1.6088322991 3.41834605676 ;
1.84269515373 4.77941493029 2.05760170132 2.43936671427 1.9686827293 0.857510453303 3.1448182208 ;
2.04689653705 4.76587398607 3.16873493 4.51226391358 2.76416937179 3.85685101134 2.93681015298 ;
1.72873493371 4.74108186536 2.30351861541 2.64243314055 0.0 1.47809923047 2.68668517227 ;
2.65981421656 4.648195396 3.04822566568 3.15226730502 3.71873797573 1.49438530205 3.35032749155 ;
1.53154373539 4.70149521649 1.67813529894 2.30727138124 2.938135954 1.11615245854 2.49225147402 ;
1.86605250505 4.68911609268 1.2628376254 2.33822711498 2.25261435255 1.25629453285 2.06857547969 ;
2.04314940794 4.76809171834 3.16914442216 4.5155972118 2.76854375113 3.86134255647 2.97169743457 ;
2.40654561599 4.65734186199 2.99386730425 3.03430974698 3.65043481361 1.40899521113 3.32435798931 ;
1.79459635106 4.75860334814 2.7618647935 2.80390512498 0.0 1.56504130668 3.06115385893 ;
1.47546160167 4.70974590868 1.53784621168 2.29765226625 2.18412382093 1.09638358433 2.38782670506 ;
2.04939953003 4.76418515091 3.16990549074 4.50848912097 2.51340095872 3.85577144479 2.90952435958 ;
2.6139510178 4.56412505243 3.21952954156 3.31692868988 4.54476149363 2.31056160687 3.43521675058 ;
2.49413002303 4.70830079142 2.86354096599 2.81386409976 2.63892696265 0.902716290958 3.24534245489 ;
1.94494174436 4.64936505425 1.41089752204 2.35794432344 2.22051133457 1.28428054471 2.22762146253 ;
1.80905353188 4.76541215034 2.8311977716 2.79250766735 1.96012361791 1.24055935071 3.16436978834 ;
2.04728168941 4.76926329039 3.17203048478 4.51944924335 2.80202421835 3.85897255008 2.95661228476 ;
2.8880533188 4.59229517014 3.15242462739 3.30571455021 4.39027357708 1.70206798238 3.42350571122 ;
2.65842807219 4.64867821483 3.04444221433 3.12839871227 3.71211175209 1.49612029011 3.34862348909 ;
2.04689653705 4.76587398607 3.16873493 4.51226391358 2.76416937179 3.85685101134 2.93681015298 ;
1.72873493371 4.74108186536 2.30351861541 2.64243314055 0.0 1.47809923047 2.68668517227 ;
1.50982351783 4.70159488943 1.65642185321 2.34168307232 2.93568862578 1.10398835662 2.4771751714 ;
1.86432478894 4.71363918624 1.01059058391 2.0700689276 2.20325614465 1.09834332802 2.37248304057 ;
2.05705231681 4.77351556396 3.18022597786 4.52397485653 2.80147203124 3.8582824353 3.12233706746 ;
1.75442529664 4.71157391715 2.82370468068 3.09744672868 0.821826766264 1.85890030839 2.38637653486 ;
2.45412507905 4.65511182083 3.00839668072 3.06616542644 3.72853247934 1.41793051526 3.3436156757 ;
2.65842807219 4.64867821483 3.04444221433 3.12839871227 3.71211175209 1.49612029011 3.34862348909 ;
1.72873493371 4.74108186536 2.30351861541 2.64243314055 0.0 1.47809923047 2.68668517227 ;
2.04689653705 4.76587398607 3.16873493 4.51226391358 2.76416937179 3.85685101134 2.93681015298 ;
1.50982351783 4.70159488943 1.65642185321 2.34168307232 2.93568862578 1.10398835662 2.4771751714 ;
1.84334107665 4.77877665362 2.05743102912 2.43845722976 1.97329873683 0.855812412802 3.1446011739 ;
1.86042048059 4.52113172586 2.5501884523 2.73450546479 2.57670981243 1.91239980577 1.64381659808 ;
2.81971580142 4.60311612756 3.15939348803 3.23721365075 4.37425839318 1.6131687743 3.41937876977 ;
2.06250307186 4.76344107103 3.17388250212 4.50701114847 2.51951795595 3.85596427706 2.92328173946 ;
1.55003686591 4.73715849847 2.01296302731 2.0716183604 0.788725628816 0.751841277663 2.3846375595 ;
2.80195820977 4.60507875901 3.14973772282 3.21179639717 4.35646888443 1.58190044857 3.4218162394 ;
2.03623543078 4.75234506437 3.15506588354 4.48846253465 2.4931409916 3.84969783256 2.85747078549 ;
2.03916247715 4.71756935037 2.23524092385 2.7412057808 2.92034331462 1.26332282987 3.0857127419 ;
2.65842807219 4.64867821483 3.04444221433 3.12839871227 3.71211175209 1.49612029011 3.34862348909 ;
1.72873493371 4.74108186536 2.30351861541 2.64243314055 0.0 1.47809923047 2.68668517227 ;
1.50982351783 4.70159488943 1.65642185321 2.34168307232 2.93568862578 1.10398835662 2.4771751714 ;
2.04689653705 4.76587398607 3.16873493 4.51226391358 2.76416937179 3.85685101134 2.93681015298 ;
1.66511997189 4.75888235246 1.75131950203 2.10453071607 1.68734023218 0.778347212869 3.01038053747 ;
2.03756043683 4.7674273142 3.16619281174 4.51240409652 2.5273314175 3.85527051598 3.0720376052 ;
1.844816643 4.62578667845 2.46225307755 2.89468215778 2.05901859885 2.16548423429 0.0 ;
2.60423739906 4.63046509462 3.07764436429 3.25641468818 3.84011547164 1.60518633779 3.34295768296 ;
1.50982351783 4.70159488943 1.65642185321 2.34168307232 2.93568862578 1.10398835662 2.4771751714 ;
2.04689653705 4.76587398607 3.16873493 4.51226391358 2.76416937179 3.85685101134 2.93681015298 ;
1.72873493371 4.74108186536 2.30351861541 2.64243314055 0.0 1.47809923047 2.68668517227 ;
2.65842807219 4.64867821483 3.04444221433 3.12839871227 3.71211175209 1.49612029011 3.34862348909 ;
2.6387234851 4.64815681239 3.05443341666 3.15328821517 3.76726093481 1.48977137625 3.35109185975 ;
0.0 4.7091395859 2.71353619946 2.99448404063 2.16427420687 1.86536003038 2.70239733272 ;
2.0776388202 4.72297852022 1.61297325688 2.25154236068 1.70338067884 1.04752460048 2.55576391682 ;
2.32358599625 4.76463131083 3.18234569116 4.50986225193 2.54198316671 3.86837838387 2.91253659436 ;
2.60423739906 4.63046509462 3.07764436429 3.25641468818 3.84011547164 1.60518633779 3.34295768296 ;
1.844816643 4.62578667845 2.46225307755 2.89468215778 2.05901859885 2.16548423429 0.0 ;
2.03756043683 4.7674273142 3.16619281174 4.51240409652 2.5273314175 3.85527051598 3.0720376052 ;
1.66511997189 4.75888235246 1.75131950203 2.10453071607 1.68734023218 0.778347212869 3.01038053747 ;
1.5154651845 4.74802850266 1.78826471248 1.9673145653 1.01964901429 0.686640084426 2.50133703662 ;
2.03609360062 4.75260358797 3.15461035249 4.48847005316 2.49285979751 3.85070325509 2.85029226292 ;
2.91405585949 4.53797427653 3.30487253265 3.57969981861 4.54675386469 1.77870112392 3.46073363008 ;
2.22207149565 4.72271498265 2.52861789443 2.76187123993 3.19783132989 1.31356730663 3.13857320813 ;
2.04689653705 4.76587398607 3.16873493 4.51226391358 2.76416937179 3.85685101134 2.93681015298 ;
1.50982351783 4.70159488943 1.65642185321 2.34168307232 2.93568862578 1.10398835662 2.4771751714 ;
2.65842807219 4.64867821483 3.04444221433 3.12839871227 3.71211175209 1.49612029011 3.34862348909 ;
1.72873493371 4.74108186536 2.30351861541 2.64243314055 0.0 1.47809923047 2.68668517227 ;
2.33902254542 4.77947988324 2.19134194905 2.48834067451 2.40003786107 0.955502009189 3.19912708778 ;
2.06018827598 4.76296097707 3.17297366501 4.50607313118 2.51793573745 3.85447060164 2.91788572283 ;
1.24506354497 4.61253220071 2.44418410251 2.47412474527 2.33484573464 1.44277672878 2.13280466188 ;
2.7915979679 4.51222045402 3.33811718281 3.65330417303 4.64279628885 1.85210968498 3.4545744734 ;
2.65842807219 4.64867821483 3.04444221433 3.12839871227 3.71211175209 1.49612029011 3.34862348909 ;
1.72873493371 4.74108186536 2.30351861541 2.64243314055 0.0 1.47809923047 2.68668517227 ;
1.50982351783 4.70159488943 1.65642185321 2.34168307232 2.93568862578 1.10398835662 2.4771751714 ;
2.04689653705 4.76587398607 3.16873493 4.51226391358 2.76416937179 3.85685101134 2.93681015298 ;
1.72873493371 4.74108186536 2.30351861541 2.64243314055 0.0 1.47809923047 2.68668517227 ;
1.50982351783 4.70159488943 1.65642185321 2.34168307232 2.93568862578 1.10398835662 2.4771751714 ;
2.04689653705 4.76587398607 3.16873493 4.51226391358 2.76416937179 3.85685101134 2.93681015298 ;
2.65842807219 4.64867821483 3.04444221433 3.12839871227 3.71211175209 1.49612029011 3.34862348909 ;
2.49413002303 4.70830079142 2.86354096599 2.81386409976 2.63892696265 0.902716290958 3.24534245489 ;
2.04939953003 4.76418515091 3.16990549074 4.50848912097 2.51340095872 3.85577144479 2.90952435958 ;
1.47546160167 4.70974590868 1.53784621168 2.29765226625 2.18412382093 1.09638358433 2.38782670506 ;
2.6139510178 4.56412505243 3.21952954156 3.31692868988 4.54476149363 2.31056160687 3.43521675058 ;
2.04689653705 4.76587398607 3.16873493 4.51226391358 2.76416937179 3.85685101134 2.93681015298 ;
1.53154373539 4.70149521649 1.67813529894 2.30727138124 2.938135954 1.11615245854 2.49225147402 ;
1.72873493371 4.74108186536 2.30351861541 2.64243314055 0.0 1.47809923047 2.68668517227 ;
2.65981421656 4.648195396 3.04822566568 3.15226730502 3.71873797573 1.49438530205 3.35032749155 ;
1.72873493371 4.74108186536 2.30351861541 2.64243314055 0.0 1.47809923047 2.68668517227 ;
2.04689653705 4.76587398607 3.16873493 4.51226391358 2.76416937179 3.85685101134 2.93681015298 ;
1.53154373539 4.70149521649 1.67813529894 2.30727138124 2.938135954 1.11615245854 2.49225147402 ;
2.65981421656 4.648195396 3.04822566568 3.15226730502 3.71873797573 1.49438530205 3.35032749155 ;
2.05689872308 4.76224634497 3.17069762648 4.50628879307 2.50967572587 3.8576967745 2.9147702379 ;
1.71557879662 4.74185991008 0.0 1.89965010049 1.98494197309 0.668833304618 2.78697556083 ;
2.70432999474 4.66171952417 2.99775735553 3.15412829606 3.88375082698 1.49763575178 3.36356923851 ;
1.56121635472 4.67815000773 2.72828573718 2.50251942758 1.74170962606 1.21927801459 2.54316060488 ;
2.04689653705 4.76587398607 3.16873493 4.51226391358 2.76416937179 3.85685101134 2.93681015298 ;
2.65842807219 4.64867821483 3.04444221433 3.12839871227 3.71211175209 1.49612029011 3.34862348909 ;
1.72873493371 4.74108186536 2.30351861541 2.64243314055 0.0 1.47809923047 2.68668517227 ;
1.50982351783 4.70159488943 1.65642185321 2.34168307232 2.93568862578 1.10398835662 2.4771751714 ;
2.65842807219 4.64867821483 3.04444221433 3.12839871227 3.71211175209 1.49612029011 3.34862348909 ;
1.72873493371 4.74108186536 2.30351861541 2.64243314055 0.0 1.47809923047 2.68668517227 ;
2.04689653705 4.76587398607 3.16873493 4.51226391358 2.76416937179 3.85685101134 2.93681015298 ;
1.50982351783 4.70159488943 1.65642185321 2.34168307232 2.93568862578 1.10398835662 2.4771751714 ;
1.91868216872 4.64827896628 1.42121071751 2.39410656659 2.29984793419 1.33100632976 2.31504950014 ;
2.05158050047 4.7627715594 3.16944274184 4.50641692439 2.51083344251 3.85763217501 2.91441347709 ;
2.89678242412 4.57581118539 3.1681916109 3.30104430735 4.42700744249 1.70877425682 3.42612537038 ;
1.85802339819 4.77369942253 2.79953927498 2.62061706064 2.21122841763 0.935544439537 3.18466250242 ;
2.49413002303 4.70830079142 2.86354096599 2.81386409976 2.63892696265 0.902716290958 3.24534245489 ;
2.04939953003 4.76418515091 3.16990549074 4.50848912097 2.51340095872 3.85577144479 2.90952435958 ;
1.47546160167 4.70974590868 1.53784621168 2.29765226625 2.18412382093 1.09638358433 2.38782670506 ;
2.6139510178 4.56412505243 3.21952954156 3.31692868988 4.54476149363 2.31056160687 3.43521675058 ;
2.65842807219 4.64867821483 3.04444221433 3.12839871227 3.71211175209 1.49612029011 3.34862348909 ;
2.04689653705 4.76587398607 3.16873493 4.51226391358 2.76416937179 3.85685101134 2.93681015298 ;
1.50982351783 4.70159488943 1.65642185321 2.34168307232 2.93568862578 1.10398835662 2.4771751714 ;
1.72873493371 4.74108186536 2.30351861541 2.64243314055 0.0 1.47809923047 2.68668517227 ;
2.6139510178 4.56412505243 3.21952954156 3.31692868988 4.54476149363 2.31056160687 3.43521675058 ;
2.49413002303 4.70830079142 2.86354096599 2.81386409976 2.63892696265 0.902716290958 3.24534245489 ;
2.04939953003 4.76418515091 3.16990549074 4.50848912097 2.51340095872 3.85577144479 2.90952435958 ;
1.47546160167 4.70974590868 1.53784621168 2.29765226625 2.18412382093 1.09638358433 2.38782670506 ;
1.79459635106 4.75860334814 2.7618647935 2.80390512498 0.0 1.56504130668 3.06115385893 ;
2.04049368854 4.76724986478 3.16780006622 4.51435594402 2.76861344828 3.86120451312 2.96327902824 ;
1.86906985442 4.68998196047 1.25715608116 2.33132551748 2.25046938234 1.24615041093 2.07678411254 ;
2.40654561599 4.65734186199 2.99386730425 3.03430974698 3.65043481361 1.40899521113 3.32435798931 ;
2.65842807219 4.64867821483 3.04444221433 3.12839871227 3.71211175209 1.49612029011 3.34862348909 ;
2.04689653705 4.76587398607 3.16873493 4.51226391358 2.76416937179 3.85685101134 2.93681015298 ;
1.72873493371 4.74108186536 2.30351861541 2.64243314055 0.0 1.47809923047 2.68668517227 ;
1.50982351783 4.70159488943 1.65642185321 2.34168307232 2.93568862578 1.10398835662 2.4771751714 ;
2.04689653705 4.76587398607 3.16873493 4.51226391358 2.76416937179 3.85685101134 2.93681015298 ;
1.72873493371 4.74108186536 2.30351861541 2.64243314055 0.0 1.47809923047 2.68668517227 ;
2.65842807219 4.64867821483 3.04444221433 3.12839871227 3.71211175209 1.49612029011 3.34862348909 ;
1.50982351783 4.70159488943 1.65642185321 2.34168307232 2.93568862578 1.10398835662 2.4771751714 ;
2.05689872308 4.76224634497 3.17069762648 4.50628879307 2.50967572587 3.8576967745 2.9147702379 ;
1.71557879662 4.74185991008 0.0 1.89965010049 1.98494197309 0.668833304618 2.78697556083 ;
2.70457881794 4.66234444772 2.99863304232 3.15305783019 3.88588737232 1.49415614783 3.36438925489 ;
1.56409249411 4.67710018632 2.72765274869 2.50610415468 1.74441901234 1.2256589199 2.54419556036 ;
2.06250307186 4.76344107103 3.17388250212 4.50701114847 2.51951795595 3.85596427706 2.92328173946 ;
2.81971580142 4.60311612756 3.15939348803 3.23721365075 4.37425839318 1.6131687743 3.41937876977 ;
1.84334107665 4.77877665362 2.05743102912 2.43845722976 1.97329873683 0.855812412802 3.1446011739 ;
1.86042048059 4.52113172586 2.5501884523 2.73450546479 2.57670981243 1.91239980577 1.64381659808 ;
2.04689653705 4.76587398607 3.16873493 4.51226391358 2.76416937179 3.85685101134 2.93681015298 ;
2.65842807219 4.64867821483 3.04444221433 3.12839871227 3.71211175209 1.49612029011 3.34862348909 ;
1.50982351783 4.70159488943 1.65642185321 2.34168307232 2.93568862578 1.10398835662 2.4771751714 ;
1.72873493371 4.74108186536 2.30351861541 2.64243314055 0.0 1.47809923047 2.68668517227 ;
2.70377054107 4.66069656915 2.99649610223 3.1521712156 3.88051164332 1.49712603804 3.36272941755 ;
1.71557879662 4.74185991008 0.0 1.89965010049 1.98494197309 0.668833304618 2.78697556083 ;
2.05689872308 4.76224634497 3.17069762648 4.50628879307 2.50967572587 3.8576967745 2.9147702379 ;
1.55882816834 4.67985413225 2.72955188339 2.50381127297 1.74078276733 1.21930136153 2.54215648599 ;
2.84487321993 4.5718630182 3.20355172172 3.28072083956 4.48151670955 2.26420677211 3.44839703349 ;
1.92348290065 4.69596164854 1.29485696897 2.3161030944 2.30527019036 1.28460733794 2.23549368058 ;
2.05464826177 4.76434576414 3.16986010388 4.50931076066 2.51971511617 3.85468486023 2.9093253138 ;
2.03156365238 4.71518251143 2.82680315759 2.7473365563 2.50186061236 0.819038716038 3.20911184031 ;
2.05503780529 4.76360972341 3.16888181209 4.5078867872 2.52243511183 3.8541420325 2.90983976144 ;
2.03374517931 4.71697961414 2.82966597764 2.7377293667 2.49691394484 0.803567651245 3.21190193003 ;
1.91976708663 4.6935918992 1.30678586539 2.33526475393 2.31299204799 1.29894239698 2.24141668236 ;
2.84487321993 4.5718630182 3.20355172172 3.28072083956 4.48151670955 2.26420677211 3.44839703349 ;
2.04689653705 4.76587398607 3.16873493 4.51226391358 2.76416937179 3.85685101134 2.93681015298 ;
1.72873493371 4.74108186536 2.30351861541 2.64243314055 0.0 1.47809923047 2.68668517227 ;
1.50982351783 4.70159488943 1.65642185321 2.34168307232 2.93568862578 1.10398835662 2.4771751714 ;
2.65842807219 4.64867821483 3.04444221433 3.12839871227 3.71211175209 1.49612029011 3.34862348909 ;
2.9016423255 4.57238329415 3.16863614515 3.28901594821 4.41850551766 1.6943693786 3.42311235751 ;
2.05637213423 4.76506660683 3.17094096625 4.51082644624 2.52057581343 3.85926809553 2.91347084893 ;
1.89880876495 4.70068870291 1.23880858713 2.30643921133 2.2451441478 1.19531129717 2.20575478487 ;
1.85987627312 4.73676010565 2.8032284835 2.6631037969 2.23286218647 1.05748491842 3.18544531752 ;
2.04939953003 4.76418515091 3.16990549074 4.50848912097 2.51340095872 3.85577144479 2.90952435958 ;
2.49413002303 4.70830079142 2.86354096599 2.81386409976 2.63892696265 0.902716290958 3.24534245489 ;
1.47546160167 4.70974590868 1.53784621168 2.29765226625 2.18412382093 1.09638358433 2.38782670506 ;
2.6139510178 4.56412505243 3.21952954156 3.31692868988 4.54476149363 2.31056160687 3.43521675058 ;
2.88203204982 4.59174117973 3.14860092167 3.29410083142 4.39080824558 1.70605334236 3.42132896024 ;
2.04728168941 4.76926329039 3.17203048478 4.51944924335 2.80202421835 3.85897255008 2.95661228476 ;
1.81085685278 4.76691136079 2.83431506518 2.80694605691 1.94890582532 1.23657688582 3.16592560651 ;
1.94532006326 4.64875265595 1.41460095227 2.34978534654 2.22766810116 1.28375525224 2.23024330659 ;
2.6139510178 4.56412505243 3.21952954156 3.31692868988 4.54476149363 2.31056160687 3.43521675058 ;
1.47546160167 4.70974590868 1.53784621168 2.29765226625 2.18412382093 1.09638358433 2.38782670506 ;
2.04939953003 4.76418515091 3.16990549074 4.50848912097 2.51340095872 3.85577144479 2.90952435958 ;
2.49413002303 4.70830079142 2.86354096599 2.81386409976 2.63892696265 0.902716290958 3.24534245489 ;
1.72873493371 4.74108186536 2.30351861541 2.64243314055 0.0 1.47809923047 2.68668517227 ;
2.65842807219 4.64867821483 3.04444221433 3.12839871227 3.71211175209 1.49612029011 3.34862348909 ;
2.04689653705 4.76587398607 3.16873493 4.51226391358 2.76416937179 3.85685101134 2.93681015298 ;
1.50982351783 4.70159488943 1.65642185321 2.34168307232 2.93568862578 1.10398835662 2.4771751714 ;
2.04939953003 4.76418515091 3.16990549074 4.50848912097 2.51340095872 3.85577144479 2.90952435958 ;
2.49241805869 4.70803590151 2.86345925059 2.81510201805 2.63718936579 0.901105237701 3.24593578007 ;
1.47546160167 4.70974590868 1.53784621168 2.29765226625 2.18412382093 1.09638358433 2.38782670506 ;
2.61686723039 4.56526574639 3.21818454619 3.31232122366 4.54016111731 2.30781826713 3.43322554813 ;
1.50982351783 4.70159488943 1.65642185321 2.34168307232 2.93568862578 1.10398835662 2.4771751714 ;
2.04689653705 4.76587398607 3.16873493 4.51226391358 2.76416937179 3.85685101134 2.93681015298 ;
2.65842807219 4.64867821483 3.04444221433 3.12839871227 3.71211175209 1.49612029011 3.34862348909 ;
1.72873493371 4.74108186536 2.30351861541 2.64243314055 0.0 1.47809923047 2.68668517227 ;
2.65842807219 4.64867821483 3.04444221433 3.12839871227 3.71211175209 1.49612029011 3.34862348909 ;
1.50982351783 4.70159488943 1.65642185321 2.34168307232 2.93568862578 1.10398835662 2.4771751714 ;
2.04689653705 4.76587398607 3.16873493 4.51226391358 2.76416937179 3.85685101134 2.93681015298 ;
1.72873493371 4.74108186536 2.30351861541 2.64243314055 0.0 1.47809923047 2.68668517227 ;
2.61756967243 4.63025757459 3.07920305239 3.25163091057 3.83827334162 1.60493950236 3.34341268052 ;
2.03756043683 4.7674273142 3.16619281174 4.51240409652 2.5273314175 3.85527051598 3.0720376052 ;
1.65227842969 4.75820460173 1.75920017905 2.12062055051 1.70671764583 0.785095703714 3.01225997928 ;
1.844816643 4.62578667845 2.46225307755 2.89468215778 2.05901859885 2.16548423429 0.0 ;
2.81796625956 4.60272357134 3.15619999005 3.23383425125 4.37405814625 1.6088322991 3.41834605676 ;
2.06250307186 4.76344107103 3.17388250212 4.50701114847 2.51951795595 3.85596427706 2.92328173946 ;
1.86042048059 4.52113172586 2.5501884523 2.73450546479 2.57670981243 1.91239980577 1.64381659808 ;
1.84269515373 4.77941493029 2.05760170132 2.43936671427 1.9686827293 0.857510453303 3.1448182208 ;
1.84334107665 4.77877665362 2.05743102912 2.43845722976 1.97329873683 0.855812412802 3.1446011739 ;
2.06250307186 4.76344107103 3.17388250212 4.50701114847 2.51951795595 3.85596427706 2.92328173946 ;
1.86042048059 4.52113172586 2.5501884523 2.73450546479 2.57670981243 1.91239980577 1.64381659808 ;
2.81971580142 4.60311612756 3.15939348803 3.23721365075 4.37425839318 1.6131687743 3.41937876977 ;
2.45412507905 4.65511182083 3.00839668072 3.06616542644 3.72853247934 1.41793051526 3.3436156757 ;
2.05705231681 4.77351556396 3.18022597786 4.52397485653 2.80147203124 3.8582824353 3.12233706746 ;
1.75442529664 4.71157391715 2.82370468068 3.09744672868 0.821826766264 1.85890030839 2.38637653486 ;
1.86432478894 4.71363918624 1.01059058391 2.0700689276 2.20325614465 1.09834332802 2.37248304057 ;
2.05705231681 4.77351556396 3.18022597786 4.52397485653 2.80147203124 3.8582824353 3.12233706746 ;
2.45412507905 4.65511182083 3.00839668072 3.06616542644 3.72853247934 1.41793051526 3.3436156757 ;
1.75442529664 4.71157391715 2.82370468068 3.09744672868 0.821826766264 1.85890030839 2.38637653486 ;
1.86432478894 4.71363918624 1.01059058391 2.0700689276 2.20325614465 1.09834332802 2.37248304057 ;
1.86042048059 4.52113172586 2.5501884523 2.73450546479 2.57670981243 1.91239980577 1.64381659808 ;
2.06250307186 4.76344107103 3.17388250212 4.50701114847 2.51951795595 3.85596427706 2.92328173946 ;
2.81971580142 4.60311612756 3.15939348803 3.23721365075 4.37425839318 1.6131687743 3.41937876977 ;
1.84334107665 4.77877665362 2.05743102912 2.43845722976 1.97329873683 0.855812412802 3.1446011739 ;
2.6139510178 4.56412505243 3.21952954156 3.31692868988 4.54476149363 2.31056160687 3.43521675058 ;
2.04939953003 4.76418515091 3.16990549074 4.50848912097 2.51340095872 3.85577144479 2.90952435958 ;
1.47546160167 4.70974590868 1.53784621168 2.29765226625 2.18412382093 1.09638358433 2.38782670506 ;
2.49413002303 4.70830079142 2.86354096599 2.81386409976 2.63892696265 0.902716290958 3.24534245489 ;
1.86042048059 4.52113172586 2.5501884523 2.73450546479 2.57670981243 1.91239980577 1.64381659808 ;
2.06250307186 4.76344107103 3.17388250212 4.50701114847 2.51951795595 3.85596427706 2.92328173946 ;
2.81906060992 4.60347340274 3.15674566529 3.23296811876 4.37175542291 1.60451907577 3.41951133246 ;
1.8399447287 4.77921016736 2.05501296344 2.43842953709 1.96560825691 0.859215245457 3.14341031689 ;
2.03374517931 4.71697961414 2.82966597764 2.7377293667 2.49691394484 0.803567651245 3.21190193003 ;
2.05503780529 4.76360972341 3.16888181209 4.5078867872 2.52243511183 3.8541420325 2.90983976144 ;
1.91976708663 4.6935918992 1.30678586539 2.33526475393 2.31299204799 1.29894239698 2.24141668236 ;
2.84487321993 4.5718630182 3.20355172172 3.28072083956 4.48151670955 2.26420677211 3.44839703349 ;
1.58105112722 4.74248420009 1.82062073699 2.20711816321 1.84418598526 0.859206446119 3.01618911034 ;
2.70912801559 4.63653470399 3.08818137604 3.23453716607 3.82475438098 1.5841984393 3.35406580686 ;
1.844816643 4.62578667845 2.46225307755 2.89468215778 2.05901859885 2.16548423429 0.0 ;
2.03756043683 4.7674273142 3.16619281174 4.51240409652 2.5273314175 3.85527051598 3.0720376052 ;
2.49413002303 4.70830079142 2.86354096599 2.81386409976 2.63892696265 0.902716290958 3.24534245489 ;
2.6139510178 4.56412505243 3.21952954156 3.31692868988 4.54476149363 2.31056160687 3.43521675058 ;
2.04939953003 4.76418515091 3.16990549074 4.50848912097 2.51340095872 3.85577144479 2.90952435958 ;
1.47546160167 4.70974590868 1.53784621168 2.29765226625 2.18412382093 1.09638358433 2.38782670506 ;
2.04939953003 4.76418515091 3.16990549074 4.50848912097 2.51340095872 3.85577144479 2.90952435958 ;
1.47546160167 4.70974590868 1.53784621168 2.29765226625 2.18412382093 1.09638358433 2.38782670506 ;
2.49413002303 4.70830079142 2.86354096599 2.81386409976 2.63892696265 0.902716290958 3.24534245489 ;
2.6139510178 4.56412505243 3.21952954156 3.31692868988 4.54476149363 2.31056160687 3.43521675058 ;
2.88754114676 4.57915934488 3.16277021521 3.26793300971 4.40583289994 1.69426116839 3.42153155319 ;
2.05637213423 4.76506660683 3.17094096625 4.51082644624 2.52057581343 3.85926809553 2.91347084893 ;
1.89674257043 4.70568911226 1.21443859023 2.30211068902 2.23377596528 1.14853773448 2.19734549695 ;
1.83664360098 4.73402888842 2.80234133665 2.65903119261 2.17471374856 1.06360485516 3.17897747431 ;
2.03156365238 4.71518251143 2.82680315759 2.7473365563 2.50186061236 0.819038716038 3.20911184031 ;
2.84487321993 4.5718630182 3.20355172172 3.28072083956 4.48151670955 2.26420677211 3.44839703349 ;
1.92348290065 4.69596164854 1.29485696897 2.3161030944 2.30527019036 1.28460733794 2.23549368058 ;
2.05464826177 4.76434576414 3.16986010388 4.50931076066 2.51971511617 3.85468486023 2.9093253138 ;
2.06536462843 4.76450923752 3.17319995075 4.50898865618 2.52899437619 3.85571048444 2.9244620718 ;
1.91437942355 4.6915557347 1.31327500911 2.36508244966 2.30903536375 1.32356063147 2.22729606443 ;
2.84150622943 4.5703991709 3.20145043326 3.27637768035 4.48132675103 2.25937440993 3.44932949043 ;
2.02599897031 4.71917079941 2.82904216697 2.72881001525 2.483241333 0.793362005302 3.20868608464 ;
2.66821533844 4.64573730017 3.0545471853 3.16493699824 3.75824661338 1.51149694306 3.34892276374 ;
1.65804316072 4.72922201436 1.79031866351 2.17011527159 1.74296914509 0.953660402965 2.56901738246 ;
0.0 4.67339972094 2.96248416793 4.32398644503 2.64230997172 3.26973832205 2.8502595821 ;
2.32322192744 4.76452132332 3.18155211411 4.50998552374 2.53931192122 3.86625252866 2.91197632911 ;
1.50982351783 4.70159488943 1.65642185321 2.34168307232 2.93568862578 1.10398835662 2.4771751714 ;
2.04689653705 4.76587398607 3.16873493 4.51226391358 2.76416937179 3.85685101134 2.93681015298 ;
1.72873493371 4.74108186536 2.30351861541 2.64243314055 0.0 1.47809923047 2.68668517227 ;
2.65842807219 4.64867821483 3.04444221433 3.12839871227 3.71211175209 1.49612029011 3.34862348909 ;
2.65842807219 4.64867821483 3.04444221433 3.12839871227 3.71211175209 1.49612029011 3.34862348909 ;
1.72873493371 4.74108186536 2.30351861541 2.64243314055 0.0 1.47809923047 2.68668517227 ;
2.04689653705 4.76587398607 3.16873493 4.51226391358 2.76416937179 3.85685101134 2.93681015298 ;
1.50982351783 4.70159488943 1.65642185321 2.34168307232 2.93568862578 1.10398835662 2.4771751714 ;
2.65842807219 4.64867821483 3.04444221433 3.12839871227 3.71211175209 1.49612029011 3.34862348909 ;
1.50982351783 4.70159488943 1.65642185321 2.34168307232 2.93568862578 1.10398835662 2.4771751714 ;
2.04689653705 4.76587398607 3.16873493 4.51226391358 2.76416937179 3.85685101134 2.93681015298 ;
1.72873493371 4.74108186536 2.30351861541 2.64243314055 0.0 1.47809923047 2.68668517227 ;
2.6139510178 4.56412505243 3.21952954156 3.31692868988 4.54476149363 2.31056160687 3.43521675058 ;
1.47546160167 4.70974590868 1.53784621168 2.29765226625 2.18412382093 1.09638358433 2.38782670506 ;
2.04939953003 4.76418515091 3.16990549074 4.50848912097 2.51340095872 3.85577144479 2.90952435958 ;
2.49413002303 4.70830079142 2.86354096599 2.81386409976 2.63892696265 0.902716290958 3.24534245489 ;
1.50982351783 4.70159488943 1.65642185321 2.34168307232 2.93568862578 1.10398835662 2.4771751714 ;
2.04689653705 4.76587398607 3.16873493 4.51226391358 2.76416937179 3.85685101134 2.93681015298 ;
2.65842807219 4.64867821483 3.04444221433 3.12839871227 3.71211175209 1.49612029011 3.34862348909 ;
1.72873493371 4.74108186536 2.30351861541 2.64243314055 0.0 1.47809923047 2.68668517227 ;
2.49413002303 4.70830079142 2.86354096599 2.81386409976 2.63892696265 0.902716290958 3.24534245489 ;
2.04939953003 4.76418515091 3.16990549074 4.50848912097 2.51340095872 3.85577144479 2.90952435958 ;
1.47546160167 4.70974590868 1.53784621168 2.29765226625 2.18412382093 1.09638358433 2.38782670506 ;
2.6139510178 4.56412505243 3.21952954156 3.31692868988 4.54476149363 2.31056160687 3.43521675058 ;
1.6533909309 4.72995703306 1.79099869467 2.16981748293 1.73775144426 0.949558130516 2.57586826757 ;
2.66821533844 4.64573730017 3.0545471853 3.16493699824 3.75824661338 1.51149694306 3.34892276374 ;
0.0 4.67257957165 2.95949816321 4.33187230296 2.68174743398 3.29268395534 2.84954816693 ;
2.32220086793 4.76352395404 3.18067091064 4.50829475662 2.53835725321 3.8651070965 2.90360858104 ;
1.50982351783 4.70159488943 1.65642185321 2.34168307232 2.93568862578 1.10398835662 2.4771751714 ;
2.65842807219 4.64867821483 3.04444221433 3.12839871227 3.71211175209 1.49612029011 3.34862348909 ;
2.04689653705 4.76587398607 3.16873493 4.51226391358 2.76416937179 3.85685101134 2.93681015298 ;
1.72873493371 4.74108186536 2.30351861541 2.64243314055 0.0 1.47809923047 2.68668517227 ;
2.03374517931 4.71697961414 2.82966597764 2.7377293667 2.49691394484 0.803567651245 3.21190193003 ;
2.84487321993 4.5718630182 3.20355172172 3.28072083956 4.48151670955 2.26420677211 3.44839703349 ;
1.91976708663 4.6935918992 1.30678586539 2.33526475393 2.31299204799 1.29894239698 2.24141668236 ;
2.05503780529 4.76360972341 3.16888181209 4.5078867872 2.52243511183 3.8541420325 2.90983976144 ;
1.72873493371 4.74108186536 2.30351861541 2.64243314055 0.0 1.47809923047 2.68668517227 ;
1.50982351783 4.70159488943 1.65642185321 2.34168307232 2.93568862578 1.10398835662 2.4771751714 ;
2.65842807219 4.64867821483 3.04444221433 3.12839871227 3.71211175209 1.49612029011 3.34862348909 ;
2.04689653705 4.76587398607 3.16873493 4.51226391358 2.76416937179 3.85685101134 2.93681015298 ;
2.05689872308 4.76224634497 3.17069762648 4.50628879307 2.50967572587 3.8576967745 2.9147702379 ;
1.55882816834 4.67985413225 2.72955188339 2.50381127297 1.74078276733 1.21930136153 2.54215648599 ;
2.70377054107 4.66069656915 2.99649610223 3.1521712156 3.88051164332 1.49712603804 3.36272941755 ;
1.71557879662 4.74185991008 0.0 1.89965010049 1.98494197309 0.668833304618 2.78697556083 ;
1.50982351783 4.70159488943 1.65642185321 2.34168307232 2.93568862578 1.10398835662 2.4771751714 ;
1.72873493371 4.74108186536 2.30351861541 2.64243314055 0.0 1.47809923047 2.68668517227 ;
2.65842807219 4.64867821483 3.04444221433 3.12839871227 3.71211175209 1.49612029011 3.34862348909 ;
2.04689653705 4.76587398607 3.16873493 4.51226391358 2.76416937179 3.85685101134 2.93681015298 ;
1.47546160167 4.70974590868 1.53784621168 2.29765226625 2.18412382093 1.09638358433 2.38782670506 ;
2.49413002303 4.70830079142 2.86354096599 2.81386409976 2.63892696265 0.902716290958 3.24534245489 ;
2.04939953003 4.76418515091 3.16990549074 4.50848912097 2.51340095872 3.85577144479 2.90952435958 ;
2.6139510178 4.56412505243 3.21952954156 3.31692868988 4.54476149363 2.31056160687 3.43521675058 ;
2.04689653705 4.76587398607 3.16873493 4.51226391358 2.76416937179 3.85685101134 2.93681015298 ;
2.65842807219 4.64867821483 3.04444221433 3.12839871227 3.71211175209 1.49612029011 3.34862348909 ;
1.50982351783 4.70159488943 1.65642185321 2.34168307232 2.93568862578 1.10398835662 2.4771751714 ;
1.72873493371 4.74108186536 2.30351861541 2.64243314055 0.0 1.47809923047 2.68668517227 ;
2.81971580142 4.60311612756 3.15939348803 3.23721365075 4.37425839318 1.6131687743 3.41937876977 ;
2.06250307186 4.76344107103 3.17388250212 4.50701114847 2.51951795595 3.85596427706 2.92328173946 ;
1.86042048059 4.52113172586 2.5501884523 2.73450546479 2.57670981243 1.91239980577 1.64381659808 ;
1.84334107665 4.77877665362 2.05743102912 2.43845722976 1.97329873683 0.855812412802 3.1446011739 ;
2.65981421656 4.648195396 3.04822566568 3.15226730502 3.71873797573 1.49438530205 3.35032749155 ;
1.72873493371 4.74108186536 2.30351861541 2.64243314055 0.0 1.47809923047 2.68668517227 ;
2.04689653705 4.76587398607 3.16873493 4.51226391358 2.76416937179 3.85685101134 2.93681015298 ;
1.53154373539 4.70149521649 1.67813529894 2.30727138124 2.938135954 1.11615245854 2.49225147402 ;
1.8399447287 4.77921016736 2.05501296344 2.43842953709 1.96560825691 0.859215245457 3.14341031689 ;
2.06250307186 4.76344107103 3.17388250212 4.50701114847 2.51951795595 3.85596427706 2.92328173946 ;
1.86042048059 4.52113172586 2.5501884523 2.73450546479 2.57670981243 1.91239980577 1.64381659808 ;
2.81906060992 4.60347340274 3.15674566529 3.23296811876 4.37175542291 1.60451907577 3.41951133246 ;
