cluster 0
size:826
#377eb8
[ 2.50187326  4.70034833  2.856377    2.75774406  2.44290466  0.87326737
  3.25843466]

cluster 1
size:410
#ff7f00
[ 1.21772316  4.70591079  2.36992849  1.97029709  2.04625912  0.9043003
  1.98860339]

cluster 2
size:607
#4daf4a
[ 1.77928487  4.75320352  2.70912892  2.06563827  4.08367116  1.29691502
  3.32494972]

cluster 3
size:390
#f781bf
[ 2.10418091  4.68817061  3.10516431  4.39639961  2.73677738  3.82015833
  2.80652733]

cluster 4
size:400
#a65628
[ 3.0129797   4.40537878  3.44970011  3.5505524   4.76192522  2.38855231
  3.43410042]

cluster 5
size:376
#984ea3
[ 1.65910293  4.71694718  0.          1.74387034  2.39602556  0.77489825
  2.79396739]

