2.98071907472 4.48956993364 3.33861099637 3.64182132359 4.57201551457 2.06948683726 3.42679730749 ;
1.7961737232 4.72593230057 0.04618266124 1.77510186153 2.6593082692 0.692029257201 3.06400534617 ;
2.4363333695 4.73250301766 2.71461947864 2.43320341205 3.23442089239 0.152362459603 3.19359821618 ;
2.17581948642 4.68035507846 3.08614034981 4.35781191575 2.68291850182 3.72341092619 2.83171343634 ;
2.06685036424 4.77338849929 2.59268914015 2.66932153404 0.626167849492 0.902861209748 3.09474542418 ;
0.111675032559 4.72052379204 2.49487829444 1.76780815985 3.70060125087 1.08350443233 3.20444485961 ;
2.27012684555 4.73310053425 2.68290094802 1.96905523701 3.74220012035 1.86210449703 3.25232659182 ;
1.81685681277 4.6617360893 1.92486340477 2.28940812799 1.97132199609 0.976413369874 0.025052931064 ;
0.770783355851 4.75520415748 1.99276736135 0.585426811348 0.933287448132 0.508294123016 2.81611249024 ;
1.85005053429 4.7676291815 2.09819776624 2.18019780894 0.174026353818 0.653825686818 3.07322536832 ;
2.9573804789 4.49900730851 3.30923369356 3.54580685795 4.55617447726 2.27091390658 3.4120276192 ;
1.19138929681 4.73010597341 2.57656179399 1.21962100507 3.95130093369 0.128640888536 3.21068489745 ;
2.19066672933 4.68082552583 3.08611937104 4.3481725013 2.66726591861 3.7121401652 2.83991842438 ;
1.74545162774 4.66597830955 1.93367109797 2.1952791769 1.91422543142 0.941103645247 0.0360958879751 ;
1.29019241976 4.71997474601 2.6529231302 1.70435692478 4.13796543058 1.95099691363 3.29877761662 ;
1.72709359802 4.72263261928 0.0489064675978 1.77250983019 2.91252849132 0.748129787278 3.05371670766 ;
0.830917462261 4.77338084092 2.34875692276 1.17822377432 1.67663390116 0.728435679643 2.9784631341 ;
2.60919119175 4.70853667563 2.80246212042 2.85345305633 3.217796314 0.518869806783 3.21042298792 ;
0.850647863603 4.62819694169 2.84992172772 4.1693910738 2.50154488043 3.29210487048 1.5892268063 ;
1.8046206393 4.71764180931 0.0370523002638 1.84557023154 2.95063683926 0.736319189505 2.82440695553 ;
2.94902000805 4.48659403839 3.33184387736 3.58596647354 4.60194157674 2.26374729457 3.42213803709 ;
0.840578129227 4.74960214873 1.86410625216 0.592527189254 1.10930906286 0.507370785678 2.41650871223 ;
2.48246429953 4.69319220007 3.13107018572 4.352273498 2.75933573818 3.73107764614 3.10014946902 ;
2.54232389834 4.68757803341 2.77807014324 2.49976201486 3.97751464029 0.772764450408 3.20985098554 ;
1.879634597 4.74829280686 2.21152125507 2.56898107049 0.0619588785426 0.833671609544 2.80656829498 ;
2.29124789495 4.76719571752 2.66842799381 2.64205903593 2.25377380633 0.709588492435 2.868267891 ;
0.639107163491 4.72509594874 2.58748200818 1.27300151682 3.91596935057 1.21006020096 3.2079862479 ;
2.68067252569 4.60008752674 3.05280587868 3.65295956402 3.86127368184 0.0856625319096 3.23629532648 ;
1.35752347485 4.76491810195 2.02748948667 1.60589766282 0.350220765327 0.55186263116 3.02771308307 ;
2.53537433876 4.74378990933 2.75706275245 2.94329451337 2.30121297655 1.67199822135 3.16197323274 ;
2.86815034201 4.50269959478 3.28857547042 3.47125296997 4.60639720769 2.29181346792 3.42256604455 ;
1.75147520322 4.66198444066 1.92355306887 2.16681806565 1.92403781322 0.94256853326 0.0341551082622 ;
2.28037584962 4.7679184872 2.61288273524 1.89395505713 3.26355634439 0.170289920215 3.18792321295 ;
2.14130835983 4.68210379184 3.09511478091 4.38700261199 2.71552779047 3.83376573172 2.80465942264 ;
1.71512670491 4.72288324118 0.0623061137068 1.75899136183 2.90709423834 0.735994822525 3.0512088848 ;
0.733794205339 4.72883937035 2.59715415676 1.3221550862 3.77422236317 1.40116759689 3.22915972073 ;
2.21584811585 4.72980598185 2.70283372167 1.98457605048 3.95117686561 1.0387534097 3.28527977169 ;
2.1261132142 4.67672935055 3.08478591842 4.37276126029 2.71221992136 3.82545120877 2.76332586025 ;
1.36209631148 4.74872459446 1.85176526041 1.54141511823 0.0739931239099 0.614089806497 2.69392886606 ;
0.0493291380037 4.73095924598 1.92601152127 1.98239315105 2.495646824 0.42591419094 2.68160530344 ;
2.17215861617 4.71671119443 0.0407011630023 1.92358796563 2.95776881334 0.742464852265 2.82142031834 ;
2.92766165908 4.49697859856 3.30529358866 3.58381431972 4.57057035506 1.95666378396 3.39843301413 ;
2.61406211547 4.73257996185 2.80338720116 3.41879046179 1.87917709161 1.27673609059 2.94201536393 ;
2.29449972234 4.77974439678 2.53144974375 1.74837222711 2.39514907787 0.366278356237 2.57003146125 ;
0.262358599365 4.7162221595 2.15456782881 0.955633643036 3.9183934294 1.50908072667 3.2120772601 ;
2.58867113931 4.74583211894 2.75609660567 3.06009590342 2.11558064447 1.49083047051 2.83745043835 ;
1.38002145762 4.72791964629 0.0819929283803 1.40450379385 1.40617599301 0.478644085515 2.58131380928 ;
2.90853319683 4.50109148344 3.29924062834 3.47771316315 4.59403906885 2.31261225006 3.41700310042 ;
2.10858145185 4.67673409623 3.07940819954 4.37273807676 2.70187592182 3.81790705619 2.75842914021 ;
1.22082656093 4.75623821492 2.49766604412 1.50285733467 0.861585524478 0.526711048066 2.57865918634 ;
1.97632870721 4.70370183262 0.0666841136182 2.06600589147 3.55147603475 1.01511296757 2.99269441357 ;
2.69656168868 4.55071069437 3.10633472008 3.71219734568 4.18854190637 0.115593756104 3.20142178893 ;
0.881028075414 4.72680642512 2.6207045787 1.47862236646 3.9579972433 1.5016293369 3.22548417044 ;
2.37533098935 4.76672397309 2.64316395658 2.00310279238 3.35793466397 0.163927861334 3.15110844879 ;
1.68824069422 4.72567567465 2.70491338801 1.77942816991 4.07716712833 1.82964788283 3.30355371117 ;
1.50839200928 4.7522671414 2.00512109856 1.86971840849 0.0729989381443 0.661882047268 2.78667174128 ;
2.24482273404 4.68905553761 3.06603868589 4.31268482348 2.59437094308 3.56045383275 3.12603219243 ;
0.145265120138 4.724733209 1.77764748698 1.15624422071 3.03828051062 0.594903019965 2.84769902081 ;
2.96881872619 4.48592566618 3.33156804223 3.58558220771 4.58808436012 2.31053581814 3.43079947468 ;
2.16111962807 4.72048156237 0.0488685135567 1.87438391474 2.91196422161 0.740958435743 2.83475307144 ;
2.61522959534 4.67549884806 2.8683061702 2.96269338953 3.79473125393 0.189505928828 3.19945868035 ;
2.12782534407 4.78042602512 2.60218751068 1.97668066143 2.17028937165 0.686171928044 2.95131178335 ;
2.0353648595 4.64290321338 2.78799794659 3.55502859455 2.50942919178 2.5821398892 0.0663422439241 ;
2.63704535362 4.70526268345 2.83673358908 2.91161156474 3.4466582638 0.248328982055 3.23464052225 ;
0.76033624819 4.73867878065 2.40663932222 0.749792265875 3.52031726399 0.691688202739 3.07368317983 ;
2.22543320673 4.68694076024 3.07154084076 4.3310463235 2.62200191404 3.65437780196 3.09854588427 ;
1.85653032719 4.72512023503 2.64480987178 2.1588746231 3.751738233 1.85670678887 3.25302925128 ;
1.68353823182 4.72397824177 0.0629621789661 1.72746881861 2.34162848691 0.669291656219 2.83784397291 ;
1.55826782009 4.77066351994 2.54170185547 1.97155905361 0.762638877707 0.625098773024 2.95016475688 ;
3.20592379812 4.5614902007 3.52008256943 3.81394729597 4.87631117182 2.71268648059 3.59771869102 ;
1.89527353617 4.63659839888 2.56497015947 3.06981235224 2.31757897212 1.90492791176 0.0491896284873 ;
2.8618495518 4.45043357558 3.25310802003 3.51285406147 4.44092882907 2.1141328943 3.34068444944 ;
1.79660156277 4.7235202984 0.0421694953361 1.65030700484 2.78831314879 0.691880813825 3.04499715268 ;
2.97967717206 4.48479285376 3.36117002796 3.63982095127 4.61150629136 2.28134603469 3.41638948454 ;
1.74907945457 4.65987427125 1.94119919178 2.20690222452 1.93920330891 0.95955791799 0.0238599343467 ;
0.142276227772 4.71154218152 2.5520699531 1.74653133146 4.08696902024 1.36885593756 3.25880071789 ;
2.51937831289 4.68022701958 2.83156923844 2.58029126987 3.81897065724 0.0510977592841 3.25626094638 ;
2.21842272741 4.68473322963 3.07460375913 4.31167475079 2.61867699003 3.58208609971 2.87397582384 ;
0.190966551338 4.75886567313 2.06873996368 1.34351385915 1.32833915838 0.547082426964 2.96551349059 ;
2.18843075876 4.77704737261 2.4554699665 2.19334401224 1.1208860839 0.660795016864 3.10248241643 ;
2.33747932914 4.73056146173 2.63026989131 2.02178775915 3.75857031025 1.8522778892 3.24362463005 ;
2.15823940885 4.67946614753 3.07593829083 4.35389174162 2.67875695454 3.73506180494 2.82808258804 ;
1.27318070082 4.73894553523 2.60146682838 1.51258776742 3.70781604336 0.190994334893 3.20080465515 ;
2.98455405905 4.47443213566 3.3720726805 3.61375159267 4.61797871897 2.3508237452 3.4303056449 ;
1.81500787075 4.72128137316 0.0522832459267 1.85442172852 3.01425016169 0.775747578625 3.07078658068 ;
2.10378587676 4.77181674519 2.61306052067 2.52425487879 1.26102528632 0.831842247202 3.11653051887 ;
0.790397869528 4.7528759145 1.63903767667 0.864658653354 0.85141912068 0.526747310502 2.95358421275 ;
1.76618822444 4.72899728735 2.66716805017 1.9154923055 3.93341556302 1.91200136445 3.27040047525 ;
2.87031016721 4.66693168851 2.95111311279 3.33004924291 3.66738174917 0.325678358263 3.22514515955 ;
1.76143227986 4.66178114645 1.9221157973 2.196912761 1.93518868508 0.955659762888 0.0243570163122 ;
1.96423805793 4.69789071278 0.0853613593623 1.90137457723 3.63727933214 0.990402166468 2.96133302152 ;
2.52957139921 4.69089103075 2.84271263671 2.84775738701 3.64568418071 0.0486225157831 3.14579439737 ;
2.91796147904 4.49428994546 3.32572753928 3.54812730274 4.60226653161 2.29404373545 3.42205587204 ;
2.51459271619 4.74327977754 2.64470481799 2.45343351368 2.90411379136 1.67191150494 2.98003738874 ;
2.19057305324 4.76735032086 2.62587591013 2.27588560515 0.634410417616 0.560516714829 2.80085877202 ;
1.42419027175 4.73248507492 0.0707613699148 1.51312263672 1.43705227078 0.478761616374 2.64413266044 ;
2.13515375711 4.67539997749 3.07864164613 4.36524636427 2.66708440156 3.74696456612 2.7352377514 ;
0.837684392393 4.722514196 2.64134436487 1.30104038659 4.08255086132 1.32672107711 3.238813113 ;
0.400139701887 4.75174587259 2.42155246759 1.29740994223 1.36444481174 0.596675720642 2.48825033509 ;
0.164605213597 4.72932694261 2.42811865982 1.45573424401 3.48869177514 1.00151532981 3.1802798954 ;
2.96046164064 4.48948900762 3.35178836842 3.61273332648 4.5588944767 2.32251551114 3.43156842644 ;
2.35404289664 4.76723669891 1.89090655118 2.36537492473 2.50868227769 0.500280920635 3.10477413419 ;
1.83350247422 4.64802629491 2.03333344746 2.41057231054 2.04150276598 1.12350649901 0.0275908260065 ;
0.918781158628 4.72569462339 0.25647505211 0.94469057177 1.78445871329 0.363479384513 2.75401444838 ;
2.23561656507 4.72732006994 2.30899791026 1.85257823402 3.82054784582 1.79900386622 3.21835767527 ;
2.1912129356 4.68749237657 3.07463566501 4.33892804161 2.60481067135 3.61208541904 2.87556719895 ;
2.56525947738 4.65538431729 2.94550654371 2.92345294582 4.06539856054 0.0808772285236 3.30107912218 ;
1.68030711873 4.76892650918 2.32188937532 1.92469519557 0.26033264635 0.688179489531 3.06558335022 ;
1.8403239829 4.77802689416 2.61467801375 2.24564788593 1.13737300313 0.685185395428 3.09739108688 ;
2.20652558834 4.68376747717 3.07209396502 4.33298368266 2.64877007826 3.62962674186 2.8618156148 ;
2.19782940656 4.72472572042 2.70677924754 2.21322753964 3.8038693772 1.85260439028 3.26934603441 ;
2.98267838351 4.47548892517 3.37179439138 3.63625592402 4.62380901415 2.33085355101 3.41763206116 ;
2.07031342377 4.7116633355 0.0723610760656 2.12865439154 3.42550134058 0.912724652224 3.10005907283 ;
1.74907945457 4.65987427125 1.94119919178 2.20690222452 1.93920330891 0.95955791799 0.0238599343467 ;
2.58701945928 4.67540965036 2.87800033398 2.91560079399 3.83138644958 0.0646585027296 3.25704919627 ;
0.576314796726 4.73930526885 2.47375924216 0.889845658934 3.46894331269 0.879363258995 3.1470425465 ;
1.19491698556 4.73712225191 0.225032561946 1.21374468367 1.21996765357 0.50481554932 2.95667585587 ;
1.77705868064 4.73431540242 2.65586648244 1.88220957661 3.8516610866 1.88063108919 3.23095119238 ;
2.95681146067 4.480561939 3.34952544417 3.59774977761 4.59033140743 2.33598279527 3.42950409852 ;
1.78846945042 4.72070360374 0.0452838034999 1.87096408236 2.91312594513 0.752517453266 2.79344121363 ;
1.39041487524 4.75572313685 1.87132316247 1.48252624152 0.153380803859 0.549430554497 2.75427578665 ;
2.1379770581 4.67930612599 3.08492495575 4.36940518059 2.75236106027 3.80563114088 2.78128961154 ;
2.35316499113 4.7701168575 2.64081671003 2.07505320274 3.23544744334 0.153238446479 3.10188103298 ;
2.71793388413 4.58406334625 3.07673975117 3.73496010868 3.97158179317 0.238416060861 3.17010921087 ;
0.519915338072 4.74103240427 2.30409675232 0.857283145135 2.69033072643 0.536972529769 2.6940260781 ;
2.26743946383 4.71856964047 2.70325528114 3.38726669684 1.3618306099 1.43495510549 2.58460436505 ;
1.45691370534 4.77406453032 2.56077189784 1.77770063339 1.00415615771 0.572392225815 3.04709254217 ;
1.16912265042 4.7284782286 2.6390583291 1.45232625642 4.05300348106 1.20569500552 3.27176155385 ;
2.65397538567 4.73887733832 2.76318144457 2.8424236676 2.86231007821 1.77222973777 3.20378967963 ;
2.07638922686 4.71668442129 0.0825228664991 2.10717393606 3.2867769208 0.92885257919 3.09608759819 ;
1.0623666417 4.730839895 0.122227038477 1.08440544234 1.32210054681 0.448638591841 2.90331009339 ;
2.13203373229 4.68233356385 3.08915312991 4.38227560167 2.68221154784 3.81113986165 2.80046235684 ;
2.64616435407 4.68280209933 2.86824099536 3.03014182948 3.59037479386 0.0362423380434 3.24031722082 ;
2.93304234148 4.47203942557 3.35876809018 3.59429742874 4.67251661206 2.32112455106 3.43048735125 ;
1.78231132184 4.66246620849 1.9768514059 2.21915070719 1.97359593886 0.962342698293 0.0245273450976 ;
2.12463622864 4.67331593998 3.06288499018 4.34835547992 2.63756689101 3.73167260928 2.73730671836 ;
1.91597442839 4.74223147369 2.54175310181 1.31695715659 3.5541413151 0.113862697701 3.02870116761 ;
1.08870535833 4.73497576892 1.79552014406 1.35382623232 0.408930909662 0.630323315684 2.31853648046 ;
2.89557648194 4.65740591246 2.97210223386 3.46077034909 3.58392422163 0.461754576144 3.13290153299 ;
0.0637052184132 4.72557774476 2.60161992534 1.79785812116 3.59094589904 1.1498234414 3.15254105101 ;
2.97890102657 4.46873634243 3.37538747906 3.63055250997 4.65399090111 2.37363618576 3.42963776828 ;
2.30880223374 4.73461634885 2.67273350287 1.98969792772 3.88790964108 1.88607036313 3.18967976469 ;
1.72866967238 4.7183143237 0.0194700211061 1.79591841784 2.910788951 0.732995900072 2.82233603926 ;
2.24349579291 4.77540681442 2.64797111791 2.48454695781 1.50846696536 0.786552479995 3.01060073678 ;
1.54060846526 4.72302339513 2.67767404723 1.96688973783 3.99592265165 1.72015588286 3.26209838396 ;
1.86335130088 4.77593755543 2.601545357 2.32757930034 1.14585176677 0.759279721116 3.11638703638 ;
2.19981098009 4.68080235549 3.07353388698 4.32694251899 2.65482022278 3.65496409966 2.85699926369 ;
1.6843211313 4.67433754926 2.03929933412 2.14425198004 1.74163420228 0.954758715431 0.0445137961599 ;
2.97455602689 4.48869900023 3.34050676843 3.58880038315 4.57042779541 2.31552110871 3.4117722342 ;
2.67693150463 4.67947703341 2.88487447274 2.93853246147 3.76938393497 0.17598001131 3.22596063788 ;
0.767466862122 4.75016318252 2.35387428061 0.540574824097 2.92982568786 0.556833145491 3.06903372605 ;
2.27453193835 4.70401655937 0.124399040363 2.20786747507 3.5151460759 0.986201321475 2.89640995942 ;
1.24427374996 4.73823588365 0.0767903129025 1.34918791383 1.4620780681 0.485311261015 3.00730535557 ;
2.90484372348 4.50479663713 3.29120070961 3.51343099314 4.56039525749 2.30413772428 3.41332534999 ;
0.0774516804325 4.73305641387 2.56091354712 1.54372790234 3.43493909398 1.01930245516 3.17224250172 ;
1.7125982311 4.72024787875 0.051181208776 1.76603015572 2.94938836057 0.747650006527 3.05353100972 ;
2.39008354098 4.75479802821 2.71500735671 2.92557585133 1.94978135334 0.990646138451 3.15051056175 ;
2.14784048366 4.68160436421 3.09460589841 4.38187461851 2.70910264762 3.81583304033 2.81024460431 ;
1.39103703366 4.76447109339 1.93704239768 1.42985316136 0.284015402613 0.552645378605 3.01334983065 ;
2.06897149828 4.74493055079 2.63285379913 1.54538693447 3.81429432068 1.1258632782 3.22913404909 ;
2.8450258303 4.63735785543 2.95569458291 3.11254224167 4.04229800973 0.0915517935335 3.28339115068 ;
1.76315517818 4.66377148736 1.93307989331 2.18038869333 1.93514673017 0.936156502421 0.033922760587 ;
2.58619002202 4.67155580651 2.85584619643 2.72910785891 3.99316341185 0.215740650894 3.18659394804 ;
2.106698211 4.67651477025 3.08015196905 4.37430494754 2.6983920296 3.82256357382 2.75568148713 ;
0.943811297777 4.69855990056 1.13650428133 0.958257242885 1.62964999495 0.496186723356 1.44289211777 ;
2.78521148873 4.73095175566 2.84067410393 3.51967960088 2.05414883724 1.39239253254 2.7723920986 ;
2.88755662524 4.50235134444 3.2886449293 3.4809580015 4.57667724318 2.3019128004 3.40588221937 ;
1.73924896579 4.78861818411 2.59099467094 1.97142051152 2.18117740958 0.577650065096 3.13240944748 ;
1.01581469049 4.72679380729 2.60192448124 1.32832880709 4.0037211464 1.43952786996 3.26242298398 ;
1.95121766602 4.71669190485 0.0554383180726 1.98308378114 3.08971903112 0.815223909425 3.00530716109 ;
1.46944538358 4.76574738637 2.11903001129 1.81034726322 0.07175508507 0.671512464898 2.97991617243 ;
2.11170679363 4.70620378259 0.0663095609285 2.11952563081 3.43284703254 1.00282103217 2.94840589226 ;
2.11332251675 4.67602563807 3.07812626452 4.36900262866 2.69442684974 3.80311335038 2.75503351817 ;
2.3534586182 4.75028137365 2.697962222 3.03828065332 1.53840813048 1.18590173382 2.86730221496 ;
2.44410130341 4.76519447325 2.61934231325 2.01635138286 3.32692043383 0.324869875163 3.00398038081 ;
2.73053505078 4.54891364682 3.10563961897 3.71647111124 4.22969579865 0.126825286373 3.18721096474 ;
1.06320236496 4.72516356663 2.64453026022 1.5307605542 4.02930787229 1.5330624403 3.2681756579 ;
1.17502765841 4.73150430179 0.0706902917167 1.24790100455 1.4508907417 0.434081884832 2.62108036219 ;
2.94615734362 4.50325714354 3.3005069482 3.50555018114 4.5289481382 2.3114236593 3.40838235225 ;
0.931569249938 4.7574865258 2.470008999 1.27921181762 0.938931065326 0.522758235799 2.55594156126 ;
2.11149330367 4.67667660765 3.0795122592 4.37462506535 2.69659316303 3.82407728444 2.75235469343 ;
1.47052882798 4.72296905665 2.67778235378 1.76168327918 4.08402276963 1.93901985554 3.30163200324 ;
2.00168985132 4.76967622669 2.60613808463 2.49698889692 1.18277089968 0.737493319743 2.75626259117 ;
0.994140436977 4.73292028403 1.424848162 0.965294023894 0.496531066473 0.527417722841 2.45974377394 ;
2.64807322269 4.66340722546 2.90085172251 2.95480962852 3.91804530728 0.0552412830888 3.19831473485 ;
2.96207892699 4.46797188776 3.36668695713 3.60615406477 4.67557965 2.33257560334 3.42959290799 ;
1.78701713547 4.71803852256 0.0569131167663 1.86364965861 2.99028025306 0.758218652326 2.82841385889 ;
0.820912029867 4.74345183949 2.53392469188 1.07883984325 3.27793252015 0.333477893674 3.05394639441 ;
2.82971209638 4.73409768692 2.80698453086 3.11524837347 2.80480637535 1.65875631531 2.93699617759 ;
2.96298018004 4.48299391297 3.35666896858 3.60707940081 4.62041139155 2.34083173463 3.43153537857 ;
1.21907093144 4.75545679484 2.53806344772 0.199929629521 3.29974752481 0.873283592156 3.10922902781 ;
0.107839994229 4.7230280301 2.57959548728 2.23695476582 3.42055599736 1.03321332737 3.15482388473 ;
2.49507222551 4.68466147736 2.78392539197 2.53212723823 4.02444576003 0.839110203694 3.26822072016 ;
2.15067355109 4.68070691055 3.09012281077 4.37623569825 2.69714281072 3.80871551342 2.81290660306 ;
1.40922829995 4.7652065756 1.89831782303 1.57743081221 0.132798014314 0.611896769126 3.03385128451 ;
1.72502666015 4.7206635398 0.0477335992247 1.75200858738 2.9360436544 0.734479369117 3.0534334802 ;
1.76105945084 4.66366348012 1.93623117154 2.19532286246 1.93304259765 0.94256853326 0.0240233585545 ;
2.45359461772 4.76196036438 2.73264915177 2.8616741814 2.03141687512 0.914527695059 3.16425126128 ;
2.97880504213 4.48398854037 3.35069575921 3.63507926444 4.61300390214 2.08143786332 3.42347316244 ;
2.25505305806 4.70300623996 2.7364419839 2.18634275777 4.03267472341 1.2653342144 3.27867633132 ;
1.56146286619 4.76153242746 2.02216644059 1.81439842605 0.136256241834 0.668469514803 3.0546456972 ;
2.50962506823 4.76812531144 2.6891101873 2.6924246488 2.57077414867 0.545932045369 3.16281026669 ;
1.05043452765 4.74121495422 2.13680481754 0.0665435927654 3.25059272306 0.861476399563 3.07511448403 ;
2.19837550276 4.68102888005 3.08904195847 4.34021712739 2.649461524 3.69419376077 2.84411132424 ;
0.0839357615132 4.72393419729 2.57272141279 2.20387529034 3.39699966372 1.00343024618 3.15072768428 ;
1.8371053113 4.72262247675 0.0326533006718 1.93706603027 2.89708578141 0.741114624118 3.05294372728 ;
1.76105945084 4.66366348012 1.93623117154 2.19532286246 1.93304259765 0.94256853326 0.0240233585545 ;
2.11024200732 4.67649259268 3.07735181502 4.36993603769 2.70161397172 3.81154468092 2.75071797311 ;
2.63848561317 4.66771523973 2.81735740115 2.8542928221 3.96644891198 0.133853312857 3.16035324182 ;
1.60767479602 4.75289519544 2.5105592093 2.09396513959 0.043044598922 0.768755893276 2.70586167908 ;
0.185811415775 4.72647585422 2.33259728399 1.03128864225 3.43451297395 0.864977805823 2.94581399827 ;
1.85588121999 4.78027894178 2.49618358159 1.67786928413 2.06085123483 0.171417865546 2.71992268691 ;
2.9370304872 4.48494902949 3.33662809449 3.60712157383 4.61053227203 2.31546543994 3.42039536202 ;
1.9761387198 4.72814894732 2.67075340372 1.74569941868 4.02756108663 1.79178481938 3.25136557952 ;
1.67104630369 4.72119238539 0.0193334818087 1.72068586538 2.33123693719 0.698941051199 2.76828900308 ;
2.42896019707 4.73852034983 2.77117679539 3.12363742792 2.26358811407 1.42445280774 2.91786231687 ;
1.71821381549 4.77399111634 2.55531345622 1.98958180535 0.524648197709 0.583282720383 2.99361834915 ;
2.92595452452 4.48929173478 3.34488036715 3.60358233527 4.62300450266 2.29645545891 3.42908602504 ;
2.32224328802 4.73854102312 2.68548389381 2.15144831431 3.28738343499 1.72129817162 3.20635234805 ;
2.51949812843 4.69414346357 2.84365312869 2.82435503957 3.65146664688 0.0412050987299 3.24962128086 ;
2.24003066622 4.6859648041 3.08355088129 4.34160783387 2.64232780505 3.65124963466 3.09220097202 ;
0.358698060991 4.73389547978 2.46121159902 1.14630323535 3.41819750299 0.869412146098 3.08093725364 ;
1.13898201267 4.72324230062 0.132376868094 1.19086095238 1.20588606201 0.429143089084 2.55395196376 ;
2.08175864484 4.71662090841 0.0842568909002 2.10240453231 3.29637210349 0.885484007937 3.03311002567 ;
1.90150432348 4.63776531452 2.54157887789 3.05736692293 2.33841546139 1.84905328793 0.0320045744605 ;
2.66706560681 4.7099896733 2.80383097986 2.89968730521 3.32795756702 0.725793393804 3.22398641761 ;
2.40343035015 4.68087134465 3.10696244287 4.36574231373 2.71490162518 3.77173259195 2.88624312887 ;
1.88804856542 4.7321327473 0.770943219445 1.66427629186 3.02831796321 0.58353058358 3.05178156031 ;
1.06282095988 4.72877555135 2.65474442923 1.39747228485 4.00328110688 1.39359797737 3.28875593195 ;
0.0839232214256 4.6409586208 2.80711215018 4.06305493323 2.64257834536 2.75419212979 2.38803912912 ;
0.603668262673 4.73579585291 0.824225096223 1.13078324106 0.971208137061 0.486647455463 2.91892562155 ;
2.94148503253 4.48485530408 3.33255042639 3.55797577674 4.63415209877 2.30792011513 3.41898645651 ;
1.89663367559 4.78035783709 2.60120397477 2.11145576447 0.632938916418 0.687174471158 3.08966829989 ;
1.86433647172 4.68110107261 1.90976728763 2.12172561161 1.94293309274 0.846236625544 0.0352916043561 ;
1.18068574537 4.77463170863 2.45120781823 0.374740130862 1.40821605003 0.678982309434 2.34608945653 ;
2.96098811302 4.48950903586 3.33900929421 3.58354418536 4.58242361181 2.3328980243 3.40459001458 ;
1.96014963569 4.76372308354 2.5844468953 2.50195553199 1.02197003353 0.764954902766 2.75080528075 ;
1.45903174325 4.72883992492 2.6589320917 1.63703112785 4.06377056846 1.93743024702 3.296224116 ;
2.11034538421 4.71517229752 0.104664037815 2.11918495518 3.3225754455 0.939604126874 2.95736825287 ;
1.15000739144 4.7233985199 0.0493477133433 1.26551829781 1.27084600568 0.44628986655 2.56583877381 ;
0.560712879059 4.72844334442 2.48834184724 1.65356947385 3.39584296319 0.272105396525 3.07253273435 ;
2.1715606305 4.6754668121 3.04897944605 4.29231693951 2.61601718575 3.54676899513 2.78042347349 ;
2.71825440943 4.69302789876 2.84064408021 2.81148382385 3.64577196097 0.349308403826 3.14300574116 ;
2.66400011459 4.65038649894 2.92683610061 3.0626917413 4.00333578414 0.0701740856814 3.26587150991 ;
2.24458166631 4.73444162971 2.64108545392 1.79256335585 3.89756754153 1.53338996361 3.23915376054 ;
1.73761572022 4.71901391256 0.0358984546556 1.75865404474 2.91710437559 0.706185573386 3.05123472759 ;
2.18423668543 4.68118669442 3.08782037084 4.36352042965 2.67956456448 3.73800833454 2.83323427642 ;
2.95375803856 4.48539198049 3.34543321467 3.60738837665 4.59232055091 2.32226277487 3.43089273236 ;
2.21272053932 4.77103858429 2.68368246907 2.64375680307 1.95971390808 0.799165747844 3.12770120054 ;
0.168686794022 4.73112302681 2.51691280001 1.31501750831 3.56479500037 1.06457240212 3.19313308453 ;
1.74010626285 4.66035832609 1.93377855 2.18006290675 1.94301448799 0.943298504404 0.0349764819619 ;
1.37041713054 4.76389022162 1.9202574952 1.48043083178 0.224305658083 0.592632745445 3.02513554086 ;
2.30823700081 4.76823583775 2.63976291779 2.57020398879 2.11884772045 0.634516542678 2.72400411448 ;
2.95483391695 4.48168888797 3.36552952799 3.63997059167 4.60766906864 2.34027918019 3.42369239344 ;
2.01840952342 4.71223514079 0.04711719104 2.08180238796 3.18194558135 0.863176612042 2.81193238373 ;
2.14590565754 4.67462482501 3.0513760979 4.32729282089 2.62106568055 3.63912044466 2.75514338759 ;
0.383441669815 4.72837808047 2.44835453776 1.16717735267 3.46589962381 0.837521729936 3.0146797633 ;
1.18544608023 4.73070184135 0.138407055652 1.08989228266 1.03531139606 0.441154793366 2.71261283512 ;
2.30391516853 4.73443138785 2.70180157839 1.96448192826 3.81284265848 1.8360160831 3.22828149596 ;
1.45974452745 4.75835652941 2.54323753565 1.83418569781 0.219784231049 0.740577636368 2.7113023395 ;
2.62541572162 4.65210321461 2.91571361729 2.97880773532 4.03448870907 0.0803107884257 3.24433805246 ;
2.47744002701 4.76431166645 2.69430203294 2.70335368281 2.28886067961 0.845522531398 2.75460160599 ;
2.12692620197 4.67378474329 3.07057921598 4.35990121277 2.67247927926 3.7730113498 2.7821549773 ;
2.97111084481 4.48265194251 3.35319265721 3.63852603127 4.59940341733 2.30718176798 3.41320904122 ;
1.77347495072 4.71748921551 0.0391599317111 1.85222889212 2.94393004578 0.729561811573 2.80766908487 ;
0.106887038972 4.71712508959 2.55739649656 1.80948993486 3.58628304398 1.01188444126 3.11339931005 ;
1.06189548502 4.75208875471 1.85403707243 0.260525474955 1.24198279113 0.549690697431 2.37676717843 ;
2.55119070259 4.661798977 2.86038056443 2.58614624305 4.0642730426 0.0314337270889 3.27025262275 ;
2.23393765031 4.73359808892 2.67586926393 1.90901583027 3.9607488888 1.88266369386 3.2738469212 ;
1.65480522164 4.74710271814 2.17325080784 2.43339081211 0.127991563638 0.775175217542 2.80096722752 ;
2.92909342474 4.48643451306 3.31865613496 3.59332852794 4.5978630838 1.98471890458 3.41768814335 ;
0.285026740211 4.73822675687 2.50030208692 1.42826955892 2.90384008048 0.56886913044 3.04215590204 ;
2.58254499532 4.75981274936 2.703486011 2.71107345189 2.71570914104 0.699145579661 3.16641776771 ;
1.72366611946 4.72038144092 0.0436793435431 1.72896351291 2.9123227595 0.733045263846 3.05340394434 ;
1.7434850817 4.73075226822 2.67367826626 1.65476186441 4.08104870227 1.39948544279 3.3089117874 ;
2.4333586594 4.68533692778 2.05846587048 2.3611368524 2.85969289603 0.743021428615 0.091473353416 ;
2.18228188103 4.68211506457 3.09693861151 4.36686063737 2.7032377356 3.77129068226 2.83950551741 ;
1.61710648655 4.76302471362 2.07534292439 1.83928941249 0.162162415255 0.683372630894 3.05642411387 ;
1.03688584083 4.62420529597 1.84596947223 2.05591927372 1.02471871152 1.23397570832 0.0339439463837 ;
1.68470061157 4.7250413189 0.0659184950873 1.63705831408 2.38153360622 0.667190619471 3.03356342894 ;
2.59047682694 4.69808410514 2.82982197755 2.79627525825 3.63223444804 0.0410407638316 3.24488146209 ;
2.95864895459 4.47423976254 3.36171735134 3.62510388713 4.66102630596 2.3157234955 3.41983352241 ;
2.15997094569 4.68353518406 3.08269593679 4.36813217593 2.63420616621 3.74465361891 2.83568417312 ;
1.6867618585 4.77708384063 2.56621446386 1.77729505809 0.71013022637 0.54471921944 3.0620669117 ;
1.74907945457 4.65987427125 1.94119919178 2.20690222452 1.93920330891 0.95955791799 0.0238599343467 ;
0.142276725074 4.72129890717 2.49822785543 2.64067651299 2.87240079995 0.631220473531 3.01050897144 ;
0.750689595457 4.73040267802 2.55981956101 0.94173758189 3.94908555639 1.35238495191 3.27089361961 ;
2.51206421314 4.73123108826 2.68750159716 2.52173566275 3.23170058669 1.78974048613 3.22437868991 ;
2.19242391627 4.68234954857 3.07380372828 4.33759495512 2.65713557318 3.67023480422 2.85560361037 ;
1.96052280127 4.77828556587 2.61801604003 2.49754504266 1.27991413927 0.784903736511 3.11204537506 ;
2.98401845456 4.48246735819 3.35928548934 3.62029657264 4.57985379671 2.32148645735 3.42169995259 ;
1.72214157724 4.66570038453 1.92770297962 2.19277595214 1.90815107093 0.986398698912 0.0245273450976 ;
1.00804141779 4.74449613131 0.999728705502 0.84773759277 0.713890639345 0.463687323997 2.94571099003 ;
2.67236536626 4.68225152565 2.86593502717 2.91217751252 3.76227346498 0.178649462916 3.22045446309 ;
1.84120873829 4.72066828212 2.69834961171 2.03658566297 3.9771370642 1.91886812633 3.26744402916 ;
0.697008596792 4.73957565564 2.46067373238 0.850319968277 3.40461998942 0.56624372855 3.13714608105 ;
1.92177790692 4.71881230819 0.0510481547667 2.06465337287 3.13510959755 0.881627954443 3.07693052587 ;
2.26368616235 4.76388822107 2.70036114081 2.86122753067 1.86257590987 0.976950630998 3.13599635583 ;
2.14960100286 4.68196513321 3.09092500726 4.37909800784 2.70462410975 3.80051984028 2.81266750615 ;
2.96539318604 4.49760652318 3.30551671336 3.54559676033 4.5321171945 2.29820043603 3.41354609521 ;
1.25670515053 4.76063460314 1.9200116799 1.36593499438 0.315639258256 0.58538514893 3.0026074955 ;
1.37627093119 4.72767667856 2.66171607302 1.68661175331 4.01519157547 1.91211115554 3.28681232934 ;
1.76105945084 4.66366348012 1.93623117154 2.19532286246 1.93304259765 0.94256853326 0.0240233585545 ;
1.15410974314 4.74833548775 2.52962857351 1.18221383002 3.40531596484 0.116001229367 3.13631386324 ;
1.72519679145 4.72141709994 0.0488029119471 1.79574921886 2.95043785798 0.764807871038 3.05313570162 ;
2.75252828298 4.65936255646 2.89735959707 3.00920877813 3.94266837254 0.181524655651 3.26836610375 ;
2.92597024807 4.50314243417 3.30805493285 3.52180135036 4.54896076245 2.32964420593 3.41638025262 ;
1.73564355351 4.71749539236 0.0637119942895 1.74373234909 2.87289842623 0.715270777485 2.80505601128 ;
1.24093327315 4.72315160258 2.6390060411 1.33094992489 4.16847279377 1.67333330059 3.33299435213 ;
2.45499115496 4.74832902519 2.60884631168 2.22648721379 2.51662707408 1.43134744514 2.40551969217 ;
2.81501920854 4.56763024512 3.10106302338 3.75180286137 4.03945341742 0.167468923771 3.1859571358 ;
0.111589761944 4.73738551625 2.48875049469 1.69636110984 2.66891503508 0.561016810731 2.75046381158 ;
1.59288122267 4.75080824971 2.04168157974 1.85525916955 0.149222134379 0.634303113198 2.74779877842 ;
2.15718526328 4.67864036284 3.05909171431 4.33067536074 2.59425073921 3.62538498694 2.79627922591 ;
2.37163356619 4.77220154118 2.6660882213 2.19461486492 3.20602151162 0.13863371929 3.2358266081 ;
2.42967379065 4.72868981308 2.71747684833 2.38725514206 3.35114798546 1.81208807393 3.24348961982 ;
1.00480554437 4.73982446109 0.615621881799 0.735226953446 1.11434809994 0.36210850505 2.87692274677 ;
2.15071473387 4.68102866327 3.089831623 4.36432248375 2.69397713053 3.74050879139 2.80786670364 ;
0.478893833642 4.73276848777 2.59844325597 1.21001558624 3.70577214758 1.14708971175 3.2190850194 ;
2.92577156884 4.48163098114 3.331801538 3.63992188489 4.61906142686 1.93929162468 3.40493674274 ;
1.91703332707 4.71937948398 0.059972050546 2.0618646154 3.1472871325 0.852197829448 3.07565085633 ;
1.66842825166 4.76763239594 2.54200956387 2.21863416375 0.227162101108 0.765616708212 3.07277005159 ;
1.81691624223 4.67497624795 1.95565902683 2.16285821546 1.955791394 0.895731038204 0.0376971225717 ;
2.31315813611 4.76145443929 2.67292071172 2.35321580208 3.00155573117 0.0975851625723 3.1718616097 ;
2.88135076876 4.50777953759 3.26949555932 3.48082296342 4.55844729943 1.96122987704 3.40730805796 ;
1.28889883108 4.74273444886 0.0828199251858 1.34003892337 1.44895634309 0.445306108475 2.99682107681 ;
1.20335540408 4.72859288356 2.63987855387 1.50972635485 3.89972009257 1.05843164451 3.2443793809 ;
1.84274042247 4.59971926862 3.05934536704 4.17242392882 2.64057474619 3.30520074115 0.148630701722 ;
2.03864486458 4.69557026115 0.0788583596846 2.07279370553 3.56636992981 1.04551589952 3.09852645869 ;
2.21396125562 4.6884179344 3.08661513896 4.36974587883 2.68524683854 3.77355165559 3.13033367789 ;
2.58656896115 4.75960061101 2.71105826578 2.81112100494 2.5749228186 0.773534733157 3.16690640911 ;
1.31181271304 4.77482896365 2.53367861307 1.57802404263 0.680900752616 0.580085677472 3.02859925824 ;
1.72128942244 4.67884402314 1.79695562906 1.88653460698 1.916024702 0.70340648843 0.0354063534901 ;
2.62480036443 4.74937373248 2.83016764029 3.21587546929 2.39766056502 1.49295862325 3.1741450759 ;
0.922423690704 4.72261363 2.60961144944 1.2566912043 4.04684691034 1.39781283258 3.25533686563 ;
2.48776758066 4.70165219583 2.78720437895 2.57068089865 3.71166624946 0.383052939802 3.25277682586 ;
1.8914716285 4.71975988552 0.0866492225239 1.83262533787 2.99190523071 0.798180461606 3.07365646135 ;
2.9038137765 4.49264459494 3.32346000336 3.52865826508 4.6317231108 2.31420761653 3.42430050837 ;
2.13194553311 4.76899858415 2.28866131351 2.22605518138 0.390707443614 0.65695206878 3.08956364314 ;
1.99150170591 4.66389359886 1.92598915785 2.32111586863 2.06253227293 0.914641767716 0.0385242533907 ;
2.09726006799 4.67768898934 3.08049597632 4.3776349441 2.6881013685 3.81591779998 2.77776531179 ;
0.477406832787 4.75598250174 1.93067232801 1.11494884262 1.35461779032 0.502449944816 2.79977095708 ;
1.12430867543 4.72499806251 2.61946089001 1.59298517628 4.00061007498 1.89840845639 3.25676834585 ;
2.56292935209 4.75575425962 2.68967692065 2.78702696973 2.2960650219 1.05481099378 2.80751832215 ;
2.1165939008 4.67558767383 3.0730991957 4.36314265328 2.65881904101 3.77574999403 2.75287152369 ;
2.93780418978 4.50200261727 3.31082267327 3.52560488979 4.56495600613 2.31227630953 3.41558767893 ;
1.10064214595 4.70491809883 0.78291915741 1.02914514202 1.02692926481 0.582016172449 1.81088571238 ;
1.29713870548 4.76848830386 2.54317616463 1.81876018086 0.528872998599 0.595999698721 3.02092703357 ;
2.78505025504 4.62013569691 3.0041695297 3.24439662577 4.11247834561 0.118805996841 3.24444284622 ;
1.4435149898 4.74407351186 2.56947126107 1.41214091597 3.62007594747 0.0997173760165 3.15262698324 ;
1.8666934016 4.71835604862 0.0415257011537 1.97071629722 3.07216801377 0.797499463037 2.9619645416 ;
2.1501427931 4.68006565153 3.08924961638 4.37653400595 2.69422150427 3.80124504606 2.80970638613 ;
1.13215747359 4.75312719408 2.50211832947 0.475515926124 3.24151987073 0.664503511102 3.11710945405 ;
2.4382229465 4.76016042279 2.6891896747 2.84655664522 2.04209276776 0.911981119563 3.14166989309 ;
2.96249929459 4.49006450801 3.32821776347 3.55940164536 4.59207125293 2.35365977757 3.42350801139 ;
2.86373063884 4.63090763701 2.97299991804 3.15042376304 4.09158431019 0.255449812132 3.29932514159 ;
1.78551860987 4.66700889614 1.92742300574 2.20144184901 1.94142526544 0.93077095453 0.0243570163122 ;
1.71768840054 4.72206514409 0.0317286554358 1.78334563841 2.93334422024 0.752664821592 3.05699252581 ;
1.25300663505 4.7669149853 1.9590649533 1.54925383363 0.29302168632 0.578282800494 3.0154309496 ;
1.39890544722 4.72067128228 2.6735988284 2.11185325023 3.98617521212 1.40727741795 3.25078285914 ;
2.05036701771 4.70953239967 0.093711835354 2.2098079773 3.11032599026 0.768264077159 2.90325950073 ;
2.46151607078 4.74381751327 2.76492217491 3.13439211 1.86785353385 1.36076810851 3.1607875381 ;
2.53833238374 4.70585546055 2.79549183252 2.62127770485 3.63138591058 0.248626618704 3.24568207328 ;
1.36193751252 4.76390864886 2.19161890445 1.64867821172 0.380114699573 0.507589331886 2.86212349477 ;
2.86877541425 4.51503987562 3.26138504181 3.42958903698 4.55762683045 2.25290248398 3.41561418913 ;
2.20585534688 4.68991450143 3.10602894838 4.38454231045 2.72868651718 3.83222363297 3.07606247623 ;
0.825823113844 4.7260886011 2.6043359495 1.32413298123 3.77663986726 1.27392354906 3.2109611145 ;
0.977444054837 4.73852445523 0.498278901525 0.468087297969 1.90987886238 0.498065172086 2.74600340899 ;
1.87609168884 4.64549400037 2.51073976317 2.98644774068 2.34798977622 1.86117080945 0.040885834882 ;
0.432917865743 4.7609236828 2.4626531379 1.22379538291 1.21848200318 0.579752872155 2.68778688079 ;
2.16746823868 4.67932040344 3.07139962705 4.34185482645 2.69742783616 3.66701649527 2.76731420195 ;
2.4759907675 4.68376855196 2.81618063276 2.62163659604 3.96836393143 0.563748934538 3.24302707073 ;
2.91395624365 4.50962744507 3.29918176929 3.52059025567 4.51514109903 2.27631186612 3.41853192081 ;
2.33087998597 4.77145579551 2.60800030583 2.23328720314 2.25099533729 0.674223062923 2.67682821041 ;
0.753509107402 4.71760136548 2.33411486515 1.1294408762 4.04665897294 1.3648975563 3.20867482242 ;
2.14905187374 4.73493486162 2.61717041182 2.910587711 0.253371703008 1.02465427386 2.75235395307 ;
2.30540470873 4.71076097849 0.072838321554 2.24002676373 3.26364030727 0.873299113815 2.83348549367 ;
1.14198811005 4.73140828484 0.0518871565057 1.21113368821 1.31538075823 0.425495821259 2.68448264122 ;
2.50574587793 4.69433067432 2.83479357731 2.77269755166 3.66757664335 0.0483911336713 3.25317034262 ;
1.97917641107 4.77582394278 2.60500700106 2.56881707316 0.906768879872 0.761057783201 3.08292413476 ;
2.18517929185 4.68317350585 3.0827166309 4.35337778905 2.67978352349 3.69182744766 2.83543340772 ;
0.989394980438 4.7454922238 1.15275144012 0.830705130412 0.948240732344 0.409985413626 2.9513970501 ;
2.95437191962 4.47449079978 3.36561411503 3.64835108188 4.6495361463 2.30467205214 3.42120412224 ;
1.95516130765 4.71710770459 0.0485532382259 1.99484009564 3.16935240544 0.82874618315 3.0747842739 ;
1.76105945084 4.66366348012 1.93623117154 2.19532286246 1.93304259765 0.94256853326 0.0240233585545 ;
0.53358568854 4.74150891891 2.57321571243 1.1174609111 3.60563576758 1.1012300117 3.19572799486 ;
2.40757295702 4.71993262626 2.71950924549 2.33577245436 3.5554396513 1.84365761984 3.26314938111 ;
0.40560583319 4.72400346729 2.21388276666 1.05776406363 3.55502385073 0.897832032187 3.04335114353 ;
2.02026441243 4.72344093349 2.75574412639 1.99487061712 4.026421013 1.92324715242 3.30825104813 ;
1.39713307902 4.73308418999 0.0495598414796 1.45249964139 1.74451877218 0.450024551142 2.68441309732 ;
2.53601891016 4.68954875631 2.85816195828 2.83525811562 3.68373027655 0.0655798773783 3.178480705 ;
2.37957281175 4.71054550278 2.77078103264 3.78299841269 1.11507336702 1.64512404888 2.58949857124 ;
2.97272912741 4.48301410604 3.35707059585 3.62852473803 4.58147580039 2.29950929573 3.42149527478 ;
2.55879493299 4.73287450184 1.42768411929 2.34356293053 2.96854444003 1.34288190249 2.86078696585 ;
1.45595223529 4.76857723615 2.52469325395 1.60072863975 0.901992201939 0.468690990763 2.64984983961 ;
2.14313089957 4.67869568014 3.08633250432 4.37295748 2.79994502935 3.81584454701 2.77433514098 ;
2.18899533034 4.68365134482 3.09303666704 4.37459973461 2.6635140481 3.77717261891 3.07939451555 ;
0.901299945376 4.7401344466 2.61963308121 1.27900994273 3.58997245437 0.879767180515 3.19859409745 ;
2.47695832707 4.73572271047 2.70721481021 2.5497802237 3.11732539722 1.76659980856 3.20850132637 ;
2.26287909234 4.72819092443 0.0963028228066 1.89126700134 2.97489554256 0.718531666542 3.03424040352 ;
1.67262335644 4.76570778783 2.24322649462 1.92076346618 0.361108703967 0.608940637518 2.95362383432 ;
2.92167347121 4.48076125881 3.34635351145 3.5966363256 4.66040423784 2.31406857794 3.43368944486 ;
2.65009336649 4.6879673661 2.87049020215 2.99087886587 3.54612090757 0.0407735377088 3.24252810645 ;
1.92737680775 4.63954687987 2.56758626404 3.07149481239 2.36703003277 1.87914949038 0.0327003260792 ;
0.331900413823 4.71157722424 0.372089630389 1.19217528555 2.10120478896 0.593940462409 2.29944461734 ;
1.6282924209 4.78109809641 2.5702771331 1.8377352798 2.19892562453 0.638395977064 3.09081608483 ;
2.97181407398 4.4913806703 3.33695772895 3.5738198325 4.55459088115 2.33082452447 3.41875641419 ;
2.71163184339 4.67505776763 2.88449453224 3.05971977942 3.75144753324 0.255774620955 3.23251540524 ;
2.1676586029 4.68142337087 3.0663436061 4.32625810723 2.63611445532 3.62568978915 2.83193720033 ;
1.67523821773 4.76812317192 2.55869009783 2.10920053278 0.0704204425812 0.743926086678 3.07281226596 ;
1.37717514322 4.72232028087 2.64166762482 1.59705341627 4.06969712817 1.47021757625 3.2764682093 ;
2.07819439432 4.71194633208 0.0614427678728 2.04197689654 3.28162273496 0.892362343959 3.0896541845 ;
1.84688781901 4.67067864909 2.00981747917 2.19934131437 1.98733037235 0.934251230274 0.0254160170215 ;
0.971144396183 4.73418080313 0.108233339467 1.1182800491 1.23402453913 0.468721025282 2.84425749257 ;
2.54141074531 4.68904909212 2.77694040242 2.54291090013 3.98454456888 0.73060160648 3.2605604361 ;
2.93581121906 4.49479205486 3.32812947704 3.55499160554 4.60437495306 2.31535383306 3.43089198581 ;
1.30194645273 4.75769949253 1.85248117483 1.50112463895 0.0978538308139 0.572816588817 2.82049310951 ;
1.715771592 4.71891901602 0.0342733504841 1.77372493462 2.91728923914 0.707593465134 2.90759486578 ;
0.313636475455 4.73143269287 2.61127676449 1.64941163428 3.80298360739 1.28171485744 3.23709370042 ;
2.45543606137 4.75012489118 2.73915350189 3.0698745304 1.87215032326 1.07459485344 3.16340479747 ;
1.84268261068 4.64031986956 2.47694379835 3.01684844547 2.29326313296 1.86090867089 0.037294474727 ;
1.5876699831 4.77054213385 2.48821265204 0.871475924846 2.57720180273 0.357259241312 2.94910177681 ;
2.19403211478 4.68364962305 3.09477479769 4.37505670316 2.70243507695 3.81508960506 3.08693922029 ;
2.33462362671 4.73898491904 2.69188952659 2.01729018585 3.44797965629 1.80984581434 3.22096565573 ;
1.934693771 4.63435403624 2.806766763 3.8186878218 1.91930477711 2.54865647281 1.19042434768 ;
1.68426969072 4.76702963136 2.5317783803 1.81424603743 0.738152720576 0.504228346009 2.77232300013 ;
2.94162915969 4.48161326046 3.34413784577 3.61203934939 4.61821023181 2.28095881848 3.4250225252 ;
2.02994048611 4.70982043914 0.0692663396296 2.07113012687 3.42133093066 0.957915948253 2.97420954331 ;
1.24590527656 4.72858107102 0.0931738266754 1.26362670223 1.34753706437 0.457085235222 2.54100444223 ;
2.28937500209 4.69867590532 3.11904629825 4.38279372789 2.78131826537 3.74543782982 3.14218823606 ;
0.183403524447 4.72152134567 2.55344158484 1.50702299386 3.44793834584 0.936112413029 3.06095357735 ;
2.56281667966 4.69818408935 2.82426752798 2.72449556239 3.61826729676 0.0638570521742 3.14372214962 ;
0.577958633536 4.73996039084 2.49051470512 1.03132769037 3.48847083084 0.993367446967 3.15845188678 ;
2.92985967964 4.4914976401 3.32765882475 3.58604949856 4.60947895935 2.29874909273 3.42498675661 ;
1.84457866929 4.72447894553 0.0630322011875 1.91783013432 3.03305940199 0.758802675438 3.0611939614 ;
2.36683031941 4.75766298681 2.73970003323 2.96356160461 1.98196886834 0.964538716428 3.15042662714 ;
1.41931986093 4.77991495995 2.52223954002 1.56157073937 0.361954706743 0.540461684533 3.0432562632 ;
2.43546425538 4.68867771995 2.77773493943 2.49319806863 3.97316916512 0.791785811998 3.25950699924 ;
1.26269513985 4.72479616362 0.0447557528222 1.12786940801 0.510427559031 0.562778338071 2.88639611225 ;
2.15932526179 4.68151475809 3.09719757348 4.37670523226 2.71244594249 3.81263398923 2.82340279505 ;
1.77199758893 4.65875074576 1.97813292734 2.21542096698 1.98141542405 0.972793199617 0.034390660733 ;
1.75777952576 4.72142544138 0.0738196314456 1.83188947395 2.97940793751 0.732397887278 3.0605533183 ;
2.91495124639 4.50026485383 3.30428082514 3.50509861634 4.59492455905 2.30300959471 3.42092400002 ;
1.10059153866 4.75981288825 1.84894707407 0.221100225091 1.19895529173 0.499356977488 2.91792483131 ;
1.53234019376 4.76855116356 2.26705817553 2.3742925641 0.436023800184 0.639822951381 3.06647244088 ;
1.00293848508 4.7209235988 2.62029261107 1.50966637517 3.98371808339 1.256761623 3.24833846895 ;
2.17222967086 4.68186805044 3.09814677093 4.37576115122 2.69336885627 3.78919290296 2.83806160828 ;
1.72655337223 4.66297499801 1.91249115602 2.20641643918 1.91037614018 1.00211430648 0.0143633602595 ;
2.50204163807 4.75969473938 2.68408719534 2.61580540105 2.53837083924 1.17956636937 3.14382003725 ;
2.68250553472 4.65791351618 2.92311185809 3.01564897165 3.96682627248 0.0666936934619 3.25162901942 ;
1.30329922943 4.76076920689 1.8909746515 1.37380516541 0.228983182048 0.575951862793 2.97051261316 ;
2.37458801745 4.68646997777 2.78444029355 2.4833966738 4.03085548367 0.804729505707 3.26910229903 ;
2.14900607313 4.68542172939 3.10095413129 4.39346795687 2.73048508679 3.8352333586 2.8268982048 ;
2.93232394712 4.48450541592 3.3458589648 3.59088852074 4.64730627577 2.2941579735 3.42401454774 ;
2.30211403134 4.78746249605 2.66783530175 2.66235613546 1.98021978112 0.093729308623 3.12917844754 ;
1.7813736815 4.65420472965 1.95479920781 2.26286765599 2.00153335766 1.00998144909 0.0341551082622 ;
1.83483485632 4.72172885191 0.0422063838683 1.89960368736 2.91644899591 0.751035816466 3.05478119576 ;
0.51257660498 4.73676167334 2.4027692557 1.00464882445 3.46294603294 0.993947866384 3.15245139487 ;
2.53986520664 4.73482973842 2.77057066182 3.05944781769 2.07504641748 1.78194041879 3.18351957045 ;
1.73013056281 4.74594926536 2.18137082772 2.45709358974 0.104866259996 0.801231065209 2.75584107897 ;
2.91414387109 4.48282138893 3.3369214338 3.5603736325 4.64962476676 2.34630924678 3.43520838561 ;
1.82369741676 4.71634284582 0.0463152550782 1.89516548712 2.9968863905 0.758560955168 2.82895336056 ;
2.63670392581 4.74314947194 2.72623938262 2.78352854255 2.75549964063 1.75456036961 2.9197495305 ;
2.10216664385 4.67702181048 3.07897430116 4.37319413654 2.69170687777 3.81022174282 2.75055655673 ;
0.801145032423 4.74860443913 1.8113906483 0.509403351596 1.34142094469 0.525611711489 2.48141089134 ;
1.12419023549 4.72671010166 2.63585671683 1.48697410929 4.02062754457 1.24036440275 3.24271959242 ;
2.71666538636 4.59879964035 3.04959734912 3.34476227099 4.24451087416 0.121495348596 3.2664300257 ;
2.30191262414 4.77164082186 2.62827876032 2.41386361382 2.55835434705 0.0704435231856 2.90755309242 ;
2.62038424287 4.73142482981 2.87115752291 3.35261213942 1.95666432186 1.78987953169 3.19099663862 ;
2.51034908806 4.75726834755 2.68777633314 2.66467773101 2.9048357074 0.242066404912 3.16904720866 ;
2.94492665646 4.47898934774 3.32750152153 3.56242580902 4.62750091713 2.02318338726 3.40928413806 ;
1.88903927729 4.71843176814 0.048372586011 1.90019774176 3.00556424618 0.789594269539 3.07296569829 ;
1.48850696205 4.72804630958 2.66124164779 1.74026102705 4.05905400374 1.31850527266 3.2783775332 ;
1.58346322504 4.76423640754 2.00612941258 1.85511406925 0.110294485008 0.648100991055 3.04990317843 ;
2.15791531927 4.68552009791 3.10537759732 4.39232063645 2.75264641961 3.84529646437 2.8215059222 ;
0.527190653613 4.75640032918 2.00604738179 0.730092391282 2.10985164791 0.519391340707 2.96432189015 ;
1.74907945457 4.65987427125 1.94119919178 2.20690222452 1.93920330891 0.95955791799 0.0238599343467 ;
2.96864843124 4.48245141689 3.3458101839 3.63131026556 4.58612689316 2.29892709507 3.41731938682 ;
2.35175918328 4.73144192883 2.6665116003 1.98174051682 3.77234343322 1.84216318063 3.18497111375 ;
2.33202266066 4.75138498843 2.69484319294 3.00653739439 1.39751788158 1.0173299997 2.83503371485 ;
1.15806583359 4.74819171607 1.6358138975 1.3005537271 0.0669281307404 0.545054094818 2.69629715861 ;
0.142735378353 4.71888116093 2.55048692987 1.72037374095 4.02025584731 1.25456128601 3.23430108821 ;
2.12793927844 4.67738407574 3.07566123213 4.36743638134 2.68261126915 3.78705602735 2.76951425517 ;
2.59455596646 4.68327069146 2.84914010666 2.75841755347 3.81046205511 0.0476171727629 3.18998818027 ;
1.12384253522 4.75430105713 2.46921181678 1.01100631452 2.2836953696 0.45549478808 2.45827251921 ;
1.75216264157 4.71960505541 0.0466823794811 1.79661894048 2.89159296355 0.706568251881 2.80334783017 ;
0.528321579294 4.74949364094 1.60798178419 1.23862890575 1.02468862478 0.497695252549 2.72393562325 ;
2.86757876955 4.52911319478 3.22631329465 3.38029661004 4.45277851693 2.23754833024 3.40562543809 ;
2.24242339981 4.77599963062 2.55921980574 1.70161661858 2.47115416086 0.400804617986 2.7169046979 ;
2.21900251715 4.69269302726 3.10388015623 4.38902757506 2.75459032021 3.80082189063 3.10327301015 ;
2.02567319366 4.71306148255 0.0624104389585 1.86152827067 3.04856041946 0.781893616869 2.85404729194 ;
1.68993335712 4.61264873774 2.69191573848 3.5684405695 2.16564710896 2.58009450388 0.110816554273 ;
2.6028122007 4.66512739203 2.91933605593 2.99267581934 3.94741917624 0.153298562852 3.24146389219 ;
0.9090293231 4.71973880604 2.55946373325 1.33146695065 4.07212976039 1.39865098081 3.24932317013 ;
2.33864185821 4.75362985542 2.62673748775 2.88698880174 1.05249462516 1.16361464687 3.08916525599 ;
2.18981999834 4.68483484717 3.09168637107 4.3848899258 2.71565543545 3.84052788165 3.07919749366 ;
2.49830793855 4.68430766588 2.83956168021 2.76016014603 3.77527294292 0.040574292021 3.20992435203 ;
2.97634133867 4.47337526238 3.37667043932 3.62303020164 4.66850458397 2.3233818312 3.43364584238 ;
1.72670273594 4.72134740414 0.0584166270791 1.75254969256 2.83092911998 0.673586830113 2.83745581553 ;
1.47433301035 4.76278113021 2.09653840356 1.81871304663 0.460576459856 0.512159478617 2.9467949706 ;
0.788476158959 4.74698154847 2.4804838341 0.666971549153 3.25636841063 0.731116358716 3.02139918351 ;
2.60703812738 4.7466417692 2.82177058356 3.12603240675 2.17724697307 1.44094024854 3.1840425312 ;
1.72713377307 4.64203339955 2.54662405857 3.07767491202 2.11561553712 1.96398018157 0.0804807002898 ;
1.8108798188 4.71856553276 2.60606000032 2.17624319268 4.00797300784 1.89298994136 3.26456711698 ;
2.72199647823 4.69550457924 2.87293826241 3.10267787543 3.43396798511 0.205117221658 3.22377259214 ;
0.115893774301 4.72815860232 2.55070283994 1.58977588661 3.35121591896 0.926188295122 3.15646230471 ;
1.77525720739 4.5806911049 2.97529906788 4.15062035092 2.48627675606 3.30234416444 0.148630701722 ;
2.94825433089 4.48205708298 3.34701620992 3.60279989473 4.62386134056 2.31389018345 3.43150277454 ;
1.72692348279 4.68472686376 1.81170489051 1.83797778256 1.96510068175 0.679118196976 0.0609907712912 ;
1.6777977494 4.76876734839 2.1722465518 1.86137158891 0.507930150248 0.615609949692 3.05962016293 ;
1.72314666623 4.72190500326 0.0747166714908 1.72983208138 2.89573159609 0.721303436437 3.0500573163 ;
2.24812886732 4.68795038546 3.07220816245 4.3243731568 2.63490717422 3.63297830042 3.13347354614 ;
2.18307146916 4.74087615716 2.66262136149 1.79523536201 3.60591574633 1.40458463824 3.23091544164 ;
1.1168203619 4.73628158544 0.199063957234 1.14496119624 1.17241606619 0.415692062484 2.90094742575 ;
2.95173961381 4.48545710667 3.35107699318 3.61023502792 4.56635042373 2.32295867547 3.42227992022 ;
2.61900446835 4.67919745274 2.8783108452 2.98264061178 3.7834434423 0.124820023087 3.25076970186 ;
1.9797327368 4.77719601704 2.61753279037 2.2610431327 1.15652556063 0.752272909828 3.11876261866 ;
2.10454385653 4.71132232297 0.0989174414246 2.11033331538 3.35231251185 0.950250616123 3.10327883117 ;
1.98026560771 4.73224257704 2.67511232426 1.7919819668 3.9495784595 1.71526106027 3.26707895228 ;
2.16833807178 4.68225359205 3.06947282331 4.34199205636 2.65459606834 3.66328871366 2.83942746386 ;
0.278958946837 4.74198250062 2.44209744511 1.09810687478 3.03977561203 0.672786293129 3.06335566486 ;
1.78231132184 4.66246620849 1.9768514059 2.21915070719 1.97359593886 0.962342698293 0.0245273450976 ;
1.82013600983 4.76424380932 2.13190331923 2.07784754279 0.12883646818 0.628178135405 2.92925240349 ;
2.90053052808 4.51074652354 3.28427734794 3.49009536758 4.55702738441 2.13482548173 3.40811850693 ;
1.09427392267 4.72457033901 2.62101690212 1.35862598107 4.06865362052 1.44135458181 3.26713476054 ;
2.12898550482 4.67858487511 3.09129411155 4.37529207214 2.72857264105 3.81945719988 2.78256761122 ;
2.45108804981 4.71947491074 2.75964662995 2.6063258291 3.35218919967 0.134043690533 3.17210441387 ;
2.53032312068 4.72766446621 2.72328057541 2.94395299596 2.20106162532 1.61679155701 2.57143938081 ;
1.23350315329 4.73595947425 0.32646414525 0.356966327068 2.23686113228 0.366529932467 2.9533824448 ;
0.366901768304 4.74425187357 2.2171974017 1.18964139875 1.58674629195 0.610354891956 2.29991165093 ;
1.99300994903 4.71093418473 0.053519857461 2.23527194821 3.0539632872 0.841960240502 2.76801937042 ;
2.7060970364 4.58550607642 3.08388961987 3.77286936351 3.97406734434 0.330688850241 3.17412395608 ;
0.945191429828 4.75087732902 1.9570352775 1.3960435665 0.285508640588 0.500946536038 2.58887130762 ;
2.26349277419 4.75549404177 2.66151725046 2.7694760794 1.5200141173 1.02201729705 2.73232725265 ;
0.692717410356 4.73903805783 2.40185072527 0.729114244189 3.1170700762 0.498882398892 2.90997663202 ;
2.13142129363 4.67498097507 3.07380938912 4.35967742874 2.68352969702 3.77259821342 2.76967982512 ;
1.77284593681 4.71995059652 0.0289562147005 1.83019969655 2.6880169036 0.760339011829 2.81705458034 ;
2.56162671155 4.76392891955 2.60496762612 2.17262478744 3.51311873739 0.396961468766 3.07447593716 ;
2.98139294895 4.48087976182 3.34852201688 3.57867563546 4.58476566895 2.34692161107 3.43472329878 ;
1.49813987141 4.72432745976 2.68801875607 1.86943586725 4.09722200689 1.94887807525 3.30494252484 ;
2.97398475869 4.49132910909 3.34387045284 3.59634033349 4.59213701545 2.29154059017 3.41528148715 ;
1.4755224897 4.72811342085 2.66232023887 1.6749706161 4.00062002703 1.82236770307 3.26599919072 ;
0.508146133477 4.74726797013 1.3186279099 0.879977559249 2.08167826645 0.372057023652 2.94581196426 ;
2.14395999559 4.67945914017 3.08049370337 4.37222127276 2.68959707514 3.80308850535 2.82183733818 ;
2.39163465209 4.76024169762 2.73853713859 2.90229139659 2.08773599857 0.943301206473 3.14566930268 ;
2.12818425641 4.71196521378 0.0640677849021 2.03548787879 3.15761917066 0.865351009885 3.08565922268 ;
2.32684988354 4.67561152734 2.82522352577 2.54506937695 4.00547975947 0.0876342101254 3.26486735977 ;
1.5753062643 4.7705288097 2.15678135794 1.74420301271 0.161919144061 0.674615866296 3.06184342005 ;
1.76105945084 4.66366348012 1.93623117154 2.19532286246 1.93304259765 0.94256853326 0.0240233585545 ;
1.79944418945 4.59214307595 3.06699371981 4.20523252485 2.61232112993 3.37138657782 0.15313466238 ;
2.14503272628 4.73571520345 2.64640016971 2.05103097563 3.41594822544 1.75398649731 3.20779407745 ;
2.25474049634 4.69069044384 3.0756847918 4.33355790542 2.65430362003 3.62489315224 3.13443195202 ;
1.59672702162 4.77282193794 2.55735630589 2.03229846024 0.459970076037 0.637218838883 3.06867419889 ;
2.94232628208 4.49523899208 3.31129685716 3.59359879772 4.57350720142 2.09379528904 3.43794408474 ;
0.414851274689 4.73161444075 2.46000895397 1.03582425327 3.6290509603 0.975750063738 3.200174816 ;
1.75699123194 4.68305848853 1.82232053852 1.89119960236 1.94643920488 0.712987938006 0.0591141321745 ;
1.54016714539 4.72286664411 0.0741578393101 1.56472005402 2.22063965382 0.675872739574 3.01744755593 ;
2.49897015454 4.72910756677 2.54961361438 2.66760956265 3.31262643372 0.156012184144 3.1827842963 ;
2.89945653743 4.52618452763 3.24116580365 3.44399651977 4.42581378503 2.23453227299 3.4051939552 ;
1.99945932099 4.77592671335 2.66488255201 2.51507331143 1.51135440461 0.803412477871 3.11733082163 ;
0.414965089102 4.71288646483 0.190562370317 1.18539403483 2.87928809691 0.776506895738 2.89887207776 ;
2.21980435729 4.68476099642 3.09142474166 4.35889216058 2.6871917711 3.73067816611 3.07997840155 ;
2.32809696308 4.72133252887 0.0922001562228 2.11877678098 2.95503170949 0.737110720561 2.88561686338 ;
1.06238395959 4.73134944722 2.63271115896 1.33277036815 3.92484833604 1.36768557563 3.24352911874 ;
1.06248758264 4.75195732625 1.67840717761 0.949808047219 0.505227679537 0.475558753149 2.71046912873 ;
2.6245568602 4.68203580873 2.85216908259 2.82914267807 3.81010710534 0.157652672646 3.24920017156 ;
1.84862704258 4.64036432804 2.52791016851 3.01253686068 2.27086806889 1.84060883372 0.0375499163347 ;
2.93201159937 4.48313422684 3.34502014281 3.62782973018 4.62513911843 2.29436712459 3.43366840946 ;
1.62576149136 4.76654647888 2.14193131162 1.91726278763 0.351863453798 0.651196826128 3.06579088051 ;
2.49572455221 4.70054524521 2.82236223851 2.83289318817 3.47494951086 0.0836580892063 3.23094647577 ;
2.23483507395 4.68703710203 3.06860598935 4.34008387273 2.62639724542 3.61252397782 3.1204957226 ;
1.64032985032 4.68630338611 1.71712419295 1.73055499998 1.83836504122 0.656919159885 0.0644695442601 ;
0.505837796166 4.74722669824 2.54872715496 1.11924553863 3.32837506481 0.874504375448 3.15428174675 ;
1.71313381751 4.72093014674 0.0576243714908 1.72674588008 2.90514772503 0.723211865955 3.04953804069 ;
2.32867102292 4.73086605465 2.67295885425 2.14294047189 3.48460977499 1.81493014949 3.23770990973 ;
1.97055062667 4.60495149941 2.96760296404 4.0359503382 2.63901254527 2.97751802682 0.105917537783 ;
1.59045827118 4.65551464127 2.05311686338 2.32376951975 1.44353606123 1.04202439393 0.0925575087172 ;
1.87713499142 4.72254516203 0.0591860785383 1.90580218 2.73882773504 0.762619632122 2.91787637633 ;
2.9361135018 4.48966656127 3.32871000528 3.58546277027 4.61019733175 2.30168678963 3.40690344299 ;
1.52835788869 4.72413379653 2.64606649997 1.62498107973 4.06486891388 1.78236958721 3.27737544798 ;
2.51900402497 4.75060568678 2.75805126648 3.06616016332 1.95093164673 1.47049051886 3.13021888273 ;
2.56050020889 4.69310770387 2.82837333629 2.76541706982 3.68943688584 0.121853733371 3.17598026668 ;
1.49213290811 4.77413539575 2.21597827754 1.47976221363 0.544883379119 0.452858866937 3.06769154116 ;
0.248828398226 4.73575258843 2.18365118244 0.964822419092 2.90755095727 0.389004152768 2.91766704589 ;
2.13577431506 4.68027294801 3.08799657307 4.37778656432 2.70567613181 3.82169979851 2.81192498451 ;
2.60619590003 4.69442707549 2.82995475387 2.72690946427 3.76076927452 0.217428922831 3.25502631613 ;
2.86972110029 4.51548490147 3.26688478716 3.45195203491 4.5451554576 2.27240919517 3.4085378331 ;
1.23452378444 4.77206346506 2.11445865645 1.42263017168 0.519045792832 0.464260535429 3.01284208407 ;
2.14414653848 4.68086503817 3.09473097193 4.38146478193 2.71310274485 3.81472580012 2.80965893543 ;
0.306580192237 4.70307350948 0.209813129092 1.45524902776 2.89085854631 0.677496959926 2.94642707638 ;
2.33133425106 4.72612251311 0.101218811102 1.90516430039 2.80363474129 0.804209608483 3.07396699091 ;
2.36013803639 4.75105313434 2.73486555174 3.02793668558 1.86063497634 1.19139481893 3.15474592656 ;
1.02030373244 4.72996374971 2.60896506666 1.25943356354 3.80509844682 1.26597007817 3.21699713251 ;
1.77523158351 4.66341818301 1.94632016655 2.18319192966 1.92364830476 0.94256853326 0.0341551082622 ;
1.82223603129 4.69185079417 1.89100828565 2.08139698709 1.87510854254 0.831505064081 0.0257897819776 ;
2.43968570269 4.69948985698 2.75490419666 2.2970977412 3.91077164512 0.860102204825 3.24672552631 ;
0.81200652736 4.62212253587 2.92059740655 4.28677279083 2.62157909211 3.49947732981 1.57381387475 ;
1.72022568899 4.72062333881 0.0665309357491 1.72734896358 2.90218441029 0.71554386372 3.04450891513 ;
0.290506009671 4.73189194647 2.55091709546 1.39991538733 3.38828094983 0.87479242461 3.14909917629 ;
2.50647760951 4.7524172376 2.76945896474 3.13569935825 1.95814107146 1.09027098287 3.17069815558 ;
2.95856664083 4.48310117089 3.35242005306 3.6090563498 4.64591737772 2.29171343934 3.42886370846 ;
2.43270997278 4.68740082612 3.11917578674 4.37687391013 2.75615346602 3.8283831645 3.10579480033 ;
1.49053470409 4.7710438436 2.05308029855 1.47141341236 0.452287027708 0.564974845185 3.03007566682 ;
1.54263343213 4.74952829108 2.06121994651 1.92420151701 0.119793242345 0.682622640578 2.67453971009 ;
1.62279096731 4.72842870873 2.70762921758 1.87120148268 4.12468827383 1.76102987188 3.32232546887 ;
2.68637063512 4.59898653113 3.04923771371 3.41055321389 4.20799341567 0.237371506174 3.28453516401 ;
2.47294921948 4.76623743603 2.64428916889 2.43372191571 2.58492670658 0.663663708613 2.84166708739 ;
2.17366170101 4.67903708287 3.0586009398 4.31015601743 2.57111512948 3.58078833401 2.79235448376 ;
0.59459828415 4.74128124426 2.48752882561 0.988399399312 2.98589691645 0.56615893376 2.85281155823 ;
0.665463147355 4.72269729514 0.0649628370477 0.925174497387 2.45109458183 0.605204666082 2.78334264802 ;
2.32394509021 4.71304266509 0.0690317784218 2.19019330726 3.03406910675 0.803718295246 2.82916105244 ;
2.9825657458 4.47887161699 3.36206415827 3.60101431006 4.61713096789 2.38025558241 3.40730839428 ;
1.77906968416 4.68785292638 1.81692335662 1.89282429046 2.07334299402 0.743480607549 0.0595723812611 ;
2.87796861224 4.5195768842 3.25235382936 3.42948687058 4.46498845842 2.25557714619 3.40003071608 ;
0.0919692264338 4.75964782758 1.87409320706 1.4009396878 1.27411822104 0.549959376865 2.97381988719 ;
2.07995072667 4.78075825371 2.33051752501 1.78434574208 1.23270826466 0.657765788396 3.09781574923 ;
2.26731275103 4.69293492404 2.78780614875 3.86450996027 0.860867505591 1.84878196166 2.5955510326 ;
1.06540015303 4.72320488024 2.59160166645 1.32974267512 4.04010346978 1.34645249676 3.25283987816 ;
2.17380262732 4.68281289783 3.10072351276 4.37467547574 2.83289598609 3.80221879779 2.82245576535 ;
1.88328353519 4.7170546803 0.0516184520998 1.82182143504 3.02180451144 0.781408848867 3.07042122382 ;
2.62773770199 4.69208538632 2.85133078718 2.87429992202 3.66207662554 0.288318975017 3.24062454724 ;
2.24189450592 4.77243449771 2.67764455914 2.70799163705 2.03918469856 0.925215332457 3.13402262021 ;
2.84606260926 4.52079116194 3.24338003251 3.41397375011 4.5167895402 2.26117915152 3.41345833375 ;
1.76903065371 4.68348140783 1.8367991935 1.93669176649 1.9133030744 0.730095839886 0.0451500028367 ;
2.23000161269 4.68581533832 3.08000900224 4.35859416679 2.66657989058 3.72922499102 3.12751134448 ;
0.848697155995 4.73146845028 2.59899772914 1.17479181478 3.68804465254 1.18356243653 3.19475891923 ;
1.71950405788 4.71866457529 0.0607821805817 1.75717509906 2.94921893243 0.748117222522 3.05489964575 ;
2.6173230483 4.67806229997 2.85354401308 2.79124487059 3.92869664051 0.217334754011 3.26521414822 ;
1.37597368138 4.7636101865 1.94754006403 1.52289876523 0.240358917985 0.586936079842 3.02326753406 ;
1.81156483131 4.58785141744 3.07273042825 4.2176636261 2.73525260318 3.45265579878 0.106530583701 ;
2.642707724 4.671002112 2.87525906285 2.87301383259 3.95853899691 0.129967584097 3.27380211277 ;
2.29730831493 4.76505857675 2.6868612427 2.6681233962 2.28317854761 0.987418670791 3.14277802075 ;
2.940598184 4.50431525893 3.30356319495 3.52873498602 4.5636669886 2.29870954215 3.41564249363 ;
2.19844958732 4.68433336013 3.08497586232 4.37087921473 2.68246782993 3.77783136245 3.10571749747 ;
1.8151838069 4.71721315656 0.042414558105 1.87546327688 2.99861900926 0.74320508262 2.86841483172 ;
1.15903662838 4.72522849786 2.62324452075 1.49394353913 4.05130078066 1.42456819395 3.26796447796 ;
1.72830640032 4.75618021205 2.17955401192 2.27277035967 0.0671682218244 0.733786663413 2.9490976914 ;
1.98449720182 4.63100010992 2.68172239704 3.24149106031 2.47539686957 2.08152238441 0.0538913190923 ;
0.762344437135 4.74733683238 1.82311588197 0.593912401871 1.472049819 0.433087803675 2.52074154197 ;
0.451972187181 4.62527036819 2.7872669106 4.16023915277 2.54353198873 3.22126992103 1.91543908053 ;
2.49851838139 4.69714451025 2.82800194542 2.70165604849 3.53776877041 0.122134237664 3.16365831821 ;
2.49592836563 4.7397812881 1.61031894543 2.34388224418 2.54740277698 1.56147133216 2.59415853104 ;
2.43315856768 4.73961598157 2.75888144062 3.31959661066 1.06232926358 1.32515639123 2.75737825407 ;
2.95905443157 4.49167417214 3.32091330263 3.57293741463 4.56284854229 2.25656926604 3.41740702714 ;
1.29230021929 4.72816621983 2.65940171274 1.49966315487 3.99252940765 1.53143953342 3.26304837795 ;
1.56581188057 4.71883317555 0.0833796446825 1.61634181064 2.9422221659 0.542818471052 2.87785524101 ;
2.44603900328 4.69360945204 3.14825105947 4.38398609502 2.83268526449 3.82887856032 2.97787824014 ;
1.02932284894 4.75593862471 2.04614837067 1.19946417405 0.906031646387 0.439840104338 2.59411942884 ;
0.365770903366 4.71934706564 2.52927016951 1.43006797374 3.85940051711 1.40342892986 3.17521710279 ;
1.61164912917 4.76280222044 2.54876851086 1.9174158853 0.917619891779 0.635531259484 2.64887146077 ;
2.12991819228 4.67582010954 3.05835394592 4.35481428976 2.59902017128 3.71043801318 2.74388819637 ;
2.60201720055 4.72502005899 2.74239441009 2.63008179583 3.34857532437 1.88686582262 3.12878624856 ;
2.16743076795 4.71490503155 0.0596764426349 2.07149071541 3.25736867051 0.858219478191 2.91504700152 ;
0.981041408379 4.72419246916 0.234901498792 1.16754008303 1.33230717465 0.428018709823 2.53684579917 ;
2.71068688759 4.60303949918 3.03804730188 3.70115657355 3.78772905547 0.130539159574 3.06815882339 ;
2.9709647233 4.46600213155 3.38857131605 3.62959761226 4.68687414266 2.36135774477 3.43049601501 ;
2.2807709797 4.76531439032 2.66212224913 1.85309491329 3.47122656185 0.331453215855 3.18473232204 ;
2.37301871636 4.72384367193 2.75489193757 2.65598433495 3.22001911393 0.103174886793 3.19745184894 ;
2.36542550851 4.72591633511 2.68598004336 2.32481436149 3.43518563964 1.82837238012 3.24278748968 ;
0.530187551113 4.74218931399 2.56445462187 1.05367734171 3.54464606262 1.02323463195 3.18733162372 ;
2.21114401202 4.68767669684 3.09013582177 4.35438719392 2.64609945785 3.65782321687 2.89514988168 ;
1.72605747902 4.72064151278 0.0523614294506 1.75317737959 2.91184315227 0.715641450275 3.04930167446 ;
1.43332054359 4.58689293621 2.27974922597 3.33240267853 1.20567359241 1.86090772549 0.0854486836963 ;
1.89756589999 4.70396048782 1.81283657555 1.6251139943 2.38156458424 0.619298217653 0.0784167059458 ;
2.95165240034 4.48220899889 3.3491141461 3.6498849137 4.64291694569 2.13403233756 3.42236158263 ;
1.54023719568 4.7657650003 2.07057579877 1.77004492263 0.309681065804 0.649440739026 3.04945199526 ;
1.25419867621 4.75109962443 2.46259943286 0.312581551614 2.9168922298 0.606547493535 3.04018585582 ;
2.96533996726 4.49305720218 3.33946306939 3.620798526 4.59527420468 2.18513115929 3.42798262797 ;
2.37783785963 4.76455940885 2.7258702151 2.90154973073 2.02336776106 0.866720933303 3.15073010114 ;
2.1614823054 4.67983152757 3.09208608323 4.37235877796 2.69801616199 3.79781459198 2.82271302062 ;
0.126205754764 4.73110581165 2.61188046559 1.96861703703 3.75285303415 1.24704554611 3.22957272126 ;
2.45651706877 4.69437888317 2.73899781742 2.364372993 3.96084780988 0.881700180584 3.254737043 ;
1.71245053036 4.72130851761 0.0251705652206 1.77293319738 2.92580721365 0.744538331154 3.05288320651 ;
1.76105945084 4.66366348012 1.93623117154 2.19532286246 1.93304259765 0.94256853326 0.0240233585545 ;
1.3936175433 4.76266542716 1.91905092587 1.64197800469 0.112122584652 0.631380978986 3.02808170512 ;
1.23978531793 4.72603917945 2.63335095512 1.56491872174 4.02180413008 1.55276974006 3.26516546937 ;
2.56927431588 4.68081225228 2.83480925196 2.69396022833 3.89909302513 0.133507593562 3.26139575493 ;
2.19028938824 4.68799210666 3.1109202301 4.39359524361 2.72722974524 3.84271388714 3.07468082667 ;
2.95103350909 4.49068707498 3.32103189985 3.55678681557 4.60102364606 2.28882349786 3.42162744748 ;
1.04859110774 4.73023484706 0.197969502041 1.15169498089 1.57614351197 0.36351892171 2.59561206129 ;
2.64445265672 4.73452434244 2.81098137769 3.34334974337 1.95746458533 1.42108534837 3.16714160595 ;
1.40531688948 4.77908243639 2.54127525419 1.63096997184 1.17193452397 0.497567127256 3.00098680691 ;
1.82479237362 4.6412059714 2.57360067307 3.02965401003 2.24570682711 1.87205007471 0.0380714429504 ;
2.20932957016 4.70848721067 0.0877238927879 2.15384408562 3.30884780032 1.0195998063 2.99297967236 ;
1.22124194198 4.77083971514 2.27188768022 1.40981133033 0.636617775025 0.444480315193 2.80405297514 ;
2.43465313365 4.67794338635 2.74825632142 2.74100706822 4.02090366102 1.91801686905 3.23735815055 ;
2.57922479752 4.66753473712 2.88981110686 2.81312218978 4.01382954142 0.0568647261447 3.2914331829 ;
1.74466585698 4.72191518027 0.0783411120675 1.73388184419 2.59376464697 0.684608023332 2.88725847573 ;
0.798937532128 4.73222824274 2.5632439034 1.17041799933 3.77803245655 1.17889845881 3.19754714192 ;
1.84891579411 4.63876579379 2.54852838111 3.05213787579 2.32017750852 1.89654599306 0.0386076604568 ;
3.0395050993 4.46125136398 3.42710311391 3.63806521832 4.72582795802 2.40434716177 3.46029388314 ;
2.43730442786 4.75361160783 2.74031315979 2.96097393466 2.00670243035 1.06336762238 3.15672634644 ;
2.185091897 4.68528457027 3.08822692128 4.37612068343 2.69207999057 3.8145358668 3.09510095811 ;
2.94978673131 4.50100577651 3.29975332144 3.50499629029 4.52871497846 2.305878808 3.41988368801 ;
2.35773071724 4.76216985737 2.63654700206 1.94222698252 3.15626109614 0.518906407093 3.1822140796 ;
1.59150483808 4.6622400986 1.95105994356 2.08948154648 1.70875950657 0.952888689063 0.0405840000839 ;
2.17500405864 4.68188228228 3.07489816935 4.34678487323 2.6676723143 3.69520130888 2.82632941618 ;
0.307580537775 4.76033300829 2.06607980656 1.02350197228 1.69286451651 0.424981769887 2.95531475906 ;
1.0605049912 4.71913449267 2.64034718225 1.64403399005 4.13212694156 1.71278593949 3.29515763241 ;
2.7128997265 4.63094322425 3.01663547636 3.63340209638 3.67920168818 0.296380446722 3.1262547532 ;
1.97948119775 4.76918886327 2.24578295412 2.2266764921 0.419009683555 0.864390850318 3.08573149819 ;
1.8202042414 4.72157318196 0.0504334130693 1.83026256942 2.95847322809 0.765508373932 3.0061785874 ;
1.30651959525 4.75157492575 1.95377802168 1.4178876147 0.346257122141 0.560578396236 2.59807197892 ;
2.20700359698 4.68578984875 3.08063078101 4.36456522569 2.66850991866 3.76000171165 3.12434840498 ;
0.525196122585 4.73682344025 2.5516255403 1.06503089968 3.53963158768 1.01093449512 3.11199825419 ;
2.32498764396 4.70917080764 2.66009585715 2.2979846085 3.89859694421 1.87349994383 3.26487179524 ;
1.72532431513 4.71869784461 0.057887437006 1.72511970015 2.86377244054 0.690973577737 2.82010823254 ;
2.0689540002 4.63198632181 2.79123150817 3.47468121291 2.57723680497 2.41045213675 0.0467000370245 ;
2.97987118634 4.4747038615 3.37367406532 3.64111211731 4.64803586224 2.32155219011 3.44024832309 ;
2.2829039581 4.76948800557 2.70061791027 2.85115411812 1.87472862205 0.859569105221 3.10550270435 ;
2.57036511022 4.66888318953 2.87344787603 2.78738137784 3.99383047451 0.0439611586482 3.24153443031 ;
2.31472895884 4.76529370481 2.71484039275 2.82270785502 1.68610827072 0.859155006017 3.13945489016 ;
2.94777087216 4.49741741721 3.30196417003 3.5858698559 4.54850536305 1.93264492779 3.41125656675 ;
0.144988353759 4.71143544693 0.482991449107 1.59171460757 2.75506663522 0.668531105286 2.77913257554 ;
2.39432243808 4.72059686408 0.13924957096 2.14213255884 3.29676866414 0.853224390634 3.02709138943 ;
1.74351847983 4.72663389676 2.6747302476 1.85610163341 3.96804258386 1.06138464105 3.25878493349 ;
1.8486387565 4.64533168825 2.45429555782 2.86435057705 2.23171525369 1.72952396694 0.0395105617932 ;
0.94528010455 4.77597245192 2.51317400321 0.980292227464 1.18980626239 0.467005669254 2.9306296997 ;
2.23549655547 4.6882430236 3.10492444688 4.36563171363 2.72048056039 3.78395211567 3.06515707163 ;
1.57778063385 4.72781147073 0.115349086418 1.1855010376 0.810296881316 0.470709987751 2.67498175874 ;
2.95405534736 4.49583611139 3.32053697264 3.59500956248 4.55317320444 2.27743655492 3.43227666299 ;
1.77329058251 4.7733692925 2.45838760035 2.04395099821 0.744724074083 0.784228268272 3.07698065076 ;
2.15677136743 4.73407594742 2.65214123562 1.66344686555 3.83661702394 1.74171338145 3.22278861099 ;
0.113211072613 4.73459392823 2.5291469156 1.41576722285 3.42534691335 0.966950727652 3.16478134188 ;
2.23400934319 4.688360576 3.07068681716 4.34226180215 2.65597824804 3.65945947667 3.1288986429 ;
1.64530238655 4.72370600158 0.0809203499252 1.61352029441 2.55977798529 0.66533351487 3.02907174758 ;
1.73521439194 4.57261664437 2.9817242631 4.18363329336 2.57214549665 3.36810893915 0.155490580263 ;
2.52107194143 4.70193439328 2.80637994497 2.79931741497 3.4624155629 0.219956736017 3.23061083594 ;
1.76063620516 4.68770648179 1.85104557617 1.92228844321 1.94106356791 0.712509491842 0.0356427997613 ;
2.6183771076 4.66643983787 2.8764360669 2.7304681997 4.02541266147 0.0473546421445 3.16488966261 ;
2.1618087206 4.67687737623 3.06944673865 4.34752721456 2.6664952206 3.70262988743 2.75720126293 ;
1.60051043724 4.7457580764 2.25623302363 2.11912244048 0.115852324096 0.795735482517 2.65682303098 ;
2.35939922809 4.72897196995 2.69311515986 2.01739402812 3.84342374703 1.89534627462 3.23200074459 ;
0.748422961008 4.73154387771 0.38380252645 0.62391017862 1.9733815292 0.483703258368 2.72076090273 ;
0.220488561058 4.72156260704 2.54628806815 1.5411099783 3.54640093142 1.01934830899 3.06748152294 ;
2.24748998558 4.77331873203 2.64071041843 2.33867304004 2.14291580458 0.636729620759 2.84244136955 ;
2.96737277883 4.48394158825 3.35296968111 3.64618280689 4.57617017207 2.29385576572 3.41741808131 ;
2.20562347877 4.71289358595 0.0663443653799 2.20748419538 3.02169995894 0.782942998429 2.75238326322 ;
1.52516834546 4.72767771699 2.67933553663 1.67422370315 3.95159594879 1.78926773885 3.25729682414 ;
2.1729497698 4.68031287096 3.08361618395 4.3630087927 2.68876408981 3.75175899912 2.82418731567 ;
0.715443955772 4.75912797451 1.6610132342 0.85069125832 1.22651350907 0.423041629902 2.97052454184 ;
2.97007067491 4.49698841209 3.33050781089 3.59501658641 4.54347522401 2.26778355788 3.41607023407 ;
2.25961071499 4.74111769299 0.0969652323056 2.17305428152 2.56802716216 0.605583860718 3.04308763393 ;
2.3389051808 4.69384887113 2.79592387528 2.55909211661 3.73222342706 0.115894620125 3.24213213122 ;
2.1585372836 4.76586185368 2.67291186366 2.71077417131 1.25851706237 0.923506945788 3.10792502511 ;
1.75748922517 4.66540007662 1.92978565974 2.18019358166 1.9170547674 0.935736552346 0.0241890368894 ;
1.02299863404 4.678163348 0.226283927421 1.41339721122 3.81730376384 1.32595126329 3.15164645783 ;
2.21591171139 4.68615823696 3.07235595422 4.32637321551 2.64612530251 3.62943502836 2.8901715019 ;
2.26771628075 4.72971560524 2.67612269228 1.94485493613 3.86258761035 1.87154231512 3.25333793843 ;
2.13712887435 4.77862231893 2.64252731534 2.47024880545 1.27944159475 0.759133850323 3.12937252352 ;
0.777703343822 4.74837457529 1.48353724752 0.707204650224 0.929307128161 0.478534493303 2.82555028959 ;
0.08314237397 4.71988139357 2.4321093474 1.77881238316 3.67270013489 1.10141592453 3.19588615161 ;
2.97715455379 4.4784583769 3.36235955171 3.64064802815 4.61759329794 2.32022479884 3.40916953533 ;
2.58238605315 4.67951957611 2.84334944404 2.66067223736 3.85524275859 0.0708051954878 3.24853551053 ;
1.99345139842 4.72344600352 0.0615531553748 1.91771914393 2.91239132492 0.698539761149 2.95523907484 ;
1.78943461469 4.65737719408 2.14987015422 2.35888579482 1.83637661783 1.09271006904 0.0487371973521 ;
1.60879968757 4.72957287076 2.67040202199 1.80092559034 4.01372704886 1.67578204119 3.26836422761 ;
0.889726858385 4.72116695511 0.537301230781 0.872986778485 1.0724022583 0.421660336846 2.08585635593 ;
2.23833865802 4.68799028954 3.10009312464 4.35476149895 2.71043274095 3.76015578871 3.09147656149 ;
2.95815432707 4.48144665888 3.3439891496 3.58106004871 4.61852322447 2.29595971204 3.43643676505 ;
1.80810662845 4.77170913044 2.4681358864 2.23494972342 0.266470327784 0.843745214414 3.08655510171 ;
2.66953566684 4.7010205849 2.85346398743 3.03801991235 3.24672902876 0.504768113451 3.23290168372 ;
1.95502825817 4.71855415731 0.08628059497 2.00845443792 3.12573713352 0.836199783901 2.9862256311 ;
1.95210888324 4.63304600141 2.65810688033 3.21951594954 2.29635587948 1.92613296652 0.0434371131518 ;
0.992553103462 4.75668712988 2.51825275501 1.23726674168 2.71117066808 0.337292210839 3.0440617108 ;
2.98765668052 4.47676641301 3.37946253704 3.63477232024 4.61882514256 2.33718087372 3.42472556009 ;
2.65828966457 4.68342415745 2.86852055428 2.9649287071 3.68554184619 0.118920936343 3.20680673127 ;
0.0866456016906 4.72421853022 2.50728415393 2.51366271757 2.88373240246 0.636901935889 2.90782407601 ;
1.9799321624 4.77077255798 2.52583303867 1.56878148316 2.09502618519 0.564346371369 2.35102791559 ;
2.16973210076 4.6775489557 3.05810022087 4.33273774334 2.63492605542 3.62124469546 2.76646174349 ;
1.65704537216 4.72068870227 0.0379705115574 1.64858703427 2.38265024566 0.657868423637 2.78914378331 ;
2.37467823371 4.72463806526 2.62000367121 2.28465349664 3.66790635252 1.8353382399 3.2551787238 ;
1.6614045279 4.75092121143 2.48528245093 2.19880608896 0.0774121208742 0.758875915379 2.75311465237 ;
0.635653658325 4.73305042423 2.52057047732 0.79896670923 3.98252799392 1.29697723264 3.28387032344 ;
2.32475819018 4.74500830855 2.66317224914 1.92895239054 3.78586006718 1.1282445398 3.24045805918 ;
2.14988501939 4.67806534062 3.07060270676 4.34129373232 2.65711016322 3.71432524965 2.81833848705 ;
1.89671780005 4.78087624409 2.59163999635 2.08337960268 1.10621791812 0.687671256292 3.09746582944 ;
1.97622674321 4.70457273763 0.0631165315851 2.08601298643 3.53147610492 1.00310758504 3.10115570311 ;
2.72641800643 4.62855591504 3.02995338736 3.67148859526 3.66934331268 0.436850201948 3.20306537085 ;
1.75879760123 4.67879127065 1.89135161883 2.12910431771 1.86159937426 0.919637971497 0.025052931064 ;
2.95949237828 4.47147033788 3.37184872485 3.59289674434 4.63700836293 2.36943667973 3.43117978376 ;
1.26465780127 4.73798715765 0.155312935293 1.20972689731 1.33157021105 0.439239221464 2.96364124745 ;
0.176423201397 4.73419477346 2.55808628135 1.37281724977 3.42104599463 0.990669030921 3.16723926198 ;
1.22541452369 4.72597059316 2.65031983277 1.56413668989 4.03248318212 1.58947288251 3.26737155451 ;
2.51031567641 4.75497849536 2.75505817752 3.12270626955 1.94018240742 1.23433451142 3.17385283717 ;
2.95543156328 4.4943846888 3.32061501865 3.56043764416 4.59462475721 2.27162803157 3.41469868925 ;
1.13518363248 4.72226455242 0.0819352564566 1.14986280462 1.13597075813 0.43095829299 2.79616103299 ;
2.20060373405 4.68484742838 3.10573925393 4.38182679393 2.71422764421 3.82385824593 2.92332854183 ;
2.01195662963 4.71814803078 0.0814477511363 2.02080189492 3.30922001536 0.886996821524 3.04720771776 ;
2.49563664234 4.68493979664 2.8075270153 2.61062088475 3.83365137139 0.123032822645 3.25042692028 ;
1.20241119747 4.77203923483 2.50917542784 1.44630216069 1.02676911716 0.473491251175 3.00845012415 ;
1.72352625109 4.65025212417 2.16832368484 2.4876297051 2.0862246369 1.31314050338 0.0262090527857 ;
2.91540548014 4.5009130309 3.30650370697 3.54328300535 4.58324293412 2.28226119529 3.43470746568 ;
0.888122578269 4.76115377527 2.02582450009 1.11453462199 0.669118732059 0.475975219142 2.98279957684 ;
0.638239346318 4.72407124946 2.55151457953 1.30562877938 3.84353122316 1.31483219592 3.22450075177 ;
2.2403597061 4.68756103862 3.08351425712 4.3565114156 2.68614763255 3.72507505585 3.12385144486 ;
1.82746730245 4.72326630207 0.0551075566547 1.82319158929 2.69057403406 0.713000258273 3.06067814122 ;
2.5409665255 4.69430957664 2.77252943339 2.50222216349 3.93011229304 0.609330445236 3.24904223532 ;
2.29627602608 4.76761781871 2.7166923675 2.73963372614 1.70571377148 0.855902738801 3.13916021573 ;
1.7588509248 4.59416728469 2.95237597031 4.04447212055 2.41789022146 3.20892149438 0.138450516673 ;
1.75144821965 4.68478267805 1.79544848288 1.82796450595 1.98146803049 0.616886397648 0.0724944821209 ;
1.31222052626 4.73531409584 2.29876357683 0.376526312693 3.80485487584 1.31788448975 3.2124657186 ;
2.92044633723 4.50050016185 3.31583531323 3.53241404858 4.57288144239 2.27372869567 3.4268655449 ;
1.31488256027 4.77484150936 2.5254734892 1.48056954891 1.00788717238 0.297663416243 3.03776225856 ;
2.39262775553 4.75183834278 2.68087112926 3.10356454676 1.50828244673 1.38118215373 3.13303761617 ;
1.44684518219 4.74419435638 0.0524160217993 1.41422281301 1.79227764685 0.520337940413 2.99789265843 ;
2.58684001732 4.7016666396 2.44325764731 2.55326399985 3.74796270499 0.608951222687 3.2286205657 ;
1.75045322303 4.65834411653 1.92808298103 2.20794301845 1.94972044827 0.961883255262 0.0332419508775 ;
2.1757023691 4.68470289136 3.10433020484 4.3857279428 2.74194995713 3.82808669833 2.82537403445 ;
0.259687372364 4.70191598527 2.3237522794 2.25781010425 3.76808046511 1.23106907358 3.16847272101 ;
2.42676904079 4.74841649938 2.7290244669 3.00517211402 1.99710320426 1.19743668381 3.17173253573 ;
2.14630049743 4.68222464751 3.09532316828 4.38348648325 2.71180094791 3.82247778224 2.80706073567 ;
2.89599090032 4.5149569999 3.26189586114 3.44256098513 4.53835385815 2.28532141547 3.40430224607 ;
2.23182977777 4.73094076411 1.47999439475 1.71427063313 3.56282662342 0.528244269655 3.09136973816 ;
1.26507370889 4.77615765777 2.52393957164 1.52605035263 0.692005354137 0.477826140811 3.03100644515 ;
1.34361029019 4.74506762876 0.0549505077324 1.43235811222 1.65384694311 0.523606751648 3.01025013506 ;
1.73402580402 4.67182510218 1.90228285603 2.14986199643 1.87165956343 0.955505634438 0.02470007288 ;
0.765557420984 4.72221517266 2.50316852303 1.44352207817 3.91013488007 1.51769588846 3.2405411621 ;
2.70263857029 4.65223497181 2.96212314975 3.07058064327 3.99339003402 0.15284589103 3.25201853412 ;
2.8928438748 4.49739351662 3.29303750688 3.47333574422 4.56596436014 2.32190250268 3.42423158613 ;
0.979164675312 4.75592229997 1.71657652933 0.991981197178 0.640365767961 0.499081274631 2.97997972404 ;
2.78308578032 4.62251353922 3.03093991425 3.74236677827 3.67538049258 0.430837517995 3.14000932027 ;
1.77052443138 4.72200996499 0.0351606088194 1.82123161759 2.96532178692 0.743940972646 3.05858635947 ;
2.15815025731 4.68093172021 3.08919547481 4.3708744092 2.69442494712 3.77363629299 2.81806587061 ;
0.38349981877 4.72965034925 2.58738773134 1.3639589988 3.8336881949 1.32857511817 3.25327757976 ;
2.13021854758 4.77409367912 2.64266126876 2.57291354449 1.41318149077 0.859829826033 3.12924615871 ;
2.35446742939 4.75103743398 2.63591551384 1.89939175286 3.7122997565 0.768199739792 3.22127074978 ;
1.7142787444 4.6717745967 1.89877449628 2.12172593748 1.82419612435 0.94651013 0.0423194540957 ;
1.23368519287 4.71147953013 0.222926423567 1.30376292311 0.858929674367 0.464640203074 2.26086021932 ;
2.52639113395 4.69650990652 2.82916827532 2.84550381106 3.56853952774 0.0649652496232 3.12984055651 ;
2.319980394 4.70115264956 3.09024169932 4.35315805034 2.68793215807 3.60015950997 3.16381671333 ;
2.95017939411 4.48332210748 3.34617507439 3.60307536225 4.62780691369 2.28935204575 3.43411379251 ;
2.43539552096 4.73585314879 2.64892685364 2.12853600068 3.36590129569 1.78107553469 3.11447080294 ;
1.85610045273 4.7210247071 0.0585682391441 1.88602533772 3.15215270014 0.796823777954 2.96324808655 ;
0.411821139137 4.72594055135 2.57917333293 1.3311641039 3.73703273979 1.13936802381 3.13336213111 ;
1.57097539007 4.7682908605 2.57156862814 1.78755036657 0.841267398012 0.529717600418 2.83819225998 ;
1.61231422022 4.58945268738 2.88070054678 3.87361097439 2.10229104647 3.04871951899 0.645547186483 ;
2.53523735043 4.69765782909 2.80508354423 2.67550585816 3.52352626576 0.0690331007483 3.22983471083 ;
2.20349579953 4.68351425515 3.08693621756 4.34995625141 2.67426751675 3.68030990619 2.85180310681 ;
1.92364540272 4.76933782619 2.38705415543 2.53504040243 0.702738678541 0.87637145464 3.08330119304 ;
2.35952826606 4.72822617671 2.65432601812 2.07111421909 3.69614908446 1.85557182822 3.2592087406 ;
0.903220585729 4.76525866529 2.32201564607 0.538959926256 1.47916354628 0.445225932734 2.88030841096 ;
2.97299119171 4.48456870598 3.35339908648 3.6384846809 4.60783350493 2.26706554069 3.4239678102 ;
1.80367056806 4.65707055902 1.92698929983 2.28461004932 1.96354751131 0.986886477964 0.02470007288 ;
0.173268672162 4.72468900539 2.59056821019 1.74698685287 3.86351949527 1.16000746594 3.24209630262 ;
1.68601258988 4.72159962704 0.0350039453734 1.67734793441 2.69907834806 0.67676096274 3.04103973798 ;
1.8048166182 4.72191071167 0.0477073825544 1.79713095482 2.79285467583 0.665315377079 2.77627668421 ;
2.60415173159 4.73834593447 2.81012532156 3.32096181907 1.99905798524 1.43302179624 2.86046075279 ;
2.94667545296 4.47209871445 3.36908724817 3.63395988351 4.65696728979 2.33196495607 3.42258530948 ;
0.389258124253 4.72270428459 2.3283701296 1.06657802809 3.84257161441 1.04195393368 3.13484571762 ;
1.51333029882 4.77630636897 2.54261825732 1.70121764593 2.0737690118 0.347362558904 2.76328483135 ;
2.58790649775 4.66009907177 2.89367131844 2.86188099327 3.98648499965 0.0718681285205 3.17291257694 ;
2.29725028621 4.72592125342 2.63309218105 2.01650796478 3.95786122435 1.87661627661 3.21373029887 ;
1.3968870409 4.74878416182 1.88644267979 1.65968695483 0.0485785524777 0.659705885332 2.67105848519 ;
2.10651655495 4.67608082669 3.07939211404 4.37425135398 2.70177178843 3.8244653788 2.75541624428 ;
2.15587862747 4.68245144101 3.09353697472 4.37994391526 2.70701771212 3.82387244283 2.81786273038 ;
1.29939864951 4.72290352741 2.65915624627 1.77443255746 4.04438417415 1.70003338084 3.27293681137 ;
1.24406929841 4.76486838983 1.91870727019 1.58823979414 0.231700170783 0.580550210641 3.03095084847 ;
2.37114498947 4.7576181382 2.71563601948 2.95997640136 1.90271097925 1.07302740439 3.15249864116 ;
2.96495913973 4.49046597577 3.33510865372 3.57319317727 4.5853423323 2.30895064329 3.41936573738 ;
1.05289038877 4.75326841667 2.01921935808 0.44802261963 2.59972156496 0.323667942302 3.00094989124 ;
1.84914804807 4.71879012713 0.0619316390671 2.02473556867 3.0331465876 0.82203737915 3.06894974309 ;
2.60005718767 4.67847532957 2.85115551152 2.78532546304 3.91617616831 0.152457102252 3.24658265517 ;
1.72716817007 4.65770760851 1.92897924765 2.19646627492 1.92709059087 0.962815025185 0.0141652449456 ;
2.73098134026 4.68776356358 2.8479531695 2.93870494373 3.64289352009 0.386198980934 3.09817935301 ;
2.16760091304 4.67822193614 3.06635415998 4.33290243166 2.65067559693 3.66021397536 2.76563219425 ;
0.95214059529 4.72409610359 0.514160554411 1.01426197244 0.47881877755 0.456089282355 2.70240108745 ;
1.69586220026 4.77632375445 2.53416694109 1.73218143611 2.07472932578 0.644121655168 2.73819249476 ;
2.91107002479 4.51121032683 3.27726249181 3.47007565577 4.51105052832 2.29470005689 3.41144734867 ;
0.121078497425 4.71232866501 2.60037410543 2.25476844151 3.76919688842 1.19026466522 3.14143498869 ;
1.8478656876 4.71752740212 0.04935156253 1.86173498995 3.05517961588 0.767068988322 2.81438214459 ;
1.80091081193 4.74717229778 2.58042175395 2.4056008026 0.120385956033 0.889092296598 2.66377687501 ;
1.63430147269 4.73669489164 2.61725102237 1.00386750965 4.01100383484 1.34246594397 3.22311013299 ;
2.07682960341 4.71133302391 0.0504081132109 2.05119401917 3.18726781403 0.843401973778 2.96324803874 ;
2.29785441305 4.73309559489 2.6832235823 1.86759765882 3.89229577842 1.53089605425 3.22310970249 ;
0.755676336193 4.7261170274 0.836119603187 0.801045804195 1.55686796502 0.437738118302 2.13689641734 ;
2.13528767084 4.77070301235 2.62897540464 2.37969972402 2.19835559436 0.673464690511 2.77489292124 ;
2.15922095869 4.67765323401 3.06268791483 4.33818343236 2.64636215206 3.64941303464 2.73817816813 ;
0.241729570478 4.72668364445 2.57630458065 1.43984138012 3.73115122005 1.08348524772 3.2217354055 ;
2.78008339558 4.64411571268 2.95533181505 3.18024327265 3.9842348242 0.108373918992 3.23697175337 ;
2.96884406221 4.47979544382 3.36344483082 3.61589311423 4.60090904451 2.34749722378 3.43349849166 ;
1.71608757631 4.75328845604 2.29612844778 2.17130644982 0.0578393762728 0.767738712818 2.86264061929 ;
2.8917528347 4.48428561584 3.33536082002 3.55455744853 4.64617252468 2.33137514826 3.42815508552 ;
2.15853462142 4.71512311909 0.0581692885145 2.0766210753 3.21678894083 0.879674717261 2.94023635441 ;
0.63958846527 4.73230660696 2.59777835471 1.15942768064 3.64660060852 1.21317661067 3.12687532084 ;
1.65471735318 4.75079622654 2.42412362779 2.08642130248 0.327629410211 0.697552681856 2.68410167218 ;
2.10858890268 4.67684606965 3.07518442768 4.36646444605 2.67390675104 3.76962825956 2.74381290626 ;
2.32522029278 4.77123823173 2.64800568629 2.04298258784 3.16849588722 0.0714550673532 3.08575610603 ;
2.68623874193 4.57788724571 3.06543789728 3.76211529549 3.94330145348 0.143696558263 3.09171116777 ;
2.52671738009 4.74393486476 2.70129986309 2.57890052205 2.96720482959 1.75466071968 3.03119457936 ;
0.795261051374 4.72581328156 0.343823605534 1.06590541179 1.52154973637 0.429110887103 2.41165022116 ;
1.00875085539 4.75530749377 1.72325932775 0.966057815727 0.630344929728 0.50245551429 2.96421229834 ;
2.94303132607 4.49102484945 3.32799756807 3.56405918346 4.56250147309 2.33906632733 3.43247186975 ;
2.36718445993 4.74928997708 2.6400097212 1.96279921114 3.7524956343 0.973132393722 3.22535301477 ;
1.75232232792 4.66139299331 1.93627516673 2.2065205717 1.91500569935 0.95955791799 0.0408800168815 ;
2.18114125311 4.7707550075 2.67256415074 2.71779803103 1.52058640221 0.832394380626 3.12307583623 ;
1.77403793299 4.72033012026 0.0455878663957 1.80617362716 2.96487897472 0.732611373147 3.0569609466 ;
2.17510742889 4.68207532879 3.08433165148 4.36507807965 2.68759034894 3.74539016778 2.82648007638 ;
2.77151052757 4.56635276603 3.09414774626 3.66712004418 4.17636868702 0.149846875959 3.27177377265 ;
0.325023966419 4.73066606614 2.59307990071 1.37575374798 3.7983187036 1.23144945379 3.24107155858 ;
