cluster 0
size:411
#377eb8
[ 1.20958571  4.70551191  2.37207098  1.98726167  2.03640261  0.9150233
  1.98725629]

cluster 1
size:399
#ff7f00
[ 3.01254748  4.40511998  3.45000068  3.55023976  4.76189758  2.39145234
  3.43413887]

cluster 2
size:388
#4daf4a
[ 2.11502721  4.68811943  3.10673022  4.39601317  2.75088448  3.82133769
  2.80988131]

cluster 3
size:376
#f781bf
[ 1.65910293  4.71694718  0.          1.74387034  2.39602556  0.77489825
  2.79396739]

cluster 4
size:834
#a65628
[ 2.50247687  4.69999521  2.85812485  2.76097871  2.45930145  0.88383732
  3.25816483]

cluster 5
size:601
#984ea3
[ 1.77174664  4.75415827  2.7051823   2.05117816  4.08044585  1.2887332
  3.32561991]

