48.745444656 2.70655425619 2.04133804732 0.791949959206 0.24313298885 11.790590155 1.49007342943 53.9086211586 2682.97742725 70.0960021757 7.91308948183 2.16606724994 1.56519409648 3.27541328495 52.2314386728 ;
64.7568913982 3.92925938227 4.62172035868 1.63699767519 0.838591829957 13.2172035868 1.7555629359 475.759216207 31254.0381933 134.818000664 21.1763605298 1.86024271011 4.06124188769 7.43747837426 84.4320823647 ;
65.4801662259 4.3543634303 3.41216471477 1.06951265584 1.29165092558 4.56819040423 0.363808084624 113.589724216 7858.60596902 116.328296184 19.9491365848 2.01773445507 4.01794721849 7.58347258122 88.3630525123 ;
59.6904761905 3.12816220238 3.10993303571 1.33649553571 0.236607142857 18.8273809524 2.79185267857 156.669084821 9386.17168899 107.775111607 16.5424300728 1.90664699335 2.55459858729 4.78945110719 70.744233631 ;
65.4158754273 4.35282947209 3.42726927459 1.07292062286 1.29548044056 4.58184580327 0.365742499051 112.44853779 7773.4701861 116.036840106 19.8888998905 2.01869078073 4.02233570309 7.59112993571 88.293581466 ;
48.7654220779 2.70670995671 2.04680735931 0.794372294372 0.242153679654 11.8338744589 1.49729437229 54.1796536797 2697.94318182 70.1672077922 7.93046924659 2.16532009621 1.56654551978 3.27808620991 52.2670454545 ;
64.8275517011 3.93595730487 4.62074716478 1.63609072715 0.842228152101 13.1527685123 1.74449633089 476.638425617 31330.8639093 135.056037358 21.2323966851 1.86059375087 4.06382682232 7.44381517959 84.5583722482 ;
59.734769688 3.13168647845 3.10754086181 1.33562407132 0.237555720654 18.801077266 2.78789004458 157.572622585 9447.23829866 107.956723626 16.5792546772 1.90575807032 2.56101993844 4.79934499395 70.8276374443 ;
65.4711211778 4.35296338241 3.41223103058 1.06983767459 1.29143072858 4.57417893545 0.365043412609 113.532653832 7854.2397131 116.305775764 19.9432843967 2.01813096052 4.01681755295 7.58273186411 88.3457908645 ;
59.6920930233 3.128 3.10976744186 1.33637209302 0.236651162791 18.8251162791 2.79162790698 156.678139535 9386.88465116 107.780651163 16.5435312484 1.90670938346 2.55462199009 4.78963214233 70.7466046512 ;
64.7617940199 3.92956810631 4.6219269103 1.63687707641 0.838870431894 13.2136212625 1.75481727575 475.907973422 31263.9554817 134.839202658 21.1803684923 1.85991320395 4.06154925098 7.43697777841 84.4388704319 ;
48.7438128909 2.70709817786 2.04161000816 0.792221920044 0.242589067174 11.7987489801 1.49116127278 53.9249388088 2683.74054936 70.0894751156 7.91182219266 2.16588708801 1.56533591766 3.27529249996 52.2289910253 ;
59.6920930233 3.128 3.10976744186 1.33637209302 0.236651162791 18.8251162791 2.79162790698 156.678139535 9386.88465116 107.780651163 16.5435312484 1.90670938346 2.55462199009 4.78963214233 70.7466046512 ;
64.7617940199 3.92956810631 4.6219269103 1.63687707641 0.838870431894 13.2136212625 1.75481727575 475.907973422 31263.9554817 134.839202658 21.1803684923 1.85991320395 4.06154925098 7.43697777841 84.4388704319 ;
65.4711211778 4.35296338241 3.41223103058 1.06983767459 1.29143072858 4.57417893545 0.365043412609 113.532653832 7854.2397131 116.305775764 19.9432843967 2.01813096052 4.01681755295 7.58273186411 88.3457908645 ;
48.7438128909 2.70709817786 2.04161000816 0.792221920044 0.242589067174 11.7987489801 1.49116127278 53.9249388088 2683.74054936 70.0894751156 7.91182219266 2.16588708801 1.56533591766 3.27529249996 52.2289910253 ;
48.7654220779 2.70670995671 2.04680735931 0.794372294372 0.242153679654 11.8338744589 1.49729437229 54.1796536797 2697.94318182 70.1672077922 7.93046924659 2.16532009621 1.56654551978 3.27808620991 52.2670454545 ;
65.4157175399 4.3523158694 3.42634776006 1.07251328778 1.2953682612 4.58124525437 0.365603644647 112.510250569 7777.38154897 116.05770691 19.8923468517 2.01871369534 4.021464391 7.58961133613 88.2900531511 ;
59.7359226909 3.13175989593 3.10760081769 1.33562534845 0.237316483925 18.800594685 2.78795762869 157.49005761 9442.5989593 107.953168556 16.5789587167 1.90573401752 2.56074726674 4.79877473787 70.8292139008 ;
64.8203333333 3.93533333333 4.62033333333 1.63633333333 0.842 13.1626666667 1.746 476.534666667 31321.72 135.023333333 21.225695798 1.86060923987 4.06359193997 7.44347778425 84.5436666667 ;
48.7438128909 2.70709817786 2.04161000816 0.792221920044 0.242589067174 11.7987489801 1.49116127278 53.9249388088 2683.74054936 70.0894751156 7.91182219266 2.16588708801 1.56533591766 3.27529249996 52.2289910253 ;
65.4711211778 4.35296338241 3.41223103058 1.06983767459 1.29143072858 4.57417893545 0.365043412609 113.532653832 7854.2397131 116.305775764 19.9432843967 2.01813096052 4.01681755295 7.58273186411 88.3457908645 ;
64.7617940199 3.92956810631 4.6219269103 1.63687707641 0.838870431894 13.2136212625 1.75481727575 475.907973422 31263.9554817 134.839202658 21.1803684923 1.85991320395 4.06154925098 7.43697777841 84.4388704319 ;
59.6920930233 3.128 3.10976744186 1.33637209302 0.236651162791 18.8251162791 2.79162790698 156.678139535 9386.88465116 107.780651163 16.5435312484 1.90670938346 2.55462199009 4.78963214233 70.7466046512 ;
48.745444656 2.70655425619 2.04133804732 0.791949959206 0.24313298885 11.790590155 1.49007342943 53.9086211586 2682.97742725 70.0960021757 7.91308948183 2.16606724994 1.56519409648 3.27541328495 52.2314386728 ;
64.7568913982 3.92925938227 4.62172035868 1.63699767519 0.838591829957 13.2172035868 1.7555629359 475.759216207 31254.0381933 134.818000664 21.1763605298 1.86024271011 4.06124188769 7.43747837426 84.4320823647 ;
59.6893023256 3.128 3.10995348837 1.33655813953 0.236465116279 18.8303255814 2.79237209302 156.670511628 9386.06846512 107.773395349 16.5417267915 1.90667125645 2.5542411955 4.78886315927 70.7408372093 ;
65.4803625378 4.35422960725 3.41200906344 1.06948640483 1.2915407855 4.56759818731 0.363670694864 113.603096677 7859.3923716 116.328549849 19.9492776082 2.01764325355 4.01812004035 7.58361087373 88.3632930514 ;
59.6893023256 3.128 3.10995348837 1.33655813953 0.236465116279 18.8303255814 2.79237209302 156.670511628 9386.06846512 107.773395349 16.5417267915 1.90667125645 2.5542411955 4.78886315927 70.7408372093 ;
64.7568913982 3.92925938227 4.62172035868 1.63699767519 0.838591829957 13.2172035868 1.7555629359 475.759216207 31254.0381933 134.818000664 21.1763605298 1.86024271011 4.06124188769 7.43747837426 84.4320823647 ;
48.745444656 2.70655425619 2.04133804732 0.791949959206 0.24313298885 11.790590155 1.49007342943 53.9086211586 2682.97742725 70.0960021757 7.91308948183 2.16606724994 1.56519409648 3.27541328495 52.2314386728 ;
65.4803625378 4.35422960725 3.41200906344 1.06948640483 1.2915407855 4.56759818731 0.363670694864 113.603096677 7859.3923716 116.328549849 19.9492776082 2.01764325355 4.01812004035 7.58361087373 88.3632930514 ;
48.7654220779 2.70670995671 2.04680735931 0.794372294372 0.242153679654 11.8338744589 1.49729437229 54.1796536797 2697.94318182 70.1672077922 7.93046924659 2.16532009621 1.56654551978 3.27808620991 52.2670454545 ;
64.8275517011 3.93595730487 4.62074716478 1.63609072715 0.842228152101 13.1527685123 1.74449633089 476.638425617 31330.8639093 135.056037358 21.2323966851 1.86059375087 4.06382682232 7.44381517959 84.5583722482 ;
59.734769688 3.13168647845 3.10754086181 1.33562407132 0.237555720654 18.801077266 2.78789004458 157.572622585 9447.23829866 107.956723626 16.5792546772 1.90575807032 2.56101993844 4.79934499395 70.8276374443 ;
65.4158754273 4.35282947209 3.42726927459 1.07292062286 1.29548044056 4.58184580327 0.365742499051 112.44853779 7773.4701861 116.036840106 19.8888998905 2.01869078073 4.02233570309 7.59112993571 88.293581466 ;
48.745444656 2.70655425619 2.04133804732 0.791949959206 0.24313298885 11.790590155 1.49007342943 53.9086211586 2682.97742725 70.0960021757 7.91308948183 2.16606724994 1.56519409648 3.27541328495 52.2314386728 ;
64.7568913982 3.92925938227 4.62172035868 1.63699767519 0.838591829957 13.2172035868 1.7555629359 475.759216207 31254.0381933 134.818000664 21.1763605298 1.86024271011 4.06124188769 7.43747837426 84.4320823647 ;
65.4803625378 4.35422960725 3.41200906344 1.06948640483 1.2915407855 4.56759818731 0.363670694864 113.603096677 7859.3923716 116.328549849 19.9492776082 2.01764325355 4.01812004035 7.58361087373 88.3632930514 ;
59.6893023256 3.128 3.10995348837 1.33655813953 0.236465116279 18.8303255814 2.79237209302 156.670511628 9386.06846512 107.773395349 16.5417267915 1.90667125645 2.5542411955 4.78886315927 70.7408372093 ;
48.745444656 2.70655425619 2.04133804732 0.791949959206 0.24313298885 11.790590155 1.49007342943 53.9086211586 2682.97742725 70.0960021757 7.91308948183 2.16606724994 1.56519409648 3.27541328495 52.2314386728 ;
64.7568913982 3.92925938227 4.62172035868 1.63699767519 0.838591829957 13.2172035868 1.7555629359 475.759216207 31254.0381933 134.818000664 21.1763605298 1.86024271011 4.06124188769 7.43747837426 84.4320823647 ;
65.4803625378 4.35422960725 3.41200906344 1.06948640483 1.2915407855 4.56759818731 0.363670694864 113.603096677 7859.3923716 116.328549849 19.9492776082 2.01764325355 4.01812004035 7.58361087373 88.3632930514 ;
59.6893023256 3.128 3.10995348837 1.33655813953 0.236465116279 18.8303255814 2.79237209302 156.670511628 9386.06846512 107.773395349 16.5417267915 1.90667125645 2.5542411955 4.78886315927 70.7408372093 ;
59.734769688 3.13168647845 3.10754086181 1.33562407132 0.237555720654 18.801077266 2.78789004458 157.572622585 9447.23829866 107.956723626 16.5792546772 1.90575807032 2.56101993844 4.79934499395 70.8276374443 ;
64.8275517011 3.93595730487 4.62074716478 1.63609072715 0.842228152101 13.1527685123 1.74449633089 476.638425617 31330.8639093 135.056037358 21.2323966851 1.86059375087 4.06382682232 7.44381517959 84.5583722482 ;
48.7654220779 2.70670995671 2.04680735931 0.794372294372 0.242153679654 11.8338744589 1.49729437229 54.1796536797 2697.94318182 70.1672077922 7.93046924659 2.16532009621 1.56654551978 3.27808620991 52.2670454545 ;
65.4158754273 4.35282947209 3.42726927459 1.07292062286 1.29548044056 4.58184580327 0.365742499051 112.44853779 7773.4701861 116.036840106 19.8888998905 2.01869078073 4.02233570309 7.59112993571 88.293581466 ;
48.7654220779 2.70670995671 2.04680735931 0.794372294372 0.242153679654 11.8338744589 1.49729437229 54.1796536797 2697.94318182 70.1672077922 7.93046924659 2.16532009621 1.56654551978 3.27808620991 52.2670454545 ;
65.4158754273 4.35282947209 3.42726927459 1.07292062286 1.29548044056 4.58184580327 0.365742499051 112.44853779 7773.4701861 116.036840106 19.8888998905 2.01869078073 4.02233570309 7.59112993571 88.293581466 ;
59.734769688 3.13168647845 3.10754086181 1.33562407132 0.237555720654 18.801077266 2.78789004458 157.572622585 9447.23829866 107.956723626 16.5792546772 1.90575807032 2.56101993844 4.79934499395 70.8276374443 ;
64.8275517011 3.93595730487 4.62074716478 1.63609072715 0.842228152101 13.1527685123 1.74449633089 476.638425617 31330.8639093 135.056037358 21.2323966851 1.86059375087 4.06382682232 7.44381517959 84.5583722482 ;
48.7654220779 2.70670995671 2.04680735931 0.794372294372 0.242153679654 11.8338744589 1.49729437229 54.1796536797 2697.94318182 70.1672077922 7.93046924659 2.16532009621 1.56654551978 3.27808620991 52.2670454545 ;
65.4157175399 4.3523158694 3.42634776006 1.07251328778 1.2953682612 4.58124525437 0.365603644647 112.510250569 7777.38154897 116.05770691 19.8923468517 2.01871369534 4.021464391 7.58961133613 88.2900531511 ;
64.8203333333 3.93533333333 4.62033333333 1.63633333333 0.842 13.1626666667 1.746 476.534666667 31321.72 135.023333333 21.225695798 1.86060923987 4.06359193997 7.44347778425 84.5436666667 ;
59.7359226909 3.13175989593 3.10760081769 1.33562534845 0.237316483925 18.800594685 2.78795762869 157.49005761 9442.5989593 107.953168556 16.5789587167 1.90573401752 2.56074726674 4.79877473787 70.8292139008 ;
59.6920930233 3.128 3.10976744186 1.33637209302 0.236651162791 18.8251162791 2.79162790698 156.678139535 9386.88465116 107.780651163 16.5435312484 1.90670938346 2.55462199009 4.78963214233 70.7466046512 ;
64.7617940199 3.92956810631 4.6219269103 1.63687707641 0.838870431894 13.2136212625 1.75481727575 475.907973422 31263.9554817 134.839202658 21.1803684923 1.85991320395 4.06154925098 7.43697777841 84.4388704319 ;
65.4711211778 4.35296338241 3.41223103058 1.06983767459 1.29143072858 4.57417893545 0.365043412609 113.532653832 7854.2397131 116.305775764 19.9432843967 2.01813096052 4.01681755295 7.58273186411 88.3457908645 ;
48.7438128909 2.70709817786 2.04161000816 0.792221920044 0.242589067174 11.7987489801 1.49116127278 53.9249388088 2683.74054936 70.0894751156 7.91182219266 2.16588708801 1.56533591766 3.27529249996 52.2289910253 ;
59.7359226909 3.13175989593 3.10760081769 1.33562534845 0.237316483925 18.800594685 2.78795762869 157.49005761 9442.5989593 107.953168556 16.5789587167 1.90573401752 2.56074726674 4.79877473787 70.8292139008 ;
65.4157175399 4.3523158694 3.42634776006 1.07251328778 1.2953682612 4.58124525437 0.365603644647 112.510250569 7777.38154897 116.05770691 19.8923468517 2.01871369534 4.021464391 7.58961133613 88.2900531511 ;
48.7654220779 2.70670995671 2.04680735931 0.794372294372 0.242153679654 11.8338744589 1.49729437229 54.1796536797 2697.94318182 70.1672077922 7.93046924659 2.16532009621 1.56654551978 3.27808620991 52.2670454545 ;
64.8203333333 3.93533333333 4.62033333333 1.63633333333 0.842 13.1626666667 1.746 476.534666667 31321.72 135.023333333 21.225695798 1.86060923987 4.06359193997 7.44347778425 84.5436666667 ;
65.45 4.35340909091 3.41704545455 1.07045454545 1.29393939394 4.56515151515 0.363257575758 112.904166667 7806.27348485 116.175 19.9178878817 2.01724296059 4.02095093429 7.58656586529 88.3242424242 ;
59.6937523243 3.12811454072 3.10933432503 1.33637039792 0.236519152101 18.8250278914 2.79155820007 156.868166605 9398.60598736 107.792673856 16.5454077525 1.90662924907 2.5549873275 4.79001636912 70.7486054295 ;
64.7873963516 3.93167495854 4.61658374793 1.63482587065 0.839137645108 13.1857379768 1.75058043118 475.489220564 31245.9452736 134.916086235 21.2027443151 1.86108272798 4.05935121893 7.43693966398 84.4852404643 ;
48.7457857531 2.70690592713 2.04214246873 0.792550299076 0.242523110386 11.8028820011 1.49184339315 53.9298531811 2684.12615552 70.0970636215 7.91332767267 2.16594874242 1.56543503814 3.27565745079 52.2330070691 ;
59.6893023256 3.128 3.10995348837 1.33655813953 0.236465116279 18.8303255814 2.79237209302 156.670511628 9386.06846512 107.773395349 16.5417267915 1.90667125645 2.5542411955 4.78886315927 70.7408372093 ;
64.7568913982 3.92925938227 4.62172035868 1.63699767519 0.838591829957 13.2172035868 1.7555629359 475.759216207 31254.0381933 134.818000664 21.1763605298 1.86024271011 4.06124188769 7.43747837426 84.4320823647 ;
65.4803625378 4.35422960725 3.41200906344 1.06948640483 1.2915407855 4.56759818731 0.363670694864 113.603096677 7859.3923716 116.328549849 19.9492776082 2.01764325355 4.01812004035 7.58361087373 88.3632930514 ;
48.745444656 2.70655425619 2.04133804732 0.791949959206 0.24313298885 11.790590155 1.49007342943 53.9086211586 2682.97742725 70.0960021757 7.91308948183 2.16606724994 1.56519409648 3.27541328495 52.2314386728 ;
59.6893023256 3.128 3.10995348837 1.33655813953 0.236465116279 18.8303255814 2.79237209302 156.670511628 9386.06846512 107.773395349 16.5417267915 1.90667125645 2.5542411955 4.78886315927 70.7408372093 ;
64.7568913982 3.92925938227 4.62172035868 1.63699767519 0.838591829957 13.2172035868 1.7555629359 475.759216207 31254.0381933 134.818000664 21.1763605298 1.86024271011 4.06124188769 7.43747837426 84.4320823647 ;
48.745444656 2.70655425619 2.04133804732 0.791949959206 0.24313298885 11.790590155 1.49007342943 53.9086211586 2682.97742725 70.0960021757 7.91308948183 2.16606724994 1.56519409648 3.27541328495 52.2314386728 ;
65.4803625378 4.35422960725 3.41200906344 1.06948640483 1.2915407855 4.56759818731 0.363670694864 113.603096677 7859.3923716 116.328549849 19.9492776082 2.01764325355 4.01812004035 7.58361087373 88.3632930514 ;
48.7654220779 2.70670995671 2.04680735931 0.794372294372 0.242153679654 11.8338744589 1.49729437229 54.1796536797 2697.94318182 70.1672077922 7.93046924659 2.16532009621 1.56654551978 3.27808620991 52.2670454545 ;
65.4158754273 4.35282947209 3.42726927459 1.07292062286 1.29548044056 4.58184580327 0.365742499051 112.44853779 7773.4701861 116.036840106 19.8888998905 2.01869078073 4.02233570309 7.59112993571 88.293581466 ;
64.8275517011 3.93595730487 4.62074716478 1.63609072715 0.842228152101 13.1527685123 1.74449633089 476.638425617 31330.8639093 135.056037358 21.2323966851 1.86059375087 4.06382682232 7.44381517959 84.5583722482 ;
59.734769688 3.13168647845 3.10754086181 1.33562407132 0.237555720654 18.801077266 2.78789004458 157.572622585 9447.23829866 107.956723626 16.5792546772 1.90575807032 2.56101993844 4.79934499395 70.8276374443 ;
48.7485729818 2.70698559391 2.04213101386 0.792334873607 0.242457189454 11.8018483284 1.49170970372 53.9317749388 2684.37809187 70.1043761892 7.91560466907 2.16604457798 1.56558499684 3.2762164073 52.2386518076 ;
65.45 4.35340909091 3.41704545455 1.07045454545 1.29393939394 4.56515151515 0.363257575758 112.904166667 7806.27348485 116.175 19.9178878817 2.01724296059 4.02095093429 7.58656586529 88.3242424242 ;
64.7876575979 3.93165228932 4.61612475116 1.63437292634 0.839416058394 13.1708692767 1.74784339748 475.613802256 31254.1834771 134.923689449 21.2037204701 1.86115395044 4.05914549568 7.43685097397 84.4880557399 ;
59.6946820379 3.12830048345 3.11007809595 1.33692822611 0.236519152101 18.8343250279 2.79323168464 156.875418371 9399.12755671 107.795462997 16.5457740999 1.90646708665 2.55546376261 4.79045746115 70.7491632577 ;
48.7485729818 2.70698559391 2.04213101386 0.792334873607 0.242457189454 11.8018483284 1.49170970372 53.9317749388 2684.37809187 70.1043761892 7.91560466907 2.16604457798 1.56558499684 3.2762164073 52.2386518076 ;
65.45 4.35340909091 3.41704545455 1.07045454545 1.29393939394 4.56515151515 0.363257575758 112.904166667 7806.27348485 116.175 19.9178878817 2.01724296059 4.02095093429 7.58656586529 88.3242424242 ;
59.6946820379 3.12830048345 3.11007809595 1.33692822611 0.236519152101 18.8343250279 2.79323168464 156.875418371 9399.12755671 107.795462997 16.5457740999 1.90646708665 2.55546376261 4.79045746115 70.7491632577 ;
64.7876575979 3.93165228932 4.61612475116 1.63437292634 0.839416058394 13.1708692767 1.74784339748 475.613802256 31254.1834771 134.923689449 21.2037204701 1.86115395044 4.05914549568 7.43685097397 84.4880557399 ;
59.734769688 3.13168647845 3.10754086181 1.33562407132 0.237555720654 18.801077266 2.78789004458 157.572622585 9447.23829866 107.956723626 16.5792546772 1.90575807032 2.56101993844 4.79934499395 70.8276374443 ;
64.8275517011 3.93595730487 4.62074716478 1.63609072715 0.842228152101 13.1527685123 1.74449633089 476.638425617 31330.8639093 135.056037358 21.2323966851 1.86059375087 4.06382682232 7.44381517959 84.5583722482 ;
48.7654220779 2.70670995671 2.04680735931 0.794372294372 0.242153679654 11.8338744589 1.49729437229 54.1796536797 2697.94318182 70.1672077922 7.93046924659 2.16532009621 1.56654551978 3.27808620991 52.2670454545 ;
65.4158754273 4.35282947209 3.42726927459 1.07292062286 1.29548044056 4.58184580327 0.365742499051 112.44853779 7773.4701861 116.036840106 19.8888998905 2.01869078073 4.02233570309 7.59112993571 88.293581466 ;
59.734769688 3.13168647845 3.10754086181 1.33562407132 0.237555720654 18.801077266 2.78789004458 157.572622585 9447.23829866 107.956723626 16.5792546772 1.90575807032 2.56101993844 4.79934499395 70.8276374443 ;
65.4158754273 4.35282947209 3.42726927459 1.07292062286 1.29548044056 4.58184580327 0.365742499051 112.44853779 7773.4701861 116.036840106 19.8888998905 2.01869078073 4.02233570309 7.59112993571 88.293581466 ;
48.7654220779 2.70670995671 2.04680735931 0.794372294372 0.242153679654 11.8338744589 1.49729437229 54.1796536797 2697.94318182 70.1672077922 7.93046924659 2.16532009621 1.56654551978 3.27808620991 52.2670454545 ;
64.8275517011 3.93595730487 4.62074716478 1.63609072715 0.842228152101 13.1527685123 1.74449633089 476.638425617 31330.8639093 135.056037358 21.2323966851 1.86059375087 4.06382682232 7.44381517959 84.5583722482 ;
65.4711211778 4.35296338241 3.41223103058 1.06983767459 1.29143072858 4.57417893545 0.365043412609 113.532653832 7854.2397131 116.305775764 19.9432843967 2.01813096052 4.01681755295 7.58273186411 88.3457908645 ;
48.7438128909 2.70709817786 2.04161000816 0.792221920044 0.242589067174 11.7987489801 1.49116127278 53.9249388088 2683.74054936 70.0894751156 7.91182219266 2.16588708801 1.56533591766 3.27529249996 52.2289910253 ;
64.7617940199 3.92956810631 4.6219269103 1.63687707641 0.838870431894 13.2136212625 1.75481727575 475.907973422 31263.9554817 134.839202658 21.1803684923 1.85991320395 4.06154925098 7.43697777841 84.4388704319 ;
59.6920930233 3.128 3.10976744186 1.33637209302 0.236651162791 18.8251162791 2.79162790698 156.678139535 9386.88465116 107.780651163 16.5435312484 1.90670938346 2.55462199009 4.78963214233 70.7466046512 ;
48.745444656 2.70655425619 2.04133804732 0.791949959206 0.24313298885 11.790590155 1.49007342943 53.9086211586 2682.97742725 70.0960021757 7.91308948183 2.16606724994 1.56519409648 3.27541328495 52.2314386728 ;
64.7568913982 3.92925938227 4.62172035868 1.63699767519 0.838591829957 13.2172035868 1.7555629359 475.759216207 31254.0381933 134.818000664 21.1763605298 1.86024271011 4.06124188769 7.43747837426 84.4320823647 ;
65.4803625378 4.35422960725 3.41200906344 1.06948640483 1.2915407855 4.56759818731 0.363670694864 113.603096677 7859.3923716 116.328549849 19.9492776082 2.01764325355 4.01812004035 7.58361087373 88.3632930514 ;
59.6893023256 3.128 3.10995348837 1.33655813953 0.236465116279 18.8303255814 2.79237209302 156.670511628 9386.06846512 107.773395349 16.5417267915 1.90667125645 2.5542411955 4.78886315927 70.7408372093 ;
48.7654220779 2.70670995671 2.04680735931 0.794372294372 0.242153679654 11.8338744589 1.49729437229 54.1796536797 2697.94318182 70.1672077922 7.93046924659 2.16532009621 1.56654551978 3.27808620991 52.2670454545 ;
65.4158754273 4.35282947209 3.42726927459 1.07292062286 1.29548044056 4.58184580327 0.365742499051 112.44853779 7773.4701861 116.036840106 19.8888998905 2.01869078073 4.02233570309 7.59112993571 88.293581466 ;
59.734769688 3.13168647845 3.10754086181 1.33562407132 0.237555720654 18.801077266 2.78789004458 157.572622585 9447.23829866 107.956723626 16.5792546772 1.90575807032 2.56101993844 4.79934499395 70.8276374443 ;
64.8275517011 3.93595730487 4.62074716478 1.63609072715 0.842228152101 13.1527685123 1.74449633089 476.638425617 31330.8639093 135.056037358 21.2323966851 1.86059375087 4.06382682232 7.44381517959 84.5583722482 ;
48.7654220779 2.70670995671 2.04680735931 0.794372294372 0.242153679654 11.8338744589 1.49729437229 54.1796536797 2697.94318182 70.1672077922 7.93046924659 2.16532009621 1.56654551978 3.27808620991 52.2670454545 ;
65.4158754273 4.35282947209 3.42726927459 1.07292062286 1.29548044056 4.58184580327 0.365742499051 112.44853779 7773.4701861 116.036840106 19.8888998905 2.01869078073 4.02233570309 7.59112993571 88.293581466 ;
59.734769688 3.13168647845 3.10754086181 1.33562407132 0.237555720654 18.801077266 2.78789004458 157.572622585 9447.23829866 107.956723626 16.5792546772 1.90575807032 2.56101993844 4.79934499395 70.8276374443 ;
64.8275517011 3.93595730487 4.62074716478 1.63609072715 0.842228152101 13.1527685123 1.74449633089 476.638425617 31330.8639093 135.056037358 21.2323966851 1.86059375087 4.06382682232 7.44381517959 84.5583722482 ;
48.7654220779 2.70670995671 2.04680735931 0.794372294372 0.242153679654 11.8338744589 1.49729437229 54.1796536797 2697.94318182 70.1672077922 7.93046924659 2.16532009621 1.56654551978 3.27808620991 52.2670454545 ;
65.4158754273 4.35282947209 3.42726927459 1.07292062286 1.29548044056 4.58184580327 0.365742499051 112.44853779 7773.4701861 116.036840106 19.8888998905 2.01869078073 4.02233570309 7.59112993571 88.293581466 ;
64.8275517011 3.93595730487 4.62074716478 1.63609072715 0.842228152101 13.1527685123 1.74449633089 476.638425617 31330.8639093 135.056037358 21.2323966851 1.86059375087 4.06382682232 7.44381517959 84.5583722482 ;
59.734769688 3.13168647845 3.10754086181 1.33562407132 0.237555720654 18.801077266 2.78789004458 157.572622585 9447.23829866 107.956723626 16.5792546772 1.90575807032 2.56101993844 4.79934499395 70.8276374443 ;
48.7438128909 2.70709817786 2.04161000816 0.792221920044 0.242589067174 11.7987489801 1.49116127278 53.9249388088 2683.74054936 70.0894751156 7.91182219266 2.16588708801 1.56533591766 3.27529249996 52.2289910253 ;
64.7617940199 3.92956810631 4.6219269103 1.63687707641 0.838870431894 13.2136212625 1.75481727575 475.907973422 31263.9554817 134.839202658 21.1803684923 1.85991320395 4.06154925098 7.43697777841 84.4388704319 ;
59.6920930233 3.128 3.10976744186 1.33637209302 0.236651162791 18.8251162791 2.79162790698 156.678139535 9386.88465116 107.780651163 16.5435312484 1.90670938346 2.55462199009 4.78963214233 70.7466046512 ;
65.4711211778 4.35296338241 3.41223103058 1.06983767459 1.29143072858 4.57417893545 0.365043412609 113.532653832 7854.2397131 116.305775764 19.9432843967 2.01813096052 4.01681755295 7.58273186411 88.3457908645 ;
59.6946820379 3.12830048345 3.11007809595 1.33692822611 0.236519152101 18.8343250279 2.79323168464 156.875418371 9399.12755671 107.795462997 16.5457740999 1.90646708665 2.55546376261 4.79045746115 70.7491632577 ;
65.45 4.35340909091 3.41704545455 1.07045454545 1.29393939394 4.56515151515 0.363257575758 112.904166667 7806.27348485 116.175 19.9178878817 2.01724296059 4.02095093429 7.58656586529 88.3242424242 ;
48.7485729818 2.70698559391 2.04213101386 0.792334873607 0.242457189454 11.8018483284 1.49170970372 53.9317749388 2684.37809187 70.1043761892 7.91560466907 2.16604457798 1.56558499684 3.2762164073 52.2386518076 ;
64.7876575979 3.93165228932 4.61612475116 1.63437292634 0.839416058394 13.1708692767 1.74784339748 475.613802256 31254.1834771 134.923689449 21.2037204701 1.86115395044 4.05914549568 7.43685097397 84.4880557399 ;
59.734769688 3.13168647845 3.10754086181 1.33562407132 0.237555720654 18.801077266 2.78789004458 157.572622585 9447.23829866 107.956723626 16.5792546772 1.90575807032 2.56101993844 4.79934499395 70.8276374443 ;
48.7654220779 2.70670995671 2.04680735931 0.794372294372 0.242153679654 11.8338744589 1.49729437229 54.1796536797 2697.94318182 70.1672077922 7.93046924659 2.16532009621 1.56654551978 3.27808620991 52.2670454545 ;
64.8275517011 3.93595730487 4.62074716478 1.63609072715 0.842228152101 13.1527685123 1.74449633089 476.638425617 31330.8639093 135.056037358 21.2323966851 1.86059375087 4.06382682232 7.44381517959 84.5583722482 ;
65.4158754273 4.35282947209 3.42726927459 1.07292062286 1.29548044056 4.58184580327 0.365742499051 112.44853779 7773.4701861 116.036840106 19.8888998905 2.01869078073 4.02233570309 7.59112993571 88.293581466 ;
59.7359226909 3.13175989593 3.10760081769 1.33562534845 0.237316483925 18.800594685 2.78795762869 157.49005761 9442.5989593 107.953168556 16.5789587167 1.90573401752 2.56074726674 4.79877473787 70.8292139008 ;
64.8203333333 3.93533333333 4.62033333333 1.63633333333 0.842 13.1626666667 1.746 476.534666667 31321.72 135.023333333 21.225695798 1.86060923987 4.06359193997 7.44347778425 84.5436666667 ;
65.4157175399 4.3523158694 3.42634776006 1.07251328778 1.2953682612 4.58124525437 0.365603644647 112.510250569 7777.38154897 116.05770691 19.8923468517 2.01871369534 4.021464391 7.58961133613 88.2900531511 ;
48.7654220779 2.70670995671 2.04680735931 0.794372294372 0.242153679654 11.8338744589 1.49729437229 54.1796536797 2697.94318182 70.1672077922 7.93046924659 2.16532009621 1.56654551978 3.27808620991 52.2670454545 ;
65.4711211778 4.35296338241 3.41223103058 1.06983767459 1.29143072858 4.57417893545 0.365043412609 113.532653832 7854.2397131 116.305775764 19.9432843967 2.01813096052 4.01681755295 7.58273186411 88.3457908645 ;
48.7438128909 2.70709817786 2.04161000816 0.792221920044 0.242589067174 11.7987489801 1.49116127278 53.9249388088 2683.74054936 70.0894751156 7.91182219266 2.16588708801 1.56533591766 3.27529249996 52.2289910253 ;
64.7617940199 3.92956810631 4.6219269103 1.63687707641 0.838870431894 13.2136212625 1.75481727575 475.907973422 31263.9554817 134.839202658 21.1803684923 1.85991320395 4.06154925098 7.43697777841 84.4388704319 ;
59.6920930233 3.128 3.10976744186 1.33637209302 0.236651162791 18.8251162791 2.79162790698 156.678139535 9386.88465116 107.780651163 16.5435312484 1.90670938346 2.55462199009 4.78963214233 70.7466046512 ;
48.7654220779 2.70670995671 2.04680735931 0.794372294372 0.242153679654 11.8338744589 1.49729437229 54.1796536797 2697.94318182 70.1672077922 7.93046924659 2.16532009621 1.56654551978 3.27808620991 52.2670454545 ;
65.4158754273 4.35282947209 3.42726927459 1.07292062286 1.29548044056 4.58184580327 0.365742499051 112.44853779 7773.4701861 116.036840106 19.8888998905 2.01869078073 4.02233570309 7.59112993571 88.293581466 ;
59.734769688 3.13168647845 3.10754086181 1.33562407132 0.237555720654 18.801077266 2.78789004458 157.572622585 9447.23829866 107.956723626 16.5792546772 1.90575807032 2.56101993844 4.79934499395 70.8276374443 ;
64.8275517011 3.93595730487 4.62074716478 1.63609072715 0.842228152101 13.1527685123 1.74449633089 476.638425617 31330.8639093 135.056037358 21.2323966851 1.86059375087 4.06382682232 7.44381517959 84.5583722482 ;
59.6920930233 3.128 3.10976744186 1.33637209302 0.236651162791 18.8251162791 2.79162790698 156.678139535 9386.88465116 107.780651163 16.5435312484 1.90670938346 2.55462199009 4.78963214233 70.7466046512 ;
65.4711211778 4.35296338241 3.41223103058 1.06983767459 1.29143072858 4.57417893545 0.365043412609 113.532653832 7854.2397131 116.305775764 19.9432843967 2.01813096052 4.01681755295 7.58273186411 88.3457908645 ;
64.7617940199 3.92956810631 4.6219269103 1.63687707641 0.838870431894 13.2136212625 1.75481727575 475.907973422 31263.9554817 134.839202658 21.1803684923 1.85991320395 4.06154925098 7.43697777841 84.4388704319 ;
48.7438128909 2.70709817786 2.04161000816 0.792221920044 0.242589067174 11.7987489801 1.49116127278 53.9249388088 2683.74054936 70.0894751156 7.91182219266 2.16588708801 1.56533591766 3.27529249996 52.2289910253 ;
59.7339279078 3.13173541434 3.10795243404 1.3359345968 0.237272389446 18.8047194352 2.78855444073 157.51393534 9443.46674099 107.94630249 16.5772210064 1.9057047548 2.56103523273 4.7992183489 70.8260869565 ;
64.8256085362 3.93564521507 4.62020673558 1.63587862621 0.842280760253 13.1533844615 1.74458152718 476.5981994 31327.4581527 135.044681561 21.2303637186 1.86064670808 4.06357627199 7.44356354232 84.5538512838 ;
48.7654220779 2.70670995671 2.04680735931 0.794372294372 0.242153679654 11.8338744589 1.49729437229 54.1796536797 2697.94318182 70.1672077922 7.93046924659 2.16532009621 1.56654551978 3.27808620991 52.2670454545 ;
65.4157175399 4.3523158694 3.42634776006 1.07251328778 1.2953682612 4.58124525437 0.365603644647 112.510250569 7777.38154897 116.05770691 19.8923468517 2.01871369534 4.021464391 7.58961133613 88.2900531511 ;
48.7438128909 2.70709817786 2.04161000816 0.792221920044 0.242589067174 11.7987489801 1.49116127278 53.9249388088 2683.74054936 70.0894751156 7.91182219266 2.16588708801 1.56533591766 3.27529249996 52.2289910253 ;
64.7617940199 3.92956810631 4.6219269103 1.63687707641 0.838870431894 13.2136212625 1.75481727575 475.907973422 31263.9554817 134.839202658 21.1803684923 1.85991320395 4.06154925098 7.43697777841 84.4388704319 ;
59.6920930233 3.128 3.10976744186 1.33637209302 0.236651162791 18.8251162791 2.79162790698 156.678139535 9386.88465116 107.780651163 16.5435312484 1.90670938346 2.55462199009 4.78963214233 70.7466046512 ;
65.4711211778 4.35296338241 3.41223103058 1.06983767459 1.29143072858 4.57417893545 0.365043412609 113.532653832 7854.2397131 116.305775764 19.9432843967 2.01813096052 4.01681755295 7.58273186411 88.3457908645 ;
48.7438128909 2.70709817786 2.04161000816 0.792221920044 0.242589067174 11.7987489801 1.49116127278 53.9249388088 2683.74054936 70.0894751156 7.91182219266 2.16588708801 1.56533591766 3.27529249996 52.2289910253 ;
64.7617940199 3.92956810631 4.6219269103 1.63687707641 0.838870431894 13.2136212625 1.75481727575 475.907973422 31263.9554817 134.839202658 21.1803684923 1.85991320395 4.06154925098 7.43697777841 84.4388704319 ;
65.4711211778 4.35296338241 3.41223103058 1.06983767459 1.29143072858 4.57417893545 0.365043412609 113.532653832 7854.2397131 116.305775764 19.9432843967 2.01813096052 4.01681755295 7.58273186411 88.3457908645 ;
59.6920930233 3.128 3.10976744186 1.33637209302 0.236651162791 18.8251162791 2.79162790698 156.678139535 9386.88465116 107.780651163 16.5435312484 1.90670938346 2.55462199009 4.78963214233 70.7466046512 ;
59.734769688 3.13168647845 3.10754086181 1.33562407132 0.237555720654 18.801077266 2.78789004458 157.572622585 9447.23829866 107.956723626 16.5792546772 1.90575807032 2.56101993844 4.79934499395 70.8276374443 ;
48.7654220779 2.70670995671 2.04680735931 0.794372294372 0.242153679654 11.8338744589 1.49729437229 54.1796536797 2697.94318182 70.1672077922 7.93046924659 2.16532009621 1.56654551978 3.27808620991 52.2670454545 ;
64.8275517011 3.93595730487 4.62074716478 1.63609072715 0.842228152101 13.1527685123 1.74449633089 476.638425617 31330.8639093 135.056037358 21.2323966851 1.86059375087 4.06382682232 7.44381517959 84.5583722482 ;
65.4158754273 4.35282947209 3.42726927459 1.07292062286 1.29548044056 4.58184580327 0.365742499051 112.44853779 7773.4701861 116.036840106 19.8888998905 2.01869078073 4.02233570309 7.59112993571 88.293581466 ;
59.6920930233 3.128 3.10976744186 1.33637209302 0.236651162791 18.8251162791 2.79162790698 156.678139535 9386.88465116 107.780651163 16.5435312484 1.90670938346 2.55462199009 4.78963214233 70.7466046512 ;
64.7617940199 3.92956810631 4.6219269103 1.63687707641 0.838870431894 13.2136212625 1.75481727575 475.907973422 31263.9554817 134.839202658 21.1803684923 1.85991320395 4.06154925098 7.43697777841 84.4388704319 ;
65.4711211778 4.35296338241 3.41223103058 1.06983767459 1.29143072858 4.57417893545 0.365043412609 113.532653832 7854.2397131 116.305775764 19.9432843967 2.01813096052 4.01681755295 7.58273186411 88.3457908645 ;
48.7438128909 2.70709817786 2.04161000816 0.792221920044 0.242589067174 11.7987489801 1.49116127278 53.9249388088 2683.74054936 70.0894751156 7.91182219266 2.16588708801 1.56533591766 3.27529249996 52.2289910253 ;
48.7457857531 2.70690592713 2.04214246873 0.792550299076 0.242523110386 11.8028820011 1.49184339315 53.9298531811 2684.12615552 70.0970636215 7.91332767267 2.16594874242 1.56543503814 3.27565745079 52.2330070691 ;
64.7873963516 3.93167495854 4.61658374793 1.63482587065 0.839137645108 13.1857379768 1.75058043118 475.489220564 31245.9452736 134.916086235 21.2027443151 1.86108272798 4.05935121893 7.43693966398 84.4852404643 ;
65.45 4.35340909091 3.41704545455 1.07045454545 1.29393939394 4.56515151515 0.363257575758 112.904166667 7806.27348485 116.175 19.9178878817 2.01724296059 4.02095093429 7.58656586529 88.3242424242 ;
59.6937523243 3.12811454072 3.10933432503 1.33637039792 0.236519152101 18.8250278914 2.79155820007 156.868166605 9398.60598736 107.792673856 16.5454077525 1.90662924907 2.5549873275 4.79001636912 70.7486054295 ;
59.6920930233 3.128 3.10976744186 1.33637209302 0.236651162791 18.8251162791 2.79162790698 156.678139535 9386.88465116 107.780651163 16.5435312484 1.90670938346 2.55462199009 4.78963214233 70.7466046512 ;
64.7617940199 3.92956810631 4.6219269103 1.63687707641 0.838870431894 13.2136212625 1.75481727575 475.907973422 31263.9554817 134.839202658 21.1803684923 1.85991320395 4.06154925098 7.43697777841 84.4388704319 ;
65.4711211778 4.35296338241 3.41223103058 1.06983767459 1.29143072858 4.57417893545 0.365043412609 113.532653832 7854.2397131 116.305775764 19.9432843967 2.01813096052 4.01681755295 7.58273186411 88.3457908645 ;
48.7438128909 2.70709817786 2.04161000816 0.792221920044 0.242589067174 11.7987489801 1.49116127278 53.9249388088 2683.74054936 70.0894751156 7.91182219266 2.16588708801 1.56533591766 3.27529249996 52.2289910253 ;
48.7654220779 2.70670995671 2.04680735931 0.794372294372 0.242153679654 11.8338744589 1.49729437229 54.1796536797 2697.94318182 70.1672077922 7.93046924659 2.16532009621 1.56654551978 3.27808620991 52.2670454545 ;
64.8275517011 3.93595730487 4.62074716478 1.63609072715 0.842228152101 13.1527685123 1.74449633089 476.638425617 31330.8639093 135.056037358 21.2323966851 1.86059375087 4.06382682232 7.44381517959 84.5583722482 ;
59.734769688 3.13168647845 3.10754086181 1.33562407132 0.237555720654 18.801077266 2.78789004458 157.572622585 9447.23829866 107.956723626 16.5792546772 1.90575807032 2.56101993844 4.79934499395 70.8276374443 ;
65.4158754273 4.35282947209 3.42726927459 1.07292062286 1.29548044056 4.58184580327 0.365742499051 112.44853779 7773.4701861 116.036840106 19.8888998905 2.01869078073 4.02233570309 7.59112993571 88.293581466 ;
48.7654220779 2.70670995671 2.04680735931 0.794372294372 0.242153679654 11.8338744589 1.49729437229 54.1796536797 2697.94318182 70.1672077922 7.93046924659 2.16532009621 1.56654551978 3.27808620991 52.2670454545 ;
65.4158754273 4.35282947209 3.42726927459 1.07292062286 1.29548044056 4.58184580327 0.365742499051 112.44853779 7773.4701861 116.036840106 19.8888998905 2.01869078073 4.02233570309 7.59112993571 88.293581466 ;
59.734769688 3.13168647845 3.10754086181 1.33562407132 0.237555720654 18.801077266 2.78789004458 157.572622585 9447.23829866 107.956723626 16.5792546772 1.90575807032 2.56101993844 4.79934499395 70.8276374443 ;
64.8275517011 3.93595730487 4.62074716478 1.63609072715 0.842228152101 13.1527685123 1.74449633089 476.638425617 31330.8639093 135.056037358 21.2323966851 1.86059375087 4.06382682232 7.44381517959 84.5583722482 ;
48.745444656 2.70655425619 2.04133804732 0.791949959206 0.24313298885 11.790590155 1.49007342943 53.9086211586 2682.97742725 70.0960021757 7.91308948183 2.16606724994 1.56519409648 3.27541328495 52.2314386728 ;
64.7617940199 3.92956810631 4.6219269103 1.63687707641 0.838870431894 13.2136212625 1.75481727575 475.907973422 31263.9554817 134.839202658 21.1803684923 1.85991320395 4.06154925098 7.43697777841 84.4388704319 ;
65.4743202417 4.35385196375 3.41238670695 1.06986404834 1.29116314199 4.57552870091 0.365181268882 113.557401813 7856.16805136 116.311178248 19.9450441592 2.01804953128 4.01761418645 7.58398647825 88.3538519637 ;
59.6904761905 3.12816220238 3.10993303571 1.33649553571 0.236607142857 18.8273809524 2.79185267857 156.669084821 9386.17168899 107.775111607 16.5424300728 1.90664699335 2.55459858729 4.78945110719 70.744233631 ;
48.7654220779 2.70670995671 2.04680735931 0.794372294372 0.242153679654 11.8338744589 1.49729437229 54.1796536797 2697.94318182 70.1672077922 7.93046924659 2.16532009621 1.56654551978 3.27808620991 52.2670454545 ;
64.8275517011 3.93595730487 4.62074716478 1.63609072715 0.842228152101 13.1527685123 1.74449633089 476.638425617 31330.8639093 135.056037358 21.2323966851 1.86059375087 4.06382682232 7.44381517959 84.5583722482 ;
59.734769688 3.13168647845 3.10754086181 1.33562407132 0.237555720654 18.801077266 2.78789004458 157.572622585 9447.23829866 107.956723626 16.5792546772 1.90575807032 2.56101993844 4.79934499395 70.8276374443 ;
65.4158754273 4.35282947209 3.42726927459 1.07292062286 1.29548044056 4.58184580327 0.365742499051 112.44853779 7773.4701861 116.036840106 19.8888998905 2.01869078073 4.02233570309 7.59112993571 88.293581466 ;
48.7654220779 2.70670995671 2.04680735931 0.794372294372 0.242153679654 11.8338744589 1.49729437229 54.1796536797 2697.94318182 70.1672077922 7.93046924659 2.16532009621 1.56654551978 3.27808620991 52.2670454545 ;
65.4158754273 4.35282947209 3.42726927459 1.07292062286 1.29548044056 4.58184580327 0.365742499051 112.44853779 7773.4701861 116.036840106 19.8888998905 2.01869078073 4.02233570309 7.59112993571 88.293581466 ;
59.734769688 3.13168647845 3.10754086181 1.33562407132 0.237555720654 18.801077266 2.78789004458 157.572622585 9447.23829866 107.956723626 16.5792546772 1.90575807032 2.56101993844 4.79934499395 70.8276374443 ;
64.8275517011 3.93595730487 4.62074716478 1.63609072715 0.842228152101 13.1527685123 1.74449633089 476.638425617 31330.8639093 135.056037358 21.2323966851 1.86059375087 4.06382682232 7.44381517959 84.5583722482 ;
48.745444656 2.70655425619 2.04133804732 0.791949959206 0.24313298885 11.790590155 1.49007342943 53.9086211586 2682.97742725 70.0960021757 7.91308948183 2.16606724994 1.56519409648 3.27541328495 52.2314386728 ;
65.4803625378 4.35422960725 3.41200906344 1.06948640483 1.2915407855 4.56759818731 0.363670694864 113.603096677 7859.3923716 116.328549849 19.9492776082 2.01764325355 4.01812004035 7.58361087373 88.3632930514 ;
64.7568913982 3.92925938227 4.62172035868 1.63699767519 0.838591829957 13.2172035868 1.7555629359 475.759216207 31254.0381933 134.818000664 21.1763605298 1.86024271011 4.06124188769 7.43747837426 84.4320823647 ;
59.6893023256 3.128 3.10995348837 1.33655813953 0.236465116279 18.8303255814 2.79237209302 156.670511628 9386.06846512 107.773395349 16.5417267915 1.90667125645 2.5542411955 4.78886315927 70.7408372093 ;
48.7438128909 2.70709817786 2.04161000816 0.792221920044 0.242589067174 11.7987489801 1.49116127278 53.9249388088 2683.74054936 70.0894751156 7.91182219266 2.16588708801 1.56533591766 3.27529249996 52.2289910253 ;
64.7617940199 3.92956810631 4.6219269103 1.63687707641 0.838870431894 13.2136212625 1.75481727575 475.907973422 31263.9554817 134.839202658 21.1803684923 1.85991320395 4.06154925098 7.43697777841 84.4388704319 ;
65.4711211778 4.35296338241 3.41223103058 1.06983767459 1.29143072858 4.57417893545 0.365043412609 113.532653832 7854.2397131 116.305775764 19.9432843967 2.01813096052 4.01681755295 7.58273186411 88.3457908645 ;
59.6920930233 3.128 3.10976744186 1.33637209302 0.236651162791 18.8251162791 2.79162790698 156.678139535 9386.88465116 107.780651163 16.5435312484 1.90670938346 2.55462199009 4.78963214233 70.7466046512 ;
48.7654220779 2.70670995671 2.04680735931 0.794372294372 0.242153679654 11.8338744589 1.49729437229 54.1796536797 2697.94318182 70.1672077922 7.93046924659 2.16532009621 1.56654551978 3.27808620991 52.2670454545 ;
64.8203333333 3.93533333333 4.62033333333 1.63633333333 0.842 13.1626666667 1.746 476.534666667 31321.72 135.023333333 21.225695798 1.86060923987 4.06359193997 7.44347778425 84.5436666667 ;
65.4157175399 4.3523158694 3.42634776006 1.07251328778 1.2953682612 4.58124525437 0.365603644647 112.510250569 7777.38154897 116.05770691 19.8923468517 2.01871369534 4.021464391 7.58961133613 88.2900531511 ;
59.7359226909 3.13175989593 3.10760081769 1.33562534845 0.237316483925 18.800594685 2.78795762869 157.49005761 9442.5989593 107.953168556 16.5789587167 1.90573401752 2.56074726674 4.79877473787 70.8292139008 ;
48.7654220779 2.70670995671 2.04680735931 0.794372294372 0.242153679654 11.8338744589 1.49729437229 54.1796536797 2697.94318182 70.1672077922 7.93046924659 2.16532009621 1.56654551978 3.27808620991 52.2670454545 ;
65.4158754273 4.35282947209 3.42726927459 1.07292062286 1.29548044056 4.58184580327 0.365742499051 112.44853779 7773.4701861 116.036840106 19.8888998905 2.01869078073 4.02233570309 7.59112993571 88.293581466 ;
59.734769688 3.13168647845 3.10754086181 1.33562407132 0.237555720654 18.801077266 2.78789004458 157.572622585 9447.23829866 107.956723626 16.5792546772 1.90575807032 2.56101993844 4.79934499395 70.8276374443 ;
64.8275517011 3.93595730487 4.62074716478 1.63609072715 0.842228152101 13.1527685123 1.74449633089 476.638425617 31330.8639093 135.056037358 21.2323966851 1.86059375087 4.06382682232 7.44381517959 84.5583722482 ;
48.745444656 2.70655425619 2.04133804732 0.791949959206 0.24313298885 11.790590155 1.49007342943 53.9086211586 2682.97742725 70.0960021757 7.91308948183 2.16606724994 1.56519409648 3.27541328495 52.2314386728 ;
64.7568913982 3.92925938227 4.62172035868 1.63699767519 0.838591829957 13.2172035868 1.7555629359 475.759216207 31254.0381933 134.818000664 21.1763605298 1.86024271011 4.06124188769 7.43747837426 84.4320823647 ;
59.6893023256 3.128 3.10995348837 1.33655813953 0.236465116279 18.8303255814 2.79237209302 156.670511628 9386.06846512 107.773395349 16.5417267915 1.90667125645 2.5542411955 4.78886315927 70.7408372093 ;
65.4803625378 4.35422960725 3.41200906344 1.06948640483 1.2915407855 4.56759818731 0.363670694864 113.603096677 7859.3923716 116.328549849 19.9492776082 2.01764325355 4.01812004035 7.58361087373 88.3632930514 ;
65.4158754273 4.35282947209 3.42726927459 1.07292062286 1.29548044056 4.58184580327 0.365742499051 112.44853779 7773.4701861 116.036840106 19.8888998905 2.01869078073 4.02233570309 7.59112993571 88.293581466 ;
48.7654220779 2.70670995671 2.04680735931 0.794372294372 0.242153679654 11.8338744589 1.49729437229 54.1796536797 2697.94318182 70.1672077922 7.93046924659 2.16532009621 1.56654551978 3.27808620991 52.2670454545 ;
64.8275517011 3.93595730487 4.62074716478 1.63609072715 0.842228152101 13.1527685123 1.74449633089 476.638425617 31330.8639093 135.056037358 21.2323966851 1.86059375087 4.06382682232 7.44381517959 84.5583722482 ;
59.734769688 3.13168647845 3.10754086181 1.33562407132 0.237555720654 18.801077266 2.78789004458 157.572622585 9447.23829866 107.956723626 16.5792546772 1.90575807032 2.56101993844 4.79934499395 70.8276374443 ;
48.7654220779 2.70670995671 2.04680735931 0.794372294372 0.242153679654 11.8338744589 1.49729437229 54.1796536797 2697.94318182 70.1672077922 7.93046924659 2.16532009621 1.56654551978 3.27808620991 52.2670454545 ;
65.4157175399 4.3523158694 3.42634776006 1.07251328778 1.2953682612 4.58124525437 0.365603644647 112.510250569 7777.38154897 116.05770691 19.8923468517 2.01871369534 4.021464391 7.58961133613 88.2900531511 ;
59.7359226909 3.13175989593 3.10760081769 1.33562534845 0.237316483925 18.800594685 2.78795762869 157.49005761 9442.5989593 107.953168556 16.5789587167 1.90573401752 2.56074726674 4.79877473787 70.8292139008 ;
64.8203333333 3.93533333333 4.62033333333 1.63633333333 0.842 13.1626666667 1.746 476.534666667 31321.72 135.023333333 21.225695798 1.86060923987 4.06359193997 7.44347778425 84.5436666667 ;
59.6946820379 3.12830048345 3.11007809595 1.33692822611 0.236519152101 18.8343250279 2.79323168464 156.875418371 9399.12755671 107.795462997 16.5457740999 1.90646708665 2.55546376261 4.79045746115 70.7491632577 ;
65.45 4.35340909091 3.41704545455 1.07045454545 1.29393939394 4.56515151515 0.363257575758 112.904166667 7806.27348485 116.175 19.9178878817 2.01724296059 4.02095093429 7.58656586529 88.3242424242 ;
48.7485729818 2.70698559391 2.04213101386 0.792334873607 0.242457189454 11.8018483284 1.49170970372 53.9317749388 2684.37809187 70.1043761892 7.91560466907 2.16604457798 1.56558499684 3.2762164073 52.2386518076 ;
64.7876575979 3.93165228932 4.61612475116 1.63437292634 0.839416058394 13.1708692767 1.74784339748 475.613802256 31254.1834771 134.923689449 21.2037204701 1.86115395044 4.05914549568 7.43685097397 84.4880557399 ;
65.45 4.35340909091 3.41704545455 1.07045454545 1.29393939394 4.56515151515 0.363257575758 112.904166667 7806.27348485 116.175 19.9178878817 2.01724296059 4.02095093429 7.58656586529 88.3242424242 ;
48.7485729818 2.70698559391 2.04213101386 0.792334873607 0.242457189454 11.8018483284 1.49170970372 53.9317749388 2684.37809187 70.1043761892 7.91560466907 2.16604457798 1.56558499684 3.2762164073 52.2386518076 ;
64.7876575979 3.93165228932 4.61612475116 1.63437292634 0.839416058394 13.1708692767 1.74784339748 475.613802256 31254.1834771 134.923689449 21.2037204701 1.86115395044 4.05914549568 7.43685097397 84.4880557399 ;
59.6946820379 3.12830048345 3.11007809595 1.33692822611 0.236519152101 18.8343250279 2.79323168464 156.875418371 9399.12755671 107.795462997 16.5457740999 1.90646708665 2.55546376261 4.79045746115 70.7491632577 ;
59.6893023256 3.128 3.10995348837 1.33655813953 0.236465116279 18.8303255814 2.79237209302 156.670511628 9386.06846512 107.773395349 16.5417267915 1.90667125645 2.5542411955 4.78886315927 70.7408372093 ;
64.7568913982 3.92925938227 4.62172035868 1.63699767519 0.838591829957 13.2172035868 1.7555629359 475.759216207 31254.0381933 134.818000664 21.1763605298 1.86024271011 4.06124188769 7.43747837426 84.4320823647 ;
65.4803625378 4.35422960725 3.41200906344 1.06948640483 1.2915407855 4.56759818731 0.363670694864 113.603096677 7859.3923716 116.328549849 19.9492776082 2.01764325355 4.01812004035 7.58361087373 88.3632930514 ;
48.745444656 2.70655425619 2.04133804732 0.791949959206 0.24313298885 11.790590155 1.49007342943 53.9086211586 2682.97742725 70.0960021757 7.91308948183 2.16606724994 1.56519409648 3.27541328495 52.2314386728 ;
59.734769688 3.13168647845 3.10754086181 1.33562407132 0.237555720654 18.801077266 2.78789004458 157.572622585 9447.23829866 107.956723626 16.5792546772 1.90575807032 2.56101993844 4.79934499395 70.8276374443 ;
64.8275517011 3.93595730487 4.62074716478 1.63609072715 0.842228152101 13.1527685123 1.74449633089 476.638425617 31330.8639093 135.056037358 21.2323966851 1.86059375087 4.06382682232 7.44381517959 84.5583722482 ;
48.7654220779 2.70670995671 2.04680735931 0.794372294372 0.242153679654 11.8338744589 1.49729437229 54.1796536797 2697.94318182 70.1672077922 7.93046924659 2.16532009621 1.56654551978 3.27808620991 52.2670454545 ;
65.4158754273 4.35282947209 3.42726927459 1.07292062286 1.29548044056 4.58184580327 0.365742499051 112.44853779 7773.4701861 116.036840106 19.8888998905 2.01869078073 4.02233570309 7.59112993571 88.293581466 ;
64.8203333333 3.93533333333 4.62033333333 1.63633333333 0.842 13.1626666667 1.746 476.534666667 31321.72 135.023333333 21.225695798 1.86060923987 4.06359193997 7.44347778425 84.5436666667 ;
48.7654220779 2.70670995671 2.04680735931 0.794372294372 0.242153679654 11.8338744589 1.49729437229 54.1796536797 2697.94318182 70.1672077922 7.93046924659 2.16532009621 1.56654551978 3.27808620991 52.2670454545 ;
65.4157175399 4.3523158694 3.42634776006 1.07251328778 1.2953682612 4.58124525437 0.365603644647 112.510250569 7777.38154897 116.05770691 19.8923468517 2.01871369534 4.021464391 7.58961133613 88.2900531511 ;
59.7359226909 3.13175989593 3.10760081769 1.33562534845 0.237316483925 18.800594685 2.78795762869 157.49005761 9442.5989593 107.953168556 16.5789587167 1.90573401752 2.56074726674 4.79877473787 70.8292139008 ;
48.7654220779 2.70670995671 2.04680735931 0.794372294372 0.242153679654 11.8338744589 1.49729437229 54.1796536797 2697.94318182 70.1672077922 7.93046924659 2.16532009621 1.56654551978 3.27808620991 52.2670454545 ;
65.4157175399 4.3523158694 3.42634776006 1.07251328778 1.2953682612 4.58124525437 0.365603644647 112.510250569 7777.38154897 116.05770691 19.8923468517 2.01871369534 4.021464391 7.58961133613 88.2900531511 ;
59.7359226909 3.13175989593 3.10760081769 1.33562534845 0.237316483925 18.800594685 2.78795762869 157.49005761 9442.5989593 107.953168556 16.5789587167 1.90573401752 2.56074726674 4.79877473787 70.8292139008 ;
64.8203333333 3.93533333333 4.62033333333 1.63633333333 0.842 13.1626666667 1.746 476.534666667 31321.72 135.023333333 21.225695798 1.86060923987 4.06359193997 7.44347778425 84.5436666667 ;
59.7359226909 3.13175989593 3.10760081769 1.33562534845 0.237316483925 18.800594685 2.78795762869 157.49005761 9442.5989593 107.953168556 16.5789587167 1.90573401752 2.56074726674 4.79877473787 70.8292139008 ;
48.7654220779 2.70670995671 2.04680735931 0.794372294372 0.242153679654 11.8338744589 1.49729437229 54.1796536797 2697.94318182 70.1672077922 7.93046924659 2.16532009621 1.56654551978 3.27808620991 52.2670454545 ;
64.8203333333 3.93533333333 4.62033333333 1.63633333333 0.842 13.1626666667 1.746 476.534666667 31321.72 135.023333333 21.225695798 1.86060923987 4.06359193997 7.44347778425 84.5436666667 ;
65.4157175399 4.3523158694 3.42634776006 1.07251328778 1.2953682612 4.58124525437 0.365603644647 112.510250569 7777.38154897 116.05770691 19.8923468517 2.01871369534 4.021464391 7.58961133613 88.2900531511 ;
65.4803625378 4.35422960725 3.41200906344 1.06948640483 1.2915407855 4.56759818731 0.363670694864 113.603096677 7859.3923716 116.328549849 19.9492776082 2.01764325355 4.01812004035 7.58361087373 88.3632930514 ;
48.745444656 2.70655425619 2.04133804732 0.791949959206 0.24313298885 11.790590155 1.49007342943 53.9086211586 2682.97742725 70.0960021757 7.91308948183 2.16606724994 1.56519409648 3.27541328495 52.2314386728 ;
64.7568913982 3.92925938227 4.62172035868 1.63699767519 0.838591829957 13.2172035868 1.7555629359 475.759216207 31254.0381933 134.818000664 21.1763605298 1.86024271011 4.06124188769 7.43747837426 84.4320823647 ;
59.6893023256 3.128 3.10995348837 1.33655813953 0.236465116279 18.8303255814 2.79237209302 156.670511628 9386.06846512 107.773395349 16.5417267915 1.90667125645 2.5542411955 4.78886315927 70.7408372093 ;
65.4711211778 4.35296338241 3.41223103058 1.06983767459 1.29143072858 4.57417893545 0.365043412609 113.532653832 7854.2397131 116.305775764 19.9432843967 2.01813096052 4.01681755295 7.58273186411 88.3457908645 ;
48.7438128909 2.70709817786 2.04161000816 0.792221920044 0.242589067174 11.7987489801 1.49116127278 53.9249388088 2683.74054936 70.0894751156 7.91182219266 2.16588708801 1.56533591766 3.27529249996 52.2289910253 ;
64.7617940199 3.92956810631 4.6219269103 1.63687707641 0.838870431894 13.2136212625 1.75481727575 475.907973422 31263.9554817 134.839202658 21.1803684923 1.85991320395 4.06154925098 7.43697777841 84.4388704319 ;
59.6920930233 3.128 3.10976744186 1.33637209302 0.236651162791 18.8251162791 2.79162790698 156.678139535 9386.88465116 107.780651163 16.5435312484 1.90670938346 2.55462199009 4.78963214233 70.7466046512 ;
59.6920930233 3.128 3.10976744186 1.33637209302 0.236651162791 18.8251162791 2.79162790698 156.678139535 9386.88465116 107.780651163 16.5435312484 1.90670938346 2.55462199009 4.78963214233 70.7466046512 ;
64.7617940199 3.92956810631 4.6219269103 1.63687707641 0.838870431894 13.2136212625 1.75481727575 475.907973422 31263.9554817 134.839202658 21.1803684923 1.85991320395 4.06154925098 7.43697777841 84.4388704319 ;
48.7438128909 2.70709817786 2.04161000816 0.792221920044 0.242589067174 11.7987489801 1.49116127278 53.9249388088 2683.74054936 70.0894751156 7.91182219266 2.16588708801 1.56533591766 3.27529249996 52.2289910253 ;
65.4711211778 4.35296338241 3.41223103058 1.06983767459 1.29143072858 4.57417893545 0.365043412609 113.532653832 7854.2397131 116.305775764 19.9432843967 2.01813096052 4.01681755295 7.58273186411 88.3457908645 ;
65.4711211778 4.35296338241 3.41223103058 1.06983767459 1.29143072858 4.57417893545 0.365043412609 113.532653832 7854.2397131 116.305775764 19.9432843967 2.01813096052 4.01681755295 7.58273186411 88.3457908645 ;
48.7438128909 2.70709817786 2.04161000816 0.792221920044 0.242589067174 11.7987489801 1.49116127278 53.9249388088 2683.74054936 70.0894751156 7.91182219266 2.16588708801 1.56533591766 3.27529249996 52.2289910253 ;
64.7617940199 3.92956810631 4.6219269103 1.63687707641 0.838870431894 13.2136212625 1.75481727575 475.907973422 31263.9554817 134.839202658 21.1803684923 1.85991320395 4.06154925098 7.43697777841 84.4388704319 ;
59.6920930233 3.128 3.10976744186 1.33637209302 0.236651162791 18.8251162791 2.79162790698 156.678139535 9386.88465116 107.780651163 16.5435312484 1.90670938346 2.55462199009 4.78963214233 70.7466046512 ;
59.734769688 3.13168647845 3.10754086181 1.33562407132 0.237555720654 18.801077266 2.78789004458 157.572622585 9447.23829866 107.956723626 16.5792546772 1.90575807032 2.56101993844 4.79934499395 70.8276374443 ;
48.7654220779 2.70670995671 2.04680735931 0.794372294372 0.242153679654 11.8338744589 1.49729437229 54.1796536797 2697.94318182 70.1672077922 7.93046924659 2.16532009621 1.56654551978 3.27808620991 52.2670454545 ;
64.8275517011 3.93595730487 4.62074716478 1.63609072715 0.842228152101 13.1527685123 1.74449633089 476.638425617 31330.8639093 135.056037358 21.2323966851 1.86059375087 4.06382682232 7.44381517959 84.5583722482 ;
65.4158754273 4.35282947209 3.42726927459 1.07292062286 1.29548044056 4.58184580327 0.365742499051 112.44853779 7773.4701861 116.036840106 19.8888998905 2.01869078073 4.02233570309 7.59112993571 88.293581466 ;
59.6920930233 3.128 3.10976744186 1.33637209302 0.236651162791 18.8251162791 2.79162790698 156.678139535 9386.88465116 107.780651163 16.5435312484 1.90670938346 2.55462199009 4.78963214233 70.7466046512 ;
65.4711211778 4.35296338241 3.41223103058 1.06983767459 1.29143072858 4.57417893545 0.365043412609 113.532653832 7854.2397131 116.305775764 19.9432843967 2.01813096052 4.01681755295 7.58273186411 88.3457908645 ;
48.7438128909 2.70709817786 2.04161000816 0.792221920044 0.242589067174 11.7987489801 1.49116127278 53.9249388088 2683.74054936 70.0894751156 7.91182219266 2.16588708801 1.56533591766 3.27529249996 52.2289910253 ;
64.7617940199 3.92956810631 4.6219269103 1.63687707641 0.838870431894 13.2136212625 1.75481727575 475.907973422 31263.9554817 134.839202658 21.1803684923 1.85991320395 4.06154925098 7.43697777841 84.4388704319 ;
48.7654220779 2.70670995671 2.04680735931 0.794372294372 0.242153679654 11.8338744589 1.49729437229 54.1796536797 2697.94318182 70.1672077922 7.93046924659 2.16532009621 1.56654551978 3.27808620991 52.2670454545 ;
65.4157175399 4.3523158694 3.42634776006 1.07251328778 1.2953682612 4.58124525437 0.365603644647 112.510250569 7777.38154897 116.05770691 19.8923468517 2.01871369534 4.021464391 7.58961133613 88.2900531511 ;
64.8203333333 3.93533333333 4.62033333333 1.63633333333 0.842 13.1626666667 1.746 476.534666667 31321.72 135.023333333 21.225695798 1.86060923987 4.06359193997 7.44347778425 84.5436666667 ;
59.7359226909 3.13175989593 3.10760081769 1.33562534845 0.237316483925 18.800594685 2.78795762869 157.49005761 9442.5989593 107.953168556 16.5789587167 1.90573401752 2.56074726674 4.79877473787 70.8292139008 ;
59.6893023256 3.128 3.10995348837 1.33655813953 0.236465116279 18.8303255814 2.79237209302 156.670511628 9386.06846512 107.773395349 16.5417267915 1.90667125645 2.5542411955 4.78886315927 70.7408372093 ;
64.7568913982 3.92925938227 4.62172035868 1.63699767519 0.838591829957 13.2172035868 1.7555629359 475.759216207 31254.0381933 134.818000664 21.1763605298 1.86024271011 4.06124188769 7.43747837426 84.4320823647 ;
65.4803625378 4.35422960725 3.41200906344 1.06948640483 1.2915407855 4.56759818731 0.363670694864 113.603096677 7859.3923716 116.328549849 19.9492776082 2.01764325355 4.01812004035 7.58361087373 88.3632930514 ;
48.745444656 2.70655425619 2.04133804732 0.791949959206 0.24313298885 11.790590155 1.49007342943 53.9086211586 2682.97742725 70.0960021757 7.91308948183 2.16606724994 1.56519409648 3.27541328495 52.2314386728 ;
48.7654220779 2.70670995671 2.04680735931 0.794372294372 0.242153679654 11.8338744589 1.49729437229 54.1796536797 2697.94318182 70.1672077922 7.93046924659 2.16532009621 1.56654551978 3.27808620991 52.2670454545 ;
65.4158754273 4.35282947209 3.42726927459 1.07292062286 1.29548044056 4.58184580327 0.365742499051 112.44853779 7773.4701861 116.036840106 19.8888998905 2.01869078073 4.02233570309 7.59112993571 88.293581466 ;
59.734769688 3.13168647845 3.10754086181 1.33562407132 0.237555720654 18.801077266 2.78789004458 157.572622585 9447.23829866 107.956723626 16.5792546772 1.90575807032 2.56101993844 4.79934499395 70.8276374443 ;
64.8275517011 3.93595730487 4.62074716478 1.63609072715 0.842228152101 13.1527685123 1.74449633089 476.638425617 31330.8639093 135.056037358 21.2323966851 1.86059375087 4.06382682232 7.44381517959 84.5583722482 ;
64.8275517011 3.93595730487 4.62074716478 1.63609072715 0.842228152101 13.1527685123 1.74449633089 476.638425617 31330.8639093 135.056037358 21.2323966851 1.86059375087 4.06382682232 7.44381517959 84.5583722482 ;
48.7654220779 2.70670995671 2.04680735931 0.794372294372 0.242153679654 11.8338744589 1.49729437229 54.1796536797 2697.94318182 70.1672077922 7.93046924659 2.16532009621 1.56654551978 3.27808620991 52.2670454545 ;
65.4158754273 4.35282947209 3.42726927459 1.07292062286 1.29548044056 4.58184580327 0.365742499051 112.44853779 7773.4701861 116.036840106 19.8888998905 2.01869078073 4.02233570309 7.59112993571 88.293581466 ;
59.734769688 3.13168647845 3.10754086181 1.33562407132 0.237555720654 18.801077266 2.78789004458 157.572622585 9447.23829866 107.956723626 16.5792546772 1.90575807032 2.56101993844 4.79934499395 70.8276374443 ;
59.7359226909 3.13175989593 3.10760081769 1.33562534845 0.237316483925 18.800594685 2.78795762869 157.49005761 9442.5989593 107.953168556 16.5789587167 1.90573401752 2.56074726674 4.79877473787 70.8292139008 ;
48.7654220779 2.70670995671 2.04680735931 0.794372294372 0.242153679654 11.8338744589 1.49729437229 54.1796536797 2697.94318182 70.1672077922 7.93046924659 2.16532009621 1.56654551978 3.27808620991 52.2670454545 ;
64.8203333333 3.93533333333 4.62033333333 1.63633333333 0.842 13.1626666667 1.746 476.534666667 31321.72 135.023333333 21.225695798 1.86060923987 4.06359193997 7.44347778425 84.5436666667 ;
65.4157175399 4.3523158694 3.42634776006 1.07251328778 1.2953682612 4.58124525437 0.365603644647 112.510250569 7777.38154897 116.05770691 19.8923468517 2.01871369534 4.021464391 7.58961133613 88.2900531511 ;
48.7654220779 2.70670995671 2.04680735931 0.794372294372 0.242153679654 11.8338744589 1.49729437229 54.1796536797 2697.94318182 70.1672077922 7.93046924659 2.16532009621 1.56654551978 3.27808620991 52.2670454545 ;
65.4157175399 4.3523158694 3.42634776006 1.07251328778 1.2953682612 4.58124525437 0.365603644647 112.510250569 7777.38154897 116.05770691 19.8923468517 2.01871369534 4.021464391 7.58961133613 88.2900531511 ;
59.7359226909 3.13175989593 3.10760081769 1.33562534845 0.237316483925 18.800594685 2.78795762869 157.49005761 9442.5989593 107.953168556 16.5789587167 1.90573401752 2.56074726674 4.79877473787 70.8292139008 ;
64.8203333333 3.93533333333 4.62033333333 1.63633333333 0.842 13.1626666667 1.746 476.534666667 31321.72 135.023333333 21.225695798 1.86060923987 4.06359193997 7.44347778425 84.5436666667 ;
48.7438128909 2.70709817786 2.04161000816 0.792221920044 0.242589067174 11.7987489801 1.49116127278 53.9249388088 2683.74054936 70.0894751156 7.91182219266 2.16588708801 1.56533591766 3.27529249996 52.2289910253 ;
64.7617940199 3.92956810631 4.6219269103 1.63687707641 0.838870431894 13.2136212625 1.75481727575 475.907973422 31263.9554817 134.839202658 21.1803684923 1.85991320395 4.06154925098 7.43697777841 84.4388704319 ;
65.4711211778 4.35296338241 3.41223103058 1.06983767459 1.29143072858 4.57417893545 0.365043412609 113.532653832 7854.2397131 116.305775764 19.9432843967 2.01813096052 4.01681755295 7.58273186411 88.3457908645 ;
59.6920930233 3.128 3.10976744186 1.33637209302 0.236651162791 18.8251162791 2.79162790698 156.678139535 9386.88465116 107.780651163 16.5435312484 1.90670938346 2.55462199009 4.78963214233 70.7466046512 ;
59.6893023256 3.128 3.10995348837 1.33655813953 0.236465116279 18.8303255814 2.79237209302 156.670511628 9386.06846512 107.773395349 16.5417267915 1.90667125645 2.5542411955 4.78886315927 70.7408372093 ;
64.7568913982 3.92925938227 4.62172035868 1.63699767519 0.838591829957 13.2172035868 1.7555629359 475.759216207 31254.0381933 134.818000664 21.1763605298 1.86024271011 4.06124188769 7.43747837426 84.4320823647 ;
48.745444656 2.70655425619 2.04133804732 0.791949959206 0.24313298885 11.790590155 1.49007342943 53.9086211586 2682.97742725 70.0960021757 7.91308948183 2.16606724994 1.56519409648 3.27541328495 52.2314386728 ;
65.4803625378 4.35422960725 3.41200906344 1.06948640483 1.2915407855 4.56759818731 0.363670694864 113.603096677 7859.3923716 116.328549849 19.9492776082 2.01764325355 4.01812004035 7.58361087373 88.3632930514 ;
59.734769688 3.13168647845 3.10754086181 1.33562407132 0.237555720654 18.801077266 2.78789004458 157.572622585 9447.23829866 107.956723626 16.5792546772 1.90575807032 2.56101993844 4.79934499395 70.8276374443 ;
48.7654220779 2.70670995671 2.04680735931 0.794372294372 0.242153679654 11.8338744589 1.49729437229 54.1796536797 2697.94318182 70.1672077922 7.93046924659 2.16532009621 1.56654551978 3.27808620991 52.2670454545 ;
64.8275517011 3.93595730487 4.62074716478 1.63609072715 0.842228152101 13.1527685123 1.74449633089 476.638425617 31330.8639093 135.056037358 21.2323966851 1.86059375087 4.06382682232 7.44381517959 84.5583722482 ;
65.4158754273 4.35282947209 3.42726927459 1.07292062286 1.29548044056 4.58184580327 0.365742499051 112.44853779 7773.4701861 116.036840106 19.8888998905 2.01869078073 4.02233570309 7.59112993571 88.293581466 ;
48.745444656 2.70655425619 2.04133804732 0.791949959206 0.24313298885 11.790590155 1.49007342943 53.9086211586 2682.97742725 70.0960021757 7.91308948183 2.16606724994 1.56519409648 3.27541328495 52.2314386728 ;
64.7568913982 3.92925938227 4.62172035868 1.63699767519 0.838591829957 13.2172035868 1.7555629359 475.759216207 31254.0381933 134.818000664 21.1763605298 1.86024271011 4.06124188769 7.43747837426 84.4320823647 ;
59.6893023256 3.128 3.10995348837 1.33655813953 0.236465116279 18.8303255814 2.79237209302 156.670511628 9386.06846512 107.773395349 16.5417267915 1.90667125645 2.5542411955 4.78886315927 70.7408372093 ;
65.4803625378 4.35422960725 3.41200906344 1.06948640483 1.2915407855 4.56759818731 0.363670694864 113.603096677 7859.3923716 116.328549849 19.9492776082 2.01764325355 4.01812004035 7.58361087373 88.3632930514 ;
59.6912639405 3.12843866171 3.10985130112 1.33643122677 0.236431226766 18.8332713755 2.79293680297 156.865427509 9397.83122677 107.782156134 16.5430929936 1.90649618185 2.55537604478 4.79031656766 70.7436802974 ;
65.4221295945 4.35089048882 3.4153088291 1.06972338007 1.2936718454 4.56271314892 0.363016294051 112.61652141 7782.22773778 116.086396362 19.8945584512 2.01809763123 4.0194361086 7.58441515973 88.2701780978 ;
64.8041100431 3.93271461717 4.61418627776 1.63407358303 0.839575737488 13.162081538 1.74643685781 475.41498177 31246.5174014 134.964202851 21.2166066301 1.86121604087 4.05914846776 7.43684863663 84.5193901226 ;
48.7455782313 2.70693877551 2.04299319728 0.792925170068 0.242448979592 11.8054421769 1.49224489796 53.9319727891 2684.25360544 70.0933333333 7.91342528703 2.16568694272 1.56489261781 3.27492136902 52.2331972789 ;
48.7488447948 2.70698559391 2.04185920087 0.792063060614 0.243000815439 11.7947811905 1.49062245175 53.925251427 2684.01005708 70.1054634412 7.91610329795 2.16600138786 1.56557886229 3.27611935157 52.2386518076 ;
65.4801662259 4.3543634303 3.41216471477 1.06951265584 1.29165092558 4.56819040423 0.363808084624 113.589724216 7858.60596902 116.328296184 19.9491365848 2.01773445507 4.01794721849 7.58347258122 88.3630525123 ;
64.7568913982 3.92925938227 4.62172035868 1.63699767519 0.838591829957 13.2172035868 1.7555629359 475.759216207 31254.0381933 134.818000664 21.1763605298 1.86024271011 4.06124188769 7.43747837426 84.4320823647 ;
59.6922218087 3.12802381838 3.10997394864 1.33662076665 0.236695199107 18.827130629 2.79196129512 156.695943431 9387.95943431 107.782657239 16.5435783518 1.9065955356 2.55470339852 4.78953120703 70.7461853368 ;
59.7359226909 3.13175989593 3.10760081769 1.33562534845 0.237316483925 18.800594685 2.78795762869 157.49005761 9442.5989593 107.953168556 16.5789587167 1.90573401752 2.56074726674 4.79877473787 70.8292139008 ;
64.8203333333 3.93533333333 4.62033333333 1.63633333333 0.842 13.1626666667 1.746 476.534666667 31321.72 135.023333333 21.225695798 1.86060923987 4.06359193997 7.44347778425 84.5436666667 ;
48.7654220779 2.70670995671 2.04680735931 0.794372294372 0.242153679654 11.8338744589 1.49729437229 54.1796536797 2697.94318182 70.1672077922 7.93046924659 2.16532009621 1.56654551978 3.27808620991 52.2670454545 ;
65.4157175399 4.3523158694 3.42634776006 1.07251328778 1.2953682612 4.58124525437 0.365603644647 112.510250569 7777.38154897 116.05770691 19.8923468517 2.01871369534 4.021464391 7.58961133613 88.2900531511 ;
48.7654220779 2.70670995671 2.04680735931 0.794372294372 0.242153679654 11.8338744589 1.49729437229 54.1796536797 2697.94318182 70.1672077922 7.93046924659 2.16532009621 1.56654551978 3.27808620991 52.2670454545 ;
65.4157175399 4.3523158694 3.42634776006 1.07251328778 1.2953682612 4.58124525437 0.365603644647 112.510250569 7777.38154897 116.05770691 19.8923468517 2.01871369534 4.021464391 7.58961133613 88.2900531511 ;
59.7359226909 3.13175989593 3.10760081769 1.33562534845 0.237316483925 18.800594685 2.78795762869 157.49005761 9442.5989593 107.953168556 16.5789587167 1.90573401752 2.56074726674 4.79877473787 70.8292139008 ;
64.8203333333 3.93533333333 4.62033333333 1.63633333333 0.842 13.1626666667 1.746 476.534666667 31321.72 135.023333333 21.225695798 1.86060923987 4.06359193997 7.44347778425 84.5436666667 ;
48.7654220779 2.70670995671 2.04680735931 0.794372294372 0.242153679654 11.8338744589 1.49729437229 54.1796536797 2697.94318182 70.1672077922 7.93046924659 2.16532009621 1.56654551978 3.27808620991 52.2670454545 ;
65.4158754273 4.35282947209 3.42726927459 1.07292062286 1.29548044056 4.58184580327 0.365742499051 112.44853779 7773.4701861 116.036840106 19.8888998905 2.01869078073 4.02233570309 7.59112993571 88.293581466 ;
64.8275517011 3.93595730487 4.62074716478 1.63609072715 0.842228152101 13.1527685123 1.74449633089 476.638425617 31330.8639093 135.056037358 21.2323966851 1.86059375087 4.06382682232 7.44381517959 84.5583722482 ;
59.734769688 3.13168647845 3.10754086181 1.33562407132 0.237555720654 18.801077266 2.78789004458 157.572622585 9447.23829866 107.956723626 16.5792546772 1.90575807032 2.56101993844 4.79934499395 70.8276374443 ;
59.6920930233 3.128 3.10976744186 1.33637209302 0.236651162791 18.8251162791 2.79162790698 156.678139535 9386.88465116 107.780651163 16.5435312484 1.90670938346 2.55462199009 4.78963214233 70.7466046512 ;
64.7617940199 3.92956810631 4.6219269103 1.63687707641 0.838870431894 13.2136212625 1.75481727575 475.907973422 31263.9554817 134.839202658 21.1803684923 1.85991320395 4.06154925098 7.43697777841 84.4388704319 ;
65.4711211778 4.35296338241 3.41223103058 1.06983767459 1.29143072858 4.57417893545 0.365043412609 113.532653832 7854.2397131 116.305775764 19.9432843967 2.01813096052 4.01681755295 7.58273186411 88.3457908645 ;
48.7438128909 2.70709817786 2.04161000816 0.792221920044 0.242589067174 11.7987489801 1.49116127278 53.9249388088 2683.74054936 70.0894751156 7.91182219266 2.16588708801 1.56533591766 3.27529249996 52.2289910253 ;
48.7654220779 2.70670995671 2.04680735931 0.794372294372 0.242153679654 11.8338744589 1.49729437229 54.1796536797 2697.94318182 70.1672077922 7.93046924659 2.16532009621 1.56654551978 3.27808620991 52.2670454545 ;
65.4158754273 4.35282947209 3.42726927459 1.07292062286 1.29548044056 4.58184580327 0.365742499051 112.44853779 7773.4701861 116.036840106 19.8888998905 2.01869078073 4.02233570309 7.59112993571 88.293581466 ;
59.734769688 3.13168647845 3.10754086181 1.33562407132 0.237555720654 18.801077266 2.78789004458 157.572622585 9447.23829866 107.956723626 16.5792546772 1.90575807032 2.56101993844 4.79934499395 70.8276374443 ;
64.8275517011 3.93595730487 4.62074716478 1.63609072715 0.842228152101 13.1527685123 1.74449633089 476.638425617 31330.8639093 135.056037358 21.2323966851 1.86059375087 4.06382682232 7.44381517959 84.5583722482 ;
48.7438128909 2.70709817786 2.04161000816 0.792221920044 0.242589067174 11.7987489801 1.49116127278 53.9249388088 2683.74054936 70.0894751156 7.91182219266 2.16588708801 1.56533591766 3.27529249996 52.2289910253 ;
64.7617940199 3.92956810631 4.6219269103 1.63687707641 0.838870431894 13.2136212625 1.75481727575 475.907973422 31263.9554817 134.839202658 21.1803684923 1.85991320395 4.06154925098 7.43697777841 84.4388704319 ;
65.4711211778 4.35296338241 3.41223103058 1.06983767459 1.29143072858 4.57417893545 0.365043412609 113.532653832 7854.2397131 116.305775764 19.9432843967 2.01813096052 4.01681755295 7.58273186411 88.3457908645 ;
59.6920930233 3.128 3.10976744186 1.33637209302 0.236651162791 18.8251162791 2.79162790698 156.678139535 9386.88465116 107.780651163 16.5435312484 1.90670938346 2.55462199009 4.78963214233 70.7466046512 ;
48.7654220779 2.70670995671 2.04680735931 0.794372294372 0.242153679654 11.8338744589 1.49729437229 54.1796536797 2697.94318182 70.1672077922 7.93046924659 2.16532009621 1.56654551978 3.27808620991 52.2670454545 ;
65.4158754273 4.35282947209 3.42726927459 1.07292062286 1.29548044056 4.58184580327 0.365742499051 112.44853779 7773.4701861 116.036840106 19.8888998905 2.01869078073 4.02233570309 7.59112993571 88.293581466 ;
59.734769688 3.13168647845 3.10754086181 1.33562407132 0.237555720654 18.801077266 2.78789004458 157.572622585 9447.23829866 107.956723626 16.5792546772 1.90575807032 2.56101993844 4.79934499395 70.8276374443 ;
64.8275517011 3.93595730487 4.62074716478 1.63609072715 0.842228152101 13.1527685123 1.74449633089 476.638425617 31330.8639093 135.056037358 21.2323966851 1.86059375087 4.06382682232 7.44381517959 84.5583722482 ;
48.7457857531 2.70690592713 2.04214246873 0.792550299076 0.242523110386 11.8028820011 1.49184339315 53.9298531811 2684.12615552 70.0970636215 7.91332767267 2.16594874242 1.56543503814 3.27565745079 52.2330070691 ;
65.45 4.35340909091 3.41704545455 1.07045454545 1.29393939394 4.56515151515 0.363257575758 112.904166667 7806.27348485 116.175 19.9178878817 2.01724296059 4.02095093429 7.58656586529 88.3242424242 ;
64.7873963516 3.93167495854 4.61658374793 1.63482587065 0.839137645108 13.1857379768 1.75058043118 475.489220564 31245.9452736 134.916086235 21.2027443151 1.86108272798 4.05935121893 7.43693966398 84.4852404643 ;
59.6937523243 3.12811454072 3.10933432503 1.33637039792 0.236519152101 18.8250278914 2.79155820007 156.868166605 9398.60598736 107.792673856 16.5454077525 1.90662924907 2.5549873275 4.79001636912 70.7486054295 ;
48.7485729818 2.70698559391 2.04213101386 0.792334873607 0.242457189454 11.8018483284 1.49170970372 53.9317749388 2684.37809187 70.1043761892 7.91560466907 2.16604457798 1.56558499684 3.2762164073 52.2386518076 ;
65.45 4.35340909091 3.41704545455 1.07045454545 1.29393939394 4.56515151515 0.363257575758 112.904166667 7806.27348485 116.175 19.9178878817 2.01724296059 4.02095093429 7.58656586529 88.3242424242 ;
59.6946820379 3.12830048345 3.11007809595 1.33692822611 0.236519152101 18.8343250279 2.79323168464 156.875418371 9399.12755671 107.795462997 16.5457740999 1.90646708665 2.55546376261 4.79045746115 70.7491632577 ;
64.7876575979 3.93165228932 4.61612475116 1.63437292634 0.839416058394 13.1708692767 1.74784339748 475.613802256 31254.1834771 134.923689449 21.2037204701 1.86115395044 4.05914549568 7.43685097397 84.4880557399 ;
65.45 4.35340909091 3.41704545455 1.07045454545 1.29393939394 4.56515151515 0.363257575758 112.904166667 7806.27348485 116.175 19.9178878817 2.01724296059 4.02095093429 7.58656586529 88.3242424242 ;
59.6946820379 3.12830048345 3.11007809595 1.33692822611 0.236519152101 18.8343250279 2.79323168464 156.875418371 9399.12755671 107.795462997 16.5457740999 1.90646708665 2.55546376261 4.79045746115 70.7491632577 ;
48.7485729818 2.70698559391 2.04213101386 0.792334873607 0.242457189454 11.8018483284 1.49170970372 53.9317749388 2684.37809187 70.1043761892 7.91560466907 2.16604457798 1.56558499684 3.2762164073 52.2386518076 ;
64.7876575979 3.93165228932 4.61612475116 1.63437292634 0.839416058394 13.1708692767 1.74784339748 475.613802256 31254.1834771 134.923689449 21.2037204701 1.86115395044 4.05914549568 7.43685097397 84.4880557399 ;
48.7654220779 2.70670995671 2.04680735931 0.794372294372 0.242153679654 11.8338744589 1.49729437229 54.1796536797 2697.94318182 70.1672077922 7.93046924659 2.16532009621 1.56654551978 3.27808620991 52.2670454545 ;
65.4158754273 4.35282947209 3.42726927459 1.07292062286 1.29548044056 4.58184580327 0.365742499051 112.44853779 7773.4701861 116.036840106 19.8888998905 2.01869078073 4.02233570309 7.59112993571 88.293581466 ;
59.734769688 3.13168647845 3.10754086181 1.33562407132 0.237555720654 18.801077266 2.78789004458 157.572622585 9447.23829866 107.956723626 16.5792546772 1.90575807032 2.56101993844 4.79934499395 70.8276374443 ;
64.8275517011 3.93595730487 4.62074716478 1.63609072715 0.842228152101 13.1527685123 1.74449633089 476.638425617 31330.8639093 135.056037358 21.2323966851 1.86059375087 4.06382682232 7.44381517959 84.5583722482 ;
65.4158754273 4.35282947209 3.42726927459 1.07292062286 1.29548044056 4.58184580327 0.365742499051 112.44853779 7773.4701861 116.036840106 19.8888998905 2.01869078073 4.02233570309 7.59112993571 88.293581466 ;
48.7654220779 2.70670995671 2.04680735931 0.794372294372 0.242153679654 11.8338744589 1.49729437229 54.1796536797 2697.94318182 70.1672077922 7.93046924659 2.16532009621 1.56654551978 3.27808620991 52.2670454545 ;
59.734769688 3.13168647845 3.10754086181 1.33562407132 0.237555720654 18.801077266 2.78789004458 157.572622585 9447.23829866 107.956723626 16.5792546772 1.90575807032 2.56101993844 4.79934499395 70.8276374443 ;
64.8275517011 3.93595730487 4.62074716478 1.63609072715 0.842228152101 13.1527685123 1.74449633089 476.638425617 31330.8639093 135.056037358 21.2323966851 1.86059375087 4.06382682232 7.44381517959 84.5583722482 ;
48.7654220779 2.70670995671 2.04680735931 0.794372294372 0.242153679654 11.8338744589 1.49729437229 54.1796536797 2697.94318182 70.1672077922 7.93046924659 2.16532009621 1.56654551978 3.27808620991 52.2670454545 ;
65.4158754273 4.35282947209 3.42726927459 1.07292062286 1.29548044056 4.58184580327 0.365742499051 112.44853779 7773.4701861 116.036840106 19.8888998905 2.01869078073 4.02233570309 7.59112993571 88.293581466 ;
64.8275517011 3.93595730487 4.62074716478 1.63609072715 0.842228152101 13.1527685123 1.74449633089 476.638425617 31330.8639093 135.056037358 21.2323966851 1.86059375087 4.06382682232 7.44381517959 84.5583722482 ;
59.734769688 3.13168647845 3.10754086181 1.33562407132 0.237555720654 18.801077266 2.78789004458 157.572622585 9447.23829866 107.956723626 16.5792546772 1.90575807032 2.56101993844 4.79934499395 70.8276374443 ;
64.7876575979 3.93165228932 4.61612475116 1.63437292634 0.839416058394 13.1708692767 1.74784339748 475.613802256 31254.1834771 134.923689449 21.2037204701 1.86115395044 4.05914549568 7.43685097397 84.4880557399 ;
59.6946820379 3.12830048345 3.11007809595 1.33692822611 0.236519152101 18.8343250279 2.79323168464 156.875418371 9399.12755671 107.795462997 16.5457740999 1.90646708665 2.55546376261 4.79045746115 70.7491632577 ;
65.45 4.35340909091 3.41704545455 1.07045454545 1.29393939394 4.56515151515 0.363257575758 112.904166667 7806.27348485 116.175 19.9178878817 2.01724296059 4.02095093429 7.58656586529 88.3242424242 ;
48.7485729818 2.70698559391 2.04213101386 0.792334873607 0.242457189454 11.8018483284 1.49170970372 53.9317749388 2684.37809187 70.1043761892 7.91560466907 2.16604457798 1.56558499684 3.2762164073 52.2386518076 ;
59.6920930233 3.128 3.10976744186 1.33637209302 0.236651162791 18.8251162791 2.79162790698 156.678139535 9386.88465116 107.780651163 16.5435312484 1.90670938346 2.55462199009 4.78963214233 70.7466046512 ;
64.7617940199 3.92956810631 4.6219269103 1.63687707641 0.838870431894 13.2136212625 1.75481727575 475.907973422 31263.9554817 134.839202658 21.1803684923 1.85991320395 4.06154925098 7.43697777841 84.4388704319 ;
65.4711211778 4.35296338241 3.41223103058 1.06983767459 1.29143072858 4.57417893545 0.365043412609 113.532653832 7854.2397131 116.305775764 19.9432843967 2.01813096052 4.01681755295 7.58273186411 88.3457908645 ;
48.7438128909 2.70709817786 2.04161000816 0.792221920044 0.242589067174 11.7987489801 1.49116127278 53.9249388088 2683.74054936 70.0894751156 7.91182219266 2.16588708801 1.56533591766 3.27529249996 52.2289910253 ;
48.7485729818 2.70698559391 2.04213101386 0.792334873607 0.242457189454 11.8018483284 1.49170970372 53.9317749388 2684.37809187 70.1043761892 7.91560466907 2.16604457798 1.56558499684 3.2762164073 52.2386518076 ;
65.45 4.35340909091 3.41704545455 1.07045454545 1.29393939394 4.56515151515 0.363257575758 112.904166667 7806.27348485 116.175 19.9178878817 2.01724296059 4.02095093429 7.58656586529 88.3242424242 ;
64.7876575979 3.93165228932 4.61612475116 1.63437292634 0.839416058394 13.1708692767 1.74784339748 475.613802256 31254.1834771 134.923689449 21.2037204701 1.86115395044 4.05914549568 7.43685097397 84.4880557399 ;
59.6946820379 3.12830048345 3.11007809595 1.33692822611 0.236519152101 18.8343250279 2.79323168464 156.875418371 9399.12755671 107.795462997 16.5457740999 1.90646708665 2.55546376261 4.79045746115 70.7491632577 ;
59.7000930233 3.12818604651 3.10604651163 1.33451162791 0.237209302326 18.792744186 2.78604651163 156.10344186 9353.44725581 107.747534884 16.5435269847 1.90723706557 2.55359348832 4.78892090253 70.7479069767 ;
65.4697603652 4.35678965386 3.46443514644 1.08178014454 1.30087485736 4.59680486877 0.367820464055 113.189425637 7828.57131989 116.238113351 19.9369535447 2.01791703409 4.03374331557 7.61516591949 88.4735640928 ;
64.7810846561 3.93121693122 4.58035714286 1.62863756614 0.831349206349 13.2281746032 1.75793650794 475.644179894 31246.2757937 134.941468254 21.1990910023 1.8590752211 4.05232485949 7.41581886733 84.4087301587 ;
48.7472169427 2.70703231062 2.04154222102 0.791474341569 0.244637523758 11.77328265 1.48764594081 53.9448818898 2684.81536791 70.1069780071 7.91587308943 2.16631844646 1.56615252722 3.27812267178 52.234319848 ;
48.7438128909 2.70709817786 2.04161000816 0.792221920044 0.242589067174 11.7987489801 1.49116127278 53.9249388088 2683.74054936 70.0894751156 7.91182219266 2.16588708801 1.56533591766 3.27529249996 52.2289910253 ;
65.4711211778 4.35296338241 3.41223103058 1.06983767459 1.29143072858 4.57417893545 0.365043412609 113.532653832 7854.2397131 116.305775764 19.9432843967 2.01813096052 4.01681755295 7.58273186411 88.3457908645 ;
64.7617940199 3.92956810631 4.6219269103 1.63687707641 0.838870431894 13.2136212625 1.75481727575 475.907973422 31263.9554817 134.839202658 21.1803684923 1.85991320395 4.06154925098 7.43697777841 84.4388704319 ;
59.6920930233 3.128 3.10976744186 1.33637209302 0.236651162791 18.8251162791 2.79162790698 156.678139535 9386.88465116 107.780651163 16.5435312484 1.90670938346 2.55462199009 4.78963214233 70.7466046512 ;
48.7654220779 2.70670995671 2.04680735931 0.794372294372 0.242153679654 11.8338744589 1.49729437229 54.1796536797 2697.94318182 70.1672077922 7.93046924659 2.16532009621 1.56654551978 3.27808620991 52.2670454545 ;
64.8203333333 3.93533333333 4.62033333333 1.63633333333 0.842 13.1626666667 1.746 476.534666667 31321.72 135.023333333 21.225695798 1.86060923987 4.06359193997 7.44347778425 84.5436666667 ;
59.7359226909 3.13175989593 3.10760081769 1.33562534845 0.237316483925 18.800594685 2.78795762869 157.49005761 9442.5989593 107.953168556 16.5789587167 1.90573401752 2.56074726674 4.79877473787 70.8292139008 ;
65.4157175399 4.3523158694 3.42634776006 1.07251328778 1.2953682612 4.58124525437 0.365603644647 112.510250569 7777.38154897 116.05770691 19.8923468517 2.01871369534 4.021464391 7.58961133613 88.2900531511 ;
48.745444656 2.70655425619 2.04133804732 0.791949959206 0.24313298885 11.790590155 1.49007342943 53.9086211586 2682.97742725 70.0960021757 7.91308948183 2.16606724994 1.56519409648 3.27541328495 52.2314386728 ;
64.7568913982 3.92925938227 4.62172035868 1.63699767519 0.838591829957 13.2172035868 1.7555629359 475.759216207 31254.0381933 134.818000664 21.1763605298 1.86024271011 4.06124188769 7.43747837426 84.4320823647 ;
65.4803625378 4.35422960725 3.41200906344 1.06948640483 1.2915407855 4.56759818731 0.363670694864 113.603096677 7859.3923716 116.328549849 19.9492776082 2.01764325355 4.01812004035 7.58361087373 88.3632930514 ;
59.6893023256 3.128 3.10995348837 1.33655813953 0.236465116279 18.8303255814 2.79237209302 156.670511628 9386.06846512 107.773395349 16.5417267915 1.90667125645 2.5542411955 4.78886315927 70.7408372093 ;
