1.05469693534 4.71859028905 2.719261066 2.29696233936 3.52664767989 1.89051052625 2.89070106649 ;
2.85701340797 4.77214280632 2.8165345491 3.20168499538 3.10999433483 1.79968760379 3.2756422234 ;
2.33821376723 4.75122752316 2.74806781144 2.86594761774 3.21480970949 5.41515032799e-06 3.22442534281 ;
2.17656498125 4.6993071872 3.15007310775 4.44219795554 3.00672638313 3.83060839159 3.16850287562 ;
1.69061055895 4.76214574716 0.0 2.19215044395 2.01952658307 0.785753409408 2.62096938079 ;
1.79084585715 4.77353824764 2.62262567466 2.58963007626 0.0 0.994526360813 3.00045838591 ;
2.11799380988 4.65137804749 2.80442842329 3.17374295025 2.25368092493 1.73378648482 0.0 ;
2.95491251759 4.50323331103 3.48731527108 4.08152717991 4.46598969953 2.4621217602 3.47836745988 ;
1.6831394255 4.77515756131 2.01380185733 2.45500232897 0.0 0.915862372254 2.97837010143 ;
1.26407033588 4.75039398136 1.44685107784 2.22766394839 3.17846302167 0.997191225661 3.03429351762 ;
2.08438386069 4.71793451456 3.1469220395 4.47965875262 2.96883413377 3.84265134138 3.12568140997 ;
2.89727944418 4.54164239313 3.45009212901 3.84477265036 4.70736536494 2.41045886245 3.48002618101 ;
2.80131288732 4.64699426601 2.91786654722 3.53891148683 3.58102405078 1.26412422438 3.36249864677 ;
2.10122693497 4.67034394501 2.30077597176 2.95102945092 2.17876494665 1.5306903868 0.0 ;
2.87617483865 4.84337262278 2.90421107057 2.84903280253 2.67968535827 0.877326926921 3.12710747945 ;
3.21075536956 4.52611661102 3.60108732068 4.65955674603 3.71391351028 3.57971929889 3.46166778683 ;
2.34233034076 4.75101649678 2.75244355886 2.86523717706 3.21615275239 5.42468404336e-06 3.22655799005 ;
2.1787233252 4.70121391956 3.15209407934 4.44738291515 3.00902958769 3.83037607936 3.16025172491 ;
1.17106026244 4.72647379491 2.56746762405 2.30506975972 3.4947621564 1.85052665189 2.92110172375 ;
2.87076430519 4.76721350938 2.87709978735 3.26248695628 3.15349561418 1.81524587938 3.29306555585 ;
1.80498863392 4.75192341394 0.0 2.23549791911 2.66486402503 0.824157727488 2.50365009382 ;
2.95400013662 4.49464978744 3.50101673123 4.07651861647 4.4770798118 2.47909939377 3.47429889748 ;
1.68995319319 4.77807394219 2.04510447687 2.4722306018 0.0 0.922087890661 2.99773912398 ;
2.11799380988 4.65137804749 2.80442842329 3.17374295025 2.25368092493 1.73378648482 0.0 ;
2.32677223731 4.36779402932 2.69305303405 3.60694927696 0.126413198734 2.70969745261 2.7918890905 ;
2.87701514743 4.53161018816 3.46464436924 3.81625988763 4.71813716401 2.41476084827 3.47685609853 ;
2.92402270115 4.68347002822 3.02933306502 3.56303712273 3.35725411268 1.40219135668 3.3334943797 ;
2.17399916439 4.71252325288 3.16459493503 4.46985254179 3.03885745055 3.83800955406 3.16761424889 ;
1.68545166826 4.78788613673 2.04161029895 2.46365825142 0.0 0.893138862367 3.00554216387 ;
1.41005195791 4.76774205691 2.52463849634 2.19651393762 3.28033673498 1.00117142036 3.01748679937 ;
2.11799380988 4.65137804749 2.80442842329 3.17374295025 2.25368092493 1.73378648482 0.0 ;
1.79822837687 4.74937976106 0.0 2.22712526773 2.65488326089 0.827080039634 2.50442328753 ;
2.10122693497 4.67034394501 2.30077597176 2.95102945092 2.17876494665 1.5306903868 0.0 ;
2.88197308964 4.54290550778 3.41409406986 3.96276574201 4.56384930886 2.02995509641 3.48490047715 ;
2.88253717166 4.75792468213 2.8774475244 3.21651814874 2.96096848995 1.13544755823 3.17381012179 ;
1.64273766421 4.76288559697 0.0 2.22920170473 2.04575337016 0.811958910046 2.99661320084 ;
2.06165499799 4.72020701968 3.13952592106 4.48283593312 2.96628550276 3.84715332644 3.11953440749 ;
3.1455959929 4.48422187905 3.54535439674 4.63646270014 3.54723066036 3.55757615097 3.42679303618 ;
1.79084585715 4.77353824764 2.62262567466 2.58963007626 0.0 0.994526360813 3.00045838591 ;
1.29913811153 4.77647532681 2.436774314 2.11356182281 3.35538857521 1.01408948507 3.18739054976 ;
2.85564872971 4.75478756373 2.94178206984 3.59121015838 2.61891662078 1.35247385566 3.20689343119 ;
2.98370186111 4.49947498043 3.50591355873 4.07153718164 4.49967402631 2.50254606976 3.48444252496 ;
1.64273766421 4.76288559697 0.0 2.22920170473 2.04575337016 0.811958910046 2.99661320084 ;
2.17193526681 4.710926262 3.1669200523 4.47005143583 3.02201338675 3.83772863932 3.16560968131 ;
2.10122693497 4.67034394501 2.30077597176 2.95102945092 2.17876494665 1.5306903868 0.0 ;
1.79084585715 4.77353824764 2.62262567466 2.58963007626 0.0 0.994526360813 3.00045838591 ;
0.910157443387 4.77434669333 2.60493023343 1.96320384201 3.20610143976 0.93417812454 2.99980325367 ;
2.81696665878 4.71724420332 2.73662878355 2.9492444268 3.92548089556 0.924315956105 3.34272680812 ;
2.97864323594 4.50251927038 3.50213987202 4.07705339664 4.48776271303 2.49041356555 3.48127168018 ;
0.907128654542 4.76973323575 2.6141276198 1.99239634659 3.23146365168 0.970653087333 2.9876735087 ;
2.83461664373 4.72059311872 2.73355387724 2.95416221007 3.92604860691 0.898663794367 3.34259870862 ;
2.11799380988 4.65137804749 2.80442842329 3.17374295025 2.25368092493 1.73378648482 0.0 ;
2.85182761879 4.76184045609 2.93190435351 3.54671858432 2.58577976174 1.31489330122 3.20825195385 ;
2.1729742748 4.70440961686 3.15719897142 4.45885740069 3.01538171318 3.83414810107 3.17215800418 ;
1.68995319319 4.77807394219 2.04510447687 2.4722306018 0.0 0.922087890661 2.99773912398 ;
1.80498863392 4.75192341394 0.0 2.23549791911 2.66486402503 0.824157727488 2.50365009382 ;
1.31185077813 4.77512100012 2.4504971313 2.10700012609 3.39428495229 1.01544128385 3.1740135098 ;
2.68623825795 4.80598005394 2.89956735701 3.04308988265 2.32984724084 0.913725048031 2.93683444343 ;
2.98355917267 4.49297515742 3.52192988232 4.0604151761 4.52368110595 2.54026309394 3.48179933757 ;
1.64273766421 4.76288559697 0.0 2.22920170473 2.04575337016 0.811958910046 2.99661320084 ;
2.10122693497 4.67034394501 2.30077597176 2.95102945092 2.17876494665 1.5306903868 0.0 ;
2.17218296877 4.70688127619 3.16669514202 4.46097806334 3.01314354635 3.837724633 3.17155025671 ;
2.94446688173 4.70112326074 2.95951046441 3.52841017028 3.53630383467 1.2493676873 3.3495939814 ;
1.79084585715 4.77353824764 2.62262567466 2.58963007626 0.0 0.994526360813 3.00045838591 ;
2.89573771015 4.52187904557 3.43317628661 3.9213152593 4.60542943492 2.35139188539 3.48090758181 ;
2.81588160741 4.75735840769 2.88335488081 3.21202349986 3.14468032256 1.72753257123 3.25457155249 ;
1.6831394255 4.77515756131 2.01380185733 2.45500232897 0.0 0.915862372254 2.97837010143 ;
3.12226459452 4.52762804474 3.52931354117 4.56384813997 3.57551300463 3.57328951136 3.43036064757 ;
1.43272473647 4.73746064883 1.08950357541 2.30406332146 3.15986287689 1.30539829802 3.00490121724 ;
2.06887057676 4.72161631973 3.14572563348 4.48836219644 2.9750602948 3.8503017535 3.12267185896 ;
2.10122693497 4.67034394501 2.30077597176 2.95102945092 2.17876494665 1.5306903868 0.0 ;
2.34736808306 4.7505194486 2.75557675918 2.87173644864 3.21180569186 5.42468404336e-06 3.22395058112 ;
2.34646143484 4.75106948583 2.75687663609 2.87029050542 3.21432889321 5.43425138735e-06 3.22762496102 ;
1.6831394255 4.77515756131 2.01380185733 2.45500232897 0.0 0.915862372254 2.97837010143 ;
2.85725735592 4.79365169309 2.82764703326 2.97007082855 3.05737839066 1.76495906646 3.25697568494 ;
1.51345208617 4.71500042343 1.22056793424 2.39989413899 3.18013423426 1.34384233526 3.01159806272 ;
2.9960630495 4.57103461058 3.36786041017 4.42850030273 3.72506988438 2.53367125152 3.40521091024 ;
2.13065884317 4.7079593026 3.15854046836 4.46710867955 2.99130668069 3.84274127292 3.14131439424 ;
2.86954717131 4.51783247447 3.45769510399 3.79588118957 4.74823994839 2.39064492261 3.48351468595 ;
2.10122693497 4.67034394501 2.30077597176 2.95102945092 2.17876494665 1.5306903868 0.0 ;
2.87906694876 4.53291657509 3.46421916872 3.81675497031 4.71673834304 2.41405738626 3.47716100098 ;
2.5536109451 4.51018085253 2.78389167119 3.6460148829 0.248661147179 2.3212747187 2.68200590109 ;
1.68470217012 4.78489874034 2.04343068485 2.46452307169 0.0 0.89811795186 3.00888811321 ;
2.9265661146 4.68283235015 3.03509947478 3.56392685961 3.35874913023 1.39249612144 3.33247212066 ;
1.43191285263 4.76738324058 2.51529766702 2.21148356686 3.28480322816 1.00651640942 3.02593423434 ;
1.79822837687 4.74937976106 0.0 2.22712526773 2.65488326089 0.827080039634 2.50442328753 ;
2.18041648204 4.71192874978 3.16614254102 4.46610662052 3.04716031924 3.83711913249 3.17031043225 ;
2.11799380988 4.65137804749 2.80442842329 3.17374295025 2.25368092493 1.73378648482 0.0 ;
2.34233034076 4.75101649678 2.75244355886 2.86523717706 3.21615275239 5.42468404336e-06 3.22655799005 ;
2.17565366292 4.70235769486 3.15305110831 4.45167899371 3.01118840476 3.83195412777 3.15878747703 ;
2.95001699345 4.50199781731 3.49087702943 4.07870647711 4.46733171914 2.46444946346 3.47757509081 ;
1.69061055895 4.76214574716 0.0 2.19215044395 2.01952658307 0.785753409408 2.62096938079 ;
2.87252337328 4.76908861646 2.86400141352 3.22957099526 3.10080977773 1.81228407691 3.27991261202 ;
1.18879556377 4.7321216582 2.55974183944 2.30658229186 3.48657178107 1.84233536177 2.93060189033 ;
2.11799380988 4.65137804749 2.80442842329 3.17374295025 2.25368092493 1.73378648482 0.0 ;
1.79084585715 4.77353824764 2.62262567466 2.58963007626 0.0 0.994526360813 3.00045838591 ;
2.17218296877 4.70688127619 3.16669514202 4.46097806334 3.01314354635 3.837724633 3.17155025671 ;
1.79084585715 4.77353824764 2.62262567466 2.58963007626 0.0 0.994526360813 3.00045838591 ;
1.3065526208 4.7743020813 2.45030352222 2.09850412143 3.39758032197 1.01197603701 3.1733012478 ;
2.98495696542 4.49335180032 3.52319259084 4.05940585241 4.52517652563 2.5423013622 3.48338507147 ;
1.64273766421 4.76288559697 0.0 2.22920170473 2.04575337016 0.811958910046 2.99661320084 ;
2.9420850783 4.70175669448 2.9565363117 3.52917712439 3.52733271175 1.24921257122 3.34653451008 ;
2.68558715136 4.80618051125 2.90595422827 3.04220077873 2.32200540243 0.915251551564 2.9328004161 ;
2.10122693497 4.67034394501 2.30077597176 2.95102945092 2.17876494665 1.5306903868 0.0 ;
1.28646753801 4.7666683002 2.49731146474 2.18155521606 3.28581545479 0.973536370579 3.01626281964 ;
2.11799380988 4.65137804749 2.80442842329 3.17374295025 2.25368092493 1.73378648482 0.0 ;
2.56084658939 4.52339899819 2.66099071727 3.612597067 0.0406931720475 1.88533573791 2.01288004586 ;
2.97848717422 4.49771101349 3.51645777908 4.06642287105 4.51259515542 2.53466168677 3.48147543572 ;
2.87697764247 4.73568031229 2.9198251505 3.33584148115 3.2393910411 1.14204049521 3.30068195235 ;
1.76841815066 4.78273194931 2.62250745609 2.55773544554 0.0 0.96061327817 3.03142113967 ;
1.69061055895 4.76214574716 0.0 2.19215044395 2.01952658307 0.785753409408 2.62096938079 ;
2.17617000119 4.70265480803 3.15569448995 4.45561714316 3.01395723927 3.8325901841 3.16096879936 ;
2.88676858779 4.54107966101 3.41350731831 3.98403014992 4.53087868353 2.02880714475 3.48013851732 ;
2.5968035059 4.62497912062 1.34381742126 2.95800946859 3.07941173922 1.39621739786 3.07261256546 ;
2.75782336483 4.80590547615 2.80797644119 2.87418434269 3.04001506188 1.04822536373 3.26314786043 ;
2.10122693497 4.67034394501 2.30077597176 2.95102945092 2.17876494665 1.5306903868 0.0 ;
1.6831394255 4.77515756131 2.01380185733 2.45500232897 0.0 0.915862372254 2.97837010143 ;
0.0 4.74991215379 2.09080905119 2.40037876836 3.16777701293 1.41005138933 3.07302796989 ;
2.18916737662 4.72296924942 2.88537583591 4.02344905469 3.17232364987 1.53016010136 2.52311517601 ;
2.60867514911 4.66490622991 3.25688637371 4.4751042773 3.13090408757 3.82603094563 3.27298946003 ;
1.80498863392 4.75192341394 0.0 2.23549791911 2.66486402503 0.824157727488 2.50365009382 ;
2.95049752958 4.50319864169 3.48895376472 4.07739283635 4.46700760601 2.46173076885 3.47778777927 ;
2.34233034076 4.75101649678 2.75244355886 2.86523717706 3.21615275239 5.42468404336e-06 3.22655799005 ;
2.87290587724 4.77297101705 2.86322436796 3.21847291488 3.09540711332 1.79746487496 3.28026138487 ;
2.11799380988 4.65137804749 2.80442842329 3.17374295025 2.25368092493 1.73378648482 0.0 ;
2.1775609244 4.70031864208 3.15029596677 4.44514329027 3.00698089056 3.8306630244 3.15920254275 ;
1.1831993047 4.72588411291 2.55813657327 2.31969647847 3.49412234228 1.85608263645 2.92509256919 ;
1.68995319319 4.77807394219 2.04510447687 2.4722306018 0.0 0.922087890661 2.99773912398 ;
1.68995319319 4.77807394219 2.04510447687 2.4722306018 0.0 0.922087890661 2.99773912398 ;
3.05911120057 4.60752860951 3.2756687969 4.26610653595 3.42890136042 2.30318858944 3.34242854466 ;
2.33704753639 4.75009353412 2.7476848792 2.86861821141 3.21172829883 5.38674918991e-06 3.21311552647 ;
2.1391520353 4.77216829781 2.67150027513 2.50732773428 3.34731622224 1.78297844373 3.19087735754 ;
2.13461710307 4.70200148295 3.14426991226 4.45934522248 2.99209802692 3.83767144356 3.14268692658 ;
1.80498863392 4.75192341394 0.0 2.23549791911 2.66486402503 0.824157727488 2.50365009382 ;
2.11799380988 4.65137804749 2.80442842329 3.17374295025 2.25368092493 1.73378648482 0.0 ;
2.89535270011 4.52653522184 3.46608291659 3.79967974136 4.73580342165 2.39208591259 3.48546872759 ;
2.89701433364 4.53771859687 3.44829565388 3.83106025194 4.71363919717 2.39360253073 3.47797934609 ;
2.88649510842 4.73789504721 2.75124254155 2.9548481228 3.91947187892 0.914575812691 3.33734721724 ;
1.80498863392 4.75192341394 0.0 2.23549791911 2.66486402503 0.824157727488 2.50365009382 ;
2.16259876407 4.70983930863 3.15884623294 4.46729294311 3.01652615155 3.83722111318 3.16531708893 ;
2.92848637816 4.64869278493 3.10393786885 3.93880293816 2.94263577637 1.77731121399 3.30257625053 ;
1.68995319319 4.77807394219 2.04510447687 2.4722306018 0.0 0.922087890661 2.99773912398 ;
1.16921454133 4.77995838818 2.66788063012 2.09465810727 3.10836663436 0.889991173345 2.9976293017 ;
2.11799380988 4.65137804749 2.80442842329 3.17374295025 2.25368092493 1.73378648482 0.0 ;
2.89102783455 4.53538657955 3.45194409563 3.82448117456 4.71959436352 2.3996367526 3.48122846679 ;
2.94293505067 4.64774290533 3.11457103426 3.9739879202 2.98297413105 1.80947340543 3.30543861506 ;
2.8878181884 4.73798383875 2.7516662529 2.94376013599 3.91732527954 0.921596284659 3.33974109343 ;
2.11799380988 4.65137804749 2.80442842329 3.17374295025 2.25368092493 1.73378648482 0.0 ;
1.80498863392 4.75192341394 0.0 2.23549791911 2.66486402503 0.824157727488 2.50365009382 ;
1.68995319319 4.77807394219 2.04510447687 2.4722306018 0.0 0.922087890661 2.99773912398 ;
1.19445725871 4.78155028334 2.66648668136 2.10090957959 3.07740100549 0.870010142962 3.00661853623 ;
2.1534516438 4.70789927256 3.15333150733 4.46810397577 3.00716717449 3.8365011248 3.15402638113 ;
2.1768412267 4.71417858758 3.16949219417 4.4711325292 3.03967378423 3.83736979546 3.17167154709 ;
2.92456304031 4.68229764133 3.02853934458 3.56240712745 3.35288605688 1.39935196546 3.33329376096 ;
1.4129989189 4.7678600802 2.52321701128 2.20074948801 3.27800576235 1.00507336908 3.01691420188 ;
2.87906694876 4.53291657509 3.46421916872 3.81675497031 4.71673834304 2.41405738626 3.47716100098 ;
1.80043187279 4.74770092105 0.0 2.23078701526 2.64497698007 0.837882647048 2.50471059496 ;
1.36849361735 4.81382449495 1.79333421251 2.01851012992 0.0 0.687367717166 3.02142172694 ;
2.70646800686 4.67893973032 2.87688249712 3.91060312779 0.0 1.61908952906 2.93120499812 ;
2.11799380988 4.65137804749 2.80442842329 3.17374295025 2.25368092493 1.73378648482 0.0 ;
2.21020196268 4.76764507252 0.943724454048 2.45975184114 1.19138721229 0.90123678396 2.55196265909 ;
2.89351715773 4.68197837119 3.04610237207 4.02345318571 3.47917214838 1.38286351745 3.2708921007 ;
3.05717009501 4.44482042234 3.61459409441 4.03729938993 4.50721227514 2.60114859986 3.49437369391 ;
0.0 4.75500223592 2.00371044941 2.22983444212 2.19307639357 1.24101476487 3.02979344711 ;
2.45599333862 4.71089436906 3.19069277671 4.46532370795 3.03832231253 3.84041327336 3.21165555642 ;
2.51698139445 4.7954983769 2.14230184597 2.37109756688 3.18112605518 1.01278616821 3.24663302831 ;
2.48407651153 4.77299659115 2.671486871 2.85912264848 0.0 1.03239770704 3.0181830386 ;
2.10122693497 4.67034394501 2.30077597176 2.95102945092 2.17876494665 1.5306903868 0.0 ;
2.17188520424 4.70845608818 3.15951018186 4.46615318672 3.02008917018 3.83551956608 3.16658096544 ;
2.98199517566 4.50320453856 3.50236494129 4.07525550523 4.49225542665 2.4942167308 3.48383906121 ;
0.74012175094 4.78339885634 2.57695003597 1.84643827642 3.28869999652 0.957165086885 3.15441034127 ;
2.80290157914 4.74761821855 2.91498126969 3.51459281829 2.58935285101 1.29701863827 3.1175068204 ;
1.64273766421 4.76288559697 0.0 2.22920170473 2.04575337016 0.811958910046 2.99661320084 ;
2.10122693497 4.67034394501 2.30077597176 2.95102945092 2.17876494665 1.5306903868 0.0 ;
1.79084585715 4.77353824764 2.62262567466 2.58963007626 0.0 0.994526360813 3.00045838591 ;
2.89045496083 4.72315551307 2.76071298198 2.99920895133 3.94359251223 0.919850359866 3.34735556304 ;
2.1793523999 4.71427744212 3.16911885572 4.47097106473 3.04519349748 3.83740986135 3.17320316762 ;
2.70646800686 4.67893973032 2.87688249712 3.91060312779 0.0 1.61908952906 2.93120499812 ;
2.92492592938 4.68285360972 3.02897379072 3.55829820941 3.34740063777 1.39153837788 3.332560894 ;
2.11799380988 4.65137804749 2.80442842329 3.17374295025 2.25368092493 1.73378648482 0.0 ;
1.80043187279 4.74770092105 0.0 2.23078701526 2.64497698007 0.837882647048 2.50471059496 ;
2.87942568998 4.53331710845 3.46393226124 3.81887084532 4.71524934631 2.41400346854 3.47723531088 ;
1.36849361735 4.81382449495 1.79333421251 2.01851012992 0.0 0.687367717166 3.02142172694 ;
1.42160022119 4.76608140326 2.52204659265 2.20835298783 3.28489114722 1.00584010775 3.0192626575 ;
2.42844472343 4.67732529852 1.17898084689 2.8021659589 3.02962785097 1.15188364063 2.92930506778 ;
2.75288498339 4.80232595738 2.80407924795 2.91206968063 3.02123019522 1.05221617784 3.24333251015 ;
1.6831394255 4.77515756131 2.01380185733 2.45500232897 0.0 0.915862372254 2.97837010143 ;
2.42467727108 4.71162483702 3.17809966408 4.46994523201 3.00729204198 3.84361083097 3.17720262352 ;
0.0 4.74991215379 2.09080905119 2.40037876836 3.16777701293 1.41005138933 3.07302796989 ;
2.86864808588 4.54112679371 3.40228511953 3.96881190094 4.53258900777 2.00603142369 3.4794366059 ;
2.10122693497 4.67034394501 2.30077597176 2.95102945092 2.17876494665 1.5306903868 0.0 ;
3.27074053634 4.45282400801 3.6263445684 4.69150301897 3.60091437769 3.49472526064 3.4433126811 ;
2.74155773413 4.74070445239 2.86985316242 3.47092983894 2.44254660597 1.24860489864 3.17494362617 ;
2.84524429035 4.75014416373 2.78947522981 2.9587323548 3.94627904681 1.01475503337 3.33900988258 ;
1.83979723393 4.74889501587 0.0 2.32664230826 2.82411884725 0.863511857582 2.66323061332 ;
0.978743430589 4.80251712002 1.35961731614 1.67259791518 1.74956804959e-05 0.620658554916 2.6238251421 ;
1.16604842823 4.71672502583 2.66780826677 2.30309777367 3.12837056265 1.0545618571 2.03016511505 ;
2.51392129676 4.74339837125 2.75953963688 3.27572435896 0.0 1.21067499421 2.64999956264 ;
2.97237174393 4.49645403516 3.50759656779 4.07304384586 4.49255844314 2.50053014631 3.48333386434 ;
2.14163549654 4.70136498598 3.15460761344 4.44738829062 2.98144258576 3.83496751691 2.82648700728 ;
1.3883499982 4.65152582234 2.70813865629 2.56731816389 3.22425103958 1.68618367771 1.7927743485 ;
2.13756327426 4.7028362153 3.14393066318 4.45369180592 2.98897292064 3.83140647436 2.85031870358 ;
1.87061686291 4.76098691662 2.60661507531 2.56722137925 1.26448531933e-05 1.04153851433 2.64458453162 ;
2.73252513615 4.79513473385 2.78427182016 2.91817164654 3.27397138398 1.78980213724 3.33049449519 ;
2.93677481817 4.49275061397 3.48879624967 4.08340503369 4.44687438452 2.45035794666 3.46626823739 ;
1.69061055895 4.76214574716 0.0 2.19215044395 2.01952658307 0.785753409408 2.62096938079 ;
2.29648926698 4.75537919307 2.75282489032 2.87397020933 3.1225255655 5.2941933619e-06 3.23296272954 ;
3.17556730229 4.73126970754 2.98875931472 3.96531330721 2.70229817874 1.87198804685 2.57737277408 ;
1.41005195791 4.76774205691 2.52463849634 2.19651393762 3.28033673498 1.00117142036 3.01748679937 ;
2.92402270115 4.68347002822 3.02933306502 3.56303712273 3.35725411268 1.40219135668 3.3334943797 ;
2.17399916439 4.71252325288 3.16459493503 4.46985254179 3.03885745055 3.83800955406 3.16761424889 ;
2.32677223731 4.36779402932 2.69305303405 3.60694927696 0.126413198734 2.70969745261 2.7918890905 ;
1.79822837687 4.74937976106 0.0 2.22712526773 2.65488326089 0.827080039634 2.50442328753 ;
1.68545166826 4.78788613673 2.04161029895 2.46365825142 0.0 0.893138862367 3.00554216387 ;
2.87701514743 4.53161018816 3.46464436924 3.81625988763 4.71813716401 2.41476084827 3.47685609853 ;
2.11799380988 4.65137804749 2.80442842329 3.17374295025 2.25368092493 1.73378648482 0.0 ;
2.97678957164 4.50351756875 3.49969250641 4.07667761748 4.48614197502 2.48763695695 3.47996176838 ;
2.84647899175 4.76118966114 2.9231029769 3.54376159481 2.57454154497 1.3063170513 3.20898385119 ;
1.68995319319 4.77807394219 2.04510447687 2.4722306018 0.0 0.922087890661 2.99773912398 ;
0.920742367922 4.769707106 2.61178234385 2.01056771947 3.24258428779 0.985518681314 2.98881001693 ;
2.11799380988 4.65137804749 2.80442842329 3.17374295025 2.25368092493 1.73378648482 0.0 ;
1.80498863392 4.75192341394 0.0 2.23549791911 2.66486402503 0.824157727488 2.50365009382 ;
2.17383143479 4.70380464482 3.15772449291 4.45756339981 3.0138913342 3.8332072323 3.17280699193 ;
2.84902421948 4.72212937253 2.74202692062 2.94544086271 3.93198298713 0.885320565772 3.34367477392 ;
2.45241404476 4.68854661199 3.15599137252 4.41549867789 2.98728495219 3.82598906769 2.86703272992 ;
0.0 4.72478785091 2.66715376963 2.55008625032 3.18685876521 1.95407164352 2.52013900543 ;
1.9204124288 4.76329719262 2.65424210929 2.52668332973 1.34850427742e-05 1.07246706366 2.65266176072 ;
2.39884403883 4.75518240436 2.74356564676 2.99370803671 3.0124789279 5.42468404336e-06 3.22555821163 ;
2.9468591076 4.50845112721 3.48050393776 4.07390221599 4.45793896211 2.45361151832 3.47870588021 ;
2.57182051657 4.59541821608 2.80272190106 3.25427481455 2.95527673004 1.69846626178 1.2886922702 ;
1.69061055895 4.76214574716 0.0 2.19215044395 2.01952658307 0.785753409408 2.62096938079 ;
2.78263328203 4.79597982447 2.81004174999 3.03845184695 3.13445270027 1.75923520081 3.26655376237 ;
1.64273766421 4.76288559697 0.0 2.22920170473 2.04575337016 0.811958910046 2.99661320084 ;
2.98245196483 4.50078532697 3.51207527056 4.07037701911 4.50495530143 2.52330815616 3.47629318273 ;
2.90634578074 4.83152468273 2.93919897201 3.04666023518 2.6569894002 0.958030131447 3.15179817348 ;
1.79084585715 4.77353824764 2.62262567466 2.58963007626 0.0 0.994526360813 3.00045838591 ;
2.1747566609 4.70900617747 3.1725371302 4.46440674675 3.0134637995 3.83890830609 3.16392849426 ;
0.99406950117 4.74810310554 2.5290508324 2.12119334973 3.37927282731 1.04926505067 3.01502487225 ;
2.82531627325 4.67677628573 2.83823071245 3.44455529022 3.59389723736 1.24468871383 3.37189832019 ;
2.10122693497 4.67034394501 2.30077597176 2.95102945092 2.17876494665 1.5306903868 0.0 ;
2.33859655218 4.61672193936 3.00401860059 4.08564233229 2.38568624879 2.30026565899 0.0 ;
1.6831394255 4.77515756131 2.01380185733 2.45500232897 0.0 0.915862372254 2.97837010143 ;
2.97331124249 4.50178652789 3.50191431643 4.07438119924 4.48667318225 2.49292275824 3.48294820804 ;
1.29048690765 4.76562919436 1.43618632011 2.12874836818 3.14062794601 0.939858347851 3.09983595076 ;
2.89196890312 4.72809619052 2.85173047965 2.99059518204 4.01965163823 0.967499435901 3.38149134956 ;
2.17443750996 4.70831758424 3.16948896903 4.46459981715 3.01742094148 3.8376569315 3.16692895308 ;
2.78201368116 4.74790509537 2.91778943062 3.46818060619 2.61519624136 1.23333288726 3.11479101976 ;
1.83289606333 4.73096012531 1.50580604351 1.66842358502 1.94485390944 0.660735731286 0.0 ;
2.19198093763 4.71267801727 3.17590573298 4.4638380587 3.04583949487 3.83661612368 3.17936089448 ;
2.08785224801 4.67500655475 2.27683416989 2.94642090224 2.15338937796 1.49881560407 0.0 ;
2.94300719929 4.64469458444 3.14443614139 3.88333493485 3.13688177727 2.04240488068 3.28795824481 ;
2.88964354284 4.60030463812 3.26475144392 3.51770064579 4.51074518393 2.2692458231 3.44916790828 ;
1.6831394255 4.77515756131 2.01380185733 2.45500232897 0.0 0.915862372254 2.97837010143 ;
1.50260168193 4.75078097163 1.1942155298 2.23830164712 3.18329495925 1.35423685658 3.05330162198 ;
2.34611528808 4.75131187111 2.75711731555 2.86922627983 3.21303635385 5.42468404336e-06 3.22396130892 ;
2.46483822933 4.45719040835 3.60519437217 3.8249712935 3.69154263205 2.56096402079 0.925494572182 ;
2.21632032747 4.76207958071 1.33330927073 2.21008834117 3.27428206721 1.04248205045 3.15723058194 ;
2.90026320348 4.68978632199 3.02720632563 3.53267590023 3.33582604528 1.33989823325 3.30228475918 ;
2.47609983033 4.71001254341 3.19333702782 4.45651729659 3.06343518456 3.8347034238 3.21921044775 ;
2.31056714039 4.77048766593 0.923605642224 2.47897644144 1.16534629052 0.937167476832 2.55090170295 ;
1.85532997853 4.77618243254 2.65337487055 2.5590357533 0.0 0.952698345654 3.01060254538 ;
0.0 4.74776098603 1.87867773494 2.37819445554 2.72867920916 1.37356256268 3.05060478067 ;
2.86953607116 4.53190336497 3.46743560346 3.81730727018 4.71993312157 2.41920706009 3.48208347102 ;
2.10122693497 4.67034394501 2.30077597176 2.95102945092 2.17876494665 1.5306903868 0.0 ;
3.00232904624 4.66247540582 3.08386786836 3.73160100517 3.53424768624 1.47724713407 3.33475562648 ;
2.39950586187 4.84696980941 2.8170786537 2.46203885987 1.97697604752 0.858722674721 3.32100964952 ;
2.16714932274 4.70947607079 3.16046046626 4.46654347992 3.02240175606 3.8356278381 3.16351634687 ;
1.80498863392 4.75192341394 0.0 2.23549791911 2.66486402503 0.824157727488 2.50365009382 ;
1.68995319319 4.77807394219 2.04510447687 2.4722306018 0.0 0.922087890661 2.99773912398 ;
2.87334309257 4.5268198014 3.461342897 3.81252407777 4.72430572657 2.41817570513 3.47546612321 ;
1.45269336721 4.76317675121 2.49886855894 2.22809000407 3.35353141469 1.04274085575 3.03459513508 ;
2.11799380988 4.65137804749 2.80442842329 3.17374295025 2.25368092493 1.73378648482 0.0 ;
2.11799380988 4.65137804749 2.80442842329 3.17374295025 2.25368092493 1.73378648482 0.0 ;
2.70355971092 4.81828590272 2.67338583825 2.41619205861 3.18417585816 1.05185934929 3.30495780916 ;
1.68995319319 4.77807394219 2.04510447687 2.4722306018 0.0 0.922087890661 2.99773912398 ;
2.15451652006 4.71406266591 3.17703048891 4.47656390067 3.01510199033 3.84305317483 3.16857384217 ;
1.80498863392 4.75192341394 0.0 2.23549791911 2.66486402503 0.824157727488 2.50365009382 ;
3.02463821179 4.46668686899 3.57030454034 4.04719400565 4.50328856628 2.56699042719 3.49151680588 ;
2.90315422659 4.68217231751 2.99127599844 4.01391644498 3.39539089525 1.36424652608 3.26884179815 ;
0.937582105912 4.75809725645 2.61159833774 1.99715156545 3.25777101064 0.980378579479 2.98853938154 ;
2.90446025793 4.68142191297 2.99193845819 4.01393546947 3.39209680556 1.36229168507 3.2662868307 ;
2.10122693497 4.67034394501 2.30077597176 2.95102945092 2.17876494665 1.5306903868 0.0 ;
3.02297964255 4.46821504566 3.56846555025 4.04722659835 4.50526190149 2.56828300128 3.49255086387 ;
1.64273766421 4.76288559697 0.0 2.22920170473 2.04575337016 0.811958910046 2.99661320084 ;
1.79084585715 4.77353824764 2.62262567466 2.58963007626 0.0 0.994526360813 3.00045838591 ;
2.7044482512 4.81736931754 2.67376936153 2.41443700862 3.18582163596 1.04969502964 3.30497539051 ;
2.15451652006 4.71406266591 3.17703048891 4.47656390067 3.01510199033 3.84305317483 3.16857384217 ;
0.92368737939 4.75944526577 2.60925455929 1.99189329994 3.25556830389 0.980676140141 2.98987607373 ;
1.68335655006 4.78862061671 2.03985040778 2.45920544453 0.0 0.885560219796 3.00886652556 ;
2.87906694876 4.53291657509 3.46421916872 3.81675497031 4.71673834304 2.41405738626 3.47716100098 ;
2.11799380988 4.65137804749 2.80442842329 3.17374295025 2.25368092493 1.73378648482 0.0 ;
2.3435093607 4.38362277066 2.69458593694 3.66693483001 0.112367287764 2.82616059723 2.67600512965 ;
1.41735028331 4.76641152082 2.5225139536 2.20380406151 3.28280858416 1.0031111025 3.01832923551 ;
2.92486945728 4.68339486172 3.03045506929 3.5621040027 3.35522230297 1.39748061121 3.33360345152 ;
2.17681913144 4.71255494688 3.16628324333 4.46894055394 3.04220490628 3.83829207051 3.1689797573 ;
1.79822837687 4.74937976106 0.0 2.22712526773 2.65488326089 0.827080039634 2.50442328753 ;
2.92376865868 4.68248250994 3.02665442039 3.55805871584 3.35126150086 1.39385084038 3.33214426151 ;
1.4077020227 4.76766009714 2.52403607902 2.19674374503 3.27906137798 1.00006566269 3.01751788013 ;
2.87906694876 4.53291657509 3.46421916872 3.81675497031 4.71673834304 2.41405738626 3.47716100098 ;
1.35550428599 4.80885582808 1.8203567181 2.09590368047 0.0 0.777416590307 3.01993275461 ;
1.79822837687 4.74937976106 0.0 2.22712526773 2.65488326089 0.827080039634 2.50442328753 ;
2.92722455664 4.67457004227 2.88750119527 3.87130241921 0.0 1.44026145123 2.92045201389 ;
2.11799380988 4.65137804749 2.80442842329 3.17374295025 2.25368092493 1.73378648482 0.0 ;
2.1793523999 4.71427744212 3.16911885572 4.47097106473 3.04519349748 3.83740986135 3.17320316762 ;
2.34233034076 4.75101649678 2.75244355886 2.86523717706 3.21615275239 5.42468404336e-06 3.22655799005 ;
1.68995319319 4.77807394219 2.04510447687 2.4722306018 0.0 0.922087890661 2.99773912398 ;
2.95049752958 4.50319864169 3.48895376472 4.07739283635 4.46700760601 2.46173076885 3.47778777927 ;
2.1775609244 4.70031864208 3.15029596677 4.44514329027 3.00698089056 3.8306630244 3.15920254275 ;
2.87290587724 4.77297101705 2.86322436796 3.21847291488 3.09540711332 1.79746487496 3.28026138487 ;
1.1831993047 4.72588411291 2.55813657327 2.31969647847 3.49412234228 1.85608263645 2.92509256919 ;
2.11799380988 4.65137804749 2.80442842329 3.17374295025 2.25368092493 1.73378648482 0.0 ;
1.80498863392 4.75192341394 0.0 2.23549791911 2.66486402503 0.824157727488 2.50365009382 ;
2.13059898041 4.70626683931 3.1599915366 4.46781536305 3.00091857703 3.8424826923 3.15506253189 ;
1.64273766421 4.76288559697 0.0 2.22920170473 2.04575337016 0.811958910046 2.99661320084 ;
2.10122693497 4.67034394501 2.30077597176 2.95102945092 2.17876494665 1.5306903868 0.0 ;
1.79084585715 4.77353824764 2.62262567466 2.58963007626 0.0 0.994526360813 3.00045838591 ;
2.87727666167 4.52348209881 3.46784815925 3.78828175621 4.7357880678 2.41267130356 3.48072194655 ;
1.59087695275 4.79076412887 2.56219395619 2.24938908121 2.95185371997 1.01700010348 3.19824967274 ;
3.00239860212 4.62168171984 3.1829858903 4.14692866078 3.46747064615 1.62747582351 3.32798549398 ;
2.91970183792 4.78344231792 2.77105377753 2.59526178106 3.69865225354 1.14250021969 3.13511299482 ;
1.3427409511 4.65434204539 2.64976887588 2.32364606888 3.90981576413 1.39286618638 2.50875654951 ;
2.98194639952 4.5025441999 3.50597514373 4.07215072401 4.50092457334 2.51631316127 3.48213024735 ;
2.10772761134 4.69943832969 3.14561807222 4.44210141866 2.89487819424 3.83227490923 2.8185694463 ;
1.33076105295 4.77102863074 0.0 1.90289450413 0.0 0.612402373142 2.47087014582 ;
2.71242646211 4.74395499559 2.78024053864 3.24443197124 0.635725631794 1.05266934511 2.20463877941 ;
1.84841341609 4.75825038427 0.0 2.31899628641 2.90513865024 0.861772101541 2.68679158629 ;
2.8210929609 4.74408287447 2.85581651673 3.26749327606 3.24966838784 1.11333418124 3.2851307745 ;
0.704861147133 4.81055749136 2.44971795095 1.67836476297 1.07198944004 0.594688640672 2.47594885212 ;
1.36849361735 4.81382449495 1.79333421251 2.01851012992 0.0 0.687367717166 3.02142172694 ;
1.4129989189 4.7678600802 2.52321701128 2.20074948801 3.27800576235 1.00507336908 3.01691420188 ;
2.92456304031 4.68229764133 3.02853934458 3.56240712745 3.35288605688 1.39935196546 3.33329376096 ;
2.70646800686 4.67893973032 2.87688249712 3.91060312779 0.0 1.61908952906 2.93120499812 ;
2.87906694876 4.53291657509 3.46421916872 3.81675497031 4.71673834304 2.41405738626 3.47716100098 ;
2.11799380988 4.65137804749 2.80442842329 3.17374295025 2.25368092493 1.73378648482 0.0 ;
1.80043187279 4.74770092105 0.0 2.23078701526 2.64497698007 0.837882647048 2.50471059496 ;
2.1768412267 4.71417858758 3.16949219417 4.4711325292 3.03967378423 3.83736979546 3.17167154709 ;
2.90518079611 4.63127721242 3.07869455571 3.85311661399 2.88552955204 1.53350948775 3.27030785811 ;
2.65604235941 4.56143403038 3.37001092896 4.10963193287 3.71255654152 3.28811363968 3.32157061181 ;
1.33076105295 4.77102863074 0.0 1.90289450413 0.0 0.612402373142 2.47087014582 ;
1.15864845351 4.76598824178 2.59720555209 2.45814987835 3.13705573067 1.39136496207 2.97501080177 ;
1.84841341609 4.75825038427 0.0 2.31899628641 2.90513865024 0.861772101541 2.68679158629 ;
2.11799380988 4.65137804749 2.80442842329 3.17374295025 2.25368092493 1.73378648482 0.0 ;
1.79084585715 4.77353824764 2.62262567466 2.58963007626 0.0 0.994526360813 3.00045838591 ;
2.9250258969 4.75410569989 3.01005363081 3.37798490253 4.21605060874 1.50338137733 3.43157266404 ;
1.79084585715 4.77353824764 2.62262567466 2.58963007626 0.0 0.994526360813 3.00045838591 ;
2.97776621699 4.49664945523 3.51550687305 4.06912135962 4.50569422625 2.52590725199 3.47509688896 ;
2.1747566609 4.70900617747 3.1725371302 4.46440674675 3.0134637995 3.83890830609 3.16392849426 ;
2.83276484565 4.6782518039 2.85574084675 3.48231013898 3.59802609313 1.27404550538 3.37611250857 ;
2.10122693497 4.67034394501 2.30077597176 2.95102945092 2.17876494665 1.5306903868 0.0 ;
2.90239127918 4.82933466029 2.92987850758 3.00646027934 2.66310134645 0.933449278741 3.14463675374 ;
1.64273766421 4.76288559697 0.0 2.22920170473 2.04575337016 0.811958910046 2.99661320084 ;
1.00601225605 4.74912490521 2.5172646719 2.13037305867 3.39335500526 1.05293084104 3.02529141061 ;
2.97567355967 4.50324191253 3.49928155736 4.07353787959 4.49033128633 2.48998817233 3.48200308158 ;
0.912676805063 4.77105107671 2.6116516218 1.99587981416 3.23637767124 0.972510509102 2.99705308885 ;
2.84747116729 4.75456173546 2.92325753756 3.56401958603 2.57338919265 1.33163685585 3.20342577219 ;
1.80498863392 4.75192341394 0.0 2.23549791911 2.66486402503 0.824157727488 2.50365009382 ;
2.84857376314 4.72377474715 2.74620475229 2.94317206205 3.9315570172 0.89005021434 3.34407788898 ;
2.17029793098 4.70853908472 3.16127379834 4.46586562643 3.01835756848 3.83762639704 3.16969669283 ;
1.68995319319 4.77807394219 2.04510447687 2.4722306018 0.0 0.922087890661 2.99773912398 ;
2.11799380988 4.65137804749 2.80442842329 3.17374295025 2.25368092493 1.73378648482 0.0 ;
2.87334309257 4.5268198014 3.461342897 3.81252407777 4.72430572657 2.41817570513 3.47546612321 ;
1.68995319319 4.77807394219 2.04510447687 2.4722306018 0.0 0.922087890661 2.99773912398 ;
1.45427733119 4.76325640391 2.5002766687 2.23194689283 3.35202742998 1.04160038335 3.03443194304 ;
3.00315805235 4.66233810825 3.0838106552 3.73134526341 3.53511595608 1.47820360871 3.3351309532 ;
1.80498863392 4.75192341394 0.0 2.23549791911 2.66486402503 0.824157727488 2.50365009382 ;
2.16714932274 4.70947607079 3.16046046626 4.46654347992 3.02240175606 3.8356278381 3.16351634687 ;
2.11799380988 4.65137804749 2.80442842329 3.17374295025 2.25368092493 1.73378648482 0.0 ;
2.39950586187 4.84696980941 2.8170786537 2.46203885987 1.97697604752 0.858722674721 3.32100964952 ;
2.33704753639 4.75009353412 2.7476848792 2.86861821141 3.21172829883 5.38674918991e-06 3.21311552647 ;
2.11799380988 4.65137804749 2.80442842329 3.17374295025 2.25368092493 1.73378648482 0.0 ;
2.1391520353 4.77216829781 2.67150027513 2.50732773428 3.34731622224 1.78297844373 3.19087735754 ;
2.89650959299 4.5272254997 3.465046056 3.80048424346 4.73414182635 2.39138601484 3.48423249523 ;
3.05695581433 4.60673357513 3.27594535048 4.26537777873 3.4245738068 2.30660948987 3.342179537 ;
1.68995319319 4.77807394219 2.04510447687 2.4722306018 0.0 0.922087890661 2.99773912398 ;
1.80498863392 4.75192341394 0.0 2.23549791911 2.66486402503 0.824157727488 2.50365009382 ;
2.13422585884 4.70281569275 3.14415192694 4.46126855402 2.99511905975 3.83769043372 3.1434558874 ;
0.92368737939 4.75944526577 2.60925455929 1.99189329994 3.25556830389 0.980676140141 2.98987607373 ;
3.02297964255 4.46821504566 3.56846555025 4.04722659835 4.50526190149 2.56828300128 3.49255086387 ;
2.7044482512 4.81736931754 2.67376936153 2.41443700862 3.18582163596 1.04969502964 3.30497539051 ;
2.10122693497 4.67034394501 2.30077597176 2.95102945092 2.17876494665 1.5306903868 0.0 ;
1.64273766421 4.76288559697 0.0 2.22920170473 2.04575337016 0.811958910046 2.99661320084 ;
1.79084585715 4.77353824764 2.62262567466 2.58963007626 0.0 0.994526360813 3.00045838591 ;
2.15451652006 4.71406266591 3.17703048891 4.47656390067 3.01510199033 3.84305317483 3.16857384217 ;
2.90446025793 4.68142191297 2.99193845819 4.01393546947 3.39209680556 1.36229168507 3.2662868307 ;
2.95533930938 4.50523959187 3.49050497951 4.08211825998 4.46589680086 2.46036051877 3.47736998259 ;
1.35939183717 4.76948395344 1.10702663553 1.86987384379 1.17145534561 1.63437425397 2.67160872748 ;
2.86142484685 4.76817484839 2.86986881289 3.21593303641 3.09576147508 1.80112915281 3.24549369354 ;
2.1785556771 4.70217432531 3.16007948635 4.44860440904 3.00534733905 3.83351261239 3.15937284148 ;
2.17976526469 4.75430431828 2.1386428482 2.74042650262 2.85700074039 4.14699937635e-06 3.15709999958 ;
2.10122693497 4.67034394501 2.30077597176 2.95102945092 2.17876494665 1.5306903868 0.0 ;
1.33938503459 4.73110151149 1.47549144678 2.3574598281 3.57630787844 1.87546719501 3.15063872491 ;
1.79085932024 4.77727154999 2.67873795307 2.56762555838 0.0 1.03325980694 3.01269452919 ;
2.11799380988 4.65137804749 2.80442842329 3.17374295025 2.25368092493 1.73378648482 0.0 ;
2.87701514743 4.53161018816 3.46464436924 3.81625988763 4.71813716401 2.41476084827 3.47685609853 ;
1.79822837687 4.74937976106 0.0 2.22712526773 2.65488326089 0.827080039634 2.50442328753 ;
1.68545166826 4.78788613673 2.04161029895 2.46365825142 0.0 0.893138862367 3.00554216387 ;
2.32677223731 4.36779402932 2.69305303405 3.60694927696 0.126413198734 2.70969745261 2.7918890905 ;
2.17399916439 4.71252325288 3.16459493503 4.46985254179 3.03885745055 3.83800955406 3.16761424889 ;
2.92402270115 4.68347002822 3.02933306502 3.56303712273 3.35725411268 1.40219135668 3.3334943797 ;
1.41005195791 4.76774205691 2.52463849634 2.19651393762 3.28033673498 1.00117142036 3.01748679937 ;
2.17686743627 4.70169675221 3.15175099195 4.44957803003 3.01039626648 3.83121694602 3.15855195349 ;
2.33821376723 4.75122752316 2.74806781144 2.86594761774 3.21480970949 5.41515032799e-06 3.22442534281 ;
1.79084585715 4.77353824764 2.62262567466 2.58963007626 0.0 0.994526360813 3.00045838591 ;
2.85270721357 4.76987013193 2.81723883258 3.20156889816 3.11058218513 1.80978300964 3.27606771252 ;
1.03366828753 4.71972473477 2.71332247623 2.27233488334 3.52304125472 1.86768403552 2.90420079211 ;
2.95491251759 4.50323331103 3.48731527108 4.08152717991 4.46598969953 2.4621217602 3.47836745988 ;
2.10122693497 4.67034394501 2.30077597176 2.95102945092 2.17876494665 1.5306903868 0.0 ;
1.64273766421 4.76288559697 0.0 2.22920170473 2.04575337016 0.811958910046 2.99661320084 ;
2.98495696542 4.49335180032 3.52319259084 4.05940585241 4.52517652563 2.5423013622 3.48338507147 ;
1.64273766421 4.76288559697 0.0 2.22920170473 2.04575337016 0.811958910046 2.99661320084 ;
2.1708235583 4.70873015293 3.16839649882 4.46461783661 3.01485949361 3.83915521667 3.17295338415 ;
2.9510501528 4.69834129517 2.96537559923 3.54946843024 3.52118546404 1.25393262853 3.34924504711 ;
1.79084585715 4.77353824764 2.62262567466 2.58963007626 0.0 0.994526360813 3.00045838591 ;
2.10122693497 4.67034394501 2.30077597176 2.95102945092 2.17876494665 1.5306903868 0.0 ;
2.66464198478 4.80882227774 2.88202316142 2.98943866715 2.35058677705 0.910579001506 2.93384419353 ;
1.31228936039 4.77439753951 2.45309705642 2.11450947026 3.41105134831 1.02590090686 3.17509026624 ;
2.95640670931 4.67068010163 3.10569225184 3.69949337317 3.36130047421 2.04979104507 3.33149055239 ;
2.34646143484 4.75106948583 2.75687663609 2.87029050542 3.21432889321 5.43425138735e-06 3.22762496102 ;
1.61214250129 4.74436439319 1.01734922546 2.57012887946 2.48374824752 1.18951328438 2.78236739971 ;
2.86223126468 4.52022517469 3.47117109304 3.80482603466 4.73430132832 2.39703245815 3.48072572684 ;
1.63164502658 4.74380164269 1.65896208329 2.09882552739 3.94749175453 1.60649565844 3.23890075988 ;
2.10122693497 4.67034394501 2.30077597176 2.95102945092 2.17876494665 1.5306903868 0.0 ;
2.18617434913 4.70945388831 3.17262386841 4.45870766598 3.03339708855 3.83566131935 3.17970292403 ;
1.6831394255 4.77515756131 2.01380185733 2.45500232897 0.0 0.915862372254 2.97837010143 ;
2.93677481817 4.49275061397 3.48879624967 4.08340503369 4.44687438452 2.45035794666 3.46626823739 ;
1.87061686291 4.76098691662 2.60661507531 2.56722137925 1.26448531933e-05 1.04153851433 2.64458453162 ;
3.17556730229 4.73126970754 2.98875931472 3.96531330721 2.70229817874 1.87198804685 2.57737277408 ;
1.3883499982 4.65152582234 2.70813865629 2.56731816389 3.22425103958 1.68618367771 1.7927743485 ;
2.73252513615 4.79513473385 2.78427182016 2.91817164654 3.27397138398 1.78980213724 3.33049449519 ;
2.29648926698 4.75537919307 2.75282489032 2.87397020933 3.1225255655 5.2941933619e-06 3.23296272954 ;
2.13756327426 4.7028362153 3.14393066318 4.45369180592 2.98897292064 3.83140647436 2.85031870358 ;
1.69061055895 4.76214574716 0.0 2.19215044395 2.01952658307 0.785753409408 2.62096938079 ;
2.1747566609 4.70900617747 3.1725371302 4.46440674675 3.0134637995 3.83890830609 3.16392849426 ;
2.90634578074 4.83152468273 2.93919897201 3.04666023518 2.6569894002 0.958030131447 3.15179817348 ;
2.82531627325 4.67677628573 2.83823071245 3.44455529022 3.59389723736 1.24468871383 3.37189832019 ;
2.98245196483 4.50078532697 3.51207527056 4.07037701911 4.50495530143 2.52330815616 3.47629318273 ;
1.64273766421 4.76288559697 0.0 2.22920170473 2.04575337016 0.811958910046 2.99661320084 ;
1.79084585715 4.77353824764 2.62262567466 2.58963007626 0.0 0.994526360813 3.00045838591 ;
2.10122693497 4.67034394501 2.30077597176 2.95102945092 2.17876494665 1.5306903868 0.0 ;
0.99406950117 4.74810310554 2.5290508324 2.12119334973 3.37927282731 1.04926505067 3.01502487225 ;
2.13445253371 4.70868632066 3.15203056198 4.46520237419 2.99621826524 3.83341922138 2.88206990105 ;
1.81455935667 4.76859031968 2.61507805486 2.59581167992 1.20088694528e-05 0.98915344112 2.67200584071 ;
2.74063903142 4.79611270541 2.78638551458 2.92855757686 3.28198801651 1.80121690455 3.3358185237 ;
2.93782531334 4.49249548862 3.48870421392 4.08286452238 4.44764231455 2.4507563374 3.46549132221 ;
1.4082891249 4.64954744113 2.70299792963 2.57052512196 3.22852997299 1.68969805413 1.79173052952 ;
3.09627244705 4.7153601998 2.99086024698 3.97094126047 2.66178725931 1.95260962827 2.51407300264 ;
1.69061055895 4.76214574716 0.0 2.19215044395 2.01952658307 0.785753409408 2.62096938079 ;
2.34283841384 4.75066188061 2.75216131469 2.86609624204 3.21647766216 5.45348767545e-06 3.23426189218 ;
2.9822028784 4.50402407965 3.50241946258 4.07424584005 4.4924429023 2.49409534744 3.48396132887 ;
2.88627789904 4.72246764336 2.75454189133 2.99449183824 3.93499068127 0.908264117036 3.34700198714 ;
1.79084585715 4.77353824764 2.62262567466 2.58963007626 0.0 0.994526360813 3.00045838591 ;
2.80839039863 4.7486084078 2.92288441054 3.52257058826 2.59293192597 1.30292827932 3.11694681024 ;
1.64273766421 4.76288559697 0.0 2.22920170473 2.04575337016 0.811958910046 2.99661320084 ;
0.749172870532 4.78338296403 2.57296602964 1.84853283129 3.28126015741 0.956437912187 3.15470607884 ;
2.17371224236 4.70712575498 3.15805261759 4.46485766254 3.02157063763 3.83446449578 3.16620888692 ;
2.10122693497 4.67034394501 2.30077597176 2.95102945092 2.17876494665 1.5306903868 0.0 ;
0.0 4.71940174913 2.92037903803 4.19368736297 2.81929520798 2.65109169999 2.62520976265 ;
2.41103991171 4.74913240427 2.75520461957 2.85112594108 3.22712364458 5.57182737184e-06 3.22462333111 ;
2.87556506036 4.52177894262 3.43107189759 3.93289814346 4.57846883958 2.32325176316 3.47905772579 ;
1.71374196051 4.77538434442 1.99621524139 2.42447525634 0.0 0.874930612256 2.97948132756 ;
2.20944463119 4.66830516729 2.26489901821 2.8859906696 2.15264463058 1.4617450042 0.0 ;
2.68941229471 4.64876864664 3.30460715307 4.51087908306 3.21684573566 3.76055333954 3.27908814534 ;
2.82603586999 4.75725401606 2.87386605525 3.20125972653 3.12826039053 1.74150166714 3.2458678319 ;
1.52662088942 4.74605013464 1.00114690089 2.2204699325 3.12601168321 1.30938148225 2.99582448378 ;
1.69061055895 4.76214574716 0.0 2.19215044395 2.01952658307 0.785753409408 2.62096938079 ;
2.8034228653 4.80464598132 2.82161633838 3.01605770494 3.24408002962 1.80178428748 3.32156727304 ;
1.83992525314 4.76627254462 2.6085867123 2.58491189395 1.2225897214e-05 1.00702970813 2.66332596922 ;
2.9355996406 4.49071596467 3.48943782593 4.07922766432 4.45006832512 2.44898448991 3.46663916608 ;
2.84506267639 4.63104480152 2.91716989158 3.93896910588 2.715033163 2.30721273435 2.26265223736 ;
2.11628881132 4.70877020146 3.15577026508 4.47198246972 2.98824678077 3.8356596512 2.91318919295 ;
1.27451305468 4.67414805249 2.66938491604 2.44086043155 3.2635856323 1.56935884205 1.75634864113 ;
2.32661330234 4.75225269137 2.75890850542 2.87462802768 3.18080631266 5.40565006426e-06 3.23447392283 ;
2.97579445968 4.49968744773 3.50173640094 4.07546506738 4.4927247963 2.49477141648 3.47968677908 ;
2.82686008529 4.7209336395 2.72703674867 2.95986369866 3.90607638649 0.896778536517 3.34234841248 ;
0.911981921903 4.76913456249 2.61525407679 1.98942699073 3.22380117055 0.969108932462 2.98587389238 ;
1.80498863392 4.75192341394 0.0 2.23549791911 2.66486402503 0.824157727488 2.50365009382 ;
2.17172407364 4.70628960524 3.15812362076 4.46287641437 3.02089620664 3.83506494502 3.17499146072 ;
1.68995319319 4.77807394219 2.04510447687 2.4722306018 0.0 0.922087890661 2.99773912398 ;
2.11799380988 4.65137804749 2.80442842329 3.17374295025 2.25368092493 1.73378648482 0.0 ;
2.86303219975 4.76131369248 2.94838219686 3.56460595796 2.59663921669 1.34231644927 3.21007162037 ;
2.92480859356 4.6833914183 3.02796703367 3.55973010451 3.35599408235 1.39336551461 3.33265968292 ;
2.87906694876 4.53291657509 3.46421916872 3.81675497031 4.71673834304 2.41405738626 3.47716100098 ;
1.68470217012 4.78489874034 2.04343068485 2.46452307169 0.0 0.89811795186 3.00888811321 ;
2.11799380988 4.65137804749 2.80442842329 3.17374295025 2.25368092493 1.73378648482 0.0 ;
2.17760388967 4.71343707955 3.16759383515 4.46957951476 3.04678604521 3.83770032418 3.17091186488 ;
2.5536109451 4.51018085253 2.78389167119 3.6460148829 0.248661147179 2.3212747187 2.68200590109 ;
1.79822837687 4.74937976106 0.0 2.22712526773 2.65488326089 0.827080039634 2.50442328753 ;
1.4084960327 4.76630644327 2.52364400482 2.19897297475 3.28948436578 1.00784306513 3.01866704028 ;
2.91382102051 4.71369374702 3.04796501582 4.04618081777 3.11072206209 1.42612116512 3.27124942945 ;
1.87525224108 4.79923455485 2.6397036562 2.1043496577 1.15233689532 0.799718942311 1.88062606368 ;
2.38162759609 4.70918252443 3.16706266254 4.46947244086 3.01310016837 3.83980091586 2.85090174737 ;
0.0 4.75474170706 2.59587230044 2.35371241729 2.30940148088 1.36105474563 3.03872666931 ;
1.69061055895 4.76214574716 0.0 2.19215044395 2.01952658307 0.785753409408 2.62096938079 ;
3.0366619857 4.44390189874 3.59099060363 4.03372635605 4.50005769157 2.57226919838 3.49363377357 ;
2.57413802825 4.81103129507 2.64827582712 2.35721361668 3.19941569345 1.01189503127 3.29316643886 ;
2.77937809439 4.50357400434 2.74126298372 3.67227152905 2.18422892585 1.73645350374 1.41783191777 ;
1.68995319319 4.77807394219 2.04510447687 2.4722306018 0.0 0.922087890661 2.99773912398 ;
2.89192277904 4.52484283484 3.46856692328 3.8000739466 4.73888827242 2.39383998362 3.48645235804 ;
3.0584317812 4.60775472229 3.2751248068 4.2637096013 3.42822791098 2.30441003623 3.34062242698 ;
2.13422585884 4.70281569275 3.14415192694 4.46126855402 2.99511905975 3.83769043372 3.1434558874 ;
2.11799380988 4.65137804749 2.80442842329 3.17374295025 2.25368092493 1.73378648482 0.0 ;
2.14178637332 4.77207239819 2.67221968784 2.50908409499 3.35036413109 1.78490969787 3.19208217618 ;
2.33704753639 4.75009353412 2.7476848792 2.86861821141 3.21172829883 5.38674918991e-06 3.21311552647 ;
1.80498863392 4.75192341394 0.0 2.23549791911 2.66486402503 0.824157727488 2.50365009382 ;
2.23702715937 4.75249448316 2.30961042073 2.7834497104 3.10343793875 4.50470838688e-06 3.17845656482 ;
1.79822758184 4.77452146515 2.65752568434 2.5814303317 0.0 1.01820555988 3.00937333652 ;
2.10122693497 4.67034394501 2.30077597176 2.95102945092 2.17876494665 1.5306903868 0.0 ;
2.1890662121 4.71043615233 3.16857476707 4.46065815907 3.04053687216 3.83454961244 3.17071967223 ;
1.43142819768 4.73940801963 1.60542943931 2.27020260367 3.33385510149 1.79723073196 2.99927915647 ;
2.93313994996 4.67178008714 3.07233867953 3.6208148655 3.37683321975 2.04325856027 3.33103947156 ;
1.32687969005 4.78051375268 0.0 2.00969516483 0.0 0.655666102405 2.90530885278 ;
2.86683386514 4.5296166474 3.46468026053 3.81548712973 4.72406111603 2.38880110433 3.48228205633 ;
2.74377058423 4.79568562582 2.78851214376 2.93533287211 3.27782695039 1.79422146273 3.33182784013 ;
1.38669342961 4.65062899021 2.71050897794 2.56990060242 3.22878166266 1.70185998989 1.81105630128 ;
3.10391821799 4.71226059971 2.97546615235 3.96652803879 2.66876630871 1.9718881547 2.45697826588 ;
2.1316491125 4.70783490152 3.15114346173 4.46493682396 2.99654117209 3.83238540377 2.88033652255 ;
2.34223599988 4.75026380195 2.75286809079 2.86798964984 3.21079483944 5.44385253821e-06 3.23382503849 ;
1.81400353247 4.76931210296 2.61348423133 2.59182962242 1.20445040803e-05 0.992088614536 2.67107113192 ;
2.93756563656 4.49229785494 3.49011684012 4.08323740138 4.44902238321 2.45102012161 3.46750587776 ;
1.69061055895 4.76214574716 0.0 2.19215044395 2.01952658307 0.785753409408 2.62096938079 ;
2.93624744396 4.4921472068 3.48943925015 4.08338843985 4.44660951079 2.45031812532 3.4662303756 ;
2.74338341793 4.79528933541 2.78764750029 2.93162507279 3.28168949779 1.80165753427 3.33375430108 ;
3.10286461891 4.71348586908 2.9774753716 3.96559502869 2.66622803462 1.94061173332 2.47528605754 ;
1.39373012171 4.65171796491 2.7073494614 2.56794970404 3.22600151666 1.69717904707 1.80325129653 ;
2.13445253371 4.70868632066 3.15203056198 4.46520237419 2.99621826524 3.83341922138 2.88206990105 ;
2.34283841384 4.75066188061 2.75216131469 2.86609624204 3.21647766216 5.45348767545e-06 3.23426189218 ;
1.69061055895 4.76214574716 0.0 2.19215044395 2.01952658307 0.785753409408 2.62096938079 ;
1.81455935667 4.76859031968 2.61507805486 2.59581167992 1.20088694528e-05 0.98915344112 2.67200584071 ;
2.15451652006 4.71406266591 3.17703048891 4.47656390067 3.01510199033 3.84305317483 3.16857384217 ;
2.90446025793 4.68142191297 2.99193845819 4.01393546947 3.39209680556 1.36229168507 3.2662868307 ;
0.92368737939 4.75944526577 2.60925455929 1.99189329994 3.25556830389 0.980676140141 2.98987607373 ;
3.02297964255 4.46821504566 3.56846555025 4.04722659835 4.50526190149 2.56828300128 3.49255086387 ;
1.79084585715 4.77353824764 2.62262567466 2.58963007626 0.0 0.994526360813 3.00045838591 ;
2.7044482512 4.81736931754 2.67376936153 2.41443700862 3.18582163596 1.04969502964 3.30497539051 ;
1.64273766421 4.76288559697 0.0 2.22920170473 2.04575337016 0.811958910046 2.99661320084 ;
2.10122693497 4.67034394501 2.30077597176 2.95102945092 2.17876494665 1.5306903868 0.0 ;
0.264244485188 4.76382637314 2.61256815395 2.59533326361 3.42186531026 0.96789787017 3.17838836936 ;
2.14085380335 4.70454290532 3.14999121517 4.45421971066 2.99549760214 3.83454103738 2.8491320598 ;
1.70387801116 4.77738538824 2.03240738139 2.51789185302 0.0 0.926916203462 3.01228963848 ;
2.98007336349 4.49871024991 3.51048667948 4.0678318409 4.50907132387 2.52310185944 3.48696614924 ;
2.81179965135 4.74744374485 2.8594021437 3.25577542747 3.2256984745 1.11552174418 3.26805761121 ;
1.80498863392 4.75192341394 0.0 2.23549791911 2.66486402503 0.824157727488 2.50365009382 ;
1.16434100779 4.7655524218 2.52836985526 0.0 2.63273983858 0.845554835373 2.45928701311 ;
2.25983663076 4.61962445054 2.68200505511 3.3076055376 2.47800293874 1.38291053341 0.652267028365 ;
2.98269719121 4.49913733209 3.51699483247 4.06591841145 4.51605367446 2.53431627874 3.48230943405 ;
2.79310318516 4.83987159631 2.93802309271 3.04791667494 2.05656588515 0.910575929926 3.20140092444 ;
1.07954219219 4.7600302126 2.58091720693 2.10300327387 3.31635246189 1.01495979171 2.97927533473 ;
2.11799380988 4.65137804749 2.80442842329 3.17374295025 2.25368092493 1.73378648482 0.0 ;
2.17296108547 4.70878135433 3.17231464395 4.46534752164 3.01574117564 3.8382788105 3.17463936883 ;
1.80498863392 4.75192341394 0.0 2.23549791911 2.66486402503 0.824157727488 2.50365009382 ;
1.68995319319 4.77807394219 2.04510447687 2.4722306018 0.0 0.922087890661 2.99773912398 ;
2.87191985062 4.71323250512 2.85266061671 3.37034005153 3.48328333943 1.19602145469 3.31099260281 ;
1.36849361735 4.81382449495 1.79333421251 2.01851012992 0.0 0.687367717166 3.02142172694 ;
2.87906694876 4.53291657509 3.46421916872 3.81675497031 4.71673834304 2.41405738626 3.47716100098 ;
1.80043187279 4.74770092105 0.0 2.23078701526 2.64497698007 0.837882647048 2.50471059496 ;
2.1768412267 4.71417858758 3.16949219417 4.4711325292 3.03967378423 3.83736979546 3.17167154709 ;
1.4129989189 4.7678600802 2.52321701128 2.20074948801 3.27800576235 1.00507336908 3.01691420188 ;
2.70646800686 4.67893973032 2.87688249712 3.91060312779 0.0 1.61908952906 2.93120499812 ;
2.92456304031 4.68229764133 3.02853934458 3.56240712745 3.35288605688 1.39935196546 3.33329376096 ;
2.11799380988 4.65137804749 2.80442842329 3.17374295025 2.25368092493 1.73378648482 0.0 ;
2.9056629377 4.6885663837 3.08170586089 4.04684289761 3.59331729052 1.49346986314 3.31491284445 ;
1.6831394255 4.77515756131 2.01380185733 2.45500232897 0.0 0.915862372254 2.97837010143 ;
2.46128496989 4.70918223899 3.18895941236 4.46428901934 3.03667869784 3.83922862579 3.21055560489 ;
2.38050004965 4.72627637458 1.02542867896 2.66642118346 3.06468671848 1.0966796028 2.87751662186 ;
2.10122693497 4.67034394501 2.30077597176 2.95102945092 2.17876494665 1.5306903868 0.0 ;
2.5816096865 4.81750830222 2.69715194666 2.34856378045 3.13235095099 0.97372189587 3.3003396717 ;
0.0 4.74991215379 2.09080905119 2.40037876836 3.16777701293 1.41005138933 3.07302796989 ;
3.06365913692 4.40537322693 3.65870382876 4.01139178147 4.49812389699 2.62220180802 3.47716860661 ;
2.97116042084 4.4917487037 3.51472760102 4.06706391042 4.50166892026 2.51890744487 3.48177931694 ;
1.64273766421 4.76288559697 0.0 2.22920170473 2.04575337016 0.811958910046 2.99661320084 ;
2.77091375798 4.71216935443 2.92170496296 3.52919323784 2.53297088067 1.24957237824 3.10422078659 ;
1.10266537014 4.77551163187 2.4562347824 2.05201024173 3.2781514706 0.962617911777 3.16011908969 ;
2.10122693497 4.67034394501 2.30077597176 2.95102945092 2.17876494665 1.5306903868 0.0 ;
2.97184021675 4.75804573929 2.89807683984 3.11828882277 4.00325170618 1.07529730096 3.3728406568 ;
2.17592077297 4.71348609197 3.17340599742 4.4730521767 3.02326597033 3.83948923826 3.1686881668 ;
1.79084585715 4.77353824764 2.62262567466 2.58963007626 0.0 0.994526360813 3.00045838591 ;
1.79822837687 4.74937976106 0.0 2.22712526773 2.65488326089 0.827080039634 2.50442328753 ;
2.87701514743 4.53161018816 3.46464436924 3.81625988763 4.71813716401 2.41476084827 3.47685609853 ;
2.32677223731 4.36779402932 2.69305303405 3.60694927696 0.126413198734 2.70969745261 2.7918890905 ;
2.92402270115 4.68347002822 3.02933306502 3.56303712273 3.35725411268 1.40219135668 3.3334943797 ;
2.11799380988 4.65137804749 2.80442842329 3.17374295025 2.25368092493 1.73378648482 0.0 ;
1.41005195791 4.76774205691 2.52463849634 2.19651393762 3.28033673498 1.00117142036 3.01748679937 ;
1.68545166826 4.78788613673 2.04161029895 2.46365825142 0.0 0.893138862367 3.00554216387 ;
2.17399916439 4.71252325288 3.16459493503 4.46985254179 3.03885745055 3.83800955406 3.16761424889 ;
1.81455935667 4.76859031968 2.61507805486 2.59581167992 1.20088694528e-05 0.98915344112 2.67200584071 ;
2.93862076603 4.49204118631 3.49002662572 4.08269488902 4.44979621686 2.45142085041 3.46672845586 ;
2.34283841384 4.75066188061 2.75216131469 2.86609624204 3.21647766216 5.45348767545e-06 3.23426189218 ;
3.10391693808 4.71556957665 2.98074125569 3.9693004329 2.66743880988 1.95471887513 2.48206818493 ;
2.74245867974 4.79500481299 2.78915898063 2.93459347924 3.28305296529 1.80245296816 3.33498709559 ;
2.1316491125 4.70783490152 3.15114346173 4.46493682396 2.99654117209 3.83238540377 2.88033652255 ;
1.69061055895 4.76214574716 0.0 2.19215044395 2.01952658307 0.785753409408 2.62096938079 ;
1.39649414844 4.65074209628 2.708728677 2.57414138779 3.22489598872 1.69838824475 1.80658125894 ;
2.11799380988 4.65137804749 2.80442842329 3.17374295025 2.25368092493 1.73378648482 0.0 ;
2.16964584202 4.7118971333 3.17684911026 4.47017508337 3.02007794889 3.84057062518 3.18155496644 ;
2.89302252894 4.7580932656 2.94075370236 3.3363630036 3.26584144306 1.07241551468 3.30893866703 ;
1.25786056161 4.78369918189 2.4521573275 2.0799845801 3.30175048144 0.958892036089 3.14863348757 ;
1.79084585715 4.77353824764 2.62262567466 2.58963007626 0.0 0.994526360813 3.00045838591 ;
2.96736764036 4.49400395727 3.51521286817 4.06037059732 4.50750985936 2.52694664963 3.48181175969 ;
2.72024126462 4.47529997571 2.85898892222 3.75864222172 2.94221155244 2.13840994024 2.64485099757 ;
1.69061055895 4.76214574716 0.0 2.19215044395 2.01952658307 0.785753409408 2.62096938079 ;
2.11799380988 4.65137804749 2.80442842329 3.17374295025 2.25368092493 1.73378648482 0.0 ;
2.97678957164 4.50351756875 3.49969250641 4.07667761748 4.48614197502 2.48763695695 3.47996176838 ;
2.84982297056 4.72157451923 2.7388761781 2.94951951031 3.92599191886 0.886110056755 3.34362247133 ;
2.8471826736 4.76165238665 2.92921960732 3.54579628183 2.57779678156 1.30690406111 3.20846991123 ;
1.68995319319 4.77807394219 2.04510447687 2.4722306018 0.0 0.922087890661 2.99773912398 ;
0.924285477168 4.77000586782 2.60833548173 2.00916032274 3.23585132141 0.98690188821 2.98962466199 ;
2.17383143479 4.70380464482 3.15772449291 4.45756339981 3.0138913342 3.8332072323 3.17280699193 ;
1.80498863392 4.75192341394 0.0 2.23549791911 2.66486402503 0.824157727488 2.50365009382 ;
2.93624744396 4.4921472068 3.48943925015 4.08338843985 4.44660951079 2.45031812532 3.4662303756 ;
3.10286461891 4.71348586908 2.9774753716 3.96559502869 2.66622803462 1.94061173332 2.47528605754 ;
1.69061055895 4.76214574716 0.0 2.19215044395 2.01952658307 0.785753409408 2.62096938079 ;
1.81455935667 4.76859031968 2.61507805486 2.59581167992 1.20088694528e-05 0.98915344112 2.67200584071 ;
2.34283841384 4.75066188061 2.75216131469 2.86609624204 3.21647766216 5.45348767545e-06 3.23426189218 ;
2.74338341793 4.79528933541 2.78764750029 2.93162507279 3.28168949779 1.80165753427 3.33375430108 ;
2.13445253371 4.70868632066 3.15203056198 4.46520237419 2.99621826524 3.83341922138 2.88206990105 ;
1.39373012171 4.65171796491 2.7073494614 2.56794970404 3.22600151666 1.69717904707 1.80325129653 ;
1.88348878626 4.75862522532 2.60091953216 2.55900816686 1.30514401127e-05 1.07502849871 2.62668898368 ;
2.28253336799 4.75671460393 2.75334721426 2.87310335249 3.06978020122 5.20476441998e-06 3.23242511709 ;
2.73015293191 4.79461664905 2.78282752744 2.91323473698 3.27312426492 1.79057097406 3.33013247053 ;
3.17735345582 4.73366760718 2.99066247482 3.96746674472 2.71205957388 1.8685869393 2.58790454674 ;
1.69061055895 4.76214574716 0.0 2.19215044395 2.01952658307 0.785753409408 2.62096938079 ;
1.3883499982 4.65152582234 2.70813865629 2.56731816389 3.22425103958 1.68618367771 1.7927743485 ;
2.93677481817 4.49275061397 3.48879624967 4.08340503369 4.44687438452 2.45035794666 3.46626823739 ;
2.13756327426 4.7028362153 3.14393066318 4.45369180592 2.98897292064 3.83140647436 2.85031870358 ;
2.1444792397 4.75949548867 2.61728018886 2.555797419 1.41923002624e-05 1.01317829172 2.68078484342 ;
2.92957668664 4.68315301964 3.06958990199 4.04562695003 3.48410170096 1.47087611365 3.26886074508 ;
2.42159325286 4.70430756317 3.17146856065 4.46021124254 2.99627047825 3.84021169682 2.88757934306 ;
0.0 4.75450057934 2.63224147115 2.58765467621 2.58481877659 1.41930595823 2.67304745649 ;
2.72786600451 4.60277109632 2.89124100311 3.09357770515 2.87263056951 1.47726901338 0.270005452442 ;
3.03176795568 4.44475522168 3.59686723246 4.03073644734 4.50831047993 2.59214749784 3.49250778823 ;
2.52470751721 4.8060179234 2.63628844989 2.42504621453 3.16940287017 1.02551604207 3.25821026456 ;
1.69061055895 4.76214574716 0.0 2.19215044395 2.01952658307 0.785753409408 2.62096938079 ;
2.10791499058 4.69873342364 3.14353547273 4.44082262803 2.89413937101 3.83207419776 2.81954255695 ;
1.37230545489 4.65518631562 2.65204189875 2.34346247087 3.90221250683 1.3896338389 2.47213073249 ;
2.82146738386 4.74411722713 2.85612456152 3.26642083466 3.24890501118 1.11303484522 3.28339844136 ;
2.98194639952 4.5025441999 3.50597514373 4.07215072401 4.50092457334 2.51631316127 3.48213024735 ;
2.70504921577 4.74683374409 2.77822697983 3.2337501563 0.590656886741 1.04009849378 2.2201221897 ;
1.33076105295 4.77102863074 0.0 1.90289450413 0.0 0.612402373142 2.47087014582 ;
0.688634179424 4.80917271061 2.44960840931 1.67393113845 1.07550665278 0.596060372613 2.48690726657 ;
1.84841341609 4.75825038427 0.0 2.31899628641 2.90513865024 0.861772101541 2.68679158629 ;
2.17678437478 4.70095054873 3.15102867442 4.44728276291 3.00615097846 3.83091651337 3.15860799987 ;
1.68995319319 4.77807394219 2.04510447687 2.4722306018 0.0 0.922087890661 2.99773912398 ;
1.80498863392 4.75192341394 0.0 2.23549791911 2.66486402503 0.824157727488 2.50365009382 ;
2.34233034076 4.75101649678 2.75244355886 2.86523717706 3.21615275239 5.42468404336e-06 3.22655799005 ;
2.87193317373 4.77177881288 2.86327592419 3.22020378512 3.10088396594 1.80067189431 3.28110947889 ;
1.1831993047 4.72588411291 2.55813657327 2.31969647847 3.49412234228 1.85608263645 2.92509256919 ;
2.95099757054 4.50292236433 3.49088250434 4.07916344589 4.46676196972 2.46398110137 3.47781859313 ;
2.11799380988 4.65137804749 2.80442842329 3.17374295025 2.25368092493 1.73378648482 0.0 ;
2.34747449539 4.8607987995 2.78919896438 2.31905650916 2.04410407297 0.770574652551 3.27995063054 ;
2.98482783047 4.49728473674 3.5193775792 4.06447211557 4.52105978548 2.54102355458 3.48652284657 ;
2.93655727475 4.71259866229 2.92321005519 3.49618211992 3.38798553582 1.21888719469 3.29315904792 ;
1.80498863392 4.75192341394 0.0 2.23549791911 2.66486402503 0.824157727488 2.50365009382 ;
2.17262854807 4.7115660828 3.17306041193 4.46984568408 3.02055889055 3.84083658508 3.16607094927 ;
1.68995319319 4.77807394219 2.04510447687 2.4722306018 0.0 0.922087890661 2.99773912398 ;
2.11799380988 4.65137804749 2.80442842329 3.17374295025 2.25368092493 1.73378648482 0.0 ;
1.25835360382 4.76925394992 2.5148002361 2.14142990719 3.31002088031 0.984523854576 3.01707706366 ;
1.84735259805 4.76966617819 2.61050411319 2.57538752438 1.2225897214e-05 0.967351076823 2.70548826448 ;
2.98495033289 4.47799468723 3.53329475315 4.05162906396 4.51349754971 2.55192481888 3.48845090875 ;
2.98208485631 4.67963693452 3.07290274334 4.01889922926 3.36587947151 1.35256966215 3.2444730285 ;
2.42711685202 4.7016568994 3.16320906026 4.45382754509 2.99662549716 3.83777783497 2.87996150669 ;
2.7193286576 4.60377363325 2.87774591694 3.15063713621 2.86706030068 1.37608629093 0.14022173284 ;
1.69061055895 4.76214574716 0.0 2.19215044395 2.01952658307 0.785753409408 2.62096938079 ;
2.51797404631 4.80534289582 2.639329552 2.44373584758 3.16660790561 1.03031923364 3.25072395997 ;
0.0 4.73965928406 2.64433149628 2.56692018586 3.07412603471 1.55879776072 2.63783158986 ;
1.80498863392 4.75192341394 0.0 2.23549791911 2.66486402503 0.824157727488 2.50365009382 ;
0.897274689844 4.76874246479 2.60884811511 1.97635439927 3.23264037334 0.964071325576 2.99343968647 ;
2.17263357471 4.7064705887 3.15841767186 4.46290772018 3.019873538 3.83548534212 3.16942791766 ;
1.68995319319 4.77807394219 2.04510447687 2.4722306018 0.0 0.922087890661 2.99773912398 ;
2.82929837976 4.72103548749 2.72940467496 2.96198755754 3.90673299772 0.898506433505 3.34298531788 ;
2.11799380988 4.65137804749 2.80442842329 3.17374295025 2.25368092493 1.73378648482 0.0 ;
2.85456154341 4.75979066934 2.94243843543 3.55228026725 2.5867585768 1.329088598 3.20556271615 ;
2.97914318275 4.50291647294 3.5022214536 4.07795489808 4.48922908806 2.49332178751 3.48023002414 ;
2.97914318275 4.50291647294 3.5022214536 4.07795489808 4.48922908806 2.49332178751 3.48023002414 ;
2.85865620183 4.76282169959 2.94177112274 3.54686244653 2.59171954923 1.32362325383 3.20797558444 ;
0.904552711041 4.76851996494 2.61579201173 1.99112595067 3.2311459295 0.973754215408 2.98603017693 ;
2.17383143479 4.70380464482 3.15772449291 4.45756339981 3.0138913342 3.8332072323 3.17280699193 ;
1.80498863392 4.75192341394 0.0 2.23549791911 2.66486402503 0.824157727488 2.50365009382 ;
2.11799380988 4.65137804749 2.80442842329 3.17374295025 2.25368092493 1.73378648482 0.0 ;
2.82604028896 4.72003728401 2.72582611795 2.96113195256 3.90641881164 0.890324211504 3.34322763574 ;
1.68995319319 4.77807394219 2.04510447687 2.4722306018 0.0 0.922087890661 2.99773912398 ;
2.13048240166 4.70838440903 3.15224500862 4.46643683355 2.99523602029 3.83128007546 2.88628713183 ;
3.08197023994 4.71437789731 2.99895309434 3.97766249962 2.69925840635 2.03463727201 2.4608909142 ;
2.93862076603 4.49204118631 3.49002662572 4.08269488902 4.44979621686 2.45142085041 3.46672845586 ;
2.74198188314 4.79557021378 2.78820063314 2.93478263193 3.28367958189 1.80061034691 3.33561534767 ;
1.81455935667 4.76859031968 2.61507805486 2.59581167992 1.20088694528e-05 0.98915344112 2.67200584071 ;
1.3848757414 4.64905436318 2.69421963977 2.54942258611 3.21614700265 1.66188536148 1.80852047985 ;
1.69061055895 4.76214574716 0.0 2.19215044395 2.01952658307 0.785753409408 2.62096938079 ;
2.34283841384 4.75066188061 2.75216131469 2.86609624204 3.21647766216 5.45348767545e-06 3.23426189218 ;
2.87906694876 4.53291657509 3.46421916872 3.81675497031 4.71673834304 2.41405738626 3.47716100098 ;
1.68678275851 4.78417788459 2.04517194069 2.46893854724 0.0 0.905623851604 3.00558114557 ;
1.79822837687 4.74937976106 0.0 2.22712526773 2.65488326089 0.827080039634 2.50442328753 ;
2.92531174475 4.68324835833 3.02875825928 3.55986290238 3.35644813582 1.39458669385 3.33247852714 ;
2.56313651976 4.51017187143 2.79352198509 3.58341433646 0.279743790577 2.14170083926 2.79863995838 ;
2.17760388967 4.71343707955 3.16759383515 4.46957951476 3.04678604521 3.83770032418 3.17091186488 ;
1.41061814318 4.76648733605 2.52274656025 2.20169647645 3.28846732686 1.00557314832 3.01983976863 ;
2.11799380988 4.65137804749 2.80442842329 3.17374295025 2.25368092493 1.73378648482 0.0 ;
1.68995319319 4.77807394219 2.04510447687 2.4722306018 0.0 0.922087890661 2.99773912398 ;
2.9840794107 4.49971148305 3.51589834776 4.06758881231 4.5119353719 2.53446006031 3.48197641896 ;
2.17296108547 4.70878135433 3.17231464395 4.46534752164 3.01574117564 3.8382788105 3.17463936883 ;
2.87133038975 4.71399927544 2.8467059791 3.36451106947 3.48216962649 1.19639874914 3.30988745197 ;
1.04497994882 4.75930227285 2.5882814699 2.08693569234 3.31983938621 1.00707586045 2.98306429274 ;
2.78756693537 4.8403794368 2.93448203365 3.04336408835 2.05268818507 0.896721623882 3.18646879996 ;
1.80498863392 4.75192341394 0.0 2.23549791911 2.66486402503 0.824157727488 2.50365009382 ;
2.11799380988 4.65137804749 2.80442842329 3.17374295025 2.25368092493 1.73378648482 0.0 ;
1.69061055895 4.76214574716 0.0 2.19215044395 2.01952658307 0.785753409408 2.62096938079 ;
2.93782531334 4.49249548862 3.48870421392 4.08286452238 4.44764231455 2.4507563374 3.46549132221 ;
1.81455935667 4.76859031968 2.61507805486 2.59581167992 1.20088694528e-05 0.98915344112 2.67200584071 ;
2.7384688707 4.79547637676 2.78625675723 2.92428009926 3.28093192574 1.80198356949 3.33520887651 ;
1.40667110727 4.65134326582 2.70289358329 2.57677917569 3.22776724193 1.68417384364 1.78943327893 ;
2.13445253371 4.70868632066 3.15203056198 4.46520237419 2.99621826524 3.83341922138 2.88206990105 ;
2.34283841384 4.75066188061 2.75216131469 2.86609624204 3.21647766216 5.45348767545e-06 3.23426189218 ;
3.10321328983 4.71492563979 2.99017389586 3.9676152887 2.66993362704 1.95812110547 2.5245234425 ;
2.84558697633 4.77577136012 2.85885595976 3.16786862586 3.08839482952 1.78823973104 3.25572427221 ;
1.79822758184 4.77452146515 2.65752568434 2.5814303317 0.0 1.01820555988 3.00937333652 ;
1.34480068662 4.72719127982 1.51913752345 2.3212490747 3.34858046375 1.8267622934 3.00671349285 ;
2.95079327771 4.50711836364 3.4855211015 4.08072843749 4.46326703074 2.45922732293 3.47680125836 ;
2.10122693497 4.67034394501 2.30077597176 2.95102945092 2.17876494665 1.5306903868 0.0 ;
2.23834598454 4.75318971934 2.3084341006 2.7814225126 3.10268082715 4.51130386036e-06 3.1817679019 ;
1.32687969005 4.78051375268 0.0 2.00969516483 0.0 0.655666102405 2.90530885278 ;
2.17976954073 4.6988530625 3.15879972143 4.44228801092 3.00454698688 3.83155798525 3.15839872901 ;
2.13445253371 4.70868632066 3.15203056198 4.46520237419 2.99621826524 3.83341922138 2.88206990105 ;
1.4082891249 4.64954744113 2.70299792963 2.57052512196 3.22852997299 1.68969805413 1.79173052952 ;
3.09627244705 4.7153601998 2.99086024698 3.97094126047 2.66178725931 1.95260962827 2.51407300264 ;
1.69061055895 4.76214574716 0.0 2.19215044395 2.01952658307 0.785753409408 2.62096938079 ;
2.34283841384 4.75066188061 2.75216131469 2.86609624204 3.21647766216 5.45348767545e-06 3.23426189218 ;
2.93782531334 4.49249548862 3.48870421392 4.08286452238 4.44764231455 2.4507563374 3.46549132221 ;
2.74063903142 4.79611270541 2.78638551458 2.92855757686 3.28198801651 1.80121690455 3.3358185237 ;
1.81455935667 4.76859031968 2.61507805486 2.59581167992 1.20088694528e-05 0.98915344112 2.67200584071 ;
2.1768412267 4.71417858758 3.16949219417 4.4711325292 3.03967378423 3.83736979546 3.17167154709 ;
1.4129989189 4.7678600802 2.52321701128 2.20074948801 3.27800576235 1.00507336908 3.01691420188 ;
2.70646800686 4.67893973032 2.87688249712 3.91060312779 0.0 1.61908952906 2.93120499812 ;
2.87906694876 4.53291657509 3.46421916872 3.81675497031 4.71673834304 2.41405738626 3.47716100098 ;
1.36849361735 4.81382449495 1.79333421251 2.01851012992 0.0 0.687367717166 3.02142172694 ;
2.11799380988 4.65137804749 2.80442842329 3.17374295025 2.25368092493 1.73378648482 0.0 ;
1.80043187279 4.74770092105 0.0 2.23078701526 2.64497698007 0.837882647048 2.50471059496 ;
2.92456304031 4.68229764133 3.02853934458 3.56240712745 3.35288605688 1.39935196546 3.33329376096 ;
2.93862076603 4.49204118631 3.49002662572 4.08269488902 4.44979621686 2.45142085041 3.46672845586 ;
1.69061055895 4.76214574716 0.0 2.19215044395 2.01952658307 0.785753409408 2.62096938079 ;
2.74372491645 4.79596013597 2.78912596 2.93717280353 3.28498034768 1.80124364493 3.33571613726 ;
1.37887293615 4.64951618388 2.69661149335 2.54483236828 3.21527355572 1.660788693 1.81558501298 ;
3.07787970629 4.71166917444 2.99206597909 3.97524996774 2.69633537933 2.03360260459 2.44097202174 ;
1.81455935667 4.76859031968 2.61507805486 2.59581167992 1.20088694528e-05 0.98915344112 2.67200584071 ;
2.34283841384 4.75066188061 2.75216131469 2.86609624204 3.21647766216 5.45348767545e-06 3.23426189218 ;
2.13048240166 4.70838440903 3.15224500862 4.46643683355 2.99523602029 3.83128007546 2.88628713183 ;
2.89535270011 4.52653522184 3.46608291659 3.79967974136 4.73580342165 2.39208591259 3.48546872759 ;
1.80498863392 4.75192341394 0.0 2.23549791911 2.66486402503 0.824157727488 2.50365009382 ;
2.1391520353 4.77216829781 2.67150027513 2.50732773428 3.34731622224 1.78297844373 3.19087735754 ;
2.13461710307 4.70200148295 3.14426991226 4.45934522248 2.99209802692 3.83767144356 3.14268692658 ;
2.33704753639 4.75009353412 2.7476848792 2.86861821141 3.21172829883 5.38674918991e-06 3.21311552647 ;
1.68995319319 4.77807394219 2.04510447687 2.4722306018 0.0 0.922087890661 2.99773912398 ;
2.11799380988 4.65137804749 2.80442842329 3.17374295025 2.25368092493 1.73378648482 0.0 ;
3.05911120057 4.60752860951 3.2756687969 4.26610653595 3.42890136042 2.30318858944 3.34242854466 ;
2.10122693497 4.67034394501 2.30077597176 2.95102945092 2.17876494665 1.5306903868 0.0 ;
2.95735124557 4.50658072544 3.4867854094 4.08546504022 4.46389429521 2.45749707555 3.47887994953 ;
1.79084585715 4.77353824764 2.62262567466 2.58963007626 0.0 0.994526360813 3.00045838591 ;
2.33821376723 4.75122752316 2.74806781144 2.86594761774 3.21480970949 5.41515032799e-06 3.22442534281 ;
1.00593766859 4.72146185216 2.70548228964 2.24445700594 3.52137562958 1.86129097106 2.90452366187 ;
2.17678437478 4.70095054873 3.15102867442 4.44728276291 3.00615097846 3.83091651337 3.15860799987 ;
1.64273766421 4.76288559697 0.0 2.22920170473 2.04575337016 0.811958910046 2.99661320084 ;
2.84568384109 4.769173609 2.8113328352 3.18798281904 3.10303470331 1.80606779487 3.27067860015 ;
2.10122693497 4.67034394501 2.30077597176 2.95102945092 2.17876494665 1.5306903868 0.0 ;
2.86683386514 4.5296166474 3.46468026053 3.81548712973 4.72406111603 2.38880110433 3.48228205633 ;
2.1890662121 4.71043615233 3.16857476707 4.46065815907 3.04053687216 3.83454961244 3.17071967223 ;
1.79822758184 4.77452146515 2.65752568434 2.5814303317 0.0 1.01820555988 3.00937333652 ;
1.32687969005 4.78051375268 0.0 2.00969516483 0.0 0.655666102405 2.90530885278 ;
2.23702715937 4.75249448316 2.30961042073 2.7834497104 3.10343793875 4.50470838688e-06 3.17845656482 ;
1.43142819768 4.73940801963 1.60542943931 2.27020260367 3.33385510149 1.79723073196 2.99927915647 ;
2.93313994996 4.67178008714 3.07233867953 3.6208148655 3.37683321975 2.04325856027 3.33103947156 ;
2.92519446264 4.68393973402 3.03034566118 3.56254866902 3.35896135991 1.40153803766 3.33337065454 ;
2.11799380988 4.65137804749 2.80442842329 3.17374295025 2.25368092493 1.73378648482 0.0 ;
2.87701514743 4.53161018816 3.46464436924 3.81625988763 4.71813716401 2.41476084827 3.47685609853 ;
1.41061814318 4.76648733605 2.52274656025 2.20169647645 3.28846732686 1.00557314832 3.01983976863 ;
2.17399916439 4.71252325288 3.16459493503 4.46985254179 3.03885745055 3.83800955406 3.16761424889 ;
1.79822837687 4.74937976106 0.0 2.22712526773 2.65488326089 0.827080039634 2.50442328753 ;
2.56313651976 4.51017187143 2.79352198509 3.58341433646 0.279743790577 2.14170083926 2.79863995838 ;
1.68678275851 4.78417788459 2.04517194069 2.46893854724 0.0 0.905623851604 3.00558114557 ;
1.80043187279 4.74770092105 0.0 2.23078701526 2.64497698007 0.837882647048 2.50471059496 ;
2.92456304031 4.68229764133 3.02853934458 3.56240712745 3.35288605688 1.39935196546 3.33329376096 ;
2.1768412267 4.71417858758 3.16949219417 4.4711325292 3.03967378423 3.83736979546 3.17167154709 ;
2.70646800686 4.67893973032 2.87688249712 3.91060312779 0.0 1.61908952906 2.93120499812 ;
2.87906694876 4.53291657509 3.46421916872 3.81675497031 4.71673834304 2.41405738626 3.47716100098 ;
1.36849361735 4.81382449495 1.79333421251 2.01851012992 0.0 0.687367717166 3.02142172694 ;
1.4129989189 4.7678600802 2.52321701128 2.20074948801 3.27800576235 1.00507336908 3.01691420188 ;
2.11799380988 4.65137804749 2.80442842329 3.17374295025 2.25368092493 1.73378648482 0.0 ;
2.17652383825 4.70517393285 3.15724909785 4.45643403813 3.02076945544 3.83402242993 3.16187349612 ;
2.96947164089 4.66523085707 3.13391704202 3.72675391289 3.38346216384 2.08857944315 3.35849942148 ;
1.80498863392 4.75192341394 0.0 2.23549791911 2.66486402503 0.824157727488 2.50365009382 ;
2.11799380988 4.65137804749 2.80442842329 3.17374295025 2.25368092493 1.73378648482 0.0 ;
1.60388832295 4.74614286207 2.52759600326 2.37210335848 3.45486305487 1.79093805156 3.00434020818 ;
1.68995319319 4.77807394219 2.04510447687 2.4722306018 0.0 0.922087890661 2.99773912398 ;
2.33913170382 4.75067913863 2.74678794958 2.86739610657 3.21229451795 5.40565006426e-06 3.22076946883 ;
2.87191308011 4.52680908828 3.46275816887 3.81031279505 4.72337649035 2.39220469642 3.4772735472 ;
3.03557798501 4.45994194025 3.58275095675 4.04262813314 4.50824381956 2.57681687784 3.49317269627 ;
2.49139586835 4.74792007289 2.77197935802 3.23901262961 0.0 1.22018157956 3.02016410848 ;
0.910840972511 4.76262354626 1.90741161393 1.93783684294 3.16401979201 0.93409174207 2.96637772857 ;
2.15576062817 4.71211932093 3.17014234731 4.47591058523 3.01213954681 3.84122872736 3.16088629571 ;
2.10122693497 4.67034394501 2.30077597176 2.95102945092 2.17876494665 1.5306903868 0.0 ;
2.6718953411 4.79892907911 2.18939928916 2.52512672055 3.13255594659 1.04435361915 3.28651855923 ;
2.90363562827 4.68208642585 3.03642029423 4.0228622006 3.43518904114 1.37664809741 3.26593174552 ;
0.968143341441 4.79925226261 1.34310637595 1.76145475532 0.0 0.646656919639 2.94139847982 ;
