1.87394851139 4.75020666308 2.27026551175 2.09934227465 3.25412269539 0.823642413329 3.0480453627 ;
2.23951545814 4.75427756524 3.16333933491 4.43940904173 2.77721886695 3.66087074364 2.8692534804 ;
2.75678596119 4.62382542009 3.17569050149 3.69604451601 4.38745312311 1.83971432849 3.43105030435 ;
1.42878993438 4.75740781639 1.85864586716 2.10222626733 0.649107825918 0.689713009449 2.78098601759 ;
2.00918473908 4.74153292075 2.28015122278 2.25499813188 3.28492758721 0.895526203394 3.04835806451 ;
2.2094235056 4.75617954949 3.17468932303 4.47228302455 2.79546523081 3.77296288719 2.87278331205 ;
1.3466794325 4.76560247497 1.92256502781 2.05506026923 0.70860126908 0.660493054444 2.80460237559 ;
2.77688920511 4.61930717033 3.22079182122 3.75521125114 4.3818519515 1.90399630463 3.42312013748 ;
2.21174390099 4.7572678678 3.17667211907 4.47620064429 2.81339876579 3.79982515038 2.87895388487 ;
1.78279904454 4.75102148915 2.0460972741 1.88561435349 3.17109153507 0.76427628267 3.00842724202 ;
2.74153807932 4.63673259948 3.14826966036 3.6789869682 4.22707325696 1.80817389414 3.36164303518 ;
1.48188145809 4.75420312324 2.14642817561 2.40304863834 0.489221295498 0.764418552282 2.83029556036 ;
1.75124043125 4.75313732402 2.07984700834 1.85402956898 3.13235342824 0.680158673512 2.97593386699 ;
2.22063961007 4.75967826662 3.17891968814 4.47815695553 2.83018707272 3.79219281136 2.87107439724 ;
1.54830025904 4.75247508754 2.09911577399 2.47029912788 0.499882329622 0.855889748788 2.83798815284 ;
2.70893204786 4.63584546514 3.12391964522 3.63269799238 4.24455976992 1.82263330055 3.38752952339 ;
1.98716116255 4.74386772485 2.2161843761 2.16736976234 3.2986656545 0.863290761326 3.05025253491 ;
2.21436746306 4.75503585282 3.17039864697 4.46534540476 2.80158368719 3.74616195311 2.85845341828 ;
2.77826578301 4.61968253142 3.21789040258 3.74806643257 4.37259098122 1.89894193827 3.43165822913 ;
1.35442776606 4.76429979839 2.00199007874 2.15239101196 0.666650563314 0.692312339249 2.80902572384 ;
2.72837654865 4.65344331734 3.09131704379 3.52072591946 4.06922449743 1.69894455134 3.31989583693 ;
1.61490331967 4.74094026293 1.76643983305 1.70909516228 3.27778376448 0.73128650333 3.02774512162 ;
1.47839972914 4.76335844352 2.24875385505 2.3627434411 0.704296407346 0.733035136402 2.81865292414 ;
2.20993497054 4.75759749682 3.18106581493 4.48308400206 2.82928002022 3.82011125529 2.87649741567 ;
1.36602716981 4.76629403814 1.83800677442 1.90679307933 1.09344961585 0.688410950746 2.81570533283 ;
2.43663590233 4.73279352616 2.6324342553 3.04122751837 3.27105215509 0.597762918971 3.06882679952 ;
2.21163855362 4.75554694323 3.17639024582 4.47400866287 2.7879114416 3.79522489509 2.87176164792 ;
2.43051788363 4.6274304532 2.99471993131 3.14310043542 4.4198931673 2.17531998464 3.42043958052 ;
2.20759348644 4.75729170754 3.17489617311 4.47494432462 2.80968332033 3.79096825477 2.87801022157 ;
1.67851045535 4.75493535159 2.0694216547 1.88533806276 3.15279835889 0.656044540585 3.01474361774 ;
1.54254304933 4.75370892753 2.0550027404 2.35196527355 0.460269167399 0.808457831455 2.7959604336 ;
2.73976355566 4.64023880315 3.11363275831 3.60129783578 4.17777330892 1.81092427002 3.35435009629 ;
2.40529111283 4.70275575304 3.22622096432 4.26899348504 3.43808800324 3.34009218147 3.09161774973 ;
1.56400200078 4.75034281721 2.10892926052 1.57863244558 3.51076579153 1.06819588245 3.15211213771 ;
2.65932722689 4.69331244582 2.81430531334 3.36634844429 3.47781975468 0.896442649824 3.12418362446 ;
1.44701189474 4.75803978261 1.9583719095 2.26057082502 0.645538237673 0.765886199307 2.75827482435 ;
1.56614510232 4.76295497369 2.26249406994 2.43582885275 0.806217813842 0.729884512638 2.84741687068 ;
2.74956240532 4.64342693484 3.13273075575 3.58483345359 4.19597029111 1.7691862755 3.35453834661 ;
2.21174390099 4.7572678678 3.17667211907 4.47620064429 2.81339876579 3.79982515038 2.87895388487 ;
1.66279456066 4.74187523237 1.84371344325 1.74364514192 3.31236494832 0.765873724037 3.00486351511 ;
2.67596877763 4.73782705912 2.61211258295 3.08310008805 3.10871488674 0.702256072364 3.04475073735 ;
2.43620521593 4.69053676113 3.22311153528 4.22794728729 3.49847565601 3.22135693004 3.10598542878 ;
1.33838164483 4.75695031239 1.88931426255 2.07976176462 0.750947525344 0.699215176753 2.79736499451 ;
1.43321617852 4.72992160778 2.2809250928 1.74903644172 3.92334256429 1.26435544712 3.21257377448 ;
1.76161758923 4.75060100545 2.04469145918 1.94932338571 3.04851994677 0.70670496668 2.97796666763 ;
2.21359821449 4.7567806969 3.17017578115 4.46922831799 2.80280797836 3.75840966148 2.86261394566 ;
2.7281906563 4.63958540226 3.13104294496 3.60343695864 4.24153338158 1.81159698655 3.3854827607 ;
1.43802199942 4.75638204323 2.10686362133 2.32332174123 0.315363567377 0.769322262849 2.83159521928 ;
1.6904790626 4.75213090613 2.03210434023 1.83788621699 3.13771711103 0.732150221339 2.99228364555 ;
1.56207285814 4.74970667341 2.15965515443 2.50208608928 0.476964888993 0.813459711417 2.8263300465 ;
2.75408929462 4.63861969194 3.13278557689 3.63705633038 4.21925333049 1.80144074824 3.37157599426 ;
2.21808793857 4.75954551975 3.17897365348 4.47910248957 2.83104422107 3.79721858882 2.87714432197 ;
1.29315821272 4.75654147612 1.72429820188 1.5371048827 1.86831346971 0.522479478915 2.82744841993 ;
2.55721545812 4.66343193801 2.92402706971 3.20283948723 4.1706652462 1.57169598456 3.32126377756 ;
2.07040803874 4.74779686452 2.65477044524 3.46545292067 1.05516081829 1.31172224712 2.90827679031 ;
2.22840860719 4.76004925599 3.19194269304 4.49538522683 2.91633552481 3.85824081269 2.88750843247 ;
2.21174390099 4.7572678678 3.17667211907 4.47620064429 2.81339876579 3.79982515038 2.87895388487 ;
1.50174661247 4.75554633705 2.12608873665 2.47195307038 0.610253401377 0.771365375867 2.82971583345 ;
1.77744896071 4.75210204394 2.05697913239 1.80476750352 3.21587503907 0.744628980373 3.00747175443 ;
2.73680285222 4.63615809849 3.13417423341 3.66161773679 4.2260165983 1.80870797804 3.36692346638 ;
1.34382488763 4.76291106027 1.9758261461 2.1818242962 0.668189281074 0.68009528993 2.80746671188 ;
2.76978458845 4.6220372782 3.18748183119 3.75093677629 4.35969720159 1.83059224188 3.4279338814 ;
2.22536610259 4.75407880244 3.16338788244 4.44355622806 2.77908617181 3.68806295817 2.86202730274 ;
1.95434066867 4.74725114441 2.20581871447 2.03998636057 3.3000864796 0.86824077162 3.04401288246 ;
2.75320563723 4.63538952716 3.15066296622 3.72733072187 4.19984712828 1.81067267982 3.35819070196 ;
1.39326618143 4.76471293302 2.01499711265 2.26614436252 0.564223814111 0.717056173167 2.82957437806 ;
2.19924672166 4.75630897083 3.17465692131 4.47562794735 2.81143254046 3.80138441016 2.86918668853 ;
1.86613840183 4.74471292994 2.14805179859 1.9397525327 3.25394013778 0.813331862655 3.03322974153 ;
0.11149471934 4.70058189683 2.83208438252 3.62028629335 2.89997053591 2.44483785801 2.76110454155 ;
1.51715520862 4.76659263831 1.92854937978 1.93570534291 1.38698777131 0.624091638533 2.83562338339 ;
2.46289364727 4.75918924378 3.19011612693 4.46271153516 2.77234990155 3.73619994924 2.92097844397 ;
2.62232570079 4.66708401563 2.86629974957 3.18651131843 4.06651801253 1.50268590492 3.30721359188 ;
2.43313138974 4.69679990927 3.21966484917 4.23527846095 3.47208910097 3.23399380562 3.09432117365 ;
1.49820590047 4.76043710432 2.07021810621 2.28964022563 0.33502142052 0.776456966005 2.84533197527 ;
1.10193285928 4.7345018006 1.74797369445 1.5353793017 3.19008543077 1.03430426484 2.9251143399 ;
2.56312377712 4.7253301034 2.70309840006 2.93275456128 3.43093609227 0.797786896036 3.15545667142 ;
2.22775415406 4.75694211801 3.17147784113 4.46341577516 2.785264911 3.72918205391 2.87830250097 ;
2.00358938238 4.74327604313 2.35167099973 2.32567026635 3.32565949344 0.890345794624 3.06835779957 ;
2.78353147249 4.60736548479 3.24100569912 3.75729342739 4.466399776 1.97570228062 3.44940554418 ;
1.40565689896 4.76215956509 1.86773959771 2.04551485795 0.729733424302 0.66419560486 2.78320914981 ;
1.55179752686 4.7263841651 1.74979770363 1.69155408605 3.52814441374 0.8117397269 3.04891017459 ;
2.75491601677 4.64278693695 3.12922170896 3.56460898135 4.22013590492 1.77559079058 3.36388423067 ;
1.65970408957 4.77256657486 2.26066795954 2.37090688136 1.07940165371 0.688109988849 2.84441488944 ;
2.20789303947 4.75467666048 3.17332213425 4.47117165098 2.80069325248 3.78429862964 2.87203162738 ;
1.87711340273 4.74853800867 2.14930367364 2.11360244974 3.16679981244 0.771009688914 2.98302817768 ;
2.22244086163 4.75285357344 3.16253884508 4.44204540752 2.76696012133 3.68969820768 2.87237633147 ;
1.36144555733 4.76709957225 1.99256111662 2.08304027979 0.487699636431 0.686591222999 2.84737833896 ;
2.74893369113 4.6272630919 3.1661458877 3.65979504557 4.34790458373 1.85849275742 3.41599990693 ;
1.87493678206 4.75250869334 2.67434816993 3.12433299529 0.549285946039 1.13802511805 2.76442906419 ;
2.46215596475 4.69270598785 3.20229757028 4.20446797911 3.5502238683 3.13210090084 3.11633751859 ;
1.05244562211 4.75157100146 1.13673784984 1.22278802486 1.30801945517 0.598686566832 2.76155823185 ;
2.12262076472 4.73464360328 2.49776521744 2.45290263377 3.55358311815 0.834173266844 3.15857042178 ;
2.35390763154 4.72897812892 2.48244887751 2.51922187933 3.55735307377 0.820358242425 3.16837743532 ;
2.62819672735 4.69589939796 3.23143768001 4.22210177658 3.53781077208 3.15306509495 3.15673015817 ;
1.4464119982 4.77100105781 1.86629612702 1.92914635866 0.77756928715 0.617704672448 2.83682403587 ;
0.507757669675 4.68899320152 2.65073530604 3.44461574739 2.62627528094 2.36648641266 2.57782489246 ;
2.77632058125 4.63573909013 3.1404401311 3.63094062286 4.25634970625 1.81648567724 3.39156917935 ;
1.64843570197 4.75484132448 2.07425850199 2.41322633737 0.816787579854 0.764142407642 2.78583062457 ;
2.21075955358 4.7556188236 3.17235727322 4.46369614466 2.81129211261 3.75351340827 2.86436957083 ;
1.64158279359 4.7512146902 2.09251283541 1.80406827837 3.36502911578 0.734469923211 3.07238990667 ;
1.68561175257 4.7602783299 2.12674568738 2.42721358841 0.951583347773 0.746118439639 2.83532714471 ;
2.21174390099 4.7572678678 3.17667211907 4.47620064429 2.81339876579 3.79982515038 2.87895388487 ;
2.77261075576 4.6400795219 3.11851861475 3.59974416731 4.19814606956 1.78132737307 3.35473622506 ;
1.51813401833 4.7458291282 2.00367943444 1.68470511419 3.45571621217 0.752182783024 3.04501579447 ;
1.78441426695 4.74763464185 2.1492107139 2.10424691648 3.09518363753 0.751553147161 2.96969787647 ;
2.76546389284 4.63295837164 3.16489609319 3.64985084055 4.30507659439 1.85975376028 3.41840744233 ;
1.47183917512 4.76029373101 1.99624046372 2.17244355575 0.317563884788 0.754059337382 2.86089790466 ;
2.21363051139 4.755365282 3.17044691765 4.46644801125 2.80273210886 3.75405092413 2.85692787052 ;
2.20813278034 4.75622604689 3.17466936199 4.47223716374 2.79699480383 3.78884957783 2.87062216362 ;
1.79540778859 4.74990888125 2.2007006504 2.05359448961 3.09984487133 0.767521674282 2.99500297798 ;
1.43508154658 4.76059803936 1.90203543263 2.14472995368 0.346162468038 0.74656128138 2.84111826266 ;
2.75259186747 4.63365164056 3.14002517092 3.69534438297 4.24592806864 1.82504737069 3.37354342198 ;
1.88097272895 4.74499122412 2.44135454647 3.07025698285 0.917623853554 0.97524713391 2.78498988885 ;
2.21841817347 4.76044160007 3.18556081898 4.49048849678 2.86529105849 3.83127977744 2.89474217573 ;
1.45282233312 4.75473008848 1.81887320953 1.54207694964 2.68334143677 0.595343478801 2.95598054884 ;
2.69550905589 4.64692493023 3.07431853367 3.45117230708 4.24794789444 1.75968440299 3.37860025229 ;
2.22007558776 4.75728432832 3.17895422358 4.47977745455 2.81439187377 3.8032100944 2.87745996798 ;
1.39199483463 4.76370966283 1.93118346921 2.00723041902 0.852224463426 0.716649914056 2.80100494667 ;
2.16088029661 4.73329344208 2.39113105988 2.58863040076 3.34723778254 0.68014381991 3.06696499069 ;
2.63586276381 4.62345848708 3.15846927592 3.50936922175 4.41415464718 2.17943589924 3.42967806966 ;
2.09919612641 4.64881985748 2.99501179571 3.96408332011 2.72598661461 3.07819638473 0.053260155344 ;
2.47182411643 4.66764775313 2.861000754 3.10268221686 4.12033183633 1.52548578972 3.35180941782 ;
1.52911488205 4.76443566045 1.98767273314 2.10754874514 1.35459246844 0.645160152379 2.87923304456 ;
2.24710459313 4.7661477662 3.16701307327 4.48953530468 2.79122515188 3.74857730941 3.16743556211 ;
1.54652264288 4.76058448906 2.01445608463 2.36519986312 0.421667842243 0.777968627745 2.84718285274 ;
2.20825360256 4.75733120487 3.18005464942 4.48046240459 2.82043686904 3.81438311018 2.86962836852 ;
1.62267547163 4.75161900729 2.06753013925 1.78935024575 3.13420648533 0.673011403471 2.9849618511 ;
2.71884869379 4.64601778504 3.07874905831 3.59025902994 4.09703768806 1.75609453514 3.33395557669 ;
1.76497850649 4.75096329885 2.11144968679 2.06172507463 3.03614166873 0.725403846884 2.96703908382 ;
2.75209393191 4.63364987295 3.15914768226 3.63881126244 4.30688476538 1.84594060463 3.41619334554 ;
2.21617441678 4.7555103025 3.17131062095 4.46127717204 2.80059282357 3.74053056743 2.86131591949 ;
1.48480710025 4.75456883209 2.03890497624 2.23269218246 0.211055649022 0.794460008098 2.84663289459 ;
1.39289990836 4.76121756699 2.01704321573 2.19160581788 0.804777603806 0.664638324564 2.83122091032 ;
2.22547398591 4.7538449167 3.16599273384 4.45087104185 2.78497054965 3.70323394457 2.85938927108 ;
2.78568589727 4.6170663725 3.21900937065 3.77956462834 4.38332001715 1.87034967011 3.43579198986 ;
1.99082020253 4.74612320929 2.21590427165 2.09195546954 3.41622962161 0.913246626218 3.05663084667 ;
2.75192898134 4.62264905915 3.19040398836 3.62067398608 4.3825936709 2.08057639518 3.4327996902 ;
1.39521720763 4.76298246183 1.93639046275 2.06727754672 0.875874740698 0.724743773674 2.81179066698 ;
2.2295056757 4.75651027424 3.16895105188 4.45709579257 2.78192808976 3.71428460372 2.87072135116 ;
2.04440977194 4.73477489279 2.32881299171 2.36627320552 3.44764481807 0.692022041395 3.07283977021 ;
1.37526358078 4.76781786819 1.8396964722 1.95104009908 0.905126226836 0.682194417194 2.81242876975 ;
2.77163386646 4.62363935595 3.20372333191 3.63924989754 4.40834037808 2.0991653798 3.44202436878 ;
2.21619883714 4.75239012262 3.16494178002 4.45460890924 2.74150909922 3.70609179587 2.85838567947 ;
2.05258510733 4.73285819274 2.3985578342 2.45018117919 3.39764965073 0.73380237947 3.07838582019 ;
2.3773230128 4.65141263448 2.79839557917 2.910987603 4.26115564476 1.53734469733 3.3553083128 ;
2.52561142226 4.75788460758 2.74815023256 3.58562401471 2.1896396243 1.12986993722 2.85411504173 ;
1.24682295476 4.77019811 1.80129697997 1.7666685889 1.13150204712 0.56546752128 2.83071845341 ;
2.23583724425 4.75560632803 3.19467287619 4.48591315659 2.87998014321 3.84131300616 2.88891940789 ;
2.23645193797 4.69654476954 2.56002501043 2.59713364875 3.80851957308 1.01745010346 3.22298351476 ;
2.44910893262 4.71701429379 3.2044365596 4.27704010649 3.3675058266 3.20522295493 3.28067745807 ;
1.4376617692 4.76939904492 1.94416642528 2.05023221221 1.0140871197 0.652635267988 2.89839813062 ;
2.07544012588 4.64357231426 2.95433699067 3.91222628099 2.68837712959 2.97217431001 0.0771778927559 ;
2.09310732424 4.75734028049 2.63861404624 3.31104631623 1.24037951384 1.14672315903 2.86775931915 ;
1.29058807864 4.75187009838 1.64010720567 1.48160215922 2.0380181266 0.544042509607 2.84215770301 ;
2.22827722882 4.76056199604 3.18983381726 4.49549153876 2.87719731103 3.85475526338 2.89065699558 ;
2.57071294844 4.65560133876 2.98153298763 3.24185440833 4.23728070072 1.61145838459 3.35674059473 ;
2.78420618418 4.62604056089 3.18995956517 3.80645571898 4.23555832152 1.78832442169 3.35952225947 ;
1.49741914189 4.75910439841 2.05620315813 2.26035546964 0.982621845065 0.665581546168 2.79600553125 ;
2.20646314639 4.7565810335 3.17637914572 4.47733381772 2.81827841283 3.81198291009 2.87684859184 ;
1.92342033052 4.74611212182 2.18834881171 1.93361463579 3.58924288468 1.01409502221 3.14311036101 ;
2.21481743304 4.7561215006 3.17026233157 4.46752128616 2.78798157393 3.75538309207 2.86956833835 ;
2.00810367551 4.74377640924 2.29852229498 2.24834799379 3.30301285855 0.838515740893 3.06057321409 ;
1.34141243447 4.7636738965 1.89150927802 2.03276814873 0.771771733806 0.684157483978 2.79773871409 ;
2.76664960729 4.62175007231 3.20034844618 3.72048209376 4.3588458205 1.91234539807 3.41453951804 ;
2.10323533137 4.649937542 2.99476380947 3.96424748441 2.69298655341 3.03155704557 0.0524531832933 ;
2.60987632012 4.65415373989 3.0183835876 3.3211049087 4.22236533467 1.6578290961 3.39059290332 ;
2.24722283883 4.76513243697 3.15967869639 4.46473826588 2.71892141994 3.6569373915 3.16147714626 ;
1.54799511043 4.75963956243 1.96073448698 2.00876403455 1.80810350783 0.640019974087 2.93275294229 ;
2.20641151298 4.75345738843 3.17262277476 4.46541075685 2.80053099108 3.76701208544 2.85427780025 ;
1.37580323352 4.75817944102 2.32917034967 1.56208179235 3.04836742892 0.655611853068 2.9861691903 ;
1.81366554646 4.75264695577 1.76753876313 2.57480437704 0.966720765913 0.773779082113 2.8533238486 ;
2.73434604913 4.6462452368 3.07831502241 3.5291641815 4.19649874732 1.75200005722 3.37066186599 ;
2.34945492305 4.75555251401 2.35266093218 2.79087956742 2.73475163464 0.681783845976 2.95511516941 ;
2.20674097817 4.7554479344 3.17987187051 4.48074183588 2.80981029345 3.81057341744 2.89156024503 ;
1.08470950366 4.75810310868 1.80506259953 1.65333668147 1.14276544085 0.70695339109 2.81581557263 ;
2.55739493216 4.63132540845 3.10640262068 3.36656890296 4.39770667491 1.9094988655 3.42067997366 ;
2.20988301598 4.75715727897 3.17274624896 4.47286107509 2.80361044186 3.778197949 2.87140376105 ;
1.38572835732 4.76131711225 2.03395520061 2.15713910033 0.425405984564 0.738522303947 2.83183497006 ;
2.74104770857 4.63044609902 3.15973329177 3.67766981611 4.29760431495 1.85499002091 3.39529274044 ;
1.87006823119 4.7481422788 2.14260356884 2.09591565055 3.12965794493 0.770871087746 2.99459876069 ;
1.80771824522 4.75197524097 2.06150085669 1.81577458314 3.22648394108 0.813921720124 3.00993653093 ;
2.21485105145 4.75557915462 3.1740802779 4.4613959871 2.80952208981 3.75662845437 2.86624233691 ;
2.75202400497 4.63113429944 3.15446279474 3.70590804167 4.28896856878 1.80398177427 3.39584131803 ;
1.50551161921 4.75499234078 2.15442975543 2.49026846014 0.620254551351 0.738443448827 2.83947752452 ;
2.208367566 4.75262633318 3.17081473317 4.45950021352 2.75629828746 3.73360045771 2.85763825175 ;
1.35291142749 4.76562978385 1.85005703582 1.91377008823 1.20372731485 0.727269609296 2.83885755522 ;
2.30142084953 4.72617676666 2.52327219037 2.65594879658 3.45393988668 0.643631999135 3.1041182664 ;
2.6644132822 4.6244999444 3.17041289293 3.58770449059 4.41824939971 2.19971426578 3.43617127384 ;
1.33586147005 4.7661891464 1.90727053103 1.98962475126 0.76265619818 0.701734417612 2.82214764909 ;
2.21110251338 4.75656658052 3.1754639384 4.47164596006 2.79631322224 3.76907735326 2.87336907164 ;
2.07872205039 4.74060423088 2.32401078418 2.40547006756 3.26900208691 0.814889300063 3.03598714401 ;
2.74018000306 4.61464802747 3.21787060718 3.67854819109 4.4511103272 2.00669254711 3.44210247118 ;
2.74284638291 4.64471861167 3.10178500179 3.58207485388 4.13102925118 1.77632947785 3.34105933499 ;
1.54950630813 4.75342001285 2.10459459442 2.36089571359 0.312871000658 0.809703959546 2.82614392645 ;
2.20189225385 4.7574304101 3.18094390311 4.48382386966 2.82779071784 3.82153221297 2.87346809774 ;
1.62809524478 4.75460590727 2.01817464434 1.8844757007 3.06066601947 0.671168024251 2.98787707669 ;
2.03176525556 4.73749080549 2.34474585378 2.2599766165 3.58504065486 0.881191262287 3.11441130529 ;
2.22945517036 4.74736554833 3.13419065558 4.4100624471 2.67975910419 3.54450655565 2.84421037687 ;
2.81288819295 4.60998569526 3.26784364289 3.79619107444 4.50610009128 2.08993176116 3.46722169004 ;
1.43208110885 4.76941386984 1.92351713982 2.05078752209 0.967645073711 0.616006448811 2.83062183839 ;
1.6888797416 4.75103645756 2.07765141454 1.9339153795 3.10852491124 0.736643872874 2.96751205369 ;
2.20590407406 4.75756163416 3.17608111949 4.47502931222 2.81533911378 3.79558406406 2.8732031819 ;
1.51146612025 4.75941418002 2.04403830368 2.28088311874 0.307038597228 0.745601188361 2.86913166328 ;
2.75371433831 4.63917315547 3.12329740244 3.63856245166 4.16046090747 1.78821015971 3.35838378148 ;
2.53435674832 4.66810180364 2.91151109643 3.23764281944 4.05699782497 1.52429683274 3.30273887376 ;
2.01002613011 4.7447050193 2.687993343 3.4623479796 0.467706808984 1.52115960154 2.86765408592 ;
1.33579576596 4.75854939923 1.75055118973 1.60296155108 1.84993091045 0.552460280066 2.82598988924 ;
2.22852860379 4.76028675129 3.18555134344 4.48619708042 2.93656740059 3.82645237775 2.89224258293 ;
1.80825706913 4.74943757268 2.11135715344 2.04657849749 3.07720902194 0.778901760628 2.98692706164 ;
2.75620993807 4.63069867275 3.16552923179 3.69506011901 4.29791542087 1.83087647497 3.39939695856 ;
2.2125554277 4.75660707636 3.16928231449 4.46882408405 2.80066189702 3.75672630951 2.86281844345 ;
1.43490045845 4.75857767622 2.07881913239 2.21982369793 0.267405922456 0.763558494397 2.84721591497 ;
1.36501938361 4.76447364746 1.91238070178 2.05846996392 0.745874428438 0.652800261209 2.79481397406 ;
1.99538858938 4.74382136435 2.28378084567 2.22846373235 3.31991752132 0.892725171697 3.06858720437 ;
2.2295633129 4.75438277766 3.16836719207 4.4550673273 2.7856435683 3.71522330364 2.86031498046 ;
2.77236037162 4.61696739598 3.22147825521 3.75049188051 4.40962801006 1.89871934473 3.43858819701 ;
1.43827304546 4.76005786885 1.77739524618 1.40384554266 2.59394004821 0.646339240304 2.88352211399 ;
2.22946073331 4.76111886571 3.18454049694 4.48258482269 2.83840748903 3.80665489893 2.88875549407 ;
2.61463305826 4.65956276887 2.9984095161 3.35041566656 4.10949766892 1.60902968876 3.32983837199 ;
1.64857283706 4.74405495004 2.25346664827 2.90074258942 0.630037346031 0.84363777337 2.8363153164 ;
2.7339496226 4.6346418409 3.13888977796 3.59352919685 4.31131922067 1.84351922518 3.40683348482 ;
1.44742982282 4.75722569493 2.0260955089 2.15026666389 0.191792392033 0.78313778475 2.84700063724 ;
2.22712916847 4.75573325617 3.16799081707 4.45330003089 2.7810839031 3.71119888477 2.87042237286 ;
1.7564402354 4.75123759508 2.09897761466 2.08030661561 3.00090456557 0.689482135695 2.95714480171 ;
1.67838690324 4.74919132592 1.99291897572 1.68223270556 3.306481321 0.691292056163 3.01773872408 ;
2.21195926736 4.75749231193 3.17607325465 4.47577724519 2.81569906312 3.79326173094 2.88578551139 ;
1.57371034913 4.75817604787 2.14886342107 2.50000833487 0.808497239204 0.809142087158 2.82923231339 ;
2.74932258547 4.63958386915 3.12087482151 3.60591619735 4.21310702573 1.77978350505 3.35794140746 ;
2.74718006378 4.63828127506 3.12378387094 3.604615377 4.18776758001 1.82180554879 3.36696180639 ;
1.43839363533 4.75555288869 2.0233120158 2.1766641861 0.265942753438 0.774125414127 2.84664202811 ;
2.20855655893 4.75767045747 3.17584437624 4.47400761138 2.80142612622 3.78595553224 2.8722407954 ;
1.72477562011 4.75428118789 2.08305175744 2.02405001857 3.06005145474 0.685855346726 2.96814479768 ;
1.67731667456 4.75508918474 2.06352254309 1.96380808716 3.07038023143 0.691712017822 2.97489956331 ;
2.74397928066 4.63899144847 3.11925077362 3.60286510987 4.17875385331 1.80640051923 3.35937626511 ;
1.52070619076 4.75543925655 2.05175644822 2.26033094286 0.278011067661 0.770790582533 2.84477426507 ;
2.20742886213 4.75730705727 3.17501334841 4.47383998679 2.80646310964 3.78689510931 2.87198927968 ;
2.06401095308 4.76989456888 2.63639569461 2.97972182758 1.62295861606 0.848088280704 2.86476273864 ;
2.21061137107 4.75786302311 3.18499408207 4.48871063163 2.84018789904 3.83859875531 2.88878291859 ;
2.51367604007 4.65301276162 2.9853821665 3.1895337502 4.27220576487 1.61644477194 3.36688201604 ;
1.17627110455 4.74165441734 1.22930929592 1.30875249216 1.78231834239 0.6518348682 2.82001202646 ;
1.80099927924 4.75116988822 2.00848075864 1.97004121752 3.10594868821 0.583038613097 2.98361880587 ;
2.23132131943 4.75626268859 3.17177526151 4.46402188488 2.80794006554 3.73613698586 2.86961558277 ;
1.42448534605 4.75794342998 2.13457416487 2.32413547684 0.508752760695 0.837362114707 2.80514166523 ;
2.69578644191 4.6390892752 3.11689654147 3.52042395087 4.26050495789 1.84332110226 3.39738087308 ;
2.21653667884 4.75555138344 3.17574927955 4.47125607341 2.81561050615 3.78397788007 2.85951469916 ;
1.76123067463 4.74383797857 2.15586998457 1.77099870657 3.58470097457 0.847757183173 3.1142682939 ;
1.55950921886 4.75945051431 2.03508769417 2.32795908944 1.00833480166 0.705454566542 2.80235497899 ;
2.76451561445 4.63743954066 3.13834819741 3.67618331034 4.21423272804 1.79682663946 3.38060052636 ;
2.19226663159 4.75249901783 3.17104813035 4.46723085746 2.75081718219 3.75769051614 2.84998831231 ;
2.7140566033 4.62094592169 3.16681346541 3.67477146995 4.39859653366 1.87772039841 3.42096148768 ;
2.09825687006 4.75275620136 2.44083455607 2.43722235033 2.95596680281 0.849759978362 3.03639057483 ;
1.19648427678 4.76433188347 1.61632186337 1.68898822636 0.984813398482 0.626178900297 2.81119804911 ;
2.20227758894 4.75620357257 3.17830353058 4.48066017077 2.82124182603 3.82168311712 2.87382317081 ;
1.70573043716 4.75349216139 2.07130145064 1.74953200717 3.27019382576 0.72051141847 3.03955495929 ;
1.56387019996 4.75333352886 2.08476033802 2.4911307089 0.707698092837 0.783859693876 2.80356738802 ;
2.75202379906 4.64034715108 3.12952784242 3.64385395544 4.18642680373 1.80579008871 3.35920510777 ;
1.49281268358 4.75536271809 2.00296732036 2.24652426715 0.231368054278 0.784560770671 2.83755368929 ;
2.75548707502 4.63631222402 3.1456809556 3.63957405823 4.27167312751 1.81403215857 3.39454193495 ;
2.21591911658 4.75580264929 3.16867011718 4.45423115664 2.79503381794 3.72873665018 2.86339134185 ;
1.72996657823 4.75080013138 2.11040688158 2.00286330841 3.04998495285 0.724690106201 2.98009095666 ;
1.92767633409 4.74854927315 2.28882756712 2.05870374541 3.32364273053 0.883780690684 3.07092857806 ;
1.40926701745 4.76034562607 1.88386649303 2.16300781654 0.744569959282 0.681245062875 2.79463594827 ;
2.21735604961 4.75423324621 3.17013644553 4.4634718799 2.79071548522 3.74511203257 2.85870867367 ;
2.76613951833 4.62534192029 3.18034410341 3.7535702847 4.31985587787 1.82737266108 3.40730645411 ;
2.67283616604 4.67890503796 2.91967643919 3.80609651025 3.4164931471 1.14566602042 3.11894828144 ;
1.89309170938 4.74896187157 2.30046461786 1.89232742994 3.65636557276 1.10486479554 3.17764422406 ;
2.36774999869 4.70142784307 3.24230401939 4.29761058571 3.38409628351 3.47548873772 3.06891477961 ;
1.39292172591 4.76300298462 1.88131476441 1.99312291516 0.840764371129 0.63701707549 2.79244473702 ;
2.64142372123 4.65768316685 3.02101845726 3.33700959083 4.14920689102 1.63624769794 3.33755000003 ;
2.20432743565 4.75364378876 3.17217697508 4.46604497013 2.76749005372 3.76848032629 2.86830693444 ;
1.49055929077 4.77008520828 2.58806495774 2.11679815363 1.74281661042 0.632090113434 2.89902476978 ;
1.67474550671 4.72061856933 0.050787206525 1.87633187077 1.97328301055 0.847261893931 2.83656201723 ;
2.7332701089 4.6457942474 3.09575702408 3.56575327136 4.15253356254 1.75743952429 3.34339812417 ;
1.59943189765 4.75366163841 2.00844594892 1.8366414104 3.04933268121 0.68532150464 2.98562893519 ;
2.2132181062 4.75811910783 3.18001624905 4.48085012001 2.82028458853 3.81057253688 2.87674388683 ;
1.58520895905 4.75231278915 2.11243182225 2.42904508233 0.355430471432 0.798932054633 2.82141981259 ;
2.74637419582 4.6290260516 3.16306658679 3.66917174831 4.32986116432 1.86014365369 3.40383014868 ;
1.83188352264 4.74963221278 2.15909458316 2.10813663064 3.0921439466 0.758500772457 2.97951392395 ;
1.43620304813 4.75821339266 2.00039801371 2.15180639894 0.333655849749 0.760154967207 2.85348507099 ;
2.21346146619 4.75679166057 3.17039151112 4.46815735781 2.79939971224 3.75032046111 2.87114877582 ;
2.75281855992 4.63042956995 3.16718608234 3.71147111952 4.30104346226 1.83761500558 3.4139325361 ;
1.36971764329 4.76289632863 2.04300637874 2.25513919505 0.551593317049 0.715330800938 2.81357149024 ;
2.21569664661 4.75528878396 3.17183618127 4.46877079877 2.80697839035 3.76595073711 2.8603635934 ;
1.90319152357 4.74587704901 2.15046313117 2.01953949791 3.20783726718 0.820134902767 3.01575337816 ;
2.77956774968 4.61339337288 3.25385250346 3.73651292758 4.47724182892 2.04448721204 3.4433399187 ;
1.3438176253 4.76968599328 1.95476333371 2.00969924556 0.839106993199 0.648296059953 2.839262754 ;
2.22633950071 4.75146442275 3.14116386493 4.42523107904 2.69449748748 3.58868721469 2.86489027156 ;
2.04600448327 4.74009003903 2.26022489636 2.27220657406 3.42948170731 0.823389977933 3.0580724786 ;
1.510063821 4.7575135811 2.01603462244 2.208411452 0.269198595088 0.769403801643 2.84642471332 ;
2.76666808031 4.63311577533 3.16023349044 3.66584426025 4.28683294773 1.83656401618 3.38845961425 ;
1.75186591321 4.74947144832 2.13839406791 2.07269503893 3.07161550756 0.763902711205 2.97474188896 ;
2.21371182302 4.75664006066 3.1720619123 4.47353550619 2.80587318534 3.77777636573 2.88045460764 ;
2.21316285572 4.75626691976 3.17240527794 4.47039248938 2.79197720351 3.77287828726 2.8722345906 ;
2.75116456068 4.6240508734 3.19210485806 3.67278204088 4.3467190582 1.98558151212 3.42005284784 ;
1.35670638271 4.7628096193 1.94259971739 1.99876126452 0.789598467024 0.719224823761 2.8050457256 ;
2.0249051661 4.74167963723 2.28080421323 2.34024932207 3.32707087604 0.754061026534 3.04969735197 ;
2.00488492661 4.63784562376 2.93643957029 3.95339187617 2.70933872822 3.09003831139 0.165977976439 ;
2.12880140114 4.72482444659 2.44631243608 2.36005185669 3.76358079086 0.885705586996 3.20961303434 ;
2.49444395362 4.69918521232 3.2031461864 4.21471209538 3.49451268893 3.07922133837 3.29145508276 ;
1.48863530238 4.76431551662 2.00552611979 2.19583752585 0.999680053348 0.694565645905 2.88993205569 ;
1.77438964268 4.75860765517 2.14013035288 2.5244043453 1.03098381641 0.777441662749 2.82593115449 ;
1.46161468045 4.74747752631 2.01362345171 1.62893015242 3.41090342315 0.737199144269 3.03898699523 ;
2.20849423603 4.75678006175 3.17749500778 4.4806105155 2.82015646908 3.80753137036 2.88321227978 ;
2.76958046948 4.63779759046 3.12882936618 3.58947751153 4.24917519484 1.79610758458 3.37556743828 ;
2.06875781828 4.65295223221 2.88521752978 3.77976566382 2.55873271251 2.73284220367 0.0987303842237 ;
2.66683155758 4.65233423353 3.05028768124 3.42243067313 4.20266690482 1.72848829489 3.39768185193 ;
1.56523727537 4.75992566634 2.00809075411 2.02411629591 1.9179825147 0.655420874487 2.99049116594 ;
2.22978271403 4.76395591548 3.16026975523 4.48809129023 2.76175441627 3.74526331547 3.16078068274 ;
2.43330434159 4.69321165149 3.21794507321 4.23069016909 3.47789275427 3.21801209477 3.09681690745 ;
2.5938540723 4.72876163847 2.68022176217 3.05686945823 3.23393085302 0.623028247461 3.08893197358 ;
1.42161387191 4.75642745514 1.87298254941 2.12359969505 0.69920648328 0.738875592267 2.76597071661 ;
1.40060061372 4.73751032006 2.17954373081 1.65742443777 3.81646625449 1.34129516774 3.21050587349 ;
2.23173346795 4.75653125747 3.16685856435 4.45697431979 2.74265572069 3.69597573691 2.87514542317 ;
1.30409356826 4.76515774305 1.88270092669 1.91746362638 0.779747548338 0.678862508813 2.78194973348 ;
2.03803106258 4.7437331855 2.29170478935 2.40821966208 3.23813858807 0.709686757632 3.04685470557 ;
2.72009447103 4.61958717973 3.17835942365 3.56713377128 4.42014624184 2.01144476348 3.43587746432 ;
2.21445967359 4.75721482912 3.17591834718 4.47483733108 2.81238715402 3.79073484116 2.87150427861 ;
1.9472842053 4.7494192427 2.15210115586 1.94972201849 3.43310051356 0.946992275635 3.09939256417 ;
1.43703466838 4.75805371404 2.08172481793 2.28636916983 0.844398371336 0.67958224067 2.79051411848 ;
2.76630110035 4.62370966647 3.18564650001 3.78266794038 4.28079034909 1.80373399307 3.38315980514 ;
1.83044305783 4.74716082528 2.20402295201 1.84316671566 3.6094812247 0.947504892688 3.13819207815 ;
2.78295153504 4.62921436744 3.16529908816 3.74258464113 4.22919679812 1.79821610266 3.35826334496 ;
1.54722210612 4.75975921821 2.019507094 2.29585729377 1.00989147388 0.668666033014 2.80177988661 ;
2.20534671966 4.75588090879 3.17400408788 4.47292964699 2.80603342736 3.78609949663 2.87733289133 ;
2.21083907338 4.75764264582 3.17987707605 4.48174835138 2.82796733213 3.80840997082 2.89244670607 ;
1.79262358851 4.76262293489 2.31217284541 2.69158903571 0.986201115256 0.789356349248 2.83578595302 ;
2.69217198659 4.64986303329 3.05121630175 3.44097189587 4.18594287423 1.68642844434 3.34689074851 ;
1.33228591362 4.74562260302 1.71863085203 1.40223651004 2.991383439 0.683883132375 2.95654990046 ;
1.41346654801 4.7598245041 1.83229712076 2.00214504809 0.591394239309 0.699584454206 2.79683906535 ;
2.2148709597 4.7565064111 3.17762995182 4.4747166776 2.79975692306 3.79367476859 2.87292041747 ;
1.88245008227 4.7490519757 2.29076572084 2.20265151332 3.18530090055 0.843811480977 3.03711679569 ;
2.76087327897 4.626559344 3.17428968074 3.72763055641 4.30955422154 1.84467836329 3.39234722438 ;
1.54487384573 4.75134994976 2.07639277418 2.38738019566 0.366059950369 0.827670832823 2.81014437075 ;
2.74743323386 4.63615672887 3.14583736048 3.64698551854 4.26815107032 1.82545320372 3.39442706142 ;
2.21129655772 4.75559226326 3.17323453755 4.46341569959 2.80812460099 3.75967057726 2.86407609748 ;
1.73316786358 4.75322273926 2.08776151143 1.93765812643 3.0937230156 0.704837815506 2.99920419499 ;
1.40808377802 4.76130143963 1.99307518476 2.28641988683 0.607856136198 0.735255087182 2.8053034975 ;
1.9137879278 4.74815963676 2.20027609372 2.02257556677 3.24356634153 0.829052005561 3.03410833172 ;
2.75933785686 4.62421699001 3.18125538037 3.73038730081 4.32197789192 1.84814568996 3.40902719554 ;
2.20988098443 4.75683275459 3.17299046765 4.47229262236 2.80996091457 3.77372138274 2.86674153806 ;
1.31884714167 4.76605731347 1.97478530807 2.12721162674 0.600535193978 0.680045072588 2.82702838433 ;
2.24919513826 4.75519044917 3.15826797957 4.43259718292 2.77193251435 3.61910175976 2.87071243003 ;
1.96869089766 4.74445509488 2.20044224833 2.1422757271 3.25504235464 0.836865028228 3.03169162938 ;
2.76620085999 4.61284148941 3.22096698253 3.70624246759 4.47270944557 1.88953665463 3.44466290762 ;
1.65649556289 4.74461409195 1.91096323851 1.71442861886 3.31360555733 0.684009192018 3.01476996249 ;
2.74638201489 4.64957031 3.10090046679 3.57923332753 4.09705273498 1.77031984072 3.33872130289 ;
1.512007335 4.76172424852 2.17900186109 2.40448582916 0.739583231973 0.760112538783 2.83591863134 ;
2.19493054933 4.75615766686 3.17999871089 4.48572754969 2.82831850877 3.83571033209 2.86730569225 ;
2.38636025201 4.76047036044 2.67530814132 3.51207437503 1.82615422012 1.09703365448 2.86084256739 ;
2.50311190656 4.65179797044 2.92367610818 3.12270439473 4.28975112356 1.6019026807 3.36381267872 ;
1.24892611723 4.76088752967 1.73212498819 1.56692415335 1.58133239753 0.575535850061 2.84881931767 ;
2.20310097902 4.75583503852 3.1850710259 4.49135141475 2.83770459767 3.85446034584 2.8825585238 ;
1.60463482205 4.73711239933 2.25961158362 2.82247999258 0.480083305427 0.914000643658 2.78846476044 ;
2.66831025572 4.65504387178 3.03802819259 3.44833883355 4.10480686092 1.6868016521 3.33535474121 ;
1.52274982664 4.76357967758 1.86488469125 1.58306604375 2.75221607952 0.614072282548 2.94578141702 ;
2.21940879399 4.75984298898 3.18699297014 4.48968125715 2.86018583321 3.83779904053 2.88620489169 ;
1.39891659246 4.76221276555 1.89891691627 2.07127853164 0.730405321467 0.644733061125 2.77535737682 ;
2.78467788103 4.62281324268 3.19564131359 3.77467958625 4.31829530289 1.82647904259 3.39967597503 ;
2.21125006397 4.75466609477 3.16783815945 4.46511452945 2.78344471323 3.75048355476 2.8634596412 ;
1.93151931549 4.74731467917 2.27738036325 2.13675574427 3.3258101997 0.924459424354 3.08890265737 ;
1.66307395815 4.74799209069 1.39367181666 1.53824553827 2.71421637512 0.653640257354 2.89789697495 ;
2.24354457964 4.7585895114 3.17466229636 4.45989403291 2.80968631843 3.720063874 2.87522851932 ;
2.58276088762 4.65386649776 3.03585544855 3.3142654564 4.19502235841 1.61589743994 3.35327129109 ;
1.49680026471 4.76334150421 2.49621655538 2.59108409623 0.83940934353 0.774929092106 2.84859640071 ;
1.46882880039 4.75571510211 1.92392670149 2.25968659857 0.849030536934 0.680347538952 2.80088420485 ;
1.86924501588 4.7537217413 2.27892596188 1.88639336868 3.44593426226 0.906704294326 3.10847887734 ;
2.2107325935 4.75641236416 3.17466151043 4.47135703652 2.79476951335 3.78151704415 2.87282113137 ;
2.76814576884 4.62827468344 3.14691145324 3.76592913685 4.22355294477 1.78785770539 3.35207914198 ;
2.75099776617 4.64904529932 3.07104786721 3.55057217516 4.06794442225 1.73520046289 3.32671525248 ;
1.54239516843 4.75041143994 2.01879723653 1.78558290293 3.17915793222 0.675509654266 2.99878083835 ;
2.20189225385 4.7574304101 3.18094390311 4.48382386966 2.82779071784 3.82153221297 2.87346809774 ;
1.55660603674 4.76060451425 2.0572348891 2.35266537055 0.479330304674 0.770696598511 2.82549338613 ;
2.76692933155 4.63978040407 3.1209567221 3.63294293531 4.16441306966 1.77154979729 3.34985257778 ;
1.50625453131 4.75509009711 2.09885302149 2.35185675102 0.450571217497 0.754741179382 2.83043552188 ;
2.20574012106 4.75765395264 3.17552827213 4.47484583048 2.81814650516 3.7890220963 2.88251640343 ;
1.68724529118 4.7521920746 2.04566462128 1.86769770173 3.17954612134 0.745889630263 2.99954126901 ;
1.36473195916 4.76163469855 1.94789160582 2.12123811077 0.412281263192 0.701336910518 2.8040428235 ;
2.24629273017 4.7534930171 3.15671323933 4.42675874469 2.7368593837 3.60954848809 2.86657125554 ;
1.83744985744 4.74964367601 2.15224327203 2.03147588349 3.15894905509 0.775014135816 3.03804281411 ;
2.75037281486 4.62595816028 3.17211872249 3.68123140435 4.37785126776 1.83543030381 3.39961795261 ;
2.74962631168 4.64582456281 3.10933196216 3.57571072224 4.16155725107 1.74912162149 3.34587414547 ;
1.56285649997 4.75891019124 2.18620791493 2.42555529408 0.703567242368 0.760629434688 2.85582415215 ;
2.20660204629 4.75764836337 3.17594197174 4.47611506983 2.81353315383 3.79965606869 2.87691193716 ;
1.62069089661 4.74685294127 1.91861342605 1.7309975233 3.26691657566 0.724177747259 2.98860935255 ;
2.00753151635 4.74288872946 2.29400930293 2.24386453708 3.33703664365 0.89990036115 3.0650377901 ;
2.22615869037 4.75352253354 3.16433900448 4.45473862845 2.78861191424 3.70770638417 2.85755447416 ;
1.35874366828 4.76515713534 1.91457662762 2.04727823245 0.751635188015 0.654910575164 2.80557285228 ;
2.78593557887 4.61542668526 3.23126571845 3.7677056953 4.41565984705 1.90842766823 3.44765291202 ;
1.94310787257 4.74781906293 2.70512736713 3.50439854269 0.925149874299 1.48413651931 2.84760153846 ;
2.47120700904 4.69314156644 3.22250355163 4.22303441794 3.57392504126 3.18125169598 3.11623901446 ;
2.15490632944 4.72881125392 2.47350259601 2.42801917443 3.67744188985 0.873416272001 3.17359911102 ;
1.18915648199 4.75722110116 1.5177007699 1.43523783981 1.12112829195 0.449238155991 2.73839058141 ;
1.57591922005 4.72264607034 0.138694891558 1.73635052384 1.86618859568 0.794873879753 2.79711248385 ;
2.21774053741 4.75757696597 3.18065064364 4.47668435092 2.82477230074 3.78747471576 2.89029271773 ;
1.54052927366 4.77187305488 2.62274041329 2.31311396278 1.22024074906 0.67473361512 2.83073727795 ;
2.48031563453 4.66864755816 2.92135763285 3.11686732528 4.0851959355 1.50826563368 3.30662493678 ;
2.79517209712 4.61230952315 3.24101500514 3.78462865397 4.42602032669 1.9855042739 3.45383469275 ;
1.35983535692 4.76852975741 1.93477767575 2.02695493338 0.901183734936 0.651248126383 2.81315652952 ;
2.08083684507 4.73727144289 2.33468116971 2.33353587012 3.43798301996 0.904219073268 3.08464740922 ;
2.21779441825 4.7530922929 3.16824894686 4.45820574056 2.7675935229 3.72406549351 2.85595193577 ;
