2.11007716644 4.7990450645 2.61704101284 1.92623012624 3.53801491657 0.976948811908 3.16904472472 ;
1.98097506037 4.68132680034 3.03207253173 4.44405430587 2.88346990065 3.69753191631 2.71074762199 ;
1.11052949457 4.79663378197 1.97425716176 1.69197778438 0.428277334278 0.644883873867 2.64206305375 ;
2.53113212124 4.76697673709 2.73332624628 3.65872781147 1.35310994561 0.927170487318 2.79244887648 ;
2.85513515355 4.54002605199 3.44908501939 3.9203599793 4.64016521658 2.5380252491 3.43263646189 ;
1.75931601583 4.7471214319 0.0365945533129 2.27281433351 2.84916407859 0.91954175052 2.75057416385 ;
2.78237064094 4.62247477639 3.05242474572 4.15984927419 3.60750994249 1.01877945438 3.05234150989 ;
2.29084371022 4.78093622365 2.42675626359 3.01497636502 0.313653109455 0.83924215983 2.80109425727 ;
2.81035192234 4.55244991612 3.32498878353 3.93076369038 4.40852536704 2.33219781253 3.38255989709 ;
2.89243549584 4.73297507835 2.87192650162 3.61040658216 3.20502489918 0.500053306292 3.03231722795 ;
0.582114060262 4.66038911401 2.57792328829 4.07632611724 2.54244302102 2.4571545501 1.74730926587 ;
2.40430239294 4.67826353388 3.08617720787 4.39067929488 2.90237423695 3.58087640493 2.85271561905 ;
0.53668387665 4.79461677803 1.54888554517 1.33112716221 0.784399722583 0.545093744492 2.6777011943 ;
1.79369679657 4.77885162396 1.72510495195 1.8234770547 3.37575894333 1.00997413085 3.09568352442 ;
2.09711961722 4.79454638562 2.6203025531 1.939487705 3.59318530266 0.989105904635 3.1878784933 ;
2.05723260357 4.67564605833 3.08357997052 4.42627887598 2.95014951639 3.7234305605 2.68396482578 ;
2.75892429335 4.73749914539 2.83606548974 3.84183995186 1.96438038725 0.85094113484 2.70712005075 ;
1.24732413546 4.80128666648 2.56606376038 1.94143212128 0.598805311981 0.65437940048 2.7594609261 ;
2.32117853891 4.72399469081 0.0656437138049 2.51743885051 3.09676382143 1.16222883306 2.84834187433 ;
0.863820286479 4.783687849 0.0819226382273 1.90327530336 1.18122017408 0.567236710513 2.57274589088 ;
2.80654105917 4.5644391698 3.30030714762 4.02685067537 4.3259565067 1.94804348363 3.37111536215 ;
2.80525858184 4.69809727358 2.95970588795 4.01199074965 3.17309785094 0.472143001275 2.99894309264 ;
2.06996037936 4.67413851191 3.02602320221 4.37234124825 2.78360889741 3.44181441683 2.65549797844 ;
2.82537233151 4.54887074916 3.37448246642 4.00705183108 4.42296079535 2.41197877271 3.38835348409 ;
1.68132915865 4.78629852487 2.16758088816 2.4226009973 0.18254994706 0.753781169058 2.66611446529 ;
2.49557553419 4.80961245992 2.61295114056 2.05461809267 3.35478195104 0.948225151659 3.16429067694 ;
2.22711874138 4.72565349977 0.071951284084 2.62470377888 2.77256456234 0.94481901772 2.6625527317 ;
0.142563816043 4.77085154614 1.89209158174 1.42080304807 3.08165581191 0.861782502974 3.0141030558 ;
2.82439207156 4.55027895108 3.37462365955 3.99839285511 4.46826599383 2.30141003961 3.40579145495 ;
0.966681799666 4.78690455457 1.29499088684 1.33877091538 0.315622880865 0.571834163426 2.44568857789 ;
1.83455463616 4.74140976033 0.0581956596164 2.32526129799 2.93676174992 0.995240449769 2.78847776623 ;
2.86276024195 4.71744984542 2.87524468218 3.74629407984 2.99511322412 0.738331443386 2.92647758951 ;
2.02663636341 4.67495842332 3.06741407635 4.42989706721 2.92456426451 3.68649039305 2.68451182516 ;
1.78392886904 4.78621976076 2.61673177761 1.76270014272 3.56993518835 1.03231169099 3.19077334992 ;
1.87369590121 4.78175316377 2.66182346221 3.00493140687 0.548566250806 0.821632587311 2.83100252925 ;
2.69461971684 4.74934621694 2.83584633077 3.760262291 1.66473333118 1.30695740972 2.85070464903 ;
2.00875816562 4.67788661117 3.06051946436 4.4394050631 2.93397715079 3.74127767476 2.71452061424 ;
2.80404922443 4.67937316006 2.98370106964 3.93846074524 3.6699242307 0.153941527297 2.95403393083 ;
1.59386767066 4.75936764097 0.0338891230651 2.19644216698 2.08853139366 0.819632089774 2.70667061072 ;
2.06699965052 4.79318631784 2.60367699584 1.85899516569 3.59328980401 1.03835382607 3.19761700643 ;
2.81696525963 4.54583482759 3.34401875276 4.02453699878 4.39391600884 2.35609334226 3.36541046979 ;
1.21923918189 4.7952305959 2.54526758503 1.94683903202 0.601285416132 0.612346057458 2.68178656484 ;
1.88889586931 4.68731420995 2.10848176047 2.98849533115 1.82250704188 0.850069807468 0.12512736767 ;
2.68953605819 4.76944986096 2.43301508629 3.22629822699 2.88287330249 0.190847835843 3.14999547034 ;
2.25915712537 4.66192168332 3.04885496418 4.34917441067 2.95289924576 3.20561244506 2.80994374301 ;
2.13522013308 4.78813246897 2.33275403774 1.90356244568 3.70872861403 1.60631529 3.26156647096 ;
2.83518514308 4.55874024909 3.36083094451 4.0015491711 4.52321988225 2.05810720773 3.43044719401 ;
2.19490692757 4.77217747606 2.41467393239 2.9763309491 0.126230487648 1.05653589083 3.06074107421 ;
0.519085658707 4.78404236825 1.3803648752 1.46933587678 1.70531279129 0.573574929061 2.99464743069 ;
2.79156764764 4.72417063575 2.92771367463 3.86232866185 2.97237334846 0.591914971268 3.13814489779 ;
2.15156721697 4.62567610995 2.8466351819 3.83945245463 2.77711196304 2.18100954408 0.100614936568 ;
2.11390049714 4.68168463151 3.04417148564 4.42565545063 2.86616661316 3.61006077579 3.08953154038 ;
1.55884520802 4.79124877363 2.60425061721 2.27547813285 0.54041404878 0.706564671132 2.85640207715 ;
2.05624799441 4.79056755911 2.56849939923 1.87534119446 3.64501900933 1.098508257 3.25540059237 ;
1.54634504436 4.7577504119 0.0407364656355 2.16692172697 2.04054491909 0.780792036966 2.75608364412 ;
2.81618199369 4.54514192407 3.35205971296 4.02093258923 4.45478686381 2.33464364164 3.40231960325 ;
1.98681865912 4.67848740319 3.03302573251 4.43555777631 2.90147240371 3.74208311906 2.73936828251 ;
2.51930352562 4.80185788734 2.19713351458 2.06450209871 3.37207206138 0.971943931064 3.14451979751 ;
1.56155520786 4.7891151587 1.77766969863 2.17909342495 0.336555608943 0.620014258689 2.65949630014 ;
2.81166508346 4.54691647034 3.36174262695 4.01179948164 4.43874424652 2.38663263765 3.37704125219 ;
2.76647154555 4.68124410927 2.97201132619 3.97641588537 3.6310846496 0.11553907373 3.19758401542 ;
0.229041130684 4.76326434607 1.72306727494 1.5776793586 2.87710521578 0.843717415944 2.88998865826 ;
2.80299314932 4.71259632717 2.79039228355 3.94256856619 1.92706102625 1.44424672229 2.55782510093 ;
2.82811865131 4.55447619556 3.33725691288 4.02699936013 4.34409308285 2.2699246314 3.3779825724 ;
2.75744837159 4.75055682031 2.75895551413 3.88157700382 1.51850242566 1.14636029416 2.74001518222 ;
1.34768539816 4.76320009989 0.0166170614452 2.16264168817 1.46953941622 0.604353472762 2.54182238317 ;
1.30582622615 4.79539762883 2.56500880886 1.9064411681 0.89516175342 0.575396538787 2.73883302511 ;
2.00972638366 4.67419159495 3.05349695486 4.41828904151 2.9569583481 3.68662034518 2.67221311189 ;
0.814121633764 4.74661008547 2.19072029373 1.40127152657 3.9233933864 1.35225259252 3.20645326822 ;
2.79636124474 4.75444430645 2.51947273113 2.92219613487 3.61214454335 0.586417609213 3.12958334312 ;
1.09213336178 4.76008375352 1.82271594435 1.70823830754 3.36011752539 1.16146952695 3.0776767053 ;
2.82783964494 4.54776520534 3.42725475514 3.85581499429 4.6629406543 2.49404442376 3.48306310116 ;
2.2565427794 4.77657213978 2.57850894258 3.10865971812 0.356929026685 0.880171353328 2.75258119355 ;
2.74693456591 4.75041378074 2.58286657093 3.15422933353 3.35622057893 0.261341031247 3.08541461294 ;
1.98356499677 4.68154358868 3.02591367958 4.4444667111 2.89130640935 3.73894541101 2.74110186805 ;
2.79338494895 4.65182563733 2.92366357254 4.01942000409 3.08187782374 1.85734337978 2.80611897759 ;
0.886218050431 4.78747788873 1.24940300183 1.39402655199 0.636360133059 0.563750233552 2.55342893389 ;
2.15436638489 4.77903318917 2.68272675468 2.86108777149 0.197444249812 0.904884627248 2.73843519742 ;
2.81679479303 4.54778200245 3.35733136957 4.0212982972 4.45629371479 2.20765708754 3.40626250026 ;
2.7566235246 4.71376246858 2.88786200894 3.94206022575 2.8001468494 0.764522258557 2.79890832547 ;
2.01830079229 4.67423652481 3.0630671326 4.42795156294 2.94278594883 3.68710971767 2.67403594092 ;
0.241518665603 4.78129411274 1.9776522838 1.24611162931 1.62305946664 0.606515470343 2.824339636 ;
2.30414939082 4.79982417726 2.62626635112 2.01965964501 3.52750579373 1.00260615781 3.2403016465 ;
1.88114819217 4.75252008502 0.047131958919 2.42183043747 2.21066913556 0.868935820148 2.66909014257 ;
1.79083966032 4.7813055522 2.6498576462 2.53752582425 0.295430918213 0.933750184827 2.9150797548 ;
2.55980833182 4.79913403631 2.35925797738 2.10137283293 3.53155213157 1.08432819837 3.23257661579 ;
2.53954929607 4.59391120182 3.25207015444 4.19560444585 3.89321775693 2.88968670302 3.27708954986 ;
0.232073538681 4.76374333202 2.02308704627 1.39452711534 3.30048380663 0.847677231212 3.05831910402 ;
2.81029602079 4.71486673819 2.90622538097 3.96535362562 3.00152489491 0.659454508882 3.14389433447 ;
1.49086798265 4.77746279954 0.0742537094276 2.19818438584 1.31845749496 0.557265230096 2.63439291069 ;
1.95770359722 4.62313517968 2.76067609159 3.87295681536 2.59200685897 2.06272183495 0.169671863495 ;
2.09491362221 4.78731025224 2.47062128625 2.74302154831 0.400857193447 0.717386611487 2.97410979772 ;
0.367950038085 4.7842588857 1.42041560887 1.38798170066 2.02965568517 0.726095577503 2.80555263539 ;
2.27328010307 4.67884109137 3.0237809592 4.33359896101 2.79574885991 3.12365786299 3.06817382596 ;
2.85024868837 4.55002477356 3.41091427673 3.99102936191 4.53442049419 2.42790360179 3.41129976201 ;
2.47715192588 4.73167518545 0.349758449948 2.6467353971 2.86616506634 1.02381768081 3.00892093979 ;
2.56457581948 4.75162576542 2.8148981216 2.92208596121 3.56500532873 0.628136311173 3.24945347508 ;
2.06802017345 4.64793470564 2.73374422958 3.69735612972 2.48896012134 1.92641564978 0.0877681214758 ;
2.55348911222 4.60038739504 3.24526290552 4.1810233607 3.8418671848 2.85399462425 3.27536518249 ;
2.835090386 4.74249780704 2.86397207239 3.42445769061 3.34390127911 0.5061778596 3.21078814576 ;
0.531227690718 4.80035627417 1.92664830527 1.57270289924 0.670926378918 0.50672866242 2.65226158456 ;
1.46556136238 4.76900835701 2.50383052062 1.55716886964 3.73881288309 1.30296456045 3.25597147022 ;
1.92201252081 4.75201173639 0.0832487077902 2.31840355235 2.58518279163 0.870132895505 2.81398031664 ;
2.39935299822 4.7807742143 2.65006329019 3.19911821691 0.566192204559 1.07715817532 3.03320509634 ;
2.08479579678 4.63387217396 2.77653577942 3.80984084822 2.6280498105 2.08749706243 0.263231093578 ;
1.78771349095 4.74641356098 0.0307668572781 2.21990270128 2.4636951435 0.906575458599 2.68179582619 ;
2.83788723289 4.5553172251 3.33113585419 4.03422271149 4.27848013045 2.34026290691 3.35175848734 ;
2.00485840786 4.67623174039 3.04820584617 4.4184280854 2.88041621516 3.66386386383 2.7020110343 ;
2.26906715762 4.77822681751 2.58183314275 2.98949642125 0.358709015766 0.907823886279 2.71425448582 ;
2.83005839851 4.70115717465 2.94084863024 3.93506736201 3.32121461065 0.317098499459 2.88321305533 ;
2.2975522443 4.80064431622 2.62434451535 2.02052186892 3.39064936985 1.1165923882 3.22764794483 ;
0.237480109562 4.78526600913 2.1310268413 1.58653205865 1.49688491118 0.518991933059 2.76493785218 ;
1.87514694256 4.7877116749 2.11865168602 1.83828975009 3.42439236723 1.0795294159 3.18616952415 ;
0.83546782403 4.78001391779 1.04911280154 1.5367937878 0.983183023692 0.565302969457 2.50985920454 ;
2.46381164067 4.64006223626 2.78602881847 3.98533564559 2.73307276414 1.93969826945 1.87867750903 ;
2.05375772784 4.68908829738 3.04397543732 4.45563702391 2.90367854131 3.73429499752 3.05067627103 ;
2.1583368674 4.77963632745 2.59515330496 3.04619578007 0.293138888511 0.865303409718 2.83874109435 ;
2.82207353377 4.7234719173 2.83050742106 3.73171657374 3.36625312298 0.175808492675 3.22600704909 ;
2.8444313504 4.55678280299 3.37567485693 3.95890659595 4.47342757564 2.40112628983 3.42752530887 ;
2.83123132794 4.71892156406 2.92437499116 3.85325921668 3.0997567425 0.665367079386 3.16784576984 ;
2.03136941162 4.68267262659 3.03602096065 4.4387937429 2.86429189504 3.65359839647 3.0570935343 ;
1.7773768015 4.79458024067 2.59105342009 1.80870266742 3.31759982718 0.946518590521 3.21724880703 ;
2.10791570817 4.63104411956 2.7504918061 3.75894752828 2.68033830333 1.98515984041 0.0881312736117 ;
1.54396703276 4.75893498918 0.0515663862871 2.04180771191 2.45968443916 0.81377322601 2.82946772621 ;
2.83407501768 4.54939922724 3.36761306689 3.98379458534 4.44629011874 2.41050645232 3.39142498656 ;
1.75198532331 4.78561914072 2.31325973971 2.49328942083 0.1809342817 0.781926937349 2.7894233432 ;
1.68971933006 4.78569257832 2.08777853262 2.36821316489 0.166264739987 0.719847583556 2.74012252012 ;
2.74985471441 4.54261372948 3.37134498067 3.71893343234 4.70021711447 2.41622909712 3.48517271721 ;
2.80746969043 4.71303878621 2.88769957196 3.73151090498 3.38428773726 0.050616037207 3.04070602635 ;
2.86986057179 4.66409913121 3.00546949044 4.0249902793 3.15131698591 1.87927824712 3.12658339164 ;
1.64224467858 4.78667760821 1.79294271792 1.82685019969 3.11413161122 0.849184862443 3.05230460498 ;
2.2849206089 4.6944818482 3.12214875879 4.4687510883 3.07749763958 3.80564006283 3.08925850134 ;
1.39950228746 4.61251051391 2.62114045864 4.08295992168 2.34767178009 2.77291164931 1.04477512139 ;
1.96408770059 4.67937326919 3.02272106727 4.43819499265 2.89793671747 3.67494428198 2.71049545871 ;
1.98459434464 4.78452582484 2.01529791252 1.81586690046 3.46609408288 1.00391760495 3.17578602661 ;
0.375370792214 4.78680494223 1.44594612471 1.80308388176 0.99210476006 0.545058454116 2.47787961143 ;
2.65679876489 4.73914532284 2.49260951166 3.66431383532 2.39471434012 0.544213514308 2.39362237135 ;
2.84403099836 4.65021937519 3.05994041614 4.05950197008 3.62618283563 1.26066491976 3.24382303578 ;
2.33388312584 4.77873314478 2.42577443292 2.77209096981 0.202966542976 0.935329701967 2.90385767394 ;
2.83757039073 4.53418646586 3.45685121132 3.87585174553 4.67689250123 2.56447389204 3.43462934586 ;
2.55258481636 4.76164513704 2.47417233874 2.7890229913 3.46931471862 0.689807965085 3.23265526049 ;
2.16170150809 4.67514985269 2.26643447357 3.1373675828 2.08943136157 0.957573023078 0.204036372764 ;
2.53148005476 4.69488526331 3.21463778299 4.46519595365 3.22184957774 3.82242168922 3.13706870297 ;
0.57463133109 4.77711911933 1.42981842171 1.44652555674 1.82938917216 0.718806500993 2.95439373993 ;
2.41109447779 4.78693507307 2.51285337271 3.16720241746 0.699869762826 0.893403378191 3.09815819803 ;
2.81335376265 4.55990945743 3.2935775068 4.01068628312 4.25793434954 2.18237535711 3.36610992635 ;
1.18366669055 4.64622882322 2.80365033497 4.33227628654 2.47779300857 3.48279139984 2.1349353703 ;
0.785353884106 4.73606490341 0.891713235578 1.80169769689 3.2101114139 0.953379138372 2.86870110567 ;
2.80424462675 4.5522569404 3.34398553994 3.99660701652 4.48139699528 2.08125148614 3.40659662799 ;
2.4592182713 4.76831431876 2.51760778231 3.23463469862 0.126170679152 1.05824227875 2.92490660414 ;
2.52287906968 4.81498437494 2.40324685673 2.05473728594 3.33407741626 0.893038294947 3.19926948082 ;
2.02475317066 4.67919683711 3.06268560523 4.4409109551 3.00364807649 3.74241222509 2.75962707747 ;
0.749309765215 4.78838859385 1.88235098695 1.67645059358 0.589344298349 0.576934961936 2.48958131833 ;
2.76776121793 4.69820622424 2.79178659504 3.98294420965 2.72388532803 0.95366716138 2.69273267624 ;
1.97489189558 4.78059570894 2.58938448353 2.14304689025 3.26890119281 0.057260328118 3.08960033798 ;
2.86385940029 4.70846547844 2.90941924654 4.03066242701 2.54602934994 0.951153559829 2.8891637626 ;
2.82297348496 4.54856132499 3.37592297486 4.02114700794 4.51389873101 2.17950429005 3.41095649272 ;
2.02313144749 4.67723338235 3.05537680039 4.44028931092 2.91708624626 3.69522920651 2.70144869864 ;
1.44430071374 4.78276546716 2.14916745027 2.23650600673 0.264295740294 0.751416872042 2.68804485932 ;
2.19374322213 4.79544106391 2.48887607806 1.99020237845 3.60539653148 1.86848799999 3.22320427301 ;
1.51695023717 4.73491094653 0.0827349922899 2.19196232288 2.60706751144 0.832167187224 2.50459874617 ;
2.83056352267 4.70403077807 2.96938392543 3.97118354715 3.24289920803 0.531312601779 3.15379844665 ;
1.87617952703 4.68959965103 2.10434994108 3.01575903259 1.72802034876 0.905062582855 0.146656992019 ;
2.0453655104 4.67424234456 3.03090884076 4.41749928318 2.86527026348 3.56591499419 2.77944194401 ;
2.84044844303 4.54266220515 3.38902186591 4.00589322386 4.46423065112 2.4141340789 3.36686890038 ;
2.02515655084 4.78450213751 2.32688428172 2.69689644155 0.382766242956 0.803946065773 3.07619478725 ;
0.428797711177 4.77576359197 1.52844180013 1.46480899432 2.44286523467 0.720608999163 3.01966244158 ;
2.5541057547 4.79646334801 2.09009723475 2.17662861981 3.43245792866 1.10238607787 3.21565030142 ;
2.67830727854 4.74741906536 2.75876424375 3.15103806128 3.53999280333 0.778498624485 3.23019928852 ;
2.31738714234 4.76429703527 2.68904943695 3.45825587339 0.459076307972 1.08570504636 2.68891753758 ;
1.18991560023 4.80180526031 2.54877298935 1.55112638771 1.83385403336 0.624198205229 3.03442095095 ;
1.44723981885 4.7576906234 0.0373342188981 2.06217217287 2.03357299606 0.786526439342 2.74569744799 ;
2.10702395202 4.68465708519 3.04311793799 4.41615843546 2.91012820762 3.58081376094 3.07867878239 ;
2.21989067949 4.61491099246 2.88963482665 3.88929074491 3.03199947538 2.28306247176 0.0692775887724 ;
2.81349539588 4.54260661173 3.35899432032 4.02866895668 4.428063273 2.36041057981 3.40557989527 ;
2.17478970408 4.67231990415 3.00938816534 4.36868167787 2.81580817755 3.32731269801 3.05727531596 ;
2.29474522464 4.78531783055 2.58720331432 3.19017983348 0.83088077598 0.747250958425 3.06008695361 ;
2.82437611312 4.55479385021 3.36598028422 3.97173590644 4.47035975029 2.40192458418 3.39879537854 ;
0.789186608742 4.7961205972 1.68769181702 1.34840012389 0.482988954318 0.603218280461 2.5756973995 ;
2.09166291353 4.64130135127 2.72823020128 3.74188130881 2.58104350617 1.98008725466 0.0697374207594 ;
2.70659901303 4.7524271438 2.82690814101 3.11201346482 3.52277709703 0.584940365673 3.23477032216 ;
1.38333943021 4.75728273264 1.03604775912 1.7928359284 3.24953419284 1.01714071497 3.04226975277 ;
1.89480621551 4.78299902983 2.40773769017 1.78300041667 3.69388555701 1.58277836102 3.22919121109 ;
0.69773593366 4.78449136989 1.22620157954 1.45115436695 0.948061424416 0.631932338948 2.62001586325 ;
2.83963774298 4.69524280106 3.0097721785 3.96684254081 3.4304119427 0.372656187841 3.06169134286 ;
1.94660467502 4.67144975705 2.99209323382 4.40644430523 2.89297065523 3.55470243885 2.63266579717 ;
2.85961719398 4.5543056858 3.3592839753 4.04722714439 4.3262199005 2.40606463535 3.35431081042 ;
2.32524454752 4.77149151663 2.6241823119 3.27866861819 0.399703757906 1.09633214916 2.7614950171 ;
2.30077481317 4.78378207117 1.79918851508 2.53158384795 2.77164780748 0.274613639409 2.84358464916 ;
2.18627099184 4.62354579482 2.88589091647 3.87877563426 2.85830259031 2.24370651246 0.0696643588052 ;
2.05739949364 4.7929866777 2.61871118601 1.94872851192 3.59841329379 0.966607330197 3.25361570574 ;
2.8052883754 4.5602061389 3.30358003016 4.01912594665 4.39037872008 1.99742378499 3.39066083253 ;
1.1025863121 4.79917198164 2.17910628462 1.80528956248 0.44110652947 0.641210160125 2.6921548001 ;
2.11410100808 4.68136382568 3.06294433443 4.43610678753 2.93112842806 3.71166864646 3.0895021506 ;
1.78519184233 4.75266849168 0.0575929078323 2.27407068511 2.49861491719 0.87200018922 2.83602790507 ;
2.75006557733 4.74837683029 2.85140743623 3.80458239261 2.01899047917 0.816173930688 3.05986889825 ;
2.01932647775 4.75018049288 0.0380606867753 2.47346961895 2.91006408059 0.947029972773 2.96535329222 ;
2.1058330477 4.6859078521 3.06568348331 4.38768047526 2.84997410644 3.54213034138 2.90182329505 ;
2.80388335673 4.56381051866 3.31195699938 3.88921758729 4.35794720766 2.31557382404 3.40212869579 ;
1.66363067091 4.78557093655 2.09115705346 2.39342964893 0.148157900284 0.751945623646 2.91649956401 ;
1.39935677759 4.79253026713 2.3989806052 1.63113737463 3.15214809079 0.913947777688 3.1814798602 ;
2.85829450882 4.73432037949 2.89039231507 3.64733072936 3.23854008598 0.428188441232 3.20125471996 ;
2.12761368382 4.65059051671 2.53530764423 3.42984358922 2.23478888104 1.46650278812 0.108348675575 ;
1.65197349032 4.79637941733 2.57246059084 1.69377737746 3.35031284318 0.880331562783 3.16711110698 ;
2.64710528416 4.73319616887 2.82780101851 3.78616796349 2.26929909266 0.747060287066 2.49910356091 ;
2.81822045657 4.5325792442 3.42673323448 3.9425094781 4.59527142821 2.49771118388 3.40999231597 ;
2.89456944912 4.68552912227 2.97525793991 3.76768227665 3.71405964879 1.0329555619 3.26689288895 ;
1.69998326104 4.78045218638 2.61869575048 2.46171277273 0.219444047446 0.841584579238 2.71214154987 ;
2.00729013643 4.67675590181 3.03945255965 4.43520991174 2.89899376032 3.67623222038 2.73741859481 ;
1.60745875715 4.75783328068 0.045312338004 2.18588540233 2.07023969796 0.82423067933 2.70666143613 ;
2.82384984466 4.56263785128 3.30466893937 3.96262751691 4.28370528937 2.2891964293 3.36861049787 ;
2.1865493261 4.74871345911 2.68321419423 3.56288042755 0.588983352561 1.30651538021 2.52716101818 ;
0.74875471872 4.78445495497 2.28374061127 1.35534507249 3.52949406845 1.12425839561 3.15631918549 ;
2.02185934847 4.75141686342 0.10724145356 2.4836785085 2.46369933258 0.804090471543 2.59014138228 ;
2.03166799741 4.67221778739 3.06279310286 4.41614761319 3.01700600635 3.65932407704 2.67675542037 ;
1.16652164557 4.80273558951 1.94090050087 1.37371703407 0.28586693938 0.530662509902 2.88053049692 ;
2.72035096512 4.75132228874 2.8094888619 3.20356463714 3.23029279104 0.505504568955 3.05161446041 ;
0.219262210634 4.76336775056 1.855934995 1.3590877378 3.31494690667 0.902302362065 3.02086531887 ;
0.371138585486 4.77680326639 1.41591167524 2.09923780027 0.671306373577 0.619979971172 2.2614028768 ;
2.83764469259 4.55210819286 3.38942253865 3.97098848473 4.49432349941 2.42260631459 3.39280752379 ;
2.49522101343 4.79616544923 2.00895289599 2.09197986744 3.27489292894 0.995826478124 3.13712655755 ;
2.13505356541 4.66512777691 3.00011832842 4.35923377643 2.80998367934 3.30603902618 2.7254690758 ;
2.80642019874 4.70855002402 2.91132824148 3.90738136387 3.20783206137 0.379810616206 2.95340249868 ;
2.38136169422 4.77699108378 2.39149042002 2.68015207529 0.23289526359 0.840228885591 2.86576985039 ;
0.123555452762 4.72378097202 2.39992852441 2.94338852909 3.14635408147 1.17051015749 3.08561265185 ;
2.84195136018 4.55113348948 3.33116820119 3.96566367704 4.4212211675 2.16477087438 3.38192696762 ;
2.0488220065 4.7900155758 1.86203917897 1.79066197681 3.2830692857 0.943915590904 3.20451615233 ;
1.85386672927 4.69724915865 2.04979148198 2.83718678635 1.83795181578 0.860242657355 0.106881206277 ;
2.11034181646 4.67622211392 3.07807266794 4.42888269589 2.94230594804 3.75661915802 2.74357207137 ;
1.66923013448 4.78732628912 2.10612575502 2.33709428555 0.174525063163 0.739572180399 3.04781721902 ;
2.90327702676 4.74014659668 2.79648372458 3.80760917618 2.82010398124 0.708213123591 3.10589981322 ;
2.81952373279 4.55348450448 3.35822688444 3.97054928739 4.50874969211 2.14423932108 3.41428250249 ;
1.66877676869 4.7846337496 2.64240285235 2.4427587777 0.384384332314 0.748302160365 2.70203763964 ;
1.76056084218 4.78893273004 2.62248455658 1.7816564848 3.56461444022 1.04132937316 3.21758781946 ;
2.02808414679 4.67883659573 3.05543186956 4.43464836161 2.92695752327 3.72322971477 2.71326320601 ;
0.893580160013 4.7703732829 0.102906062202 1.91695732525 1.37793132667 0.706358362579 2.57103734824 ;
2.80871133908 4.70278423005 2.92918188755 3.94804507904 2.77221709823 0.959326079016 2.86336643541 ;
2.705057069 4.76962175101 0.92178451143 2.56692694813 3.00570673992 0.679896736445 2.82447645818 ;
2.13584378487 4.79114814589 2.63318921684 2.10415538604 3.37301703951 1.83291137245 3.21660903108 ;
2.48756897451 4.69356279649 3.16836964897 4.46721426052 3.14163769031 3.76860694958 3.13575314943 ;
2.83916633588 4.57899019527 3.26140491378 4.04633146088 4.20514609655 1.88542661413 3.34381581432 ;
1.86861760678 4.77924944672 2.6203376854 2.56247022456 0.174292150128 0.882476312162 2.76286526888 ;
1.51907042093 4.76151047666 0.0470034775918 2.14125614428 2.08328255569 0.787142785569 2.7079693489 ;
2.17760455199 4.76006753751 2.67621252071 2.73087298556 2.90511155047 0.0549399311082 2.92263097406 ;
1.28515944499 4.63515651721 2.89187339417 4.23962465772 2.54725411047 3.11819992763 1.56563611322 ;
1.76706669638 4.75737917275 0.054374852922 2.22033200446 2.88452869828 0.89344112344 3.04053625699 ;
2.02857992315 4.67911095852 3.02287992268 4.40437290158 2.80009336231 3.61216008707 2.75729208156 ;
1.59970407202 4.79212796428 2.19461859599 2.34436564522 0.360972187791 0.704805797726 3.05326043702 ;
1.79654730284 4.79038040453 2.62776148604 1.74233763253 3.51838082935 1.27996187961 3.25282981071 ;
2.82143135562 4.73846519878 2.87529769185 3.62927019683 3.16515090457 0.353115818955 3.17837588746 ;
2.81490471187 4.55546278154 3.33619093149 4.03235637869 4.31213621489 2.35062939369 3.35781923093 ;
1.86179344047 4.68225348567 2.16049681678 2.96552036014 1.87503091167 0.935782934282 0.137795837324 ;
1.58398477102 4.75903282807 0.0295214282985 2.16354645843 2.07178048644 0.829975022676 2.70329663182 ;
2.00855639092 4.67941469964 3.05830961058 4.44093153515 2.97372569098 3.73394059594 2.72336816804 ;
1.11243426292 4.79173377416 2.54646656925 1.4702031791 2.16071479736 0.716978010034 2.94318336675 ;
2.83317376527 4.54664654344 3.39253949898 3.98917977454 4.53676022483 2.41635497012 3.42328143709 ;
2.79452103419 4.68215798218 2.91979343141 4.02367890241 2.65074603602 1.17664946742 2.73393110142 ;
2.09556277442 4.775874123 2.6551978235 3.08218431827 0.103122479528 0.963007109425 2.70206075205 ;
2.59939376438 4.74828577538 2.77702738456 2.82605244135 3.92469409789 0.715747494439 3.26658398792 ;
2.79959555247 4.55087728108 3.3358056213 3.95497050554 4.42265632569 2.35683773026 3.37636028379 ;
1.67126892756 4.77656994259 2.6122809083 2.41292891112 0.156754266392 0.776288855963 2.64811306535 ;
1.49294367904 4.80375344665 2.56022579802 1.6623611177 3.07376095341 0.962014186403 3.09518101366 ;
1.57185922589 4.75848435362 0.0312430943285 2.17581202488 2.04071121826 0.836507700677 2.69657567124 ;
2.79319867658 4.72530450778 2.83395819161 3.24368936427 3.93212034222 0.292546170586 3.26650973445 ;
2.01614114318 4.67897490725 3.05376933344 4.43791803814 2.9084594258 3.73564228448 2.72787876008 ;
2.78749089585 4.72048716296 2.88692259955 3.93242102749 2.34131907695 1.11172064429 2.7137397143 ;
1.59437603415 4.75811892932 0.0417056427078 2.18787540901 2.02131871609 0.799661231938 2.69741284857 ;
2.84347142067 4.54705879288 3.36977887002 4.01088739905 4.45619676086 2.37958825127 3.36638251066 ;
0.893724908226 4.64543920039 2.88373170415 4.27178508398 2.7225438083 3.09429588912 1.50485024922 ;
1.67760968551 4.79010531309 2.62387013515 2.40807048201 0.626049200933 0.67836649565 2.80530653865 ;
2.48179043105 4.68032671562 3.04524911649 4.34896792678 2.78443310877 3.35905352034 3.07101553441 ;
1.86998707789 4.78782266375 2.60098240784 1.7113008613 3.63855743439 1.26272546217 3.21996438382 ;
2.85034999495 4.72462270747 2.85858536885 3.70988103842 3.28554223306 0.339534040422 2.99047631137 ;
2.83930114025 4.5482897121 3.35378325378 4.04162621434 4.36689742553 2.37737988484 3.37902541272 ;
2.60537512077 4.74367272632 2.79360594369 3.81760543314 1.44259640065 1.27072205835 2.60741393561 ;
1.97412943272 4.67335164805 3.04216193332 4.44104677444 2.95487403891 3.70316688988 2.69159010568 ;
2.09336719466 4.79226515982 2.60282081986 1.91139855335 3.6744752465 1.14030140983 3.17283018073 ;
1.56672720508 4.75769248866 0.0281995579447 2.17581913146 2.06394158525 0.808718413305 2.69033029235 ;
1.29146577726 4.8030465037 2.54947040176 1.7858086848 0.837878286691 0.550945614562 2.81203858502 ;
2.81962583793 4.68614352771 2.9755463074 3.92712463152 3.66094589119 0.185153990011 3.14934167293 ;
0.738512150019 4.74861439617 1.90214977076 1.58802433395 3.78718382288 1.36535883054 3.12821262965 ;
2.84821032767 4.66350819185 2.97637894186 4.07639642241 3.2796423566 0.879887464336 3.01242708528 ;
2.01375304833 4.67584966721 3.03947873206 4.4246460427 2.93593173409 3.67439859203 2.66857823084 ;
2.81942367792 4.55177796506 3.37297865762 3.91832618187 4.52601452622 2.42954084804 3.42001553008 ;
0.814819260362 4.78706520764 1.4009404619 1.55231273389 0.758551880427 0.589589160676 2.63034017397 ;
2.63148941985 4.81189442404 2.14343849198 2.19456831257 3.19096479396 0.644697312412 3.10189273469 ;
2.31216565555 4.76501792079 2.53485996897 3.32354429361 0.701401811017 0.950338216099 2.65321619573 ;
2.0582224266 4.79037298778 2.61426869782 1.93328673814 3.60718755946 1.06686608258 3.27252695719 ;
2.05235910798 4.66273730888 3.0357340927 4.41419415276 2.89833658893 3.56142207694 2.79166944862 ;
1.37930037268 4.789850334 2.26458818309 2.1285272814 0.503142434676 0.653254408071 3.02251039717 ;
2.84667849253 4.72566792757 2.9358930017 3.91255620522 2.8875614903 0.635050627943 3.15344256679 ;
1.95966146165 4.6816388652 2.18191856297 3.03218652777 1.96330518246 0.977163136945 0.102821002239 ;
1.83254462204 4.76116695188 0.0555512227617 2.28102772757 2.66514493791 0.926036817861 3.03864514333 ;
2.84902718104 4.54626447574 3.3908488632 4.0085915904 4.49376931683 2.37573256113 3.39613353096 ;
2.77604310768 4.72162203313 2.85365521425 3.53334807224 3.45230294073 0.0549072397478 3.19479857568 ;
1.83301546546 4.78529865856 2.64643751129 2.52017130056 0.211653355192 0.778693879671 2.71457868653 ;
2.82465320341 4.74131507922 2.81629995628 3.30309735083 2.8801911674 1.67949311074 2.67962151567 ;
2.0013170705 4.67851194484 3.04783746171 4.43679889963 2.90107099757 3.7454390251 2.73366681568 ;
1.61964213812 4.76315132195 0.0309566448244 2.21007183464 2.0134206567 0.813012303321 2.68967175581 ;
2.79642789205 4.54754485073 3.35698151985 4.00856503752 4.44638072347 2.36701484348 3.42288718474 ;
0.997476854162 4.77213454138 2.51267288495 1.56623114889 3.18290304731 0.858327770614 3.09793728886 ;
2.79084615502 4.56016175869 3.2933616704 3.95762143664 4.39378582892 2.05724016149 3.39465659037 ;
1.03929199625 4.77111121736 2.49234625846 1.58026720246 3.46440775611 0.991422850122 3.21125401964 ;
2.7985200792 4.77733559387 2.76269609185 3.28100003394 2.82143749794 0.683553645702 3.14078805682 ;
2.13503856663 4.68193993855 3.08334630176 4.4256663192 2.94799652467 3.69481230075 3.07268620175 ;
1.59747670687 4.76127244727 0.061591809203 2.19004521876 1.97715931452 0.787067408652 2.73750176804 ;
1.78514536106 4.78289168943 2.63026641536 2.45353632947 0.124318348029 0.814876067962 2.79523782146 ;
2.17200900312 4.62760634021 2.82730164783 3.8057192108 2.79005825764 2.10428497371 0.0840531479903 ;
1.21265903992 4.77145433719 1.48330712664 1.61936730977 3.17449487946 0.939564827099 3.06737201181 ;
2.80261716889 4.54698732568 3.37663800168 3.96483200937 4.52305091765 2.37348173278 3.42517690457 ;
1.65281504852 4.7878266191 2.1103964405 2.35408710218 0.22365312156 0.712123408689 2.79637119612 ;
2.0693521079 4.63157483539 2.67109182409 3.73950676797 2.63927199636 1.94319421579 0.0600884290533 ;
2.71024548126 4.73046071375 2.78130607811 3.40509935855 3.39335019683 0.066279877484 3.21052903376 ;
2.78813784357 4.73688175832 2.73208974274 3.44166484033 2.82070277023 1.77999636598 3.13815492282 ;
2.07379111223 4.68578830439 3.06017595251 4.44580956344 2.9265512007 3.75137863856 3.03435048083 ;
1.36982230059 4.77813822911 2.07876336594 1.57513475776 3.42540694642 1.22393420544 3.20758316413 ;
2.0469343671 4.68214844076 3.07362403254 4.44454227041 2.9901129722 3.75919557612 2.7458324667 ;
2.81388432363 4.56272900567 3.29143379746 3.976572069 4.25142354065 2.27315860083 3.33926968563 ;
2.32029751233 4.77632924836 2.76760689192 3.30215000655 0.93574533842 1.05787756275 3.07899848387 ;
1.25929659056 4.78705621141 0.747385261854 1.85090413876 0.954812511777 0.614622028183 2.90313847216 ;
1.88088439669 4.68815513347 2.25166686532 3.00922767019 1.93806516397 0.901134318629 0.152359723938 ;
2.79946782944 4.73908865827 2.74514327164 3.27698174891 3.53350138594 0.245218321171 3.22903814311 ;
2.79791972907 4.54948213105 3.34650664359 3.95375979054 4.44391054798 2.26198541194 3.38379420331 ;
0.971120732144 4.78946359071 0.922041182701 1.57350439012 0.807829362756 0.629022079384 2.97347960576 ;
2.90534188431 4.74367728085 2.6780410488 3.55370450587 3.05828270193 0.773963294726 3.09799655302 ;
1.4562106256 4.77333419927 2.13798317331 1.75461775758 3.38590993916 0.898828442921 3.20784627172 ;
1.75642714085 4.70947603278 2.04194917205 2.81256061871 1.71385955827 0.902270448766 0.136329822611 ;
2.20052228729 4.77464673665 2.67406325247 3.11691874245 0.266555313807 0.966789335029 3.09103519939 ;
2.0474427532 4.67764542589 3.07111511946 4.43896795491 2.97929230276 3.71397867312 2.75388403463 ;
2.82053651055 4.56863206024 3.3300597495 3.86298107322 4.45801669658 2.33996977301 3.43987366884 ;
2.29849414501 4.7686244252 2.52722953894 3.29235473923 0.100066701016 1.02786691607 2.77788075662 ;
1.35373641547 4.76153686318 1.49997690247 1.60443118469 3.63914592339 1.28168456341 3.08516012791 ;
1.08178119108 4.79457666866 1.75761618438 1.66492408771 1.07222291587 0.502813222509 2.72954128683 ;
2.73449782421 4.73836392993 2.71341831208 3.32549312811 3.42159738594 0.156903105581 3.15496345045 ;
2.71183406431 4.67147018559 2.8023649393 3.84710181648 2.67887498405 1.73731740026 2.43967005135 ;
2.02894891367 4.68366307721 3.06213601158 4.45095643279 2.98353979406 3.76446247287 2.77536862054 ;
2.7856796488 4.77216872726 2.61460121063 3.30771386737 2.77015716817 0.3474640534 3.18040126296 ;
2.80943798966 4.64609984775 3.04372462746 4.19183726341 3.12905109515 1.88834720961 3.08398015999 ;
1.31624703427 4.78843323487 1.93081880546 2.15244110969 0.561038767606 0.684513000031 3.00145025839 ;
1.95610826573 4.69182031004 2.10826297234 3.02022077612 1.924467641 0.905076462124 0.138264725072 ;
2.8148672642 4.54122768335 3.41206851192 3.86734115953 4.68500978464 2.27520906801 3.43926590385 ;
2.00713534762 4.68171246415 3.02430672701 4.42455177751 2.87299426445 3.74498122292 2.76522593653 ;
1.62952941771 4.76870484692 1.84837354945 1.66593268132 3.66696995418 1.20228088672 3.21182819092 ;
2.08413612989 4.7911682 2.60061560341 1.94981541417 3.63360154594 0.997766387543 3.26138007836 ;
2.79355138536 4.55781478875 3.30719906218 4.02592000508 4.39766319246 2.04487937425 3.39563674422 ;
1.55570609958 4.75932654462 0.0549885931878 2.14080868134 2.04518702446 0.781118837604 2.76351422929 ;
2.11604450641 4.68071604672 3.07858204273 4.42922264295 2.9347315704 3.74530409855 3.03677582205 ;
1.26809081767 4.79922373982 2.56607039408 1.97979679517 0.5822905049 0.683455654176 2.80224135989 ;
2.13720007613 4.63244178868 2.77397065675 3.78665861172 2.6783974008 1.97715142271 0.0760638962277 ;
2.82746116393 4.74679399983 2.87044174717 3.86778176254 2.17860180286 0.793094352561 3.09549546237 ;
2.7959228519 4.54460199625 3.3440679792 3.98799851332 4.44139529605 2.22783013787 3.38153891806 ;
1.60549622419 4.75120769604 0.0787286231684 2.43503590802 1.46283086047 0.723399154887 2.52951839397 ;
0.20882705704 4.76539314473 1.93278966239 1.36709620281 3.17488929253 0.884388333178 3.01160105651 ;
2.03334050311 4.68078657052 3.06697586834 4.43410653208 2.92464856993 3.72743900833 2.74215362818 ;
1.81384125866 4.7829441766 2.64694982798 2.49533875338 0.205812609055 0.833259702621 2.72680364363 ;
2.54872553669 4.80814122389 2.38194477102 2.06807506011 3.4188109678 0.930975792761 3.21549882367 ;
2.75168260964 4.70745735646 2.90218266985 3.99114436886 2.86121796455 0.750819604535 2.78353121233 ;
2.79092967706 4.69074972592 2.91947182381 3.84639632343 2.54995539797 1.88851304488 2.81835940686 ;
2.78405599488 4.57020632741 3.30251694443 3.79693389435 4.46991609509 2.35719187996 3.39938103272 ;
0.797118453236 4.78441589148 2.47836417277 1.31477336605 2.47055253014 0.844963234654 3.01505989183 ;
1.63115317028 4.76149597233 0.0435202890537 2.21950982809 2.03397564728 0.803031204905 2.67458177616 ;
2.13583504926 4.78102445053 2.65339812223 2.93629438564 0.363677189951 0.708205885085 2.70516860084 ;
1.98577368733 4.68185539192 3.05409820058 4.4507854404 2.96300872273 3.73673319151 2.72737162145 ;
2.73827198944 4.73073472582 2.81800185638 3.28444718287 3.53865608104 0.229394656396 3.06863130436 ;
2.79044458784 4.72381499446 2.83280862211 3.89308918488 2.68865575898 0.775960425158 2.81325372705 ;
2.06646426607 4.67506439797 3.07786240627 4.44292931809 3.04270727989 3.73030609639 2.74830870859 ;
2.3949319323 4.80614680616 2.50755860347 2.01000021527 3.62626906917 1.20257138778 3.25208129294 ;
1.12299342446 4.75548322323 1.11279190178 2.00739435078 2.75680107723 0.609628034133 2.76516508833 ;
1.2294601871 4.80079388146 1.88537996836 1.48657128147 0.221938526561 0.601352370627 2.78294443197 ;
2.24519742136 4.74795067144 2.53943774057 3.6232753435 0.227557750508 1.2800958238 2.51605346446 ;
2.78973643711 4.54372066877 3.34077202205 4.02323596293 4.46042967209 2.07810734074 3.38304992681 ;
2.07805097957 4.78030234954 2.66620262428 2.95497617827 0.789404261987 0.779210603155 2.77872076643 ;
2.85175799682 4.54743168057 3.39079362282 4.02601288571 4.44857318822 2.43594002996 3.37545748947 ;
2.00520820107 4.66913537408 3.01625825497 4.41487177061 2.83923647607 3.56047724892 2.70187509956 ;
2.07047963858 4.79055076476 2.62430387772 1.86088828672 3.67323435636 1.15751235525 3.22437783451 ;
0.414210050163 4.79337318185 1.55703250768 1.20214730092 0.917852492412 0.596540089822 2.64248538825 ;
2.85610143561 4.70142657277 2.94966545699 3.93265006948 3.24965867726 0.571948647454 2.94369881953 ;
2.06637922946 4.74870294615 0.0405418450966 2.47601200834 2.50562700605 0.907206703476 2.76023559965 ;
1.9642501718 4.74923737127 0.0777220659096 2.39213613724 2.7481166389 0.798891943301 2.82610096712 ;
2.13866644409 4.68483723755 3.10101939809 4.42536660206 2.975229237 3.72612295874 3.05218728328 ;
2.79522173527 4.56938471515 3.27376835848 3.91541282695 4.31574930675 2.01621858729 3.38190810186 ;
1.63666503042 4.78355745784 2.1051733858 2.3544664398 0.109092854373 0.780434349541 2.76686281058 ;
0.9046356543 4.7715086625 2.33051647271 1.38401345473 3.54507227729 1.05257231475 3.1993111549 ;
2.11865305645 4.63157829299 2.73674558909 3.7942026879 2.67818138269 1.99865549183 0.108678391377 ;
2.69519279804 4.78395264374 2.75160947317 3.20227700472 2.75899920921 0.600814665219 3.14281371412 ;
2.40244023032 4.78315003476 2.52932957641 3.23183236118 1.11075646832 0.53383002175 2.98752697721 ;
1.19565457108 4.64564084802 2.8164539593 4.25081001577 2.24042240933 3.07612278966 1.78715503167 ;
2.76725767082 4.54421923247 3.34646206318 3.98471617062 4.46915224228 2.11115849281 3.37807744795 ;
2.86625701447 4.75548042778 2.58929073987 3.2032354116 3.26609146557 0.944412301521 3.00090120393 ;
0.974614306365 4.75402790609 1.55789895836 1.57623586554 3.33401366727 0.93456433385 3.0039692894 ;
2.48592818631 4.69069093934 3.17093240159 4.45719187243 3.19032681042 3.78462769705 3.10227351963 ;
1.07130338073 4.79226543856 1.66401437783 1.5140281898 0.283990135299 0.694572291691 2.53780655756 ;
2.81574532447 4.76741444572 2.81402575013 3.60109350228 2.24565114223 0.813443788229 3.11336454587 ;
2.18802599419 4.65854648955 3.11927523024 4.45209852414 3.07932164053 3.53798897541 3.06335372656 ;
2.03388089853 4.64403441457 2.66823652542 3.64303854971 2.40016952356 1.89479878204 0.0879120869651 ;
1.38111151441 4.79760857493 1.89511112405 1.97920417026 0.120840425395 0.652255485533 2.8265456141 ;
1.75404348751 4.7522476275 0.0494251327871 2.20127075801 2.90723628992 0.906426524437 2.89640716235 ;
2.80600362165 4.58843983913 3.23264632292 3.72544945076 4.40461013766 1.9244237359 3.40422425312 ;
1.26050735282 4.78534565395 2.58101113322 1.64662726607 3.2955940645 0.691259675099 3.18206613868 ;
1.48811502986 4.77734023006 2.05458848384 1.63331248637 3.4254488388 1.01946946491 3.17033899424 ;
2.80111500557 4.56769975062 3.27063897195 3.89132282487 4.27974427125 2.26177090638 3.3786449616 ;
1.78295665382 4.78689683508 2.65514959012 2.53437962363 0.395694035275 0.870911923996 2.89853792055 ;
1.49104861888 4.7756113199 0.0597531555851 2.26784499909 1.31768068731 0.577691842844 2.62643161054 ;
2.1466005499 4.68620928067 3.09666661624 4.41607639695 2.95196078472 3.71439616803 3.0521572037 ;
2.12491656958 4.64037717707 2.75765540812 3.78690740361 2.63030913167 1.93577496136 0.188279884856 ;
2.84237582738 4.73593738849 2.85544796225 3.64006188723 3.20730946987 0.394139277089 3.19594782289 ;
2.86527285886 4.6666523394 3.01856193141 4.11609060273 3.27648892528 1.12414541518 3.16882451278 ;
2.55725149334 4.80309627581 2.02971584412 2.33454926312 2.97908923993 0.608226989716 3.14941974639 ;
2.0561276312 4.69041029835 3.03800937117 4.44399154242 2.89532272367 3.70769567065 3.05163407586 ;
1.96672745021 4.63727177949 2.59146236493 3.71951674007 2.52596674677 1.88130713275 0.0743749286006 ;
1.63808066615 4.783290346 2.00814067687 2.37075397712 0.199123266545 0.755571555333 2.82038369521 ;
2.81489874568 4.54202456 3.40494136009 3.80818433322 4.65590162958 2.48135071203 3.46004864252 ;
0.589580779526 4.7602575522 1.97857759792 1.54701749597 3.41598336779 1.11560245533 3.1267350212 ;
2.43319574166 4.80222295322 2.38871275784 2.09273555672 3.48199077421 1.01417024701 3.17981549652 ;
1.9782031454 4.67891044705 3.0291485813 4.43836426283 2.86423006171 3.67706222227 2.71403047719 ;
2.82702018521 4.54583517848 3.38847020541 3.9985945658 4.49007709349 2.44079539834 3.37651343245 ;
2.23929219988 4.7767449987 2.65590155714 3.08220636927 0.301276238187 0.854479338466 2.75770687798 ;
1.3387422261 4.7560518152 0.0161843776076 2.0995266767 1.82313247942 0.731167539989 2.60303760072 ;
0.475365510976 4.78220904431 2.54436241757 1.37096524423 1.74990343604 0.708582097894 2.842128108 ;
2.80618409668 4.67948623114 2.95307755193 4.03601734076 3.14083396829 0.776559268718 2.91666235205 ;
2.13161237371 4.69073732069 3.04303694369 4.4335593524 2.88517585691 3.69642411882 3.0933815079 ;
2.82001559311 4.67078179548 2.99904711857 4.08989706685 3.1685764564 0.921707335983 3.05480317595 ;
1.43439667536 4.62059484494 2.5137424967 3.92143877302 2.3781914505 2.3150687925 0.567556547844 ;
2.80894020034 4.54720368892 3.39136530331 3.89348012505 4.5824123354 2.45657183922 3.40915863611 ;
1.61531643262 4.78783383777 2.10308954131 2.30838518575 0.226411160943 0.700038876313 2.79073515446 ;
0.841203438245 4.761200484 1.63737273419 1.42048968009 3.39737321104 1.11958578356 3.08261610524 ;
2.64493621349 4.81368578299 2.12932132735 2.36068035295 3.0724111881 0.651595585275 3.12756362705 ;
2.64165424261 4.74416447952 2.79835179645 3.17053328904 3.41590321625 0.302677270983 3.19956969681 ;
2.64342764683 4.77335662408 2.72166568477 3.68362170268 1.16485917708 1.41114513507 3.07093964269 ;
2.06273140657 4.68298007372 3.05503707233 4.46525072819 3.00158208709 3.65862482397 3.08026434398 ;
2.80100987616 4.56519462387 3.29335433895 3.87026592438 4.34599512722 2.29625337866 3.39800127601 ;
1.42826939913 4.76275479035 1.10491602213 1.7471844486 3.27924859546 1.08607415753 3.06133711399 ;
2.20157171616 4.62852408032 2.80610976222 3.82333278178 2.81981502937 2.17727601596 0.0799805840555 ;
1.08749550963 4.7967184732 1.94377445886 1.72708755688 0.489091440896 0.543860723151 2.63487503087 ;
2.7563846659 4.71179336371 2.87370523711 3.69471005392 3.38387003939 0.0618880849417 3.03705143876 ;
1.89590980505 4.78998806365 2.28039055086 1.77736963905 3.44787253539 1.09130766403 3.18470002018 ;
1.89647462847 4.78553389329 2.65266095981 2.65992510903 0.235593314064 0.802075207694 2.73846286198 ;
1.99385229776 4.6777559242 3.03498604481 4.43506654333 2.89668426659 3.75017117173 2.75526130801 ;
2.76285893593 4.66471768949 2.82619124865 3.99698464474 2.71222293205 1.7970901817 2.61531238195 ;
2.82868781437 4.55426227259 3.37771551217 3.97246168788 4.51539395359 2.40789946867 3.434236135 ;
1.04681952858 4.77238595175 0.451643504616 1.91649667196 1.47343015087 0.598289329484 2.59794367704 ;
2.79502468261 4.65666578217 3.00559815982 3.97452002241 4.00512500422 0.0648391153781 3.23475170677 ;
1.83350122747 4.78302332123 2.46948036882 2.53519603688 0.191995403551 0.808999283939 2.67678398849 ;
2.71890312041 4.68834561225 2.78156901126 3.98590497403 2.5503670173 1.30640526628 2.70564317325 ;
0.82882979794 4.75872018431 0.357713639164 1.82620908799 1.84564322149 0.667429911773 2.69535469033 ;
1.98604521299 4.67749819976 3.04663672104 4.43025663891 2.91514802482 3.72154092622 2.71452163411 ;
2.09475333006 4.80094010993 2.34900773401 1.91488046472 3.37679161523 0.930903629972 3.1530688933 ;
2.83847552403 4.55439983724 3.37941811058 3.95754146518 4.51806431493 2.41689344091 3.41485839512 ;
2.79436965715 4.55006789279 3.336176319 4.02637771211 4.45552549711 2.07942973543 3.37708493764 ;
2.13932365478 4.7930486472 2.62905871278 1.98373046902 3.62572095043 1.01541725985 3.19391167598 ;
1.72924526769 4.74754409983 0.0516700649962 2.26346616207 2.38703591805 0.901658983667 2.70796075124 ;
2.77732874968 4.71793850489 2.88157677319 3.91585926577 2.62252789633 0.873464083846 2.79355914482 ;
0.682465130949 4.79956383669 2.21043440738 1.39370357216 1.00591088676 0.552929850799 2.82137333851 ;
2.04624771132 4.67861718176 3.07331330374 4.43484150809 2.95342375447 3.75044006113 2.73627596021 ;
2.25526593322 4.77714306465 2.57352375333 3.0965753317 0.100813811933 0.85351574925 2.65447819313 ;
2.19588125184 4.79554478564 2.32971796901 1.89916300325 3.6524666551 1.05204557753 3.19346369529 ;
2.02925045732 4.68471179554 3.04415913749 4.44520829966 2.94360847695 3.71835046597 2.69943730943 ;
2.02098666286 4.77542707319 2.56709858567 2.79346921589 0.0906116888622 0.956960655631 2.72131152255 ;
2.81253257285 4.51903090179 3.45844134966 3.78902990764 4.73401965078 2.5639119221 3.46622424725 ;
2.79059499188 4.61553125244 3.09431336709 4.22790858013 3.79791372976 1.37099961216 3.16479118688 ;
0.812824362138 4.76214250407 0.783490186813 1.70519371992 1.62683562982 0.655093564291 2.62644472816 ;
2.56302592849 4.76571913474 2.6670523404 3.50023307903 2.30478882537 0.600934449666 2.7786183101 ;
2.78461209248 4.70257058852 2.90887198647 3.97420378596 2.9924781294 0.714482322794 3.14900363136 ;
2.06893645641 4.68523460091 3.0613673213 4.43823134173 2.91481913582 3.72291876874 3.03689316731 ;
1.68580184221 4.78662519796 2.05449099337 2.34842090371 0.185277043675 0.742297081297 2.78773723019 ;
0.221083311809 4.76564013371 1.69176355246 1.58450562722 3.05546760599 0.818275003111 3.00145194656 ;
2.09345713088 4.63267659274 2.63279826124 3.72136504074 2.66616318624 1.92442601437 0.083352245192 ;
2.81547375899 4.54637315482 3.3545997571 3.99405942797 4.44852655286 2.36023777621 3.40846916586 ;
2.50925499176 4.80022709019 2.07418030398 2.10350500269 3.32470097863 0.943366110039 3.21207055068 ;
2.83883278295 4.54438612266 3.40468624276 4.04292769443 4.49796929561 2.41822585633 3.39951775721 ;
2.62815613949 4.71962555595 2.8756167508 3.32498620752 3.64653411111 0.0518325590657 3.05891004807 ;
0.635017667922 4.79878563023 1.96230985626 1.16699341459 0.890207093369 0.623207392197 2.65727270619 ;
2.47384036562 4.73993753341 2.78472511264 2.92816175947 3.25518812604 1.81221327638 3.04929506087 ;
1.77949970407 4.7427597934 0.129695228259 2.23780327366 2.6885784621 0.904588621755 2.7716254006 ;
2.20688886128 4.7744215908 2.61449548246 3.14065124256 0.847897657262 0.681257725731 2.79799945867 ;
1.99907190659 4.67694034168 3.03863991469 4.44647858084 2.87753848764 3.69811394345 2.71627103677 ;
2.83306807758 4.54331703762 3.39558402851 4.00951911521 4.55263441478 2.26570079364 3.41809359894 ;
1.61764016465 4.7837936867 2.0919337102 2.34252442512 0.0748679455823 0.761415175917 2.66039421122 ;
1.75261370944 4.74405532063 0.0460199862392 2.27106851612 2.83682579862 0.922121058797 2.75249570687 ;
2.29499877746 4.78385439699 2.67211680946 1.9967734889 3.78014357179 1.82207521624 3.27209644827 ;
1.60393515243 4.79651131669 2.59000305277 2.02034949554 2.88736153665 0.282348514895 2.99602721767 ;
2.84266937129 4.69161724401 2.93672355708 4.0209061268 2.86121012625 0.944894137875 2.89748065119 ;
2.01408766986 4.67853159723 3.04821949198 4.44069146468 2.90787086559 3.71702546799 2.69987802678 ;
2.48516142375 4.77581860288 2.70108356726 3.41684102601 0.719775171869 0.998364210906 2.86365962056 ;
2.84598160339 4.5557776428 3.38924797624 3.95169620439 4.48900490132 2.41484524636 3.40642119099 ;
1.15152036327 4.78765921249 2.58917269333 1.64636214001 2.93246269987 0.803053889878 3.01219250059 ;
2.80280268693 4.73884032704 2.85212688619 3.27322531559 3.56255870447 0.55093461396 3.11271154643 ;
0.935621379437 4.79311614556 1.43266904791 1.56678697941 0.121803049972 0.622601274397 2.43087026674 ;
2.11831091282 4.6559548403 3.02615083266 4.36898556833 2.92851384463 3.31128562728 2.69452312879 ;
1.82574938748 4.74305738109 0.0979735790379 2.29114657962 2.95110968396 1.00159067445 2.81549655077 ;
2.11518001451 4.78856341299 2.28411494649 1.83911121397 3.70290978655 1.11059787726 3.21948759117 ;
2.11105653248 4.68217340338 3.09580619366 4.44328566233 3.05218040025 3.80597880436 2.78066255305 ;
2.27094635557 4.78026948263 2.59366057066 3.14806804363 2.35607644522 0.196946645506 2.92602197502 ;
1.99845797262 4.77541392448 2.61682662267 2.79247134372 0.0762660611183 0.991830329293 2.77940766578 ;
2.81358891366 4.56912605894 3.33357522084 3.97984365113 4.53970882761 1.93914388812 3.44356104251 ;
2.70357335422 4.6293923359 2.95648337741 4.08202444108 2.87814908069 1.70833650032 2.60526870374 ;
0.930498346232 4.76062485084 0.521426545013 1.80966580767 1.47773876784 0.717798284416 2.53363186451 ;
2.81592801391 4.56691742358 3.30307481611 4.0193322836 4.26875627621 2.12637380934 3.36955472226 ;
1.59861604882 4.76066541807 0.0165109318627 2.22641240408 1.87121928421 0.732015844195 2.6368149244 ;
2.05495848432 4.67588280931 3.07252447928 4.43665310372 3.0389543055 3.69263607139 2.659868978 ;
2.81787432799 4.75246638454 2.71920531689 3.16423740913 3.2201798628 0.393545354771 2.93057743596 ;
2.70082577183 4.76471123593 2.81133786069 3.80282933006 0.816559757941 1.70353251941 2.91216080759 ;
1.31097855672 4.78921649037 2.555985351 2.05079292134 0.764202298846 0.506327778071 2.70798996709 ;
1.22984930398 4.75968576582 2.39230044982 1.53771605731 3.77611994046 1.41324249084 3.23743539648 ;
0.0973852811316 4.70510404593 2.75101621863 2.9745387003 3.47320189211 1.05382934292 3.05011919547 ;
2.87421508859 4.68384584644 2.97122607134 4.01820669229 3.10104064437 0.850585256144 2.96150924103 ;
2.02137019987 4.68147212432 3.01795073496 4.43733928376 2.84297924674 3.7100874859 2.73679205368 ;
2.24924883748 4.8011186359 2.59384861894 1.89739277837 3.29673700329 0.942180817434 3.12611768795 ;
1.6242206414 4.78352038436 2.16389137319 2.36143491543 0.221311005692 0.753846478581 2.6692501083 ;
2.87667207917 4.54370760685 3.41161428085 3.97275082571 4.53059881447 2.46961795486 3.37426243728 ;
1.714862884 4.74897425494 0.0211503251575 2.2535716733 2.84554873933 0.903757591634 2.74458385027 ;
2.13638915388 4.6281061403 2.78752102393 3.81924088641 2.73822224506 2.06545759697 0.0701761310609 ;
2.06967041782 4.68746942025 3.05529948751 4.45450056962 2.90235548609 3.7134832198 3.05514562273 ;
1.9259431746 4.79487376096 2.32779959924 1.84107379783 3.34015364851 0.918896055782 3.19736718602 ;
2.81497376729 4.55038900142 3.36954699147 3.9216588577 4.52893833431 2.41076102898 3.42503075084 ;
2.80731092509 4.68992257987 2.92667033465 3.97611398855 3.12897899429 0.849116225643 3.15386120542 ;
1.75799765714 4.78580881308 2.63467728673 2.49059417142 0.217501382885 0.792292992698 2.81267405562 ;
1.26418757074 4.7660936011 0.0789249846753 2.14829616002 1.61880562561 0.652025891665 2.66061861546 ;
2.81552938689 4.5672601314 3.29687663482 3.94464517221 4.33548627786 2.03848477455 3.36161290826 ;
0.622913765466 4.79926073382 2.56532787355 1.61249611836 0.863168328494 0.661573032015 2.61030690017 ;
2.78488563772 4.772136292 2.70593647608 3.31637789142 2.73568284317 0.578514124332 2.89528184763 ;
2.05904710777 4.67304609494 3.05555721904 4.4132813757 2.94555587482 3.64342293741 2.69883019883 ;
1.59345719843 4.7590957638 1.90170809821 1.72093916872 3.78906949485 1.15434199863 3.1362273875 ;
1.33653141514 4.77533954391 0.0247433569773 2.18722898182 1.24984170627 0.575033018982 2.54418611298 ;
2.4720521926 4.76211736307 2.65542987529 3.21468455319 0.124230215469 1.02164764198 2.87138919742 ;
2.75929042695 4.74446547578 2.826815623 3.1958854154 3.4878119797 0.452042659151 3.05034054494 ;
2.14238345521 4.66050032096 3.01292591571 4.3425467247 2.87638173663 3.27765484064 2.65385532606 ;
0.81144581941 4.78850358466 2.60731154597 1.62639785903 2.46693627929 0.774673287382 3.02556545678 ;
1.78240291815 4.74600894393 0.17177619508 2.17477506488 3.00017111833 0.991905771583 2.90239357409 ;
2.8069891881 4.56834249911 3.34501626443 3.89916443193 4.43236966112 2.39893274665 3.41483804659 ;
1.23142132643 4.78316117952 1.26773585354 1.6795552433 0.158034420977 0.678814228128 2.13269067238 ;
2.48707131831 4.77950889136 2.68906494823 3.4225849394 0.557233848958 0.995821416627 3.01118975905 ;
2.11066221118 4.60063364619 2.87969557263 4.06531733498 2.80904026225 2.51363745487 0.145584282259 ;
2.52858901361 4.80361316669 2.16380551933 2.05414953395 3.37197216219 0.937392703015 3.14925604016 ;
2.79387874237 4.55539230616 3.31240551823 4.00448001146 4.40703395895 2.03291290177 3.39787375458 ;
1.43304797392 4.79129838587 1.89673726896 2.03500034473 0.16372001477 0.688967494943 2.66293430796 ;
0.259671143268 4.75756871457 1.62423256458 1.8027050239 2.99038391423 0.787444619086 2.89061237596 ;
2.09254929917 4.6836564897 3.05524266595 4.43879032169 2.93465457561 3.72410496657 3.10366695478 ;
2.85876474598 4.74110894284 2.7780124207 3.89726304354 2.16450314714 0.809656103281 3.04904403438 ;
2.84197812156 4.70620571362 2.8761649279 3.96186344141 3.16983904717 0.644250598785 3.15431631721 ;
2.8339105525 4.54836129609 3.37119663278 3.98434227609 4.44841768411 2.40686127942 3.39560440578 ;
2.1108703878 4.78765865112 2.14348048322 1.94105169193 3.51832715432 0.978848032336 3.21868750367 ;
2.02275925162 4.62523583597 2.64261074239 3.71216540241 2.78301738975 2.03965992966 0.0552331588551 ;
2.18655302945 4.77931930398 2.59325448634 3.10638626188 0.524256999861 0.902583855293 2.90811253418 ;
2.04457293152 4.68202646973 3.02940948972 4.43233734388 2.89258568751 3.65575088697 3.06745438676 ;
0.732052052833 4.78972341743 1.19966026428 1.50773168202 1.10436691436 0.596039917355 2.68861076083 ;
2.05147877251 4.68287911216 3.03057207855 4.44284252711 2.86781139795 3.68604511635 3.04600131258 ;
1.78068754527 4.78981458851 2.01107685944 2.3040152232 0.44239377384 0.651305962984 2.89673165905 ;
2.82544455746 4.54315076921 3.37113768681 4.01885222325 4.44987790602 2.39672318396 3.39633576394 ;
2.06345589143 4.6419458823 2.64852312515 3.67857572071 2.47850264473 1.92749898755 0.0703227763978 ;
2.4413057913 4.79008613028 2.13157217751 1.93744541927 3.53687259346 1.1786290847 3.22519955813 ;
2.8796842036 4.71820126233 2.9044683565 3.8753793437 3.0691137581 0.676310945821 3.16103998154 ;
0.197201328103 4.76073393834 1.64420239388 1.9987039238 2.92872859763 0.712388150334 2.94697920146 ;
2.81733587622 4.5442553509 3.36056925383 4.02629569772 4.37300673343 2.35867921449 3.38233997444 ;
1.29401073955 4.7957971023 1.82470273279 1.65689371653 0.145963783011 0.634835268515 2.60044517462 ;
1.56611730647 4.78733622031 1.79151784449 1.90961851256 2.79994060573 0.251686450343 2.94653196471 ;
2.03654793254 4.67630276806 3.06719768631 4.45032049737 2.98883975405 3.72936259817 2.71381861855 ;
2.23043387901 4.74273398848 2.54714879709 3.79118479056 1.0136276392 1.28457649672 2.58823631304 ;
2.88620562551 4.71301419057 2.94343003592 3.81217200316 3.35869535728 0.424215027144 3.02680946431 ;
2.09509718114 4.77376575125 2.0265091721 1.9556013242 3.66556453427 1.86861904775 3.18449215889 ;
1.57314879646 4.76112966049 0.0258864806892 2.1659834466 2.04836674794 0.821546186846 2.70857680796 ;
2.83991227809 4.55711225507 3.34035212874 3.96352255202 4.36956443216 2.39103571702 3.35422556632 ;
1.57148360141 4.79438264799 2.58790084117 2.15080448324 0.179353803196 0.617108254771 2.72157657456 ;
1.64878192028 4.79481669409 2.57955423727 1.76240424605 3.23572016137 0.941886834942 3.11579060531 ;
1.92982392234 4.6792731314 3.0226079811 4.45107756407 2.97896284026 3.72102776198 2.75214363513 ;
2.63457704337 4.71642395436 2.85808306705 3.90631706667 1.69333090164 1.76840650931 2.56375314819 ;
2.84410501645 4.71656448182 2.87839768387 3.68640792427 3.48184437489 0.187727442326 3.08316063607 ;
2.84370871119 4.73269514987 2.8887608288 3.94208814478 2.35013485118 0.820209779389 2.8048784895 ;
2.80206602581 4.5537474812 3.33142582995 3.98396976576 4.41962709395 2.08503219053 3.37524044775 ;
2.00649363719 4.79779515837 2.60788761589 1.92960456145 3.42557689797 0.867877570099 3.15818478172 ;
2.03366185852 4.67789428456 3.07150583184 4.42873480998 2.91458830844 3.70209713408 2.71746974811 ;
1.02485210265 4.79895164832 0.0410314435407 2.03335846214 0.516360021957 0.505220939517 2.52310902629 ;
1.35640622599 4.78291620636 2.58810380395 2.16179181034 0.39558103651 0.792124405234 2.66860371475 ;
1.97298501015 4.72883168153 0.0628427453767 2.33467206669 3.02441280666 1.05688238144 2.82767181621 ;
1.80598973507 4.75463675498 0.0531803719254 2.23111017207 2.92710033813 0.949320534132 3.04665722364 ;
2.07111661756 4.68312168111 3.09801777742 4.44472091526 3.02682131547 3.76887375431 2.79149637444 ;
1.95035149153 4.80140372837 2.61185079125 1.98803051077 3.34125922357 0.809126244871 3.24120471946 ;
1.24950062012 4.79900151277 1.94045515317 1.86546851118 0.196021317001 0.644929766204 2.96003354426 ;
2.77707231027 4.73897364871 2.84692155687 3.90232379046 1.80935939906 1.10150172818 3.08091938328 ;
2.80868442246 4.56465380176 3.28963954129 3.98780977136 4.34841297583 1.91287253559 3.36372155239 ;
1.94042333343 4.6786854505 2.23686843513 3.0639706288 2.0190908071 0.984508007865 0.150722181222 ;
1.16298856504 4.76916398653 2.02159118867 1.3956410034 3.52420652982 0.992568954741 3.18301089991 ;
2.79546108401 4.56151667049 3.3037131647 3.88945418151 4.34518623098 2.32123000101 3.37433983675 ;
1.73058252705 4.78972925312 2.18579607815 2.34664197385 0.10406786458 0.734177805922 3.04238504522 ;
1.97913624084 4.7881687815 1.44899267586 2.75658791858 2.22918279661 0.874695085497 3.08400739542 ;
1.9579447028 4.68583063366 2.17156171592 3.00913508641 1.91051777485 0.963607347766 0.0956393889841 ;
2.08446508305 4.68046665888 3.05714699312 4.4195823376 2.8736962977 3.66338115341 2.77301513603 ;
2.89050647915 4.73573776539 2.90125054779 3.60436578286 3.2980072683 0.486123649846 3.19260127398 ;
2.46024567461 4.77989626515 2.71171441105 3.3956033372 1.0614764518 0.831742904938 3.06147592771 ;
2.10417995136 4.68615894944 3.11826966502 4.43191051848 3.05431323689 3.72538068589 3.07094502475 ;
0.807448262083 4.78870505575 1.49244067361 1.43485036076 0.302172186726 0.627459109102 2.54789653373 ;
1.96365121081 4.75218014733 0.121516776551 2.35904523749 2.89129189058 0.898721919316 2.89457253761 ;
2.06673915257 4.63866783884 2.73660358526 3.75013627136 2.55942743878 1.97125667385 0.141046944702 ;
2.85394279951 4.59609327643 3.21477637903 3.9005580153 4.11447738153 1.7673161714 3.34012259988 ;
1.71460842772 4.7950271291 2.55634674518 1.81848610859 3.41837859625 0.789513210781 3.22480534916 ;
2.25723893685 4.79581310028 2.65260818492 2.12459137716 3.5619208576 0.93922843828 3.24163144513 ;
2.80628446247 4.55330192667 3.35325874101 4.02387310831 4.48855340027 2.08565813444 3.40918306192 ;
2.09965352349 4.78279486571 2.65251594082 2.90277364584 0.233226325332 0.809168145077 2.74174949765 ;
1.77498208421 4.75052894878 0.224215585557 2.48362169484 2.33606173164 0.789873367204 2.72425926314 ;
0.442053340536 4.79088830957 1.88656902644 0.855964353163 1.32106420168 0.761297454628 2.79647391981 ;
2.74301927926 4.69845741533 2.90015089137 3.97227922346 2.66564185705 0.97943446757 2.65290622029 ;
2.05413412171 4.67524019346 3.06911142504 4.43683814328 2.95572046113 3.74348902849 2.77072725865 ;
2.77541545411 4.7346731617 2.86170747029 3.90124865577 1.59511220729 1.6228697888 2.84915166036 ;
1.88631034605 4.79434913337 2.6162606978 1.80128204397 3.48159128368 1.06847015528 3.19570530601 ;
2.76728104166 4.7005232154 2.91670982137 3.76225228234 3.43230869919 0.176275995412 2.92793343116 ;
1.28972753533 4.7934683749 2.04148810456 1.99494666234 0.369405877103 0.600208374547 2.6734365331 ;
1.96818388808 4.67859436343 3.03923768294 4.43797967563 2.95416510593 3.72360633527 2.7160832832 ;
2.82647468064 4.54683996901 3.36380553223 4.01367322673 4.42490484893 2.39323115426 3.36233799077 ;
1.75365494713 4.74702154974 0.0472251887976 2.27004815745 2.8398216029 0.915487199261 2.75141367739 ;
0.983165238042 4.66585711405 2.89942874032 4.37998643208 2.74406878943 3.4919808108 2.00775269591 ;
1.56771515051 4.75858463294 0.104953798599 2.19159392987 2.02854258024 0.78603461646 2.68792333838 ;
2.865055463 4.53972260728 3.45152245343 3.94809731438 4.65175487749 2.49256193455 3.42327253717 ;
1.63374618603 4.78923985471 2.6441884035 2.44442129395 0.515450709742 0.700448218156 2.74309313467 ;
2.6422491143 4.66471148731 3.02811372439 4.29740934629 2.93029052351 2.77720477133 3.00245232231 ;
2.75466333758 4.72717931797 2.827714176 3.45797431264 3.39493370409 0.0957177663393 3.03732061074 ;
1.83536947759 4.78727019209 2.60434998231 1.69333379346 3.58539245642 1.48476676109 3.20556715333 ;
2.11901923724 4.79841143045 2.61241360297 1.94707660778 3.49385059093 0.93971496486 3.16360326135 ;
2.81019175264 4.55517965343 3.3693767311 3.96515918714 4.55004160415 2.13074353511 3.42265872137 ;
2.04703787473 4.67675088025 3.08445148138 4.43077839001 2.96067028703 3.73616331157 2.73124946048 ;
0.260882952309 4.7940869344 1.58128937282 1.49888133153 1.06623407858 0.552707000277 2.69072935583 ;
2.18750589809 4.77937257158 2.4213037336 2.80518688194 0.220488679757 0.806328143913 2.68950130746 ;
2.05368948052 4.73474495828 0.0366965414197 2.42887497388 2.93528108228 1.01773084634 2.78864520708 ;
2.78295739835 4.68451181633 2.92330493705 4.02615679901 2.80596069706 1.00577141242 2.84526301244 ;
2.80578363371 4.56603498751 3.28150750387 3.91176835043 4.27440756264 2.28654295528 3.38025234625 ;
1.84570225508 4.75325501629 0.0616863716587 2.19455662922 2.43819279338 0.835841358719 2.80198919364 ;
1.58353115218 4.79053566615 2.31530740798 2.39110283123 0.22601867792 0.732013882003 2.86924322759 ;
2.12118851988 4.68930174287 3.06398394551 4.4044926066 2.85774676796 3.64834674673 3.03666231288 ;
2.84041850964 4.73896225262 2.87788560656 3.62660358595 3.18044259641 0.384992458957 3.18983223222 ;
1.44736955356 4.79137232109 2.54764839119 1.64221899303 3.33555297481 0.980741571685 3.20978907419 ;
2.11156887181 4.64325950266 2.73338438476 3.73241329985 2.53310867022 1.95398078537 0.153354260211 ;
1.98735610223 4.6724064192 3.03243221592 4.42240890766 2.86211198007 3.66882723187 2.70233963048 ;
2.88109324347 4.7382632979 2.89454484757 3.62349777382 3.16145229757 0.695457529668 3.17819134941 ;
1.74292950126 4.78647335205 2.18912904661 2.48138399571 0.148898717856 0.801465692257 3.05708102135 ;
2.80754456656 4.55259638913 3.35105963502 3.96658669464 4.40827668029 2.40967689758 3.37922918602 ;
1.74768211543 4.75663165701 0.0580692074901 2.14604355355 2.8028577113 0.921453715414 3.01021428094 ;
1.4168300988 4.79021691283 2.57288065276 1.70929372227 3.20230416482 0.855743416316 3.19943499024 ;
1.90587791144 4.69470402779 2.12679940462 2.91833688454 1.78820679705 0.8636847018 0.109984489784 ;
2.81264165855 4.53998542717 3.39166992238 3.99626405994 4.53102955393 2.37705529374 3.40931486063 ;
1.27621419587 4.78286534851 2.53838819392 1.62280770408 3.18145974233 0.664188388819 3.07557540655 ;
1.59967586685 4.7592976597 0.037487807516 2.21862068351 2.0069458295 0.825439941014 2.67731042159 ;
2.77181294405 4.73212737119 2.79313378575 3.35146209139 2.94842583837 1.82497984443 3.02959936912 ;
1.76556512177 4.77793842812 2.63288280194 2.5250330525 0.181453027928 0.844967740107 2.66752446298 ;
2.03970712897 4.67716404549 3.06957281915 4.43937059253 2.95026407047 3.71800863591 2.70787801236 ;
2.82592870741 4.71540155667 2.88550981933 3.69559795271 3.39029150622 0.075648134901 3.01836039139 ;
2.03031336877 4.68241680832 3.04757355485 4.43952948667 2.90734372324 3.77101715778 2.74039997108 ;
2.71986874211 4.64409711934 2.98116434504 4.07233516379 2.90556768728 1.84467569738 2.79821925536 ;
1.74627207708 4.74645808775 0.0327327625173 2.27180611088 2.84551395598 0.910456507513 2.74820356387 ;
1.70293140621 4.7937439968 2.60477078302 1.72936034472 3.32550803666 1.06184740203 3.17438787028 ;
1.64511896474 4.78106439005 2.14869652064 2.40782883041 0.195644974018 0.768252572882 2.67318138902 ;
2.77135311396 4.72116704419 2.88785850438 3.62614590794 3.35364592199 0.0543737076318 3.00792646281 ;
2.83250485721 4.55180632068 3.40686735438 3.9218633492 4.61415334848 2.44500976213 3.47092253254 ;
1.40024541181 4.78836357606 2.4948448263 1.77407114095 3.29553463884 0.957920084377 3.21160576938 ;
2.90578366331 4.74663053213 2.89051796398 3.65735100059 2.82776137357 0.61702303149 3.16783015518 ;
2.81504330943 4.5580915733 3.31958923559 3.92297307861 4.36919616506 2.30395301611 3.37444888917 ;
1.4145746461 4.78553897686 2.0175283025 2.08391001269 0.164496681174 0.696655820792 2.98617669084 ;
1.98981009952 4.68120487148 2.19383883599 3.04524832787 1.97439788592 0.992196415975 0.0910591604101 ;
1.99452333253 4.74703453723 0.0601361024133 2.42759383898 2.86654638952 0.979733693806 3.04408614949 ;
2.02670913233 4.67857197309 3.06926854052 4.43566807482 2.89404900285 3.71477984247 2.76335339205 ;
2.86464578039 4.5354682171 3.46579008108 3.93756092394 4.66076541243 2.54653481432 3.44000139306 ;
2.51146384649 4.76026112348 2.53809664082 3.61593862899 0.806936775412 1.08318652398 2.86274376999 ;
2.35999090352 4.79930256835 2.2714237957 1.96466580458 3.50305735093 1.08491890178 3.19302156264 ;
1.98923841092 4.67970347878 3.02063288576 4.44386325724 2.95861819195 3.68715365412 2.70576851085 ;
0.327778116145 4.74116020724 1.54568881225 2.42006837585 2.70281361226 0.754888285089 2.47523018837 ;
1.3570340462 4.79595923869 1.67169369321 1.46851416025 0.539641190155 0.517322198374 2.69574115728 ;
2.84950351042 4.65162325738 2.9840009678 4.07604272943 3.4292933237 1.00317062625 3.01519246897 ;
2.83394475826 4.5488083837 3.38740898837 3.98840648778 4.53600570128 2.41770967508 3.39920184154 ;
1.4800313505 4.78676818176 2.1237942652 2.28775501518 0.305047465499 0.664385005213 2.67276405812 ;
1.94511269368 4.79254882926 2.61265140964 1.83435147102 3.41490612552 0.983750133494 3.15470903477 ;
2.76226635598 4.69656455661 2.9434847902 3.88497004679 3.39029205235 0.105274858449 2.96017351806 ;
2.81724484856 4.68525170957 2.94124317811 3.98695942864 2.38234974895 1.84229493362 2.91673375459 ;
1.98122944973 4.67793816112 3.05077316828 4.43345841062 2.92172812147 3.72017219444 2.71110518606 ;
1.76150786794 4.74570511701 0.0390065726959 2.26924733921 2.8545034262 0.93194773589 2.74974843379 ;
2.81993790581 4.54371177015 3.35418937388 4.03921129598 4.38281346747 2.27551079649 3.36549736109 ;
0.714430486915 4.75810295962 2.06826160937 1.64392401448 3.16831563696 0.600464393642 3.03784001644 ;
2.06819751207 4.68031860522 3.04790027563 4.42924352129 2.93030278879 3.61270751429 2.71597798149 ;
2.8194895766 4.73312435417 2.61835399726 3.58417412415 3.08312844472 0.364278818339 2.86673432344 ;
0.884023320729 4.77307334872 1.13673317293 1.64569241236 0.616934507264 0.692695440862 2.35624668996 ;
2.56274247978 4.79696275174 2.25594862894 2.11638554492 3.55110851694 1.69927687281 3.23474346341 ;
2.32185579058 4.777697044 2.62340197031 3.12863337439 0.344800498727 0.99847237419 2.94671159518 ;
1.2676130903 4.78505217872 2.57105488517 1.88865045898 2.82471318915 0.798927330923 3.03504310093 ;
2.82347882022 4.55916468339 3.37603899637 3.93748197906 4.46962064039 2.42393494849 3.39217383789 ;
2.26323786268 4.73299975036 0.0859251280249 2.52029545601 3.15060644726 1.13673907543 2.77054855464 ;
2.15735402472 4.6650728419 3.0168820307 4.35132668834 2.77878301393 3.26394415149 2.69480770835 ;
2.87845572738 4.74101462366 2.85522801819 3.35620108565 3.4321205738 0.534678766698 3.07360767924 ;
0.952457669915 4.78577209316 0.0200970285483 1.91891583286 1.05257820024 0.567914349783 2.64816747289 ;
1.81953390548 4.78163247059 2.64143928101 2.52790690808 0.0911517532509 0.821385548673 2.68913293754 ;
2.07921093113 4.67903305479 3.01174616511 4.39726134302 2.75642420801 3.5070462881 2.76222933796 ;
2.13387315462 4.78278341614 2.33518842672 2.16261327535 3.42227457196 1.79931293611 3.20020235623 ;
2.81796128458 4.72707550662 2.8879491735 3.64663664032 3.35997011168 0.270420440484 3.18461970964 ;
2.83408280669 4.54909239973 3.36425377152 4.04489888132 4.37802357603 2.39213209838 3.34073897677 ;
1.37039013495 4.77855969902 1.31693521641 1.66443038179 2.67601233884 0.308548008064 3.08742591801 ;
1.70450403624 4.78841396538 2.20499358858 2.5404068616 0.218118951192 0.764022727402 3.05728853307 ;
1.75180221511 4.70547784686 2.06959838601 2.91785660437 1.75686042662 0.835145621257 0.102925283436 ;
1.98344457464 4.68119706304 3.03997866277 4.43865982411 2.88997268843 3.70253646637 2.72355417808 ;
2.11584507735 4.79537202105 2.47638249195 1.90773911021 3.54159080581 1.01501990586 3.17729689582 ;
0.245033747059 4.79312120476 1.44310655799 1.25796461263 1.14829264496 0.634854982147 2.7965168222 ;
2.86069836157 4.5447469188 3.423010429 3.95597865154 4.59943988244 2.48103447227 3.42548061126 ;
2.76068814695 4.66248769576 2.98295792376 4.06151031492 3.19516078044 0.966041514559 2.94159821183 ;
2.12778766603 4.74143759509 0.0646935778952 2.68495002772 2.11946473622 0.791688818042 2.51383973685 ;
2.12288156476 4.78329292471 2.68833584344 2.86809511515 0.469300218403 0.78093760721 2.75547685749 ;
