2.54976939938 4.66859622008 3.03502402253 4.32300412013 2.83465277297 3.11809252919 3.08503895326 ;
1.59687946344 4.77634232838 0.0545365870432 2.26003674589 1.55538963011 0.595230135572 2.76009709125 ;
1.61525237522 4.78252399706 2.27626332193 1.65553983529 3.53218007867 1.18635538013 3.2210198476 ;
2.18962435482 4.64278607475 2.57615333582 3.45673573541 2.37243112593 1.6720401844 0.0899888032429 ;
2.88881138718 4.55589308791 3.39103421961 3.93415400549 4.54123381466 2.41447987555 3.41938252956 ;
2.82462598848 4.73281862202 2.83353627933 3.61099537624 3.28686411965 0.303353487648 3.20174813065 ;
1.70402452923 4.792820771 2.64598906726 2.38557216529 0.369360544495 0.715161398651 2.99394047414 ;
0.437419804808 4.66425685638 2.86762015147 4.36234774621 2.97000959036 3.33502779291 2.5960059599 ;
2.44762767486 4.71412461702 2.7695948844 3.65636058962 2.37075780523 0.251729117362 2.12531429666 ;
1.49561269165 4.78885855753 2.57787855494 1.54883721443 3.44408617598 1.26401928318 3.19854164681 ;
2.81721106099 4.54660913919 3.41243339861 3.94118174617 4.60773749166 2.45266878681 3.4239628179 ;
1.71700111765 4.78731389081 2.62811639877 2.42008657687 0.291876763425 0.782209515703 2.79766896446 ;
2.00022568996 4.67941748345 3.03750337245 4.44349634309 2.88864033791 3.73436935577 2.72413837316 ;
1.58522354661 4.75891843625 0.0784931275389 2.19022505038 2.01779834756 0.799563652352 2.68708142195 ;
2.84514487018 4.67118632548 2.96757756848 3.99254428253 2.88368184199 1.84504748345 3.08255548401 ;
2.80992301155 4.73105120287 2.8313716443 3.27517365685 3.91725644119 0.160649943029 3.31220572662 ;
2.01046925036 4.67698684096 3.05263067122 4.43920131497 2.99084003402 3.71612264994 2.75784129695 ;
2.77113428878 4.69075070414 2.95901361741 3.90532761802 3.55843672958 0.152130734757 3.19425333542 ;
1.0881761647 4.74478191723 1.9574249486 1.48280450561 3.84136338609 1.13799339443 3.21332651261 ;
1.95970850938 4.67898867228 2.14420438631 3.06995284168 1.92250699828 0.961121898705 0.113998146802 ;
1.13037387365 4.80179805956 1.74671975291 1.68859916776 0.868214891369 0.500679034079 2.98671991007 ;
2.81742215924 4.54343483712 3.36307433181 4.03145464987 4.40156530922 2.35904801694 3.37287681626 ;
2.54079732416 4.7687050925 2.67303350705 3.7497315896 0.700360465997 1.28122881345 3.07284407727 ;
2.80435575964 4.80139239588 2.23033264461 2.66720735408 3.05980998492 1.22699768939 3.17926680018 ;
2.83433468446 4.55716577885 3.3271986249 3.98048032904 4.36605038414 2.35028977931 3.38266276823 ;
1.05618378472 4.73722238188 2.14100821274 1.40610814713 3.98256515369 1.40277384537 3.22903164659 ;
2.27557660823 4.81831092957 2.60002213714 2.18036554368 2.79752091375 0.65855687381 2.97286589415 ;
2.7611459528 4.74022041715 2.86779808487 3.92274713701 1.39051128701 1.56154553196 2.87089245042 ;
1.69731270829 4.76781378673 0.0205461011796 2.34411595799 1.79728623732 0.714372405996 2.62274046681 ;
2.82814935361 4.69130589595 2.92973071126 3.84707165097 3.5893887976 0.157502939307 3.03347908745 ;
1.98527990962 4.67298305392 3.05337035876 4.43070287947 2.99431690648 3.69830410614 2.65530938717 ;
1.22790193018 4.79891492475 2.5426784236 1.87912536006 0.28561096309 0.681675103576 2.66405404447 ;
2.69763666651 4.66124874535 3.03528881424 3.75766979626 4.05883770764 0.0751180902383 3.25025923784 ;
2.01485942043 4.67445780482 3.06673442727 4.43636884164 2.97116612549 3.70503153413 2.68843798446 ;
1.3358572953 4.77294569611 0.0255117842126 2.2948454316 1.159563793 0.593423505686 2.50134785853 ;
1.61843856855 4.75868660574 1.69800447646 1.69530231124 3.7515066125 1.21014796151 3.17288966567 ;
0.834062319136 4.80677694475 2.55898282821 1.47480769575 1.13952372107 0.56297059604 2.69811864678 ;
2.80919725283 4.55417625638 3.3257885023 3.95546329787 4.38239423807 2.34354068578 3.38651332667 ;
2.28972652794 4.75958991416 2.69672092036 3.22981897782 0.0990706596212 1.07830580501 2.81959678883 ;
2.81607463634 4.77890172518 2.73366959697 3.33462916641 2.56957443954 0.936979967844 2.79948978167 ;
0.735283134939 4.76686010977 2.17038332174 1.23564359329 3.63998509995 1.14040134864 3.18253409791 ;
2.05442062628 4.68579844132 3.0606703468 4.44289103672 2.98850878344 3.71888867647 3.03510763063 ;
2.32018573993 4.77156536136 2.5892255097 3.16290692655 0.272943774494 1.01861487008 2.86312817674 ;
2.82695108677 4.54880309999 3.37658703782 3.96557887086 4.51538774107 2.39677317971 3.43005544968 ;
0.775879232211 4.79098428544 1.26780456839 1.62866045785 0.77525722459 0.515490020461 2.66681398325 ;
2.62930117226 4.80244737948 2.02928328821 2.32105294792 3.22858002454 0.87036265891 3.20143470543 ;
1.98990177985 4.6287970888 2.60434670224 3.67609874507 2.80787479563 1.94142377614 0.0744865247628 ;
2.7771984987 4.67952302589 2.98662967811 4.05072894371 3.13447303116 0.800795976415 3.15452219816 ;
2.64100569016 4.731350609 2.83664728192 3.87665201164 1.55262364934 1.36422938894 2.54759200685 ;
2.49189421408 4.81048296624 2.62543629506 2.01969378605 3.43828244819 1.0245167899 3.18865846623 ;
2.80742625884 4.54102983963 3.35096511334 4.02576965543 4.39735307827 2.35076121225 3.36466362397 ;
1.23548856321 4.79983715714 2.19373306188 1.82129585119 0.419042611165 0.550783658417 2.73542438593 ;
2.0305933535 4.6806806097 3.07296346365 4.44567335474 2.98238597871 3.75168898263 2.73358726441 ;
0.0751539339136 4.76274260855 1.92732128514 1.39509630439 3.4822109917 1.04262083598 3.00761934918 ;
2.79538794345 4.6795147015 2.99722004257 3.97798482118 3.62531100302 0.183546020144 3.17821834436 ;
2.09794337755 4.74949903383 0.0504214408422 2.57515245085 2.30653001517 0.867916046277 2.70621403102 ;
1.598749217 4.76580441791 0.0446182209153 2.19245873833 1.92755207257 0.764633822253 2.96880922468 ;
2.82277690963 4.54046406311 3.37496069908 4.04910235103 4.42359997999 2.37977496334 3.3680606004 ;
1.88327531951 4.78423167637 2.65110495158 2.56140912837 0.247463316738 0.859305053766 3.0753967313 ;
0.896512824955 4.77363965456 2.50880305963 1.60227267631 3.17339801086 0.526844551347 3.17388691533 ;
2.03205425682 4.67585252398 3.0403516784 4.43272120859 2.8730496063 3.64476436296 2.74965064469 ;
2.57285187681 4.79850381777 2.54500650189 2.27287995371 3.48231811208 1.74801707185 3.26772524136 ;
2.8819548389 4.73030662928 2.88994781606 3.75806090815 3.17687007143 0.40539879642 3.17270754977 ;
1.87547109389 4.68204258394 2.14681900218 2.9552377304 1.8564089949 0.896490693945 0.100159425081 ;
2.79943317373 4.68546999738 2.93062756371 3.98466563803 2.62705144115 1.36038606412 2.6980542695 ;
0.79246015781 4.7926466783 0.342378384608 1.76425420734 0.564117055926 0.569306729763 2.53978779833 ;
2.28266934166 4.7239833579 0.106338253647 2.58575032275 2.89372845148 1.03483799887 2.7887258682 ;
2.81430865927 4.55291657039 3.38159134607 3.95295773195 4.51800045612 2.41031100331 3.41569385084 ;
2.69785676946 4.74926242224 2.80266415303 2.96042879977 3.64583309499 0.431733783253 3.20986168405 ;
1.99603924999 4.68022145041 3.05717472483 4.43669485282 2.89540112031 3.74654179046 2.72982057766 ;
1.82476235921 4.78472003238 2.66352208769 2.62545594031 0.418593331943 0.746694016004 2.71860885801 ;
0.823455575727 4.78475491497 2.34107280008 1.2339950371 3.41713145966 1.08459873907 3.1686437 ;
2.70175137564 4.68011032128 2.94924937823 3.97521633838 3.32418158855 0.307530493572 2.8133085656 ;
2.81860605402 4.54098201431 3.36823263015 4.03277771963 4.42975629598 2.35320398594 3.40003959094 ;
2.04400500808 4.67249133479 3.07217863417 4.43208393932 3.01770994038 3.66510435369 2.67505386158 ;
0.492380867672 4.77067667375 2.16831466619 1.10139178585 3.52884364895 1.05769994224 3.14753220379 ;
2.04654385068 4.74184605527 0.0643966548091 2.53393253282 2.67595290254 0.861956502027 2.67487130515 ;
1.25329030336 4.79516878049 2.01053617289 1.8760714374 0.434260875934 0.586390926223 2.67683113933 ;
2.70100393374 4.75898992581 2.83065787018 3.86990567927 1.02511929025 1.56233879369 2.91298232351 ;
2.5924997577 4.80641428748 2.64500238324 2.23375799895 3.43541881618 1.06148519969 3.23911274145 ;
2.81857651183 4.5460743594 3.35825402157 4.02183299132 4.4271242898 2.20412880643 3.39825437823 ;
0.719902317995 4.80074821528 2.58662492939 1.7990174768 1.09640356529 0.56746902519 2.69373887225 ;
2.81393938529 4.73048523015 2.86750198018 3.80665585371 2.87653875615 0.618750017077 2.85762978028 ;
2.02769203779 4.67364701965 3.07700587244 4.43850196458 3.00784947144 3.68000143434 2.68752501447 ;
2.44407320956 4.75926142008 2.68274376177 3.3158705196 0.176047329549 1.2128515777 2.86171435561 ;
1.82949008298 4.74353768646 0.0446886060099 2.31419940762 2.96136319217 0.968920886218 2.8178087963 ;
2.0814151288 4.78702484222 2.6266282526 1.87522745221 3.64738804309 1.13312972195 3.21299007539 ;
1.20304685789 4.78896608931 0.352577001255 1.73173931749 0.240682347553 0.544850684098 2.36873689496 ;
2.31686756829 4.7820772824 2.60883357868 3.0372142063 0.18286695907 0.888428040379 2.92705095193 ;
2.801095224 4.5640561493 3.36931356979 3.78028194953 4.59731165602 2.43222946754 3.47793775218 ;
1.99421799786 4.68126505645 3.04574210812 4.44846014512 2.9092211817 3.74153610105 2.73212697574 ;
2.85346711087 4.65362725939 2.99631677436 3.99660768005 2.99926125108 1.86934973666 2.82103466631 ;
0.707464255797 4.78117854504 1.41005169895 1.54962659742 0.271199031483 0.624569398388 2.26338952104 ;
1.84904285076 4.74387272738 0.0706264372408 2.30635564874 2.90891857305 0.971120485748 2.80186840405 ;
1.42734151004 4.79052308055 2.58175769279 1.76006086057 3.14682872246 0.876737818485 3.11366770474 ;
2.82062863562 4.72122005491 2.88312380366 3.57357392452 3.42344433181 0.0738539674819 3.05132813803 ;
2.06134749378 4.69046451244 3.04845592345 4.45471475714 2.90719505072 3.73181241929 3.05066655129 ;
1.59322977461 4.76173433233 0.0157726381615 2.19764068384 2.00883530518 0.762702338304 2.74150901161 ;
2.76592368096 4.66545564448 2.98012867143 4.09787228089 3.15298349105 0.952422088828 3.15356662738 ;
2.83384582484 4.54523535947 3.41116775184 3.94328890464 4.59994470195 2.46034053263 3.4354660588 ;
0.323373785956 4.78144796197 2.45033034399 1.1814803809 2.90032044481 0.781944710721 3.11199610311 ;
2.51154309673 4.81004809339 2.5955325489 2.15563291522 3.31316321007 0.929376072983 3.26457245755 ;
2.16274465359 4.6340816075 2.77546931569 3.79109277033 2.6858829469 1.94618450393 0.0936870454867 ;
1.84334368677 4.78224405205 2.60841900202 2.61903760829 0.164938250752 0.850047025649 2.79706953129 ;
2.21011050923 4.62484325549 2.84912270925 3.86318571783 2.80866614227 2.19560560507 0.104399804256 ;
2.25273601257 4.74450808643 0.0994260377486 2.49848692595 2.76658945057 0.915674950524 2.9760160379 ;
2.79757886324 4.55491211822 3.31464402341 3.94418404139 4.36064428274 2.31004019884 3.393125839 ;
2.34427570491 4.787321663 2.66765383309 3.10993111392 0.408892815331 0.87220784253 3.04873509618 ;
2.09860854006 4.68995632759 3.04628293759 4.41870689161 2.85391531354 3.57634292091 3.07438024114 ;
2.77172078742 4.75529576503 2.81299932651 3.21491959714 3.26123263681 0.548010712693 3.19490360672 ;
0.67680170792 4.77708557784 2.20316719637 1.50334396506 3.25522248117 0.968195111575 3.11583643355 ;
0.860598254222 4.7907612519 1.39248799129 1.47646669062 0.186794785836 0.624898950506 2.30324330992 ;
1.70962769006 4.78823250554 2.04857759764 2.36702850557 0.200241448035 0.718573537185 2.78344405124 ;
2.56352929065 4.80216096213 2.2004312951 2.14165912173 3.34435302126 1.03472519114 3.19683259203 ;
2.85292844996 4.548368735 3.33763599216 4.02489001944 4.3788749319 2.31328225263 3.39589525964 ;
0.468347481805 4.76214182425 1.53528968835 1.38434325182 3.08081373475 0.855754034156 2.97524463733 ;
0.235063587703 4.66332042908 2.83674178217 4.33625887343 2.97832550994 3.19872781258 2.99457647874 ;
2.0105857882 4.61428139908 2.69904634633 3.83217106608 2.66757284385 2.06319080844 0.0509717320312 ;
2.71909688918 4.71828837412 2.84274149673 3.91161151956 3.11685565049 0.331831289954 3.15939311781 ;
2.47980327005 4.68856995431 3.06971345351 4.36136403172 2.80987676339 3.50933301082 3.05367886901 ;
1.65039815965 4.78733126633 2.07880913303 2.35311365651 0.117320320519 0.737685868512 2.76898771676 ;
2.81949608846 4.66672060227 3.0134445323 4.10557693615 3.28704450685 0.949931398045 3.16765932875 ;
2.94628024304 4.72355651975 3.59148989713 4.45155330667 3.93893973809 4.01649428851 3.22700331515 ;
0.698104956102 4.76372577903 1.75975446197 1.49001755871 3.27661369565 1.06366954054 3.06519079769 ;
2.0802175019 4.62948386614 2.65298707074 3.76011209391 2.6360992697 1.95325022891 0.0514093044507 ;
2.60654901962 4.80639401801 2.06660051218 2.42573076029 2.93786910765 0.645209859452 3.15826364161 ;
1.92630190055 4.67580234728 2.95486537804 4.39221009091 2.6948853673 3.56740004411 3.01538492609 ;
2.78840665748 4.54517388194 3.35847287204 3.83439949338 4.57758715829 2.35898771405 3.44837440151 ;
2.510117031 4.77211092813 2.73619912802 3.54816926795 0.915590633881 1.04795442903 3.02651585528 ;
2.16994875454 4.79079195164 2.6064227761 1.94285745913 3.72247941088 1.7991358216 3.27687230147 ;
2.06153329193 4.68545448111 3.06644690553 4.45295838254 2.93812083295 3.7075829118 3.05248888331 ;
2.7260788732 4.71983717742 2.85147072765 3.45792660777 3.64504537301 0.112156942668 3.2246394583 ;
1.52388327097 4.76564243755 0.0415708703849 2.10505038703 2.01723254988 0.762919025154 2.75836905591 ;
2.83959303369 4.55102403755 3.33378090672 4.05816636821 4.31168012989 2.31971991775 3.37684905816 ;
1.08113330401 4.79760444586 2.55732853382 1.52216636065 1.47095988135 0.485513300149 2.89946005948 ;
2.00589485173 4.63134982742 2.74372892746 3.81342700049 2.53563460798 2.04835412069 0.0932013713553 ;
0.763510831638 4.76674959645 2.25986723008 1.33530802678 3.75503108841 1.30405684323 3.2388044752 ;
2.74127894827 4.74569328803 2.81023759162 2.99600247266 3.78100570949 0.528210847581 3.26786028025 ;
2.01876101781 4.67954577064 3.0442750433 4.42555885004 2.8765369194 3.74549507781 2.73433401019 ;
2.59780568621 4.77494919122 2.81245226492 3.64621922288 1.60930649425 0.867886130574 3.09484628177 ;
2.00296664531 4.68510082821 2.20394904337 3.05685521259 1.98514534232 0.949125708708 0.0940373556178 ;
1.1689646612 4.80184988925 2.23238466942 1.54604483748 0.470279235947 0.597933056271 2.97218719702 ;
2.80702800529 4.55265241981 3.31855504883 4.02120779273 4.29738685127 2.33079606193 3.35843461622 ;
1.97061379651 4.76584026081 0.0810652947614 2.46153978417 2.21590445359 0.803991531102 3.00654693587 ;
2.78660783383 4.6820495836 2.97949025565 4.09376612574 2.78537921759 1.20569919862 3.08845510348 ;
2.66573456629 4.78837878999 2.56661069029 2.63329304345 3.20989346778 0.314350487878 3.20583485994 ;
1.63594431129 4.78769368389 2.62789995256 2.37844623097 0.291055147409 0.763334388078 2.80861107349 ;
2.83325058891 4.55413884224 3.36973230582 3.97284479632 4.56181184207 2.25227772851 3.44058684722 ;
1.28530200262 4.76344368306 2.43511069886 1.59213453947 3.72808134951 1.4519527065 3.23568239399 ;
1.51117836518 4.76221238484 0.0523743679536 2.15991342255 1.84889792349 0.737420737081 2.70236128585 ;
2.2157995308 4.62237570144 2.88875186286 3.88212836798 2.82558611595 2.22186527409 0.0414041469652 ;
2.04859037008 4.69016148331 3.03920580989 4.45897757247 2.89856014126 3.72794128701 3.06937527937 ;
2.82246890753 4.55514163373 3.3738622447 3.96477637567 4.5139493681 2.41510220965 3.44405840064 ;
2.77066403072 4.68941764028 2.98467316268 3.9850813302 3.55363036591 0.0820686517915 3.25250680874 ;
0.8510193553 4.73448856389 0.59313266991 1.6947140402 3.07281265862 1.00468287736 2.78851166358 ;
2.49127839826 4.81026725043 2.33181644362 2.04782398576 3.3768736872 0.942058608346 3.19250091717 ;
2.34899960761 4.77739398557 2.28061392428 2.67850722076 0.179228485752 0.782921411048 2.75166007984 ;
2.75853737909 4.65375106666 2.84136943076 3.98103609332 2.68693975694 1.64882388125 2.38931913332 ;
0.230957472836 4.79447339265 2.1180835453 1.95119419207 1.11704297584 0.545554690596 2.73364010735 ;
1.99446872848 4.68003051431 3.03402495903 4.44731405602 2.89296080248 3.7499567665 2.7571709271 ;
2.82968714115 4.54445789945 3.40468469699 4.03635812309 4.52851194111 2.25978784283 3.41671624 ;
2.77921332221 4.7313043634 2.85734597087 3.29948673133 3.20790238534 1.69255048667 3.18607124513 ;
0.582766602321 4.78531644506 1.80391049 1.62074325147 0.473877632296 0.627062568394 2.44741433289 ;
1.65897434023 4.77228895701 2.60203125591 1.71559346877 3.60660888319 0.649381663773 3.20810974111 ;
1.83577487243 4.73811748735 0.0620659281405 2.32485177581 2.90268956201 0.997150733182 2.76473651843 ;
2.02429767992 4.67631312846 3.08180847731 4.43619691727 2.94940551703 3.71086902824 2.68383962308 ;
2.65255874525 4.73634308555 2.81815629685 3.72757325365 2.73966800078 0.248394985687 2.68851058737 ;
2.45645687052 4.77579360658 2.47193157249 3.07128924392 0.157539909846 1.031542848 2.91539937593 ;
2.15529996702 4.80410520919 2.61418738802 1.94374249951 3.56329174285 0.998493239892 3.23163422442 ;
2.00144960412 4.68209596373 3.03209447865 4.4470003897 2.87004523596 3.73327130307 2.72937261135 ;
1.58371713945 4.7701928436 0.0485189852213 2.06679492382 2.1861221707 0.807281639351 3.02220419602 ;
2.86864066726 4.53599244814 3.45846853595 3.9095204977 4.65387020651 2.56317703096 3.43469503792 ;
2.84916474817 4.76588274516 2.78025973625 3.80425846505 1.61310259573 0.997062779603 3.04745672217 ;
2.67674315414 4.60247390684 3.06535461724 4.21240120648 3.76035348525 1.08756788647 3.09718203631 ;
1.2377687046 4.804845713 2.58078687001 1.87703290367 0.61767539577 0.622082145885 3.05214961442 ;
1.56816503114 4.70777221404 1.87986028136 2.87841539938 1.55459214413 0.887040134782 0.26742303564 ;
1.35201540387 4.77110703376 2.56246317244 1.53016135784 3.69610617722 1.2594973182 3.21975887175 ;
2.82681834581 4.5541998714 3.36892295714 3.88986561956 4.54681133156 2.39091077153 3.42155583791 ;
2.13077891457 4.77636474791 2.58070057685 3.1157967244 0.850898707927 0.730955177918 2.83348788661 ;
2.88759536073 4.67816244426 2.97721946999 3.9448830714 2.79810459344 1.75837413908 2.7801238025 ;
2.79359284886 4.72454249807 2.87483233367 3.41508945767 3.61355693611 0.12020822686 3.11584594204 ;
2.01518466398 4.68248154666 3.0509692128 4.45098164677 2.92471751075 3.74107469545 2.74562156363 ;
1.83321576731 4.74787586787 0.0564395272646 2.33328618475 2.84272327438 0.91880587798 2.74866136311 ;
0.85976411751 4.79606711247 1.71287143428 1.35669398774 0.367904778405 0.601830083171 2.54173119315 ;
2.74974643939 4.70783084426 2.85740244386 3.77171519155 2.56010960494 1.39250826019 2.58890781968 ;
2.83446269073 4.55379540552 3.37538154876 3.95269284402 4.47474948585 2.40721787976 3.39819725362 ;
1.81700530132 4.74519326858 0.0393672548097 2.29397519037 2.88407206865 0.949269643163 2.74773627433 ;
0.395022047916 4.79119240916 1.57496818474 1.87168020325 0.478438617322 0.598146031511 2.51463305151 ;
1.66408143347 4.7867177219 2.58601024113 1.68820784866 3.37031331456 0.956463737668 3.18262991156 ;
1.97634946598 4.68134525838 3.03278146239 4.44996826187 2.89589593827 3.72268558277 2.75244757817 ;
2.38464676338 4.78351704304 2.56347449038 2.73590049958 0.168555032517 0.824069774452 2.84655027708 ;
2.84488909897 4.71046080694 2.94072393232 3.62728356402 3.73763213878 0.0835889316022 3.27004576394 ;
2.07742222514 4.63505239135 2.73256687597 3.7514527433 2.56656827601 1.97370626783 0.0492397743598 ;
2.8410225476 4.69760321303 2.94731375763 4.03936082082 2.95617947173 0.867271068304 3.13726297663 ;
1.71323406544 4.78741444337 2.11399663282 2.33330784604 0.15769744433 0.719851668026 2.83375563174 ;
2.51768929744 4.7961520111 2.63980506512 2.08883952882 3.47881674664 0.933920917414 3.25656526659 ;
1.74633946677 4.74891512862 0.0533161869875 2.21226117927 2.85710314135 0.889758600606 2.86077488058 ;
2.0827470222 4.68569737285 3.06582767351 4.44048702565 2.93643123322 3.71329885636 3.03138209857 ;
2.82337751835 4.54366208029 3.38268041093 3.98798812116 4.53457095474 2.34804422254 3.42750185291 ;
0.175476020611 4.76987413136 2.60286776389 1.81626867032 2.99063405323 0.778095020517 3.09029682081 ;
1.99988597006 4.67370704688 3.05703662896 4.43062923621 2.89564091107 3.64868931879 2.69997984675 ;
0.0492155925426 4.76396776898 1.96147535366 1.70882436311 3.04822967972 0.834584554974 2.95482675565 ;
2.46252176684 4.80697643597 2.6008601337 2.05285663972 3.10868293506 0.0575023771878 3.06168163926 ;
1.69539284041 4.78268058533 2.13032102563 2.40521283863 0.085774851269 0.799374746538 2.68622403289 ;
2.48595714727 4.8026745757 2.66369040061 2.11490907658 3.49216888988 1.85824287771 3.25481591098 ;
2.22404824345 4.72911829519 0.0636728586135 2.58114073172 2.78366108777 0.94150928649 2.69808951362 ;
2.84372888019 4.54424523084 3.39262201911 4.03108875383 4.46814877981 2.39428663525 3.39112395854 ;
2.83478657669 4.68917119616 2.95655133615 4.0370864712 3.03731443435 0.701318543832 2.90921792587 ;
2.55649102928 4.80427629787 2.21500098055 2.06260168429 3.43869490195 1.03363379658 3.19565170423 ;
2.08043940105 4.60859503066 2.86658029167 3.98254395628 2.83734909798 2.39244364024 0.0550209445293 ;
2.13397153514 4.67251442143 3.04681371529 4.42455139125 2.91596051164 3.51342093596 3.09588158703 ;
1.2582240973 4.79037838675 1.71834742659 1.66328132873 0.335304841417 0.623048502532 2.64397135728 ;
2.78788029542 4.65847265391 3.00079829372 4.06799260402 3.69954875451 0.336236852957 3.16478046471 ;
2.83567748213 4.54678389573 3.36594684829 3.98505335534 4.4873301281 2.37485982298 3.42360628992 ;
0.224521335549 4.75694918111 1.59309508662 1.77582937534 3.12624407209 0.843565734502 2.88667559168 ;
2.64235935929 4.7776440914 2.57457448463 3.60816639625 1.29061632199 0.935155738209 3.00118969395 ;
1.29554130198 4.78073403428 2.57168925274 1.62105200018 3.36465493705 0.944104122387 3.20705539475 ;
2.03094862104 4.68474226285 3.04720498484 4.45865640926 2.93210357438 3.7143148431 3.04922652989 ;
1.24226172802 4.79368435554 1.87474657335 1.79425746205 0.191956065287 0.612282135971 2.74489550687 ;
2.68335648938 4.76642439593 2.80367906065 3.72436674534 1.4917246027 1.20742801195 3.08569320271 ;
2.82586479915 4.54800467224 3.36048936516 3.99632551103 4.41246280442 2.38769841055 3.38897573251 ;
2.05019176719 4.64284082631 2.72771715157 3.72314272035 2.52075287149 1.92493519876 0.0833546930153 ;
2.8598511465 4.73257195159 2.86670146112 3.34731367555 3.62928508698 0.462670429462 3.23734637221 ;
1.76015547272 4.7535233208 0.0399921318702 2.21819984207 2.87022643791 0.893951538882 2.86594331717 ;
0.213895053786 4.64671355387 2.87942607427 4.22713439284 2.95833467909 2.80760728677 2.42214421555 ;
2.83927241742 4.54277040497 3.34161086627 4.01427495783 4.43263041862 2.13301111559 3.39286035862 ;
1.20801626389 4.81233697651 2.55092792481 1.57859435045 0.878793889216 0.491138628508 2.84665504582 ;
2.13765347327 4.7932531396 2.52279555999 1.93253075924 3.66750092647 1.12866679089 3.24690252812 ;
2.42849042156 4.67768931394 3.13183095034 4.42719940516 3.09005344773 3.7340261473 2.80407901923 ;
1.43685907755 4.75844639659 0.0307403239046 2.06307352013 1.96238145899 0.743755323211 2.65825940943 ;
2.84673943715 4.72599352973 2.7993961093 3.86224629507 2.86130749831 0.647520461021 2.7833241386 ;
2.3363161762 4.74680995744 2.65075906572 3.60081147274 0.190633549906 1.35587017142 2.72735996823 ;
2.82866115151 4.55699657199 3.36125835193 3.9455161186 4.50667214508 2.35593084465 3.41137134406 ;
2.74298778737 4.72536381393 2.85586999415 3.49351134157 3.2792473629 0.0744900719305 3.00911073828 ;
1.52793376954 4.7838547333 2.60185393025 1.74043162758 3.53907727624 1.06959522338 3.21493747927 ;
0.73687617099 4.7912848918 1.61011900054 1.20731776243 0.426862659759 0.607971883992 2.67363381763 ;
2.00375522095 4.68061322893 3.05825162244 4.43766011451 2.9601552517 3.73981449969 2.72509936946 ;
2.83093158529 4.69101817645 2.92900215177 3.82591736863 2.65756533751 1.83869115957 2.82310987571 ;
2.16073570532 4.77404870992 2.53874637408 3.09757855315 0.192608152766 0.890788769281 2.671875319 ;
1.80120403302 4.74404435189 0.0564141598322 2.30331406512 2.86190735946 0.941890342497 2.74615399417 ;
2.04390045038 4.68493212025 3.03470559708 4.4556564956 2.89016920003 3.71550950807 3.05930730743 ;
2.7059695937 4.71753933935 2.85598451643 3.26437138134 3.8720045462 0.214287734835 3.28028245704 ;
0.514429681094 4.79792902432 1.68363136043 1.56091595723 0.905772258917 0.545687461095 2.62373121268 ;
2.79802395808 4.5564019919 3.31604960832 3.93241987283 4.38574374239 2.33723361677 3.39496962961 ;
2.71631908696 4.77625025665 2.69727239855 3.45565300599 2.29400997087 1.05040517312 3.07224869328 ;
2.28969994554 4.77994395869 2.39369689433 2.95941301878 0.0650976124039 0.843386254117 2.90444407217 ;
1.56578821721 4.7642259717 1.36177979347 1.66244978083 3.48359537142 1.16907170513 3.10770632003 ;
2.18655434723 4.62524764523 2.84201659372 3.81480972881 2.82473527857 2.17250789696 0.0211600505688 ;
2.80539185927 4.69402221117 2.98396286099 4.00194724368 3.41176156324 0.344941656947 3.18995382665 ;
2.06285898286 4.68448639406 3.06779731318 4.45169618157 2.97822123261 3.72199038684 3.04277089842 ;
1.84943128141 4.77011649695 2.05009322825 1.86185415926 3.61528781243 1.709485275 3.22451313655 ;
2.82887486191 4.55410267272 3.32937440471 4.02078133245 4.31199390881 2.32917038172 3.38589077212 ;
2.01875080962 4.65083398566 2.58807564246 3.62339244336 2.44786739816 1.82162891475 0.170877011488 ;
0.66198247004 4.79350067781 1.48663868611 1.60546859201 0.737627992578 0.571099606659 2.69143665778 ;
2.5043886656 4.7763191739 2.6080525245 3.36734397765 0.547854340666 1.12943135159 3.09748682557 ;
2.32709786905 4.8037693811 2.04139706969 2.19010664514 2.9630390172 0.097893575474 3.16231251974 ;
2.05168663913 4.68764219617 3.04697456255 4.44748340466 2.90688641584 3.70821405065 3.04028359537 ;
2.81735557623 4.69093559259 2.98827586437 4.02697613513 3.09615561391 0.773842985485 3.14724045965 ;
0.312810826568 4.79063677253 1.31991626147 1.58112959255 1.30083173692 0.581293619821 2.71607866643 ;
2.60943681484 4.819719057 1.73737253394 2.37926433107 2.63437960445 0.819446762799 3.15394587317 ;
2.83219421634 4.54924818049 3.36381380568 3.96142226899 4.48334826157 2.39797267254 3.41229486332 ;
2.13553394596 4.62559595216 2.67154040886 3.73691880598 2.72187577183 1.98060953003 0.0592538294183 ;
1.69880357242 4.75260444283 2.40169799126 1.78588026939 3.94249317043 1.05614373018 3.26060458095 ;
2.20774391595 4.78288162347 2.37819922171 2.78533088314 0.0820811852278 0.831653180968 2.79476061267 ;
1.55958290506 4.7424013372 2.06711101016 2.4700413129 1.24475686767 0.62655716707 0.140301514793 ;
2.82702879411 4.72300757069 2.89548868435 3.80170049177 3.21676580913 0.373078140831 3.1780921598 ;
2.21646876799 4.66544880967 3.03080710271 4.36577438642 2.86541638191 3.23481928511 3.07703408199 ;
1.75568903428 4.78745833152 2.6462356307 2.44457487905 0.37770771479 0.787076774305 3.08469358405 ;
1.89305743132 4.78383865327 2.32180356294 1.83439034993 3.54366535422 1.1385875155 3.24263720465 ;
2.85000029782 4.54931219813 3.39054823816 3.96793187034 4.56577778663 2.40931051644 3.44574879861 ;
1.44673671186 4.78044299638 0.0919736362396 2.172393953 1.69184069234 0.606126854443 2.90649358524 ;
2.17819282385 4.5958751705 2.93433109935 4.08908547286 3.08037043124 2.66670825459 0.111739758429 ;
1.3798519556 4.79567577314 1.69283863613 1.74450175928 0.270541229724 0.649590129345 2.76446174475 ;
2.80053770073 4.55774866757 3.2988357129 4.04245268854 4.36296643039 1.9226029229 3.37994320627 ;
0.86747794555 4.76571375991 2.03291585255 1.41352619402 3.30986340797 0.576962951197 3.19062302327 ;
2.78911502745 4.76417035843 2.69889268137 3.73230318206 1.81764585256 0.76290775759 3.07756973081 ;
2.13805724719 4.68424498538 3.06795706991 4.44541764661 2.94448344614 3.71769831585 3.0974555364 ;
0.420428215117 4.71090500639 1.83066603547 3.14897651912 1.94812840587 0.830480682827 1.63306874572 ;
2.32930082863 4.60685079254 2.89452391129 4.03579971209 2.9324632617 2.38057225813 0.0513211090659 ;
2.68597654205 4.80281136674 2.1662963727 2.23593933511 3.49572529436 1.30456907437 3.20822004934 ;
2.01393925742 4.67981456747 3.04758572158 4.45139714272 2.97320569889 3.73719405858 2.72873318146 ;
2.42947155503 4.8052557402 2.19786331808 1.95970389168 3.31492457591 0.987689480755 3.14884474992 ;
2.80449833043 4.66389616562 3.0057195204 3.90128840519 4.00966006919 0.0689639141988 3.23844934422 ;
2.34674523319 4.76708780184 2.50153067224 3.31392939258 0.156976554328 0.993779307029 2.95496003 ;
2.81501711784 4.54916125783 3.37720309811 3.95513308414 4.52342149965 2.41439347895 3.42046880955 ;
2.82750170228 4.68897309763 2.80879070014 3.99572391133 2.58870864698 1.32487775666 2.67574590113 ;
0.396618202211 4.75313366063 1.35435456289 2.2266289601 2.75438838049 0.744497445671 2.81787817412 ;
1.02792500022 4.78793920089 1.82329847551 1.26849898462 0.307361549402 0.62354433436 2.37890576415 ;
2.29364229042 4.78330585479 2.36228198133 2.68421066891 0.264418921278 0.805701895349 2.90507094294 ;
2.80674058667 4.67101216059 2.99823812522 4.07979290442 3.20407297938 0.963319368044 3.17498765434 ;
2.16239864186 4.80138135504 2.61962017589 1.94590668434 3.51025087863 0.983314161157 3.27193799268 ;
2.83436617774 4.53683534317 3.4226494475 3.93920058194 4.61684142971 2.47477788241 3.44364264146 ;
2.03700432474 4.68884386746 3.05055067978 4.45292989421 2.91794227914 3.71156126035 3.02365664161 ;
0.156205043157 4.79012893958 1.69449554673 1.78753899192 1.18825501037 0.557176473205 2.69513986213 ;
2.16880221863 4.64121179688 2.75566087447 3.75673131197 2.58549139472 1.90366813588 0.103750211474 ;
2.06363033786 4.7486754119 0.0667982399458 2.25637933515 2.94144119878 0.911638522254 2.90793825681 ;
2.56021062912 4.79044123675 2.40797521517 2.37419502006 3.31019900669 1.79143062086 3.21428235688 ;
2.8015632667 4.54571809427 3.3361332983 4.04030248784 4.37588620712 2.29657917576 3.39095463437 ;
0.672610799082 4.7839387057 2.54234321996 1.39828316087 2.0388779872 0.630494825711 2.96504725443 ;
2.12427010513 4.68487861975 3.06524710631 4.44756387126 2.91564610713 3.64224993848 3.08933637788 ;
2.76054715257 4.73262130595 2.78703526623 3.4707075845 3.39081356812 0.141028800905 3.19347549996 ;
2.14773508986 4.62093470689 2.8595311958 3.93600058988 2.82556444133 2.21047896178 0.156601193653 ;
1.29493675073 4.76565113528 0.0142099170303 2.03035124972 1.78467136433 0.670388103291 2.69049446714 ;
2.28867298333 4.7796808611 2.67451761306 3.13586841725 0.270999671576 0.922106982544 2.85606585882 ;
2.8139444483 4.55686308908 3.31157865182 4.04567230242 4.23525756741 2.26996773123 3.33228071095 ;
2.52439360211 4.79701689818 2.5108310961 2.23158529707 3.24955112621 1.49392186681 3.22129420687 ;
2.08381349748 4.6793716732 3.06665555197 4.43218985421 2.90448681989 3.72102658527 2.75395117839 ;
2.85145450196 4.72037934455 2.93531271998 3.68529596467 3.44231458882 0.135712134564 3.2049532155 ;
1.92992996393 4.78680153168 2.65887470897 2.5522172525 0.299066343584 0.745002741201 3.07569466807 ;
1.69260921285 4.77232432434 0.0341699287921 2.24918142567 1.84068318704 0.665384387614 2.96697537038 ;
0.371274321747 4.77105458995 2.33368625738 1.64699636698 3.13713748642 0.746718533495 3.1242965161 ;
1.84143272684 4.68526383582 2.10424623785 2.9863617261 1.78588279266 0.894111338298 0.101050880171 ;
2.38969618931 4.78767657073 2.58040868378 3.35087026885 1.08230882389 0.469772425802 3.09524332677 ;
2.82212595567 4.54920631508 3.38666606487 3.91504422824 4.5649096998 2.42880276394 3.40205879746 ;
1.71366083668 4.77411790385 1.73487757305 1.80705509332 3.45480684944 0.955888244436 3.18238986593 ;
1.99729352725 4.68192752936 3.02808727047 4.44893568502 2.89467076376 3.73259777473 2.77501905494 ;
2.84541342157 4.6996214307 2.92076926029 3.75773911926 2.83268366317 1.82027521134 3.1215712792 ;
0.92324054252 4.79514961747 1.67776138922 1.52705093062 0.494621900715 0.75054209167 2.94054306667 ;
2.84286581681 4.69219671522 2.9684597705 3.73223138494 3.85842414145 0.0734092609305 3.27302720396 ;
2.01369914893 4.6832787369 2.19748333853 3.08779105978 1.99045655803 0.956227758459 0.131248935888 ;
2.35926697303 4.7911037208 2.70408318009 3.15164233089 1.26200177024 0.439503842344 2.96413251831 ;
2.22288798288 4.67884232258 2.98663499708 4.32071578376 2.71111916263 3.16588270771 3.05970535868 ;
2.83586332616 4.56080788214 3.36538179988 4.03601072136 4.44413556573 2.4360984017 3.41681062951 ;
0.952143167013 4.78722038642 2.40109023728 1.74054658986 0.34193379687 0.913850344744 2.61620842815 ;
1.68562172217 4.75801548375 0.0454908609388 2.22417031124 2.08632672397 0.761850007556 2.7107103192 ;
1.75878554221 4.78266662441 2.56621973828 1.71974741115 3.70282429369 1.34158772442 3.24895371489 ;
2.27213838687 4.61447898989 3.03737031929 3.97411013897 2.91954154224 2.50959784655 0.0739605026126 ;
2.84003641753 4.71083312745 2.88638830613 3.59250102327 3.7016752495 0.192382811111 3.205648994 ;
2.77603171312 4.68205229503 2.9215590268 4.07182510938 2.67615582694 1.08967704311 2.77114212333 ;
1.87205727923 4.78336743364 2.65052473062 2.64128358688 0.318386739086 0.811514046234 2.74308393118 ;
2.00498464938 4.67879294843 3.04799631591 4.44198697799 2.91625119235 3.71658952397 2.7075409276 ;
2.58256956006 4.74692520869 2.77493515688 2.89796451846 3.72723991521 0.0344016596686 3.18921720341 ;
2.83039264906 4.54669713102 3.39326653497 4.01278044003 4.52573388131 2.40004129112 3.41709857473 ;
2.49360296331 4.79215380277 2.38720111126 2.08912498871 3.60615100271 1.85514890311 3.24059556454 ;
1.73512561631 4.76447111422 0.0562941424588 2.44224710076 1.61236602199 0.628693541906 2.59091925273 ;
0.296026916594 4.76208163151 1.93377842994 1.08194325428 2.77338982348 0.838503178018 2.9375035512 ;
1.91369246199 4.80226821164 2.59811664985 1.89461858551 3.32548961715 0.8412056535 3.23529621688 ;
2.86441946136 4.74667215788 2.89892214693 3.93163252056 2.23420621874 0.90827781128 3.09153118915 ;
1.43729699642 4.78430442027 2.00531764042 2.15106761538 0.188870033006 0.692579758689 2.78534507945 ;
2.06914995687 4.69048939323 3.03472559245 4.45386881766 2.8874015163 3.73707983305 3.05370275009 ;
2.94842515542 4.52392981285 3.56275668239 3.87051644778 4.7880546268 2.65843645747 3.50747903187 ;
2.01192309898 4.64142891504 2.70873917818 3.67026595995 2.55698344267 1.92834253961 0.07291664454 ;
2.65208160807 4.59578833711 3.09423704944 4.05425292544 4.05620912055 1.51309832531 3.25810820344 ;
1.72961914742 4.75261765069 0.0406203023375 2.19481696414 2.89829152642 0.87472152906 2.89662111343 ;
2.72640776141 4.67779162346 2.9339490263 4.05459089949 2.6566902634 1.26138987202 3.06252305144 ;
1.84309088351 4.78619830455 2.48415614214 2.50565499633 0.0786222885534 0.796145644585 2.88411563656 ;
2.07030589403 4.69142355504 3.06070436695 4.46122342074 2.93949812713 3.74572359476 3.04561203112 ;
2.80342586368 4.56015678725 3.35680035532 3.83720003386 4.54138984964 2.3984812971 3.43646068533 ;
1.3821844221 4.75810978611 0.0264583405579 1.97642399079 2.10211487583 0.790032042694 2.73861640861 ;
2.83825041026 4.7517673264 2.65106891444 3.05997985102 3.8478262391 0.429308196984 3.29027344473 ;
1.27474941404 4.79801489547 2.57071708879 1.60908547987 2.91312712786 0.813947536495 3.12587298473 ;
2.0568001552 4.6324185155 2.74712639683 3.77707685903 2.56924527022 1.98856140942 0.0577480052246 ;
2.25895799229 4.77733146205 2.41197058361 3.02123685166 0.291275627169 0.826561001881 2.92250156142 ;
2.82747481189 4.55699734236 3.35387880546 3.94849983252 4.4566101843 2.38290299644 3.39045515587 ;
2.73950814526 4.75117658253 2.83471860101 3.28903526835 3.26877288858 0.492250130277 3.19518211378 ;
0.61024505989 4.80518419473 1.87550054643 1.30238023597 0.779252632261 0.529292789912 2.72089787747 ;
2.18088736007 4.67805521676 3.03756195979 4.36994231763 2.80043881516 3.3582192116 3.06911213509 ;
2.06895794658 4.63707180623 2.71903184303 3.7543006957 2.63656559479 2.03964153854 0.0660175455166 ;
1.03430035923 4.76627295876 2.21051975368 1.37516665467 3.86413458399 1.33325125016 3.24675387229 ;
2.08889062071 4.75018917885 0.0986490944817 2.46438264943 2.76272095141 0.833002951827 2.86153687246 ;
2.80772256132 4.54578790662 3.37024914824 4.0036640744 4.51906642157 2.23712222255 3.42646447618 ;
0.516152594534 4.79454102882 1.69827469364 1.35060623454 0.669787991566 0.576433258054 2.76006739131 ;
2.27847796579 4.78139111343 2.45896745612 2.97660476132 0.204108306512 0.851379562241 2.92384615342 ;
2.11145192278 4.79434547461 2.62727189702 1.97721338448 3.52795057683 0.974343025092 3.26261228869 ;
1.94688928628 4.64180977915 2.68866089792 3.68635211447 2.56500458102 1.94970184896 0.0880580145272 ;
2.75932883512 4.70458151242 2.92030285142 4.00053827683 2.88461589006 0.831546417518 3.111299546 ;
1.8391493684 4.74928135479 0.0744161701225 2.23695960535 2.92770661977 0.887300340356 2.8986304081 ;
2.13317192148 4.6814880271 3.09659952572 4.43987388072 2.98360601089 3.74490952948 3.04548374522 ;
2.06972757233 4.68930373053 3.05299949935 4.45963323891 2.92958318 3.74590623715 3.04398197398 ;
1.82516205584 4.77677212076 2.25962466623 1.71800423139 3.7619926165 1.56819124033 3.26786185964 ;
1.64316146669 4.78347695052 2.08011811876 2.34537432653 0.0852697550273 0.770018545166 2.85117446074 ;
1.68786955741 4.79201814856 1.58480511384 2.20627404772 2.44823060735 0.305429116567 3.04283322678 ;
2.82649439693 4.70388557519 2.92981420019 3.7059007696 3.69529557467 0.0643994598848 3.26746269285 ;
2.81163306071 4.53889028245 3.41792635936 3.95720799805 4.62499760293 2.43109656671 3.4459114289 ;
1.97072520102 4.64640019884 2.56638879538 3.58230998976 2.52675763217 1.83154444289 0.073153948102 ;
2.8591207312 4.67982388337 2.92133953125 4.04780238334 2.74981815027 1.69545584011 3.08199889196 ;
2.82838854473 4.55409968238 3.34203821885 3.96633477595 4.41027412288 2.35767396926 3.38664090989 ;
1.28669345238 4.78971664009 1.97416821618 1.98866152506 0.220243935028 0.648229033695 2.63639641977 ;
1.86135983442 4.74633997211 0.0343229533031 2.3593585432 2.81042164576 0.907618036924 2.71460955455 ;
2.77762652608 4.72635062239 2.88569742317 3.93199025043 1.69947406912 1.65147435892 2.85224743833 ;
1.1139014701 4.76646600089 2.49396289192 1.48169386772 3.68548098255 1.22336137747 3.2195367082 ;
2.7147839008 4.64510477487 3.0472448882 3.94133493082 4.02222559953 0.122343441174 3.21162972413 ;
1.99315519318 4.67697745564 3.05746200793 4.43576103133 3.00078978744 3.71967672031 2.68645989477 ;
2.64708770811 4.8130452559 2.6402831242 2.67159869818 2.76228334358 0.413103082977 2.87965435232 ;
1.86420548214 4.79018345384 2.56406390035 2.46674885365 0.178671735158 0.757650854408 3.0131546501 ;
2.82765646453 4.5422891228 3.38737663771 4.04771957152 4.46182566221 2.37049660435 3.39593531015 ;
0.658086315398 4.76809426405 2.61950858457 1.57085590183 3.2273529036 0.777933113219 3.14536681062 ;
2.78152365201 4.72915167374 2.75572233711 3.39294726377 3.33534286368 0.0585285691528 3.20428271876 ;
2.0194529285 4.65186254664 2.65852722949 3.58632640034 2.33670833426 1.80071368511 0.112487224201 ;
2.06041742181 4.68469924676 3.04633186835 4.45733608154 2.87828038633 3.70154612539 3.04989621946 ;
1.35608110778 4.75878548912 0.0396777164225 1.96934931255 1.99905756108 0.743614159398 2.77065535472 ;
2.72332624149 4.77205528065 2.64972638125 3.04227947146 3.0378285816 1.80416186516 3.19466583373 ;
2.05804590784 4.68637806676 3.05900200111 4.4408213356 2.99786557581 3.70504043257 3.07322644464 ;
2.73092326535 4.74666971114 2.82542446395 3.24180116082 3.36110558684 0.444339220508 3.19101543526 ;
1.16435500036 4.79480880285 1.94642393541 1.71698638307 0.417977018043 0.525971202988 2.64700989424 ;
0.940147191447 4.77546428044 2.354649878 1.40008889258 3.62503001863 1.23672427835 3.23035805054 ;
2.81893673353 4.55664255395 3.31146471999 3.97292500544 4.31964119417 2.29939267748 3.39106804335 ;
1.95639251961 4.75073191466 0.0803993919872 2.37818879521 2.71581192774 0.818254324619 2.81094827104 ;
2.22033755228 4.62773907691 2.8759106285 3.84202046927 2.90048099661 2.19879450178 0.0559921927526 ;
2.59029725325 4.77278234556 2.75152543046 3.68305596097 0.856508403929 1.37934182801 3.03222347437 ;
2.82331361229 4.55675156858 3.33151398906 4.02201255649 4.37683900321 2.17839968875 3.39576355963 ;
1.69659686863 4.78915038291 2.6320391484 1.67598517126 3.55183506816 1.3450511765 3.23929151356 ;
2.18858197591 4.6834313369 3.05717797841 4.38675891479 2.83583192918 3.49990659172 3.04020942517 ;
1.67541773229 4.78697647242 2.62959866928 2.40071850119 0.26830933342 0.799334720864 2.84864237049 ;
1.13569178628 4.79700781709 0.0797291277236 1.99853414494 0.22049547528 0.492916366762 2.42983361701 ;
2.66535843426 4.75089576572 2.78925995089 3.40536324889 3.00135338685 0.286804446082 3.1704541053 ;
1.78723121265 4.752564147 0.0649193594093 2.19808088525 2.95192549097 0.909640011167 2.95756089249 ;
2.17739367923 4.63827868531 2.74270749246 3.7735542953 2.66026533383 1.96053794107 0.139934075187 ;
2.24287588448 4.6378901574 2.69182473242 3.5459160949 2.35014481648 1.48202210014 0.104143184904 ;
2.72793817651 4.74298583435 2.81196253037 3.03124542127 3.62203539704 0.385474718816 3.25405823611 ;
2.81372255344 4.71149541618 2.9311030186 3.99204864566 2.29407238787 1.38847569125 3.10096393027 ;
0.945249963272 4.78032349407 2.30710600453 1.32251446674 3.54034287997 1.21223037864 3.21332966596 ;
1.38222797288 4.79332863737 2.32371225835 2.16476080127 0.344871074263 0.633305300762 2.91806080504 ;
1.98193402415 4.68409187492 3.04372434214 4.45096525088 2.91834940979 3.73598787847 2.86147315573 ;
2.82675599609 4.55398425942 3.36866339807 3.95221029831 4.52520030069 2.41502661452 3.4221131371 ;
1.95920153078 4.75649920203 0.0923678261418 2.31626774423 2.20647150014 0.783203682141 2.74686128791 ;
1.33721182474 4.80207437887 2.54211650537 1.4360360284 0.726414391522 0.550565198158 2.7850084932 ;
2.79228910975 4.64349958472 2.97812146059 4.10741306938 2.94244170957 1.85247953714 2.85529124723 ;
2.7193689386 4.72944613426 2.80737617467 3.42268835481 3.36586774015 0.0795993997902 3.03533687131 ;
2.82785014891 4.55014784569 3.39379186213 3.89981881573 4.620084062 2.40143470472 3.44974720171 ;
1.98247379023 4.7523944427 2.74534764316 3.65560384333 0.372553024802 1.1585637925 2.74305004971 ;
1.68215246741 4.77273349377 2.20656568938 1.68143349959 3.6587095409 1.44720610552 3.15463049739 ;
1.58381177467 4.77177321269 0.0739735514185 2.31862810401 1.58424185528 0.609048045036 2.56204688292 ;
2.05810562485 4.68635977084 3.0657269294 4.46137464035 3.00100798278 3.77625426803 2.74830820644 ;
2.02354099499 4.67679223777 3.07198335052 4.43745660541 2.93447139407 3.66758582702 2.65066210693 ;
2.86635370449 4.72540684294 2.89166645812 3.6740129209 3.32249634957 0.308653258545 2.99466941364 ;
2.11395554516 4.77066417207 2.64668025124 3.1567189072 0.726404351421 0.944000874785 2.72125554455 ;
2.81925276378 4.54765269227 3.344194687 4.04459702762 4.31503208214 2.34299218868 3.37291189375 ;
0.810772359124 4.79625544719 1.21140196153 1.36088997903 0.389535036808 0.590238591858 2.61170215867 ;
0.338352551721 4.77649797778 2.22220593375 1.23198753718 3.37321740732 0.831327782037 3.10722762231 ;
2.21874367989 4.72961133749 0.041854423376 2.61627419937 2.84164844346 0.915579714626 2.70306003602 ;
2.42211982433 4.79495789051 2.64442383011 2.02536876726 3.5163179337 1.46427947623 3.2296555532 ;
2.11840532992 4.68076588059 3.08130498842 4.44153307726 2.94319001147 3.75818432879 3.03449280393 ;
2.86889225676 4.7361833563 2.89080874636 3.94522637377 2.24384458217 0.884180965206 3.09576052319 ;
2.79324930594 4.5531270176 3.33048843255 4.03146542629 4.44891191314 2.08645657762 3.40561972366 ;
1.5128408904 4.79065242371 2.49689856867 1.88788092427 0.233900793288 0.672467742838 2.84611366078 ;
2.55701932804 4.80290323122 2.61906702184 2.07419078966 3.50583929144 0.965096377871 3.24079436227 ;
0.1594207303 4.76526768701 2.31614109168 1.81123240126 3.16917705698 0.922173677263 3.105804685 ;
1.7329959095 4.76167844723 0.0623135005708 2.30334099609 1.98265109273 0.730747005589 2.75825646182 ;
1.9971896626 4.63032269551 2.71735137693 3.80588185072 2.52467636655 1.94408267033 0.0492397743598 ;
2.85620600922 4.54990076979 3.38037364011 4.02465446793 4.4705474469 2.41793804497 3.39745029247 ;
2.46994218256 4.79532708612 1.91664793226 2.77398625144 2.42413825269 0.408113964152 3.09607401526 ;
2.13925860147 4.67637564443 3.03590882005 4.39441327878 2.86298179215 3.41774273987 3.06124806481 ;
2.81795901051 4.68568081191 3.00589300832 3.93177632081 3.64913148971 0.360908316094 3.21820999455 ;
0.693245739205 4.79260853893 1.42156444473 1.43296802415 0.790990544464 0.616885941781 2.70097849709 ;
1.82596303579 4.77741022947 2.26712937339 1.7961834574 3.76238649557 1.40932217137 3.25768501119 ;
2.36421521221 4.77204848704 2.61172413305 3.2290630169 0.230898631844 1.02612865743 2.94678887128 ;
1.93792270938 4.64033789989 2.55954419642 3.6266666871 2.62609578047 1.88581201314 0.0622445407662 ;
2.10030117849 4.6450610934 2.76604371618 3.7495068982 2.546986959 1.97955970082 0.143315543283 ;
2.83954226924 4.54540603509 3.38326005626 4.00162587846 4.47157117231 2.42796723348 3.3975506579 ;
0.511097610033 4.79114176527 2.56398519516 1.4592782056 1.45659794815 0.664895133507 2.83354851722 ;
2.42114015261 4.77543147441 2.63279339687 3.17352879095 0.352136704396 0.921775107055 3.01160851134 ;
2.03626058368 4.68453685795 3.04080575118 4.44429256135 2.89745871349 3.66666465867 3.06183900658 ;
2.81964828477 4.68986568099 2.96507380643 4.04597372831 3.24088332165 0.633823569733 3.17248549033 ;
2.36878360612 4.79886012009 2.39467975954 2.08834562315 3.46495906891 1.04042724951 3.25348672606 ;
1.27127819137 4.75931705602 0.0259810876891 2.02961159292 1.85833827966 0.699068047972 2.68081556196 ;
1.09299337707 4.79661798401 2.07992062004 1.70950564849 0.191965462055 0.634805688915 2.91731011058 ;
2.78979327837 4.56197661711 3.28850331616 3.91386206482 4.33694032925 2.27983256803 3.38806305613 ;
2.72695565531 4.75254155126 2.86362056682 3.85662747635 1.3747616538 1.48641734899 3.07904533691 ;
1.59160399115 4.79709672099 2.56437581276 1.72799529121 3.25641003003 0.945965528027 3.22584627684 ;
2.05229818269 4.68362359139 3.07942161775 4.44962644447 3.02967184943 3.7791876392 2.79496818419 ;
1.88721427621 4.76500496154 0.0483731376797 2.31621293647 2.4877742794 0.860254561409 3.01398947027 ;
2.0457040897 4.65602990417 2.31567842156 3.14077211121 2.15833038868 1.13127828071 0.114472236729 ;
2.82607187187 4.7192778058 2.89303734992 3.61601073008 3.53322653132 0.120826565657 3.23734182823 ;
2.81368196875 4.71026736165 2.93291918286 3.66106730982 3.55712923483 0.0545178162365 3.06405222703 ;
1.95240239366 4.67904140223 3.02419428092 4.4455530209 2.87620379903 3.72409386844 2.74029041459 ;
0.314809074769 4.78729189649 1.55715858646 1.68768144844 0.837912603204 0.60116594772 2.36467538633 ;
2.84384642959 4.55830383376 3.38954277657 3.91695794174 4.54662524251 2.45151557668 3.40411276208 ;
2.31140523916 4.77683913216 2.69292020398 2.87414333399 0.264480181696 0.796214099483 2.85958817577 ;
1.73014061852 4.79039681207 2.41339983 1.66217756483 3.43280553474 1.0561317188 3.16897498075 ;
2.77747149501 4.6682370155 2.95894417965 4.00986953743 2.74250606858 1.74188004459 2.82166365189 ;
2.31866145567 4.75345717369 0.147241539439 2.68256534131 2.38881095409 0.82471179905 2.80778141903 ;
1.73590734874 4.74819170042 0.0460000471439 2.23451617614 2.85285641618 0.898306622001 2.80992216817 ;
2.0649587131 4.68700640819 3.050588758 4.4472183378 2.92185542329 3.71959856803 3.08383043745 ;
1.6359240304 4.79562964581 2.59009299102 1.73503361661 3.27167623209 0.951374878617 3.16041082711 ;
2.85066244589 4.70836868523 2.93114477447 3.65530208208 3.74559176321 0.111714800006 3.22185527296 ;
2.8177750579 4.55763564228 3.30972450808 3.93670663155 4.3545540013 2.30619188649 3.39506399094 ;
2.72565338968 4.7568397022 2.81881845017 3.80154726247 1.58157233142 1.14321263535 2.95941775074 ;
1.30066496834 4.79667915688 1.91424010202 1.88930613409 0.142846512275 0.669275599357 2.66257508703 ;
2.03253122277 4.61294021263 2.94987724306 3.98092684521 2.87253901238 2.4985223921 0.0747333766919 ;
1.79891924948 4.77672803237 2.60569920736 1.79441463838 3.79586230507 1.3864535257 3.24742546482 ;
2.51738211595 4.74606025168 2.79678239472 3.79654308211 1.07819217455 1.57011909552 2.69909824859 ;
2.09887465721 4.68116338392 3.11028401706 4.45089034554 3.07111938458 3.76829650816 2.75806374799 ;
2.65392735343 4.76524734713 2.72971231674 3.17714112792 2.83307510486 0.133329186332 2.86704942125 ;
2.80020133621 4.56108236885 3.29752172862 4.0269071974 4.30258136942 1.9812858224 3.33800681053 ;
1.09370792955 4.80106862439 2.54848567491 1.59342912866 0.589521969202 0.612016934436 2.73627823542 ;
2.28092814132 4.73799511158 0.0315618919956 2.58982234508 3.1536804694 1.07645790499 2.90065615883 ;
1.00405956171 4.7746698951 0.0345555622335 1.9126917264 1.07406913026 0.611211982128 2.49750215076 ;
2.63641271342 4.75660368142 2.77630571875 3.32342998471 2.4930578962 1.43484446085 2.76324806276 ;
2.81756017445 4.55064078099 3.36131929025 3.95271471129 4.44941281728 2.37264887375 3.39129428907 ;
1.82025012743 4.74533033371 0.0379621498038 2.32881971789 2.90429389562 0.963054761015 2.75697170223 ;
2.03803927726 4.67574630466 3.06733443747 4.45225937474 2.93769967548 3.69873077252 2.72166126918 ;
0.615960642981 4.7945504111 1.71725838076 1.26849501807 0.539535539437 0.583267752622 2.57525746327 ;
2.87983164275 4.69434224655 2.96728011691 3.84668013319 3.5822054405 0.161772174279 3.11644771076 ;
1.56597098308 4.77639979836 2.58293420049 1.74105075926 3.61378476153 0.809961361338 3.19780852215 ;
2.26312278823 4.77995925505 2.47889825818 3.06188465917 0.165509538434 0.843955815099 2.80238063614 ;
2.653136118 4.798029532 2.27314296738 2.20536095106 3.58401270559 1.65635030199 3.23008315646 ;
2.02855514006 4.67584666336 3.05776074896 4.4342513274 2.91341870451 3.657574506 2.72110648152 ;
2.8102784252 4.74503104307 2.85317165973 3.79819937927 2.16764516288 0.692357903459 2.76597786157 ;
0.22589295281 4.76909562006 0.143259111272 1.66701903208 2.03354858876 0.781661723636 2.66178344756 ;
2.81852088204 4.55499913364 3.32368569424 4.03731376928 4.3857411509 2.01650550015 3.35921465845 ;
2.37939386852 4.75522433207 0.0820138230742 2.52205055828 1.62946127839 0.623754363521 2.60727366079 ;
1.41053451009 4.77650667769 2.62220648782 1.73898745759 3.39850688896 0.371558874471 3.13261427398 ;
1.35688054765 4.78831857857 2.59861129489 2.14303469829 0.290446306008 0.853718130248 2.67045333405 ;
0.490613326025 4.78876216115 2.54439976129 1.43775440289 1.6766648332 0.435797976387 2.8799918313 ;
2.74805531505 4.66517263735 2.95291958828 4.09155875632 2.71197461082 1.41573815475 2.71619690541 ;
2.8303888275 4.54427678216 3.3924137386 3.97639091038 4.56799492301 2.40824199487 3.42189066569 ;
2.71433930307 4.73004023274 2.81340823989 3.25140864383 3.67850754867 0.0469503803758 3.20012935848 ;
2.02331838127 4.6842180939 3.05359889994 4.45128946207 2.92502511967 3.75627931687 2.74455015918 ;
1.55468689826 4.76536110081 0.0305489619333 2.22161385417 1.87123818059 0.705020692609 2.6513346959 ;
2.07875212818 4.78846397787 2.41296610608 1.81183887721 3.63740862788 1.692766487 3.22343997809 ;
2.1560381172 4.77761186684 2.67189377783 2.88521468478 0.271831534143 0.841590013739 2.68506893281 ;
0.69707929211 4.78933240416 2.54274778821 1.18817433384 2.27136482885 0.720215187847 3.02866449785 ;
2.72764646428 4.73212731267 2.79100620601 3.23780081036 3.27276876926 1.82590512662 3.19813868488 ;
2.19293741589 4.78077046698 2.64142238588 3.03138696808 0.678535617831 0.766850045548 2.83580651451 ;
2.83064827553 4.5335147642 3.42536304896 4.00873009653 4.59211132326 2.43250944661 3.44575477026 ;
2.04479555554 4.68414972881 3.04569759436 4.45783388088 2.89533528415 3.67375318198 3.07330146358 ;
1.527480382 4.75870358129 0.0382880315177 2.09008251415 2.06789664857 0.798283015944 2.75527389245 ;
2.72518079959 4.72135691023 2.86152165983 3.42109663942 3.64180221964 0.0480741551834 3.23462023048 ;
2.19253749791 4.619169991 2.88226241487 3.89276118833 2.91539677358 2.2673219954 0.052721953495 ;
1.72424962878 4.79633977186 2.52638603803 1.74550966928 3.39050291989 0.873200494296 3.17121257263 ;
1.98941087958 4.68470236972 3.06616989396 4.45254601977 2.96568452621 3.73978262364 2.72958030892 ;
2.82063137644 4.69798944634 2.95637916351 3.79241876282 3.49947374696 0.0811090987241 2.98142553398 ;
1.08719078544 4.79204778228 1.88597021869 1.66638061034 0.245379399557 0.609109085575 2.58083641536 ;
2.82042421984 4.54061705129 3.4216740667 3.68381149078 4.71308873697 2.5118185725 3.50964384089 ;
2.84421652755 4.60260762466 3.11878771832 4.24428061206 3.61214888028 1.9910918054 3.01356312881 ;
2.49832597753 4.76761800379 2.77846918853 3.57412530002 1.16687757502 1.30896734228 2.86043926972 ;
1.89344969016 4.74530065643 0.048383861564 2.46466653474 2.6939255192 0.936152987186 2.71296476273 ;
2.45480481071 4.8110465978 2.62136306773 1.97809329797 3.29844402705 0.86248601369 3.15731909902 ;
2.80394130485 4.54918732274 3.35121925482 3.98087545346 4.45793334686 2.13778018751 3.39539986301 ;
2.04897763335 4.67857577346 3.08485388985 4.43351597777 2.96922835447 3.74110164828 2.73882643475 ;
2.78909877788 4.70924828833 2.89733507752 3.98904501418 2.75725248885 0.848119010368 2.81102959733 ;
0.0377770580345 4.75867319311 1.9038127737 1.79519076821 3.12542798114 0.898844088526 2.90510494222 ;
2.42314439857 4.73180469413 0.0705763979712 2.5325494127 2.89509565817 1.00390057805 2.83717493238 ;
0.858506147399 4.7906630207 0.688779971806 1.47704298275 0.22868813517 0.581852762732 2.4255272681 ;
1.99272592036 4.77885673058 2.64055933932 2.79165729574 0.137160723118 0.861804307209 2.74527379624 ;
2.08510762445 4.68874634233 3.07395601478 4.46196126882 2.94865003418 3.74708737102 3.02976667247 ;
2.85306485238 4.71140477033 2.90589582263 3.65170857053 2.94632307939 1.82860573531 3.15146727556 ;
1.40972285966 4.78699120994 2.56584342923 1.64060489414 3.22925868222 0.809827346302 3.18609794745 ;
2.78863567849 4.53962167848 3.3985947808 3.92239673405 4.61503251112 2.40797796251 3.45309578402 ;
1.66136920733 4.78364670709 2.11021888762 2.38619391963 0.152381318952 0.746428087728 2.82428085728 ;
2.07175791247 4.63923933831 2.69029213921 3.71424677619 2.55610275124 1.94533093919 0.0620106624637 ;
1.72837378851 4.75220609892 0.0539352218598 2.17401678472 2.89609509341 0.901605106754 2.89526643476 ;
2.79573048444 4.71793260342 2.90544053151 3.69297846001 3.40672988131 0.0531084192879 3.21113747606 ;
2.80255807838 4.54863644689 3.33570610584 3.98142425031 4.40203459339 2.35160040922 3.40369238329 ;
1.14352720548 4.75877975174 1.33638974074 1.7444069524 3.30294042867 1.11905197761 3.07408540926 ;
2.12086251518 4.68630523737 3.03899331798 4.41931909528 2.87352708519 3.5274464877 3.07447089439 ;
2.42717462027 4.77571160609 2.59601996032 3.35685309905 0.479939058116 1.00516374283 3.00679853656 ;
2.61871252645 4.81657440483 2.49364953221 2.30884697058 3.11825983043 0.765652410552 3.20533816847 ;
2.15106586291 4.61863526696 2.82668518323 3.88492927126 2.89111364688 2.23020490619 0.0742825394808 ;
0.824823436372 4.79190606885 1.5976546908 1.49191164293 0.38981584714 0.571130543996 2.41557126856 ;
2.82142494502 4.68388794895 2.97731433925 4.06598237002 3.44695324298 0.310510544388 3.17656142646 ;
2.83549772367 4.73228862188 2.85925271598 3.62180415328 3.28707165724 0.269043133895 3.03273108626 ;
1.58631164256 4.63386252129 2.82424950937 4.1310916356 2.52575497101 2.73432794256 1.85003985959 ;
1.46194775264 4.76849917941 0.0287381795652 2.22600334989 1.57826082836 0.573951433933 2.58253158242 ;
2.41382544259 4.69505674133 3.16895805168 4.46048504911 3.17225935601 3.8139858618 3.11282155283 ;
2.81138076388 4.54797497945 3.32404043164 4.00380869449 4.3628250556 2.28477241876 3.38112908239 ;
1.90414645908 4.77965589425 2.21671688745 1.79700658606 3.68546908033 1.36176331167 3.20285078199 ;
2.4553144384 4.7619681963 2.71845089332 3.4750603613 0.281052464971 1.17622519898 2.85655217283 ;
1.0788127895 4.80665869815 2.56244039153 1.55985304007 0.969671493697 0.482156031855 2.79171975969 ;
1.90813370656 4.67153676716 2.2565184507 3.02071598442 1.90575439398 0.960067752299 0.109507033542 ;
2.82780762569 4.713838441 2.9257241422 3.96580256264 2.91231172657 0.79049298932 3.13582491358 ;
1.75809260107 4.75608593707 0.0545312590481 2.1970069385 2.87431138458 0.908004126938 2.98934534984 ;
2.82871639494 4.5399114391 3.38431554796 4.01846997541 4.49981535818 2.27691302087 3.39921505666 ;
2.29854118142 4.79651996546 2.66154236711 1.98700916977 3.65251582396 1.88696703325 3.28213918753 ;
2.01131666342 4.68359838628 3.05321083774 4.44648651267 2.91880718943 3.72623265934 2.76308706834 ;
1.56584519498 4.79225153786 2.57645358256 1.89452642526 3.06705401548 0.22037519548 3.19083896689 ;
1.70355102939 4.78467018071 2.13353825478 2.41394071123 0.111118403665 0.793742445465 3.03706504375 ;
2.73049902645 4.75109853259 2.83744099269 3.84019605838 1.33010481689 1.64563586873 3.10769251911 ;
2.82673459078 4.5493663846 3.3440639867 3.97858754216 4.39618723603 2.3531746699 3.38922999662 ;
2.78789732092 4.70266905647 2.95096994486 3.87630230824 3.44202962472 0.196501512382 3.19369096612 ;
1.86079692232 4.79596556471 2.59848444358 1.85582745484 3.35001523141 0.929291905171 3.22912734768 ;
2.04987012284 4.68710676392 3.06246236062 4.46595577703 3.02228070825 3.72923359699 3.0477646647 ;
1.29012265057 4.79544009599 1.93602969415 1.86926853656 0.225756898137 0.580726607766 2.74362840197 ;
1.73816064791 4.75249486955 0.0533674826823 2.20712556791 2.89042805576 0.892114526683 2.90135503985 ;
2.02827247197 4.64687857981 2.70640661891 3.69053834198 2.53675610338 1.92699969954 0.0967647049725 ;
1.99041005645 4.67458246951 2.22097853629 3.04579316346 1.97773359624 1.00900437999 0.0831528970428 ;
1.67471299164 4.8140504691 2.58038444394 1.95279547941 2.48744791038 0.400254733007 3.13864516914 ;
2.04161925984 4.67956638679 3.05889598407 4.4254044734 2.87826374849 3.66026751801 2.77486453746 ;
2.88175291129 4.73372624079 2.91476373672 3.70867431503 3.155781168 0.668727555624 3.17025757742 ;
2.82547178847 4.55310796105 3.34573804983 3.94095694492 4.40816059842 2.35324805671 3.3942824556 ;
2.14547569629 4.75360132015 0.238618861933 2.43428807616 2.8854225617 0.902663657378 3.05836189067 ;
1.65311579096 4.78721008682 2.09251167433 2.38339454567 0.0612606633288 0.766986739141 3.00144087218 ;
1.05889115813 4.74585390885 2.30212177715 1.46427361265 4.00329268662 1.50902398102 3.26474355517 ;
1.97474292096 4.78808121013 2.56404728212 1.84926425861 3.68566771992 1.22989203656 3.25422185138 ;
2.83544550711 4.54903992612 3.37451187056 4.02889228949 4.46219802321 2.40206734898 3.39045253416 ;
0.767109941789 4.80069926976 2.29592037979 1.09127394131 0.645248118024 0.59540126893 2.73463337553 ;
2.15179614157 4.67451965172 3.02919514492 4.39466722044 2.82328429429 3.44624081099 3.06136778734 ;
2.89216856418 4.70988762653 2.91115440407 3.83336075276 3.46672236619 0.341967630615 3.19932722129 ;
1.59804764449 4.76306430383 0.0385077540988 2.25987023736 2.11169333516 0.785554817545 2.76547016167 ;
2.24122874719 4.78473198055 2.70317771814 3.16744370077 0.958447531613 0.767902612487 3.09516362343 ;
2.0698038179 4.64329495231 2.74901254772 3.72295138918 2.48411506574 1.96803404461 0.0767393105265 ;
2.79661735707 4.55787348353 3.29636207867 4.02665926149 4.38734532704 1.94101136198 3.38529389422 ;
1.38087407555 4.79638708669 1.88674766313 1.91667532371 0.0982069280758 0.632351061083 2.78073062317 ;
1.61201308656 4.75343304824 0.0141376406085 2.10371584612 2.92708476401 0.886214904122 2.83847969583 ;
2.1408752837 4.68643650487 3.10339563395 4.44331647422 3.00100947763 3.77620935837 3.0497605551 ;
2.48486771396 4.80667259683 2.58092763299 2.04929746152 3.39823583534 0.952482687628 3.25037735075 ;
2.11400170961 4.64768274275 2.72972549628 3.70930225318 2.49332291652 1.9075327498 0.0653932022391 ;
0.113585013704 4.76585220768 2.62479297452 1.9191740009 3.01430126307 0.750813782982 3.0494643237 ;
2.84630885578 4.73656719952 2.79820083551 3.89039755159 1.94179370955 0.963652668971 3.09608739379 ;
1.27244995212 4.79905483403 2.56138713197 1.90884553287 0.250044413131 0.659375302454 2.67091106093 ;
2.82445373488 4.55399508919 3.32960291214 3.9589234425 4.39375955736 2.35213600167 3.38933011389 ;
2.8035529038 4.67812143637 2.97301106197 4.0096673062 3.51789216679 0.250785658524 3.00912286485 ;
2.55646845425 4.81022166601 2.30302410435 2.1821814585 3.11464645735 0.693060262893 3.0532032945 ;
2.01119821059 4.67109372902 3.05899838682 4.43143561114 3.01221708333 3.66926027156 2.65449829124 ;
1.46109078171 4.76101739577 0.0251607345854 2.3200912518 1.37643265973 0.645172556537 2.54181151372 ;
0.682611761582 4.75810159868 2.13073249601 1.39397868719 3.68558546853 1.27546008812 3.14112936899 ;
2.70708402854 4.74341865297 2.85122682632 3.88312583515 1.32527021922 1.57844599974 2.86484629765 ;
2.1445276686 4.68379656808 3.11528600225 4.44327029259 2.97773544311 3.75740397443 3.05372701475 ;
1.37519008234 4.79204554758 1.94798154754 2.07160478306 0.140696907975 0.724504215025 2.69165350812 ;
0.634084879033 4.78118506037 2.3021329324 1.37393867651 3.189350788 0.751673522815 3.157673748 ;
2.78767731382 4.54958982877 3.3359594714 4.04093060545 4.43690769109 2.0370408097 3.4009513695 ;
2.64374629755 4.80221679026 2.65281226779 2.24887974583 3.53202414125 1.09452203158 3.24427394346 ;
1.97533543433 4.73516973017 0.0556432105739 2.44755413021 2.80267896223 0.910501407147 2.79496649802 ;
2.80546075613 4.74312755837 2.8793613964 3.88938921423 2.16758210947 0.78635168713 3.11733082945 ;
2.13478726233 4.62276710659 2.77285704587 3.90474569057 2.68598108948 1.99651016411 0.236198507166 ;
1.74457046334 4.79209779594 1.37920840815 1.75489516948 0.0507085674602 0.595408743217 2.6361494325 ;
2.00390747375 4.66918073005 3.05295970532 4.42981299164 2.90389917432 3.6049156968 2.66221340807 ;
2.83761242939 4.69410114286 2.96293015182 3.79587959568 3.65318866776 0.234234717572 3.00781833543 ;
2.01226386643 4.78855816873 2.62130467789 1.8031728518 3.63517086625 1.19918044987 3.2000697535 ;
2.69109219645 4.77377689868 2.78035203001 3.57149936733 1.35195150967 1.05579702566 2.8757452198 ;
2.83462508633 4.5491024209 3.36321554734 4.02350570239 4.39230533493 2.38274203828 3.38427873491 ;
1.79352539266 4.73940441894 0.0468045504111 2.3221743397 2.92435738858 0.991022929396 2.77784655539 ;
0.353999332192 4.79148454675 2.49710298007 1.96479524451 1.16750584722 0.575599207604 2.64613109163 ;
0.951980359834 4.79158676459 2.47072581024 1.36283309694 3.26570864199 0.979730022558 3.2072372571 ;
2.0593296275 4.69188308149 3.0577183083 4.45860400018 2.90621389852 3.75032167051 3.03939417177 ;
2.73359779582 4.74533498739 2.81135127934 3.15568197625 3.43146891945 0.302111843709 3.22634492921 ;
2.81924558043 4.55613338227 3.38507875976 3.87501152376 4.58026468586 2.41480198705 3.44073504477 ;
1.66074794118 4.78531126466 2.10542790213 2.35508412372 0.165596302993 0.735228222309 2.87502397368 ;
1.96816355334 4.64519435877 2.54346268602 3.56704379687 2.46502349325 1.77927578603 0.103407379571 ;
1.89956517413 4.75461389944 0.0807362950291 2.34650403114 2.8860054738 0.935906367931 3.0207606324 ;
2.76610645648 4.67403545457 2.96432336009 4.03744713945 2.74493413489 1.72607704707 3.09684162787 ;
2.47970732773 4.80763385789 2.60865691421 2.03503660925 3.32593351192 0.973669930996 3.16772178561 ;
2.68131434258 4.76297919083 2.76199766235 3.79342011666 1.21189896693 1.1577625501 2.7215929096 ;
2.83309663832 4.55337357861 3.36023985899 4.03799403155 4.33660451478 2.40301575407 3.3627459299 ;
1.95004381942 4.67091169647 3.03443855788 4.42635114792 2.90475352664 3.67210575936 2.66171665071 ;
0.0945423294856 4.76641879762 2.30053280755 1.62437362297 3.06127738614 0.797943753021 2.97869446715 ;
1.93560040394 4.74030941081 0.0279825441462 2.46090224683 2.835398042 0.944623336088 2.71359660195 ;
2.81066570384 4.66901887914 3.01647958821 4.02107332087 3.63540581425 0.252721817522 3.07313855583 ;
1.28044162814 4.79578224595 1.85755422797 1.76565716259 0.101977468751 0.653212718666 2.61654978147 ;
0.679321234953 4.8044884207 2.45473948302 1.18222325343 0.790555384615 0.641061710073 2.87188084957 ;
2.8142233025 4.54398399396 3.42332400955 3.91126897751 4.64207142686 2.47802121174 3.44464304707 ;
2.79837542731 4.69191582014 2.95638095449 3.9248073317 3.50237861264 0.0510971586841 3.03628547709 ;
1.99861121575 4.67942069064 3.03577811576 4.44531267201 2.90681067916 3.73921006394 2.73046750021 ;
2.82181681842 4.65932529156 2.95747548215 4.01846456553 3.00076778009 1.85551578871 2.93107738013 ;
1.56268819594 4.75742975719 0.0223223120842 2.16010783559 2.12437374815 0.821852564509 2.71020994096 ;
2.16772155079 4.76507868586 2.61635842569 3.22823562413 0.409958871268 0.850111742874 2.53352822174 ;
2.03303855084 4.79759895834 2.57522981395 1.89384203758 3.43372914515 0.912558783888 3.17206039596 ;
2.20652584018 4.60656674688 2.98477136501 3.99918492546 2.87799367293 2.44087986361 0.0982502841816 ;
2.48867041804 4.75493623413 2.75285288672 2.85379284351 3.36437948542 0.182973254871 3.15362220667 ;
2.40846946571 4.5749835508 3.17389580809 2.88543442175 4.44880913406 2.31516819903 3.41723987624 ;
0.569476958044 4.80004200903 1.91160830792 1.10848834132 0.801972647392 0.560383602476 2.71787428023 ;
2.15003193815 4.77950693213 2.69976294927 3.17206488274 0.694483203112 0.921864514747 2.87108876725 ;
2.12601648948 4.69154254316 3.08132142045 4.452081716 2.98616704947 3.75508335871 3.11001952195 ;
2.87202697333 4.63656297442 3.14447345384 4.23812599963 3.80615229451 1.86852815872 3.28229899943 ;
1.80853867178 4.75314809918 0.0843380711612 2.30719443656 2.47941865472 0.893869289659 2.77053038707 ;
2.08104652503 4.6675714058 2.30658090578 3.20766192433 1.96311391827 1.085705662 0.134595203499 ;
2.54769141503 4.76721951913 2.50784830597 3.68717458637 0.722656058674 1.20045297268 3.07702005455 ;
1.15015688626 4.80867182504 2.10479978711 1.63414408849 0.685394919248 0.506024676665 2.98607929207 ;
2.79101849015 4.65269359297 3.0399471802 4.17190982481 3.4011570284 1.14820277681 3.17655828088 ;
0.773115698222 4.74757527878 0.972822416341 1.7352072282 3.18028649149 0.989638902268 3.00462806858 ;
2.00181873421 4.68741134737 3.03746112318 4.45811783006 3.00012086312 3.73712639197 2.80432319089 ;
2.59406676144 4.79302246105 2.38868683598 2.24952806012 3.50621083547 0.88268713292 3.25276876514 ;
2.83596356211 4.52782651767 3.45202252181 3.88929161507 4.69325533135 2.51740148466 3.44605818219 ;
2.15729802838 4.74246240586 0.125997810716 2.47868265132 2.89334645285 0.96581968606 3.04417024626 ;
2.03769206594 4.68919552808 3.06323243895 4.44067260814 2.91185687051 3.74103311542 2.77324187236 ;
2.75661206576 4.80206244278 2.74032824716 3.11101184861 2.2369583422 0.598985549676 3.14952806445 ;
1.39594382034 4.79096077163 1.97001485785 2.0751025154 0.0962273039974 0.747048504785 2.97667645494 ;
2.7629594727 4.55767653978 3.34585783307 3.61754632463 4.62272431874 2.44405917455 3.44811436531 ;
2.8204232441 4.63532952184 3.08634885655 4.12602618599 3.61758490063 1.2675097767 3.18430170693 ;
1.96197657191 4.68498089916 2.17691348184 3.06385303582 1.93088407717 0.964796151343 0.130056022587 ;
0.859348429625 4.77950198936 2.27328385719 1.431272105 3.32876277802 0.794462747194 3.17735280582 ;
0.725072896084 4.78509391286 1.36100701939 1.43520192701 0.382718871518 0.601627218699 2.30481688578 ;
2.87661481084 4.73461768949 2.89855760603 3.61302388487 3.29305673488 0.467271217172 3.19274511705 ;
2.10208598392 4.68825782516 3.05080242161 4.42794278783 2.89469089479 3.60306926912 3.08207908493 ;
2.32029114397 4.78074699393 2.61549693406 3.11064041273 0.234228760139 0.965985430571 3.01430708807 ;
1.45931298876 4.76584176657 2.26734700123 1.46423971274 3.81901046003 1.26097123995 3.22464739389 ;
1.81522203093 4.78722338285 1.33700397753 2.46506493576 2.42297169488 0.690964595543 3.0207582036 ;
2.81227204838 4.55327259322 3.32277323246 3.95512167203 4.37897277026 2.33175738342 3.39973013764 ;
2.23742745993 4.62624503116 2.85714251 3.85130190556 2.83623413293 2.19190769957 0.109832505836 ;
2.62130505838 4.82064857673 2.62845519623 2.2897618325 3.11341012384 0.515587172731 3.20383890961 ;
2.77742057364 4.72796952261 2.79773291408 3.96135445682 1.97462209675 0.937737655154 3.05961231157 ;
2.08390747369 4.68223847758 3.0471731161 4.43033593873 2.92999659493 3.72465579211 3.07862462501 ;
1.3572775396 4.80662311112 2.5347674722 1.58443233665 0.312925642936 0.734821770011 2.81016683934 ;
2.80477964097 4.56222637363 3.31086275906 3.99263407727 4.4019221598 2.03721687759 3.39925246296 ;
0.956266895806 4.78065267095 0.508693382425 2.32881665893 1.25800346843 0.478213704624 2.58040194302 ;
2.17657483973 4.62894105374 2.87534963294 3.84806497201 2.73904000538 2.16758619159 0.061719251065 ;
1.45860413291 4.74868790866 1.65721799535 1.74629438201 3.83994188549 1.3338199545 3.17939728907 ;
2.77830496098 4.65045769953 3.01299130884 4.07784610819 3.7636558355 0.214455907834 3.03831626702 ;
1.8367331087 4.78446384307 2.56948371921 1.77513876995 3.79337696013 1.60704926686 3.25265718026 ;
1.99936478076 4.67621581086 3.05350323068 4.44248372422 2.99726115665 3.69762137306 2.66455038756 ;
2.73080181548 4.74368382533 2.85250762096 3.8828538366 1.36657120637 1.48740255436 2.87220939248 ;
2.44871490052 4.80912482109 2.58569100397 2.45882112894 2.85944550757 0.141876102968 2.94510433989 ;
2.8333654587 4.54579373157 3.34892316884 4.03369241554 4.39153787686 2.36203371526 3.38230182824 ;
1.59246292913 4.75971472914 0.0175160232441 2.24164980071 2.04428551016 0.780894351016 2.6750613115 ;
1.10041867018 4.79290237587 2.4957825695 1.74859217262 0.513737144998 0.670920663522 2.66316806294 ;
2.87104737333 4.55179442263 3.3608003007 3.95787162314 4.48087977442 2.35502566712 3.42361130312 ;
1.56575549398 4.76529113932 0.074749625691 2.17556186768 1.98369819843 0.753420625974 2.71802552539 ;
2.45087572351 4.67239503153 3.04633080672 4.37617428991 2.86104212823 3.37261442972 3.09915365565 ;
0.192292663232 4.68921996762 2.85382473492 4.11952811879 2.78396813295 2.45349044692 2.94849601552 ;
1.71887678112 4.78667181268 2.56046941087 1.70549397259 3.41946071299 1.07515049032 3.19700719656 ;
2.88416283768 4.72809268447 2.85596967264 3.69291855673 3.21572042692 0.393578767595 3.03338878974 ;
1.78725081169 4.78681655397 2.63500382961 2.43235041195 0.233535708136 0.771108155724 2.77239137038 ;
2.14541446461 4.60883759895 2.98641126701 4.01938658288 2.86983594658 2.88923038014 0.0412936404372 ;
1.99071280024 4.67650335736 3.04882343005 4.43971912449 2.98236908182 3.67719736325 2.67509172009 ;
2.08808711939 4.78292290602 2.37755771498 1.93436991773 3.68706336786 1.88316459348 3.2306867529 ;
1.61107324969 4.76469524304 0.0445954726237 2.38291855722 2.01285185023 0.706063927254 2.63233063096 ;
1.94980846774 4.80018419944 2.5892342219 2.1626889311 3.10551369594 0.0870612302077 3.0471036786 ;
2.85027148275 4.6743612027 2.98289134658 4.0577951204 3.15624295566 0.805966287591 2.95062114147 ;
2.84174519661 4.54412630222 3.39851691575 4.0110068647 4.5116660512 2.43212396981 3.40990990235 ;
2.25675884678 4.75891681155 2.70694297618 3.34843546932 0.316210738795 1.1770639809 2.86125872112 ;
0.836065328539 4.79584957224 2.26437060393 1.10810930802 0.480463966001 0.666990473769 2.53745924179 ;
2.50554840368 4.80653806496 2.61327007854 2.05718379518 3.34075898069 0.949594745317 3.16751826499 ;
2.01422258741 4.68121984229 3.05087981937 4.44231166738 2.91588630879 3.70599840692 2.70497062037 ;
0.716066195573 4.79233538204 1.25786743744 1.54224284776 0.199525445562 0.613987376563 2.42661829631 ;
0.139413531009 4.7525760227 2.62796062651 2.03048269419 3.05266212255 0.789699083562 2.88185428457 ;
2.83537086913 4.53643559633 3.44130795808 3.93777056731 4.62846757646 2.50309538365 3.43344894054 ;
2.33371377602 4.77703525872 2.63470744344 3.05156586501 0.367966387679 0.905806285239 2.86690431079 ;
2.85403102489 4.65779065328 3.01286226163 4.11803359825 3.26870519373 0.992561882783 2.96959424231 ;
1.88053302735 4.74256327885 0.0509545942778 2.34862456032 2.93217609161 0.957859056813 2.78417128275 ;
1.24695503515 4.72313175035 1.64447200656 2.2390400877 1.04832641907 0.671482851232 0.10540412397 ;
2.85530420487 4.66278168648 2.98125089556 4.10798591983 3.20901193542 1.60243030696 3.13456075996 ;
2.01347216573 4.78104609839 2.08397914318 1.91254155604 3.59635062844 0.977479065822 3.22312297849 ;
2.0572840574 4.69051650302 3.03028244455 4.45606576786 2.89773028605 3.73642279968 3.06286667876 ;
2.52999214464 4.76666184545 2.59135825517 3.59766879461 1.65452621468 0.473007087068 3.08658678151 ;
1.10380221522 4.79344044575 1.66709435374 1.77044533551 0.668675810189 0.666545898824 3.00917875102 ;
2.81253487551 4.54501103869 3.40599963215 3.89039734256 4.66826668808 2.16201939371 3.47915956954 ;
2.31182074085 4.62820658086 2.92968764675 3.91096112982 2.98516982262 2.31763868314 0.0355069402881 ;
2.8517835906 4.71303621458 2.92850453763 3.89994276093 3.07359060165 0.591938543942 2.95281560029 ;
2.01108931467 4.67262966002 3.05630870223 4.4290712262 2.88425711632 3.64752468651 2.64065507693 ;
2.82031360821 4.54347712438 3.3755340483 4.04020903551 4.42345735255 2.39233291792 3.39059753083 ;
2.13217701902 4.77874688392 2.62929404251 2.87188259825 0.287379852055 0.860252576828 2.73646234365 ;
0.362961161403 4.76950854671 2.45509389764 1.6699158339 3.1312321262 0.674014532454 2.99730489065 ;
2.53124878036 4.79963956336 2.62266419433 2.02414985326 3.45072620234 1.1967104385 3.22677198575 ;
2.03356168837 4.73259713981 0.0403588774884 2.48147582247 2.92802788189 0.98287445849 2.76441589223 ;
0.693622680109 4.79031750528 0.938676359136 1.49025154616 0.297445125717 0.616548305319 2.53086464996 ;
2.35928209136 4.77920506267 2.38787441235 2.77320489657 0.171217771521 0.900211656336 3.06762774917 ;
2.81545565232 4.55165858355 3.34330808997 3.96515639334 4.4306560966 2.36901007959 3.40777209533 ;
0.251194805391 4.7900457866 1.53035207293 1.81908608261 1.01850824022 0.5311080735 2.76278889335 ;
2.05154091258 4.68660560025 3.06005664233 4.44782225028 2.91896604202 3.71980981752 3.01178598347 ;
2.58188375593 4.80533474483 1.96872833561 2.26609546832 3.05550284476 0.713182037649 3.1858809004 ;
2.81573610961 4.69990383312 2.96707006642 4.01116034057 3.10072338117 0.695891820599 3.14890863645 ;
2.06879683205 4.65187481192 2.53639930475 3.49754694491 2.31301117817 1.71113829495 0.0684308663538 ;
0.951057324624 4.74578833678 2.05033178243 1.33706953276 3.9541598904 1.45190996628 3.19767397529 ;
2.81303368999 4.73607759325 2.57715564766 3.62425853625 2.52929584442 1.44841988582 2.78549865274 ;
1.78669707993 4.78660997997 2.6470744846 2.45752792331 0.311646089211 0.748585745881 2.7768017818 ;
2.78372290497 4.54976487585 3.34316254835 3.94558262971 4.46526545749 2.32439166693 3.41343530532 ;
2.72377956342 4.73601304022 2.78527330232 3.16489046519 3.61528384725 0.242128965707 3.18484892098 ;
2.38912899611 4.68296509585 3.11544607993 4.44148132671 3.01779318281 3.77326839363 3.0920182752 ;
1.44215862753 4.7770320459 0.0457626227216 2.17899656493 1.37768803184 0.514671678728 2.61931598282 ;
0.948794218643 4.77518912542 2.05558611105 1.31662466986 3.46955842041 1.13296763734 3.15854304267 ;
1.002311669 4.62678696162 2.89366243837 4.23979240893 2.70138335019 3.13711515461 1.24582568089 ;
1.72518484035 4.78984936539 2.14202140369 2.35751810295 0.155612587567 0.724375706549 2.99546656171 ;
2.83133037498 4.54531500858 3.38266252793 4.02032148161 4.44973745982 2.40064730299 3.3869331931 ;
2.81423065892 4.71254417225 2.94561380595 3.9497844976 3.06927572207 0.605357124268 3.16280153905 ;
2.02505189988 4.6783909811 3.04515209462 4.43609233051 2.85707660545 3.63286631075 2.83640586663 ;
0.114314234602 4.77348711919 1.91352445878 1.59716725302 2.97749556542 0.822793293456 3.03482256784 ;
2.47705703907 4.80363541236 2.62025698496 2.00642323218 3.43773755378 1.07822313983 3.25335446413 ;
2.35634990978 4.7426524858 0.0370357201935 2.52513912147 2.87609053155 0.939854017644 3.03875158119 ;
2.03673481598 4.65419736488 2.29315514201 3.24154003512 2.0357612991 1.18263047534 0.0880502153758 ;
0.255867886793 4.73123081392 2.60966820309 3.01439618069 2.36521323894 0.700852053774 2.43347185427 ;
2.81261591133 4.54810675661 3.3747304278 3.97613037693 4.48570233993 2.36285877497 3.4134003841 ;
2.76928181329 4.73424762674 2.75662943255 3.30853477226 3.35784536689 0.081554634726 3.06011237913 ;
2.0597936411 4.68004814071 3.06541536746 4.43835763159 2.93960733246 3.75919721141 2.71469044705 ;
1.8761454048 4.78265909025 2.65001649737 2.47712812079 0.176291943367 0.812037567865 2.76725751893 ;
1.42117687141 4.76917343945 0.0767780938392 2.17913114726 1.39330775745 0.561503579187 2.53459929539 ;
2.83685112321 4.73599893234 2.64127692958 3.437124401 2.80096136976 1.7750562334 2.92522828623 ;
1.14761447595 4.76220134275 2.02196966397 1.20713407839 3.69579159456 1.26973527985 3.20354081411 ;
2.08368323045 4.79393054548 2.62385652274 1.90774389832 3.60865007038 1.0096154023 3.19043792607 ;
2.5479853494 4.74261401057 2.77157140714 3.7919179107 1.24522912529 1.9215642214 2.67176425332 ;
1.9948003757 4.68407593386 3.04332130291 4.4586969246 3.01338236623 3.72100272231 2.76540665308 ;
1.11220806335 4.79569091381 2.00752072118 1.68979008624 0.413305140635 0.62708899171 2.64106323068 ;
2.53951878818 4.76559291899 2.748552827 3.57991035226 1.99066187186 0.0781886868977 2.84334489805 ;
2.86224668917 4.52051049298 3.48897457509 3.85957094705 4.73372964914 2.59877121234 3.43805881509 ;
2.78991581831 4.61424517116 3.10406413017 4.19767909577 3.81368855303 1.28022248507 3.13718565538 ;
1.76928328349 4.74591248314 0.0552806098396 2.2823695043 2.79532746583 0.90727626536 2.75133828497 ;
2.29215129153 4.77698090336 2.56225005264 3.1464613215 0.374368106586 0.864348489555 2.95648301321 ;
2.87045082984 4.69933989598 2.97489330695 4.00055240822 3.24543779543 0.609428653683 3.18177724369 ;
2.08734183669 4.67677979479 3.03095396813 4.42066910403 2.88350044075 3.56005902852 3.06931058436 ;
2.48611240463 4.79528395148 1.98588192558 2.1080045715 3.24077213743 0.884456375859 3.17601463233 ;
2.83054603251 4.5525611637 3.36789898978 3.94058118008 4.48393513102 2.41006071534 3.40397120677 ;
0.118923021962 4.7619353508 1.85347906994 1.88710619015 3.14336275198 0.888753812714 2.97168998454 ;
2.11014287857 4.63087225207 2.71046128716 3.76584252896 2.64659088971 2.05158148762 0.0932493605238 ;
0.877344421618 4.79607171862 1.34447957818 1.23412364914 0.323526439706 0.589787837835 2.57879561252 ;
2.816357921 4.54851973949 3.34418468901 4.00443114842 4.37838514522 2.34741770433 3.36520813248 ;
1.27127021368 4.79224058528 2.57059609334 2.06216271924 0.50483249292 0.671767326842 2.68955837919 ;
1.89227696841 4.74107752794 0.0464606307797 2.32004115605 2.9791377187 0.998916410621 2.84078196329 ;
2.79915160672 4.74420191 2.84680347525 3.87236180966 1.83205180689 1.1397413399 2.66074812316 ;
1.87459779726 4.79283268079 2.60803625701 1.78395207563 3.43411931171 1.09138873624 3.16831745365 ;
2.00986113261 4.67825640306 3.06377005228 4.43821064711 2.91320945583 3.74117817383 2.72073330195 ;
2.81661178205 4.69238396653 2.96290960523 3.70447542484 3.83468922789 0.0925923667712 3.21508129377 ;
1.08582590401 4.79269930629 0.0450022283995 2.0089201201 0.362519131625 0.512596808588 2.45842739848 ;
2.82840556494 4.69111523745 2.91279734186 3.96278290085 2.0881515261 1.86614365857 2.72868139352 ;
2.81970482097 4.54447327083 3.35331437165 3.97991703793 4.48838973664 2.33020248651 3.39633687087 ;
1.43678690803 4.79360259314 2.11120111294 2.1655267751 0.347083496394 0.597493306501 2.69807996365 ;
2.76759016473 4.69940200046 2.94443959411 3.86596428823 3.41772709043 0.0997041846372 3.03444146898 ;
1.73103871838 4.74388726884 0.0530050020289 2.25063979714 2.83270293582 0.911913172752 2.72591142936 ;
2.45167458346 4.68928393319 3.13423791335 4.44957658606 3.10271030552 3.8146542529 3.07529631765 ;
1.98139392508 4.79741249126 2.60939903632 1.83475984277 3.45018230115 0.989932070692 3.19061990817 ;
0.662206647315 4.65294433527 2.88137432755 4.32972527864 2.74955522748 3.307938729 1.81703179545 ;
