cluster 0
size:320
#377eb8
[ 1.50690499  4.67352266  2.3604558   2.19049029  1.93373961  1.09497385
  1.6247608 ]

cluster 1
size:394
#ff7f00
[ 3.01439357  4.40477436  3.45047     3.54690206  4.75972216  2.39572265
  3.4303532 ]

cluster 2
size:376
#4daf4a
[ 1.65910293  4.71694718  0.          1.74387034  2.39602556  0.77489825
  2.79396739]

cluster 3
size:840
#f781bf
[ 1.67583624  4.76229416  2.61530228  1.96521672  3.54603339  1.03151298
  3.23355125]

cluster 4
size:367
#a65628
[ 2.12834562  4.69223786  3.11758764  4.40341313  2.79532807  3.82768974
  2.84331567]

cluster 5
size:712
#984ea3
[ 2.54631491  4.6829452   2.96423293  2.96222847  2.54076754  1.0660852
  3.3175031 ]

