1.76486763284 4.77301439958 2.60704902336 2.25660353865 0.18187784635 0.809713809537 2.81312691137 ;
1.84368692009 4.75753836275 2.62554921358 2.04261188692 3.30415834799 0.722019757872 3.18836573208 ;
2.05406769461 4.60531775599 2.42197153269 3.4955154455 2.5694363143 1.62711354705 0.116162331103 ;
2.72523298918 4.60924779869 3.17843982004 3.95326230488 3.78235362261 2.43642845432 3.29384821605 ;
1.29570336712 4.74649793268 0.11623251691 1.61433589756 1.96681385783 0.699669766206 2.61538930236 ;
2.6145177579 4.59623252944 3.19818188533 3.92547592064 3.81871904088 2.72776553323 3.15107081321 ;
2.69372958095 4.73704787998 2.78049799408 3.03223344393 2.87470119229 0.591030764551 2.98799727855 ;
0.742635920292 4.75609651789 2.54718020878 1.20591668883 3.38934730397 0.923111557318 2.97057537976 ;
1.43603585977 4.76442963378 1.83326940833 1.90796548996 0.0993547056047 0.762608223052 2.50936027018 ;
1.53434211515 4.73037677912 0.0592166969101 1.83317126955 2.90421657097 0.805308669872 2.6226316314 ;
1.83343103741 4.63266752683 2.20713945183 2.92091376163 2.09408153695 1.35626818623 0.0800640134022 ;
2.73457571747 4.61043758387 3.16677961869 3.9225879408 3.77091810343 2.34477092198 3.28189146487 ;
1.76547600185 4.75771088516 2.27973911369 1.89944469833 3.50757935215 0.792467008484 3.20049453681 ;
2.08195376364 4.77956648397 2.65950641111 2.65500645778 0.584925740846 0.843918636885 3.09724419298 ;
0.965908932008 4.76080121596 0.477684995745 1.30690789798 1.37967070092 0.545526889876 2.67397893698 ;
1.62793589173 4.76310647693 1.98486834196 2.1535576801 0.10746696249 0.828421046014 2.60186908413 ;
2.62878179043 4.59961557376 3.18669016538 3.93047563554 3.79756075744 2.69373132041 3.14874194722 ;
2.59081370053 4.73536042682 2.66970257039 2.86364954299 3.15494196395 0.578911376022 2.97555526113 ;
0.556993639967 4.75919503937 2.55549491142 1.0607839669 3.37163255447 0.885698903139 3.01632641394 ;
1.3736536362 4.73340936145 0.066131589025 1.64617764881 2.78079683274 0.734125034483 2.50041626884 ;
0.885051285451 4.76452116741 1.13486131481 1.27796263556 0.583463680003 0.527697078933 2.2774727048 ;
2.70320828084 4.72460779804 2.71969176419 3.05785872436 3.36171071072 0.51908283375 3.0076553986 ;
2.61973424896 4.59069112711 3.19937130016 3.97254135618 3.82116712771 2.75235572934 3.13584014987 ;
2.32790074524 4.76569971855 2.55499583334 2.92420167342 0.649264279629 0.988323698796 2.8320957091 ;
1.1424148134 4.74559971822 1.612465147 1.41070869269 3.39096553841 0.997639750311 2.94972240405 ;
0.547325586601 4.74092399993 1.92275468713 1.2299631657 3.51783573424 0.97081394869 2.99311403347 ;
2.5836157108 4.740399978 2.35314532479 2.76925511727 3.21763835991 0.690084793625 3.01934002003 ;
2.63049270954 4.58883815827 3.20534270985 4.00822269312 3.79995522169 2.7316995393 3.1163221291 ;
0.836017150868 4.76073735136 1.17905551968 0.77651377048 0.931916130834 0.467232781082 2.18481755792 ;
2.04943976342 4.76157798215 2.1897930266 2.9051816011 0.174659306299 0.956223277483 2.7401175415 ;
1.63244496098 4.76353009469 1.97583379098 2.1328109551 0.123948520125 0.818886438001 2.59730917159 ;
2.64939303923 4.59548382699 3.18809829123 3.975809535 3.77942402484 2.70258682704 3.12177357544 ;
0.487148432823 4.74459974234 2.3757088564 1.11363446588 3.29846644117 0.958355900123 2.72833218145 ;
1.61872781653 4.73946994234 0.0516116747194 1.89075286751 2.8381386755 0.698763588439 2.69607446625 ;
2.57943341366 4.73956437704 2.7591247682 2.79385476739 3.24213667862 0.593882835108 3.06983059299 ;
2.6309401566 4.58520061335 3.22474022862 4.04030001081 3.81179807331 2.75402466141 3.11746994812 ;
0.389925785769 4.75973680203 1.95065264906 0.659530158636 2.578933246 0.702248097436 2.63940977422 ;
2.50443661732 4.7382043628 2.76241649179 2.78227801762 3.27560621311 0.742055223819 3.05663823552 ;
1.83760472884 4.75958466346 2.06332787293 2.45712909813 0.100919799422 0.882831905328 2.65510677996 ;
1.81192882123 4.73378711749 0.0545487508424 2.1831214154 2.91182788533 0.822239827272 2.69315663395 ;
2.64254560634 4.61151592924 3.16223121113 3.85837704408 3.7897425344 2.60666973229 3.13771313537 ;
1.52609607442 4.74013551896 0.0480967615445 2.11682316082 1.30817292076 0.708003989538 2.42137685997 ;
0.522288608574 4.75865096672 1.89576464615 0.663515646902 2.83593176857 0.749884688927 2.71791315566 ;
1.91928354357 4.76096689006 2.68458950822 2.61269677241 0.124438963933 0.974817947607 2.68377068852 ;
2.42877290364 4.73446024493 2.51849922327 2.73233609355 3.21762630811 0.520612237995 3.03174432176 ;
2.61378887184 4.58896786167 3.20914305883 3.95548599902 3.89283819007 2.76908845446 3.14393533932 ;
1.30385800043 4.76600564651 1.78821069075 1.77626379462 0.150132452076 0.692214982292 2.49514708878 ;
1.69275026091 4.76345156781 2.62907084754 1.78732711328 3.40297041581 0.763755509875 3.13111823205 ;
2.84472727195 4.70482369967 2.82557992512 3.70497042368 2.30854713482 0.889791685016 2.8417702869 ;
1.38129650041 4.73550612882 0.138171382799 1.67976318228 2.88285541219 0.76626075785 2.55291251136 ;
2.65724417536 4.59822922754 3.20452924604 3.97576575839 3.77082737893 2.68205420296 3.13301054475 ;
0.595390772062 4.76533524332 1.35196340812 0.725348550875 1.44113356755 0.438554568355 2.48705621711 ;
2.51071143357 4.72587785467 2.79362689993 2.9619871356 3.24041641948 0.196316993505 3.0918613002 ;
2.0433238536 4.75361426745 2.13179374427 2.89640277926 0.271163565856 0.970939874382 2.53823492312 ;
1.71103754619 4.74746839851 1.66014550555 1.83691296116 3.49671865078 1.3582018724 2.96722538002 ;
2.77300378432 4.64958735999 3.03359181411 3.31693800243 3.78583590019 1.41477452709 3.22867735735 ;
1.60567156733 4.73693413392 0.0752880855724 1.89330072913 2.83169667586 0.732072920159 2.62966128448 ;
1.66609686874 4.77040029655 1.98911379268 2.10264572495 0.242299578201 0.701571593405 2.60183554802 ;
2.22113207979 4.6395284623 3.02082440845 4.33789869158 2.93915548894 3.47648605052 2.65595371706 ;
0.761663960402 4.76027703738 2.44451126998 1.16924852056 3.23827250116 0.742160386221 2.91604208563 ;
2.62387853145 4.57986839727 3.22292913599 4.05293018298 3.81879593401 2.79293787552 3.12254266429 ;
2.73556388715 4.72025588411 2.68525344207 3.25075595123 3.03024012526 0.433329121709 2.91201180055 ;
1.7041993424 4.76317263616 2.07989136574 2.26284336018 0.119486998084 0.836785162766 2.6273398671 ;
1.63958083903 4.76789889857 2.65043270364 1.74363653632 3.65461506917 1.27852717781 3.21278307509 ;
1.03104686044 4.73898371996 0.56007959962 1.32961848913 2.53970731599 0.617093264846 2.49830348965 ;
2.40432405177 4.75111672165 2.55379426485 3.19112717311 0.379918968115 1.09320594944 2.67042071534 ;
2.66238860241 4.60863008105 3.17067410766 3.8641229943 3.82015408748 2.46427571873 3.15701271944 ;
2.46525589257 4.74891405795 1.99695134477 2.45257383472 3.04678449182 0.559391885412 2.89750813426 ;
0.843336373898 4.77333895091 1.2634709912 1.14187342952 0.496266007544 0.516738068302 2.40311334224 ;
0.344904754434 4.73714113778 2.00915648521 1.25318740923 3.47943113999 0.945093797568 2.95248111504 ;
2.16413899622 4.73543933076 2.75890891212 2.33922264375 3.81881955046 1.22073386886 3.31262680605 ;
2.74578693906 4.60194849696 3.17999356923 4.07362452407 3.6666008368 2.4436639904 3.1663327934 ;
1.41764858968 4.76351290142 1.44527649877 1.65894509569 2.79799320782 0.449239212962 3.04719690774 ;
1.46583377335 4.65696647139 1.74450132341 2.32857597104 1.75411226929 1.06809576383 0.0383748578975 ;
1.7040519807 4.77717407558 2.01402267105 2.2285224127 0.140906557237 0.801991223622 3.03883624675 ;
2.64207501134 4.58553055271 3.20701888308 4.05872422504 3.77832338637 2.74478994088 3.0945294347 ;
0.687089298282 4.7789176052 1.79970292297 0.661660058233 0.691262732057 0.530259685832 2.42379354088 ;
2.14572740627 4.75434786752 2.15879338295 2.96330915101 0.318104539235 0.93292983504 2.62876057293 ;
1.12916291294 4.73659850659 0.787387485179 1.52484503666 3.18147062045 0.837090368881 2.74613682736 ;
2.39113363756 4.7393178223 2.76181264904 2.65668167125 3.39109284514 0.75430799293 3.11855331959 ;
2.6361627657 4.60531233588 3.17995662532 3.89523470098 3.79394969512 2.64035256344 3.13048692662 ;
1.59690421076 4.76283353876 1.95336322111 2.13834172253 0.0749435150084 0.821451031175 2.57076352785 ;
1.92351376765 4.73108537107 0.0844288338743 2.25020104396 2.86713763707 0.845638254781 2.69496318486 ;
2.53672971276 4.73758379133 2.74887036438 2.79397553608 3.1185837608 0.511047783723 3.01272164042 ;
0.426671144929 4.75289305763 2.03626002073 0.865452114095 3.23224411017 0.831222311078 2.80263490154 ;
2.09789074247 4.60541545762 2.35927277084 3.62129677328 2.46523962974 1.81250173471 0.21233695084 ;
1.62883764973 4.7738440669 1.85571224824 2.02569240096 0.252741072974 0.666335763139 2.68634373608 ;
2.59501689138 4.74394129131 2.6164080384 2.83748830036 3.31019120472 0.80323127774 3.232186189 ;
0.766453537169 4.74697116477 1.42696788315 1.14169479282 3.16872031362 0.775608954449 2.88721127524 ;
2.65539506262 4.58165831045 3.23634207172 4.05575723625 3.81874942373 2.80075533715 3.29100177879 ;
0.417676198623 4.7513184205 2.52940953861 1.20295909709 3.2261558094 0.822713276953 2.85251103541 ;
2.58509061698 4.73945536738 2.765309454 2.72085134243 3.32777714244 0.68848936928 3.08583995663 ;
2.65115056772 4.59249223587 3.1948022049 4.03764881292 3.73095430824 2.71593013005 3.09735648056 ;
1.64065797186 4.76402837055 1.96760903948 2.13120311653 0.124204034594 0.794750109772 2.58103569404 ;
1.53960586901 4.73252370027 0.0623443139527 1.79398066711 2.86917211213 0.774008610258 2.63321108545 ;
0.473468075673 4.75042641561 1.94605939777 0.908283557775 3.32055679913 0.844478541133 2.84377515684 ;
2.53455276845 4.7378185282 2.70962645354 2.77499179896 3.27662511535 0.639267401337 3.05021030325 ;
1.7644710705 4.76817659402 2.6364071821 2.2789085083 0.171169214679 0.856800983123 2.66122308296 ;
2.6422361673 4.59422535758 3.19232892432 3.98655097796 3.77790483492 2.69942785979 3.11653691643 ;
1.61229243037 4.74242130002 0.0430121619759 2.02449976483 1.61856319404 0.726677865909 2.48552148618 ;
2.67829937463 4.59908987559 3.19996104889 4.02738590903 3.75304515613 2.58661966824 3.10375099395 ;
0.739346031264 4.7701734906 1.50229803984 1.18918602334 0.456990429442 0.566000668774 2.32363569257 ;
1.53222560032 4.72730269948 0.0684086665284 1.85259771781 2.94988567569 0.816662011794 2.63513878188 ;
2.45797221438 4.75936466384 2.56047507457 3.10437114139 0.523184752263 0.928980985653 2.79605901587 ;
1.95849643013 4.74170921245 2.6881991889 2.16668326523 3.44831034095 0.770264025769 3.0883142705 ;
2.61648369936 4.58558505552 3.22428602392 4.00986235011 3.83300349588 2.7687838326 3.13334434867 ;
1.8199862331 4.73284664249 0.0566080252015 2.18966769929 2.86895422399 0.817783557541 2.67699071134 ;
1.59007978992 4.76318546425 1.94455372793 2.1109347291 0.0890112979786 0.796955942423 2.57188130121 ;
2.58547197149 4.7381470779 2.76448604691 2.86985595326 3.17287230786 0.711879061337 3.03298895728 ;
0.482949316109 4.75378942266 2.14578559887 0.866996984397 3.24055041161 0.832141303474 2.81028114808 ;
1.03309508993 4.7391692465 2.32778473108 1.66032492324 3.71442783522 1.33935694937 3.14605668476 ;
2.66655184994 4.59412069817 3.2000198907 3.98840615942 3.77775799891 2.71058112802 3.11233914637 ;
1.8390534069 4.76279427058 2.18692605875 2.50182570399 0.126452894668 0.917646373006 2.65934562409 ;
0.934418767416 4.74889317699 0.672182036991 1.03302992489 2.00997400182 0.490464017853 2.35482044886 ;
2.66794348063 4.73884872024 2.58333816416 2.90639456928 3.15248215142 0.464521910211 3.02358356958 ;
2.58987903891 4.7364567265 2.72259815785 2.90226304705 3.20959081249 0.488101978499 3.04324678597 ;
1.31216309599 4.77684390184 1.73502849089 1.64798331507 0.250590148408 0.54997287135 2.52031277205 ;
2.68561872198 4.59687316032 3.21022199968 3.86509530033 3.94363898072 2.65267556979 3.2718488442 ;
1.01862420396 4.74733549133 1.29024802845 1.35093367004 3.19181881978 0.854296948479 2.85650569164 ;
2.35679777027 4.67979871589 2.66606828972 3.87543402979 1.19287043292 2.19133435561 2.16936634783 ;
2.42644092736 4.76160893678 2.68204669229 2.85233274884 1.71052771797 0.596130121608 2.85179313841 ;
1.71030406348 4.74246816434 0.0682843144861 2.1437024015 2.08354180964 0.756768455621 2.6768516396 ;
2.15655122484 4.64445903627 2.99689251537 4.35599043662 2.85723070856 3.59526714012 2.68139368832 ;
0.526698267677 4.76547001891 2.13860283856 0.756035735201 2.18773449609 0.721281027941 2.622435443 ;
2.74966118092 4.61207170092 3.13629682773 3.42067758647 4.16231490939 1.7693172073 3.31380078013 ;
2.62809541347 4.57753231178 3.23915292938 4.07304530581 3.8585954429 2.81225864681 3.17241625875 ;
2.65607305182 4.69179584739 2.68083420699 3.73961760137 1.76724182494 1.06312199689 2.31801075661 ;
1.40819645435 4.77328931318 1.54148080092 1.81117191022 0.366199118095 0.624229014047 2.59698631185 ;
0.681587372084 4.7459240617 1.56113655207 1.08907108783 3.18940565974 0.779216663448 2.77238973666 ;
2.57141944128 4.75184721031 2.55460366093 2.56965221254 3.54221446679 0.861021031629 3.26783591584 ;
2.48549468939 4.73268996267 2.74712516134 2.83198068233 3.32415641596 0.838289745627 3.0794941283 ;
0.822638963957 4.76877339428 1.85982196781 1.07369328244 0.58186514842 0.457977559665 2.25102748704 ;
2.62976381552 4.5802289428 3.23397721531 4.07295513559 3.84693743078 2.82101824188 3.12277443884 ;
1.07593623224 4.73925085432 1.00291608685 1.35008288349 3.20902888418 0.795398890219 2.78163798455 ;
2.28534655771 4.75977354361 2.11324639402 3.08263411018 0.257112857858 1.09516650498 2.83210757848 ;
2.66499809102 4.59514876153 3.19399749674 4.01764924724 3.77379175379 2.66836921009 3.11667934131 ;
1.40387642645 4.73193562302 0.194078575066 1.75351856241 2.92226041193 0.747847581366 2.56306770483 ;
0.932297217751 4.77778234203 1.68248972502 1.14138642241 0.452125084873 0.510048526296 2.52422058536 ;
2.05980993184 4.74090671051 2.71601939252 2.32387507943 3.42013800651 0.742238406488 3.11248933911 ;
2.39895083668 4.74668829789 2.51405768508 3.28987217222 0.416541010742 1.131143811 2.5787611413 ;
2.64401979907 4.58696204294 3.21417955531 4.0254551394 3.84532209457 2.75141092319 3.13495170227 ;
2.04593306744 4.73809358053 2.73782372831 2.29336540849 3.59992818035 0.726203176356 3.17257544944 ;
2.69104427834 4.74132860397 2.7096577681 3.41078213761 1.38496715672 1.10050735425 2.72602868088 ;
1.08834794467 4.77390597572 1.68696762218 1.47360253811 0.303646998445 0.571964471652 2.51864035721 ;
1.24442987475 4.73506047207 0.47491189224 1.54774452941 2.9926079112 0.801253388347 2.56304167064 ;
2.64005331512 4.59938543376 3.17865853034 3.95023481478 3.7792611398 2.67459197374 3.11656072631 ;
0.547587698012 4.74645625895 1.84810789828 0.951695294971 3.34380670015 0.876529469104 2.87644105149 ;
1.74711438578 4.76687000504 2.65359736309 2.2795546198 0.133881615366 0.870211823174 2.65648597972 ;
2.53945811527 4.73877398016 2.55299721384 2.76276882988 3.22879163575 0.60257151949 3.04057241703 ;
1.45702122192 4.74611936934 0.0494555508406 1.96114952073 1.21114825318 0.651064743394 2.34925742622 ;
1.6121573506 4.76260683632 1.96432435957 2.1316819144 0.114010558213 0.813843472912 2.57773263601 ;
2.62111466836 4.59019800309 3.2117216595 3.97982605414 3.82134682313 2.73793853825 3.13867727212 ;
0.506771574867 4.75347636557 2.20652527484 0.875274361788 3.22672048999 0.835986929388 2.79865123375 ;
2.58632550272 4.73824177387 2.76445551469 2.8703850042 3.1991594489 0.651302337404 3.02531875428 ;
1.77035140121 4.734335876 0.058541692849 2.147217018 2.88927401871 0.822577620798 2.70390281299 ;
2.67209452237 4.59834185607 3.20110209519 4.00292519271 3.75981078607 2.65331832791 3.11034886553 ;
0.673089081894 4.77230998421 1.58526283604 0.594005297869 0.831154019887 0.514597673503 2.28729459059 ;
2.0343281109 4.73988214952 2.71441346348 2.34804821522 3.39645693728 0.717200493898 3.08237905788 ;
2.10219263692 4.75790338843 2.24798032571 2.95466714374 0.237384302637 0.951051320539 2.71339756814 ;
1.61728827431 4.72812641588 0.0726122651186 1.98858522145 2.98053255068 0.848136765863 2.67450381102 ;
1.737945988 4.76626305081 2.26732798353 2.35728902899 0.0771231810411 0.88700260291 2.68481831984 ;
1.64301621457 4.74815429705 2.66006525183 1.85577027301 3.86038360216 1.18298297152 3.27153601699 ;
1.16244189054 4.74026800051 0.375224097522 1.40093319551 2.27142458429 0.656279427754 2.41677654561 ;
2.65706100852 4.58783477686 3.20684713717 4.05238755873 3.784727961 2.72498735588 3.11874728107 ;
2.55845136527 4.73484326343 2.69334417625 2.98454201021 2.7704226634 0.390978276363 2.84003689528 ;
2.3512188558 4.65608861784 2.96430458264 4.23579225789 2.60433161633 3.13461090614 2.69349408389 ;
1.38830621629 4.73947879297 0.106780277031 1.78012964295 2.00176435748 0.733406498232 2.51451509551 ;
1.92016600063 4.75109745649 2.65175384058 2.19926146704 3.29932227406 0.683272111753 3.05473240981 ;
2.88790571558 4.58002919302 3.2651846923 3.70615160727 4.29331864489 1.99055897444 3.34902015162 ;
1.50875588267 4.77966904218 2.57321521487 1.82798038204 0.421721088811 0.602074637419 2.64427110352 ;
2.56069720888 4.74268351816 2.61787211904 2.80932853164 3.3043250182 0.782274472369 3.20269860905 ;
1.70387481721 4.78008236564 1.96566572666 2.19099400049 0.215135564215 0.772044848796 3.03979005894 ;
1.46055073099 4.6604831453 1.74393734896 2.30443695024 1.71115115785 1.05770308006 0.0395984455736 ;
2.67109296717 4.58314158081 3.23178168502 4.05475086268 3.82850873013 2.7633754005 3.1870738687 ;
0.815774771807 4.75024137651 1.3896536784 1.18871557203 3.17139428885 0.780676097742 3.06715229811 ;
1.51242706823 4.73500308461 0.0483450189931 1.91649176781 2.16474143023 0.774094280084 2.64262307352 ;
2.62531998071 4.57989900362 3.22812583432 4.1036716316 3.8007201391 2.82661165719 3.07197884881 ;
2.39287984052 4.73313742844 2.75627531726 2.73179803849 3.43029941572 0.883868396871 3.13685615353 ;
2.26478217031 4.75594976518 2.60501430171 2.97921424414 0.231513891086 0.97002619215 2.72610617072 ;
0.553877790423 4.77070176613 2.26385818906 0.718049262623 1.77191405931 0.554480470753 2.49697960332 ;
1.01282073978 4.75724221294 0.749289640127 1.45023560957 0.98207484742 0.491383926529 2.311461542 ;
1.18995201318 4.75092948446 1.92758602389 1.39635413742 3.46312793678 1.07340863418 3.01734461773 ;
2.14586847069 4.76009385584 2.65499338532 2.80311734398 0.161871078523 1.04162528134 2.76895477135 ;
2.62049360155 4.58860168219 3.20411305201 3.9919861473 3.8212635942 2.77535582803 3.13620980948 ;
2.70653622389 4.72795708864 2.71105178141 3.0814284636 3.20196362342 0.54427870049 2.98613698726 ;
2.6094534911 4.68865720622 2.79014444114 3.76277087643 1.92810941133 1.30365012065 2.42636646538 ;
1.895170087 4.75313402728 2.6871367778 2.01809251126 3.54352844063 0.805035455076 3.19101495089 ;
1.21294423262 4.7756566252 1.80328746693 1.57793307872 0.33360973866 0.573405932154 2.57753744861 ;
1.47324586472 4.73250966553 0.113087744445 1.79554697133 2.90463547682 0.771564094177 2.58757336578 ;
2.69735790769 4.58779239813 3.26038188295 4.01395715371 3.94693312304 2.72671538231 3.26771182938 ;
2.31615602032 4.76898686783 2.25450851531 2.95396664084 0.527559105047 0.734222461104 2.79509858861 ;
1.7314430716 4.7594367042 1.99555670263 1.92519330699 3.33574592047 0.780381243249 3.02427946599 ;
2.19945123445 4.64507255742 2.98014339607 4.3236761091 2.84108252607 3.51002701569 2.63701110891 ;
0.641522068102 4.75944499766 1.24441523419 0.872243277482 1.03003787897 0.544416253034 2.24636693701 ;
2.88138320451 4.59322836654 3.20356173082 3.68165076883 4.07597551232 1.77276831997 3.28870328086 ;
1.35359823735 4.66241890135 1.6285915725 2.1127695403 1.69103087158 0.979301278742 0.0371805563861 ;
1.97187785644 4.74311665953 2.30406477408 2.16601650482 3.49018585834 0.8021415459 3.17933253471 ;
2.70383559169 4.60094612656 3.19486393371 4.00661039418 3.77545237952 2.56971260311 3.16072466884 ;
0.82708858861 4.77303845241 0.957429362686 1.16204109736 1.22030428978 0.552646533448 2.97080571046 ;
2.32773102555 4.77228902659 2.58924778367 3.00440896982 0.558890819428 0.850500823126 3.02365804586 ;
2.34477517082 4.76952510417 2.52849447617 2.9969618856 0.522950497628 0.802664950498 3.01605848712 ;
1.76316247189 4.76188848635 2.10812936512 1.91263030864 3.37686877719 0.800264429629 3.18037877426 ;
2.73205188213 4.60932223512 3.16974801989 3.92152250666 3.78491121262 2.34047269636 3.29032240584 ;
0.742596978631 4.76593248596 1.02978129961 1.02276141754 0.896100632914 0.574643590557 2.4579905391 ;
1.97362304706 4.60799797271 2.22409317221 3.3289003693 2.50601632138 1.53026789472 0.114123524077 ;
2.73233969851 4.6140387576 3.17587281931 3.95629439228 3.7232759099 2.45608920303 3.19636151374 ;
1.43034203632 4.65811517081 1.75238914041 2.28043950528 1.7369943697 1.06311564779 0.0365341143186 ;
1.6750615057 4.77770560675 2.03474094058 2.16930934363 0.179852857567 0.780964373476 3.04230456599 ;
1.47607350611 4.74816553123 0.116634516281 1.74868313905 2.87000870729 0.73451488559 2.9860496839 ;
1.84047832576 4.74699270554 2.6685694924 2.08088654793 3.3547103532 0.705789241525 3.19286736382 ;
1.90255499723 4.76204445091 2.63406483626 2.12595189825 3.21918442175 0.732770592557 3.04418785973 ;
1.26363069979 4.74191201646 0.193458505824 1.60540310362 2.10598696783 0.70041642159 2.50811771212 ;
2.88658769333 4.57850871046 3.24250766085 3.74366404799 4.18068625981 1.88378012721 3.3340523759 ;
2.20692611737 4.64370625785 2.97469385654 4.32748212365 2.81786546154 3.47340616749 2.62480634715 ;
1.74759094251 4.77488646295 2.50088948394 2.1835122935 0.215243513195 0.712295765757 2.64678855113 ;
1.60804465579 4.77126313234 1.92562797841 2.06948874882 0.129351302197 0.761297477213 2.70560434598 ;
2.5395509976 4.74730399164 2.6782037048 2.74219683447 3.27729828028 0.70215092836 3.22728581602 ;
2.67837393323 4.58975643309 3.21322844667 4.02621329332 3.818475338 2.71571053187 3.29090945245 ;
0.871878311355 4.74866306137 1.28623561267 1.24314517373 3.11752165753 0.804468879426 2.88929757965 ;
2.09750794016 4.60720720014 2.28339982557 3.50834017548 2.51903738642 1.6510255016 0.0890395763388 ;
2.08136127935 4.61141842403 2.26059571768 3.4959060602 2.47434504625 1.64285210402 0.109650025358 ;
1.60405472827 4.77303249127 1.90545414877 2.0430794404 0.13504425448 0.744535070617 2.71253095979 ;
2.66563591566 4.59545457222 3.20728623108 3.96015376277 3.82487837783 2.7117824144 3.30007566785 ;
2.58878913721 4.74582276126 2.68118591906 2.82639912118 3.22840614684 0.629136142029 3.21484822284 ;
0.899812651774 4.74733929066 1.3507341137 1.26153025075 3.14245405623 0.816473265348 2.90808356392 ;
1.16938674669 4.73782137067 0.688121895923 1.40746571088 3.14687140793 0.798429930505 2.72703967015 ;
2.65135852251 4.5855403161 3.22300772998 4.06016319925 3.81094073203 2.75103352512 3.17642686558 ;
2.3159771711 4.74362825593 2.76357648397 2.58931383823 3.39970394239 0.76747425951 3.1951299239 ;
1.11106746471 4.78506794619 1.82607164742 1.4426611697 0.441650808678 0.528433993118 2.7075174344 ;
2.49707204579 4.69254289951 2.40573451288 3.55598196428 0.898319839394 1.39423392135 1.81484490437 ;
2.60098836886 4.73482322649 2.77890325645 2.89878015597 3.23311778703 0.750171933765 3.05417907925 ;
0.526078220558 4.75477638188 2.17149398098 0.866792799318 3.20466945302 0.820847598921 2.79244992275 ;
2.61046127058 4.58300247886 3.2321027367 4.03142426117 3.843213662 2.79778949741 3.12503706468 ;
1.61542175809 4.76254519689 1.9678767447 2.14789142291 0.117819211913 0.808886671927 2.58018803609 ;
1.8023971747 4.73327593319 0.0574753140022 2.18026372482 2.87534010937 0.809607889156 2.6918902907 ;
2.64995474072 4.59401078418 3.19198126499 4.0038191599 3.78651724519 2.70405550803 3.11198439235 ;
1.37931491642 4.73740084227 0.0769639841615 1.53831670417 2.52212225706 0.716044744663 2.53968822761 ;
1.71919022914 4.76205851039 2.11831404609 2.3053298664 0.107771314368 0.850405929673 2.62449245927 ;
2.58837490047 4.74102664631 2.72057624457 2.73919164765 3.23497874618 0.644412892014 3.05774406478 ;
0.403752161569 4.74855628886 2.55993387202 1.2213728637 3.32670607654 0.89969079842 2.89155983514 ;
0.71641452093 4.76387757284 1.22562342904 1.05458022904 0.908231397944 0.540578246491 2.30229146926 ;
1.70283440837 4.76015818233 1.97263150222 1.85255654565 3.35563203789 0.789483430797 3.03343312699 ;
2.42320027231 4.75974846747 2.39011048033 3.0693944815 0.692838437937 0.784255868054 2.71779004666 ;
2.17605943961 4.65284029787 3.01821139894 4.35219420221 2.90767214347 3.66344281709 2.75485685071 ;
2.86461715154 4.59290408531 3.18615082591 3.67772297618 4.04420919372 1.74974498482 3.25406350997 ;
2.69655077166 4.58958228818 3.23788228438 4.03321481501 3.83946095755 2.7122285131 3.21868863859 ;
1.56395907539 4.73662923341 0.0545465773172 1.96794960351 2.38917840771 0.792188669824 2.64037795002 ;
2.06993816567 4.7422949036 2.7168683562 2.30291242874 3.54248191482 0.772899114415 3.19334896152 ;
2.41712504505 4.71428153996 2.68969586617 3.48116985479 1.15276984636 1.31265513514 2.21574076859 ;
0.890443949566 4.78147055229 2.05671022679 1.0960140517 0.679977636034 0.470014121575 2.58023188363 ;
2.58163937567 4.73961338061 2.7208768335 2.85337648679 3.20618070771 0.557116721631 3.05047002975 ;
1.34561187428 4.7359457503 0.0659312595965 1.70814121171 2.06421666152 0.71884650396 2.43278262029 ;
2.63888917107 4.59461150953 3.18449031946 3.96327358245 3.78955206811 2.70086331789 3.11400586343 ;
1.80145089416 4.7679003538 2.43753494373 2.31300362001 0.14310275288 0.864370776746 2.68076612347 ;
0.600774559657 4.75522711061 2.44603228231 1.04496307379 3.40014186012 0.968841126684 2.97065496419 ;
0.946021491581 4.74560583375 1.25961807787 1.30306040047 3.1017601385 0.796233063785 2.76379045765 ;
2.85808600951 4.5618142767 3.3034429498 3.75315863066 4.35932150981 2.12334590414 3.3748049701 ;
2.54012388942 4.74491887139 2.66906880559 2.79278782527 3.09572313877 0.704437199194 3.01268799376 ;
1.60700807431 4.76992240843 1.87485700267 2.05306724158 0.119457239417 0.69897279663 2.57656627969 ;
2.1876412385 4.64309082339 2.98332560092 4.33979771973 2.79954118145 3.5117689041 2.66767257486 ;
0.509308387176 4.7553776124 2.28143709372 0.879603744597 3.37544091061 0.835223146639 2.98883957576 ;
2.55716740552 4.7361804873 2.71814672326 2.83127269363 3.29118770746 0.742869599535 3.05050069721 ;
1.43486670593 4.74057131418 0.0974582042059 1.83806267777 1.81948300105 0.732210898754 2.42798175522 ;
2.6301493635 4.58440692876 3.21152606718 4.04688728075 3.8023382464 2.76496496755 3.10974867447 ;
1.78134404569 4.76922856912 2.61973137978 2.30336975765 0.170195093975 0.843912961603 2.68724158189 ;
0.65481859668 4.75643317273 2.13021545385 1.01403869634 3.17015936936 0.733826339839 2.82679800706 ;
2.75890964229 4.64725088401 3.04370161394 3.3226245022 3.81893126871 1.4278155056 3.23812228139 ;
1.69559878604 4.77313959869 2.01127601806 2.1184715865 0.309524936777 0.682768721062 2.62963128419 ;
1.90651578771 4.73134312961 0.136323684294 2.24921427612 2.87026714802 0.797817758106 2.65727492811 ;
2.24332706559 4.64304251567 3.04088966018 4.33953841969 2.91059508104 3.47252252874 2.65530640339 ;
2.61848061503 4.73293115723 2.7434720958 2.90827175889 3.25660071601 0.759017553617 3.04504180029 ;
0.538495807495 4.75186533544 2.05514744828 0.965869092317 3.32466974972 0.836014998729 2.8846406111 ;
1.59138190958 4.74180800116 0.0482903238128 1.99860891721 1.69163046174 0.752824398165 2.45385607829 ;
2.60654027065 4.58270349579 3.22757943083 4.03068717343 3.84937078934 2.80202324667 3.13030684466 ;
1.76547881777 4.76860738845 2.62249399831 2.25713102862 0.178043917761 0.831511951525 2.67859603322 ;
1.47020835749 4.76561908289 2.20976294533 1.85232455911 0.127852724622 0.735061860764 2.54154544199 ;
0.917950903552 4.75453391956 2.45387898148 1.23611501163 3.45699997802 1.06631381874 2.9853342657 ;
2.63965691758 4.59502703987 3.20105334239 3.96636364651 3.76166638086 2.71784615723 3.11671124329 ;
2.65364612939 4.73834681039 2.78322931695 3.00902584069 3.02497188064 0.487729351249 3.04924396966 ;
1.59816778466 4.73636618525 0.0636534336458 2.07522699457 2.27020078103 0.784949800241 2.55071138209 ;
2.42519373818 4.77015459451 2.5235310209 2.88500315368 1.15701171354 0.629316007837 2.84566808809 ;
2.78670263999 4.63221948822 2.99299987425 3.35558321647 4.01036909349 1.56789056445 3.26602506578 ;
0.802038008206 4.75083561313 2.02449445778 1.23393180019 3.46461917315 0.840871564703 3.05173252846 ;
1.090721585 4.75792056415 0.86015719553 1.37857589893 1.08210827757 0.602487660443 2.29045566271 ;
2.20836122078 4.64252262742 3.01841514183 4.34485396779 2.89442141881 3.51001947451 2.65658177194 ;
2.60712265231 4.73546487953 2.77917995064 2.8821575221 3.28062411204 0.764174324804 3.07577302293 ;
0.58916740484 4.76149662204 2.4686595601 0.99232920652 3.26695357474 0.826877390349 2.91245595 ;
2.61716817421 4.58034572301 3.22511646068 4.06091941609 3.79764333963 2.80536454157 3.10471702122 ;
1.61577599159 4.76307103119 1.96305891979 2.15260950846 0.11589977491 0.800781911594 2.57190496714 ;
1.56117334319 4.73255948195 0.0732176705576 1.86930065824 2.83506599552 0.77781814759 2.59710263576 ;
1.86903500174 4.76238756869 2.26774386382 2.00897123454 3.38645819593 0.834951006706 3.09839152721 ;
2.1203202714 4.77684704109 2.4628163751 2.60956406132 0.324904686262 0.744064988747 2.82256196545 ;
0.801360587397 4.74862107617 0.742229193388 1.18374145667 1.54443767457 0.545761485405 2.27129205956 ;
2.18418215786 4.64350718721 2.95718718715 4.32540686323 2.83723158052 3.51674163663 2.62009928772 ;
2.90078103926 4.58615426578 3.22154992815 3.76665098692 4.04924032787 1.7696469797 3.26616524983 ;
0.996704486532 4.75483035081 1.33807565212 1.3470187193 3.12580469469 0.822576533607 3.06682634975 ;
2.63411078503 4.58117058111 3.22104647063 4.0615313448 3.78906435549 2.79921920191 3.12761933815 ;
2.59674837667 4.73882464837 2.75075331363 2.86515685684 3.3112843716 0.750241489322 3.20390556992 ;
1.67212552604 4.78025570825 1.97522718464 2.15233908076 0.139201910008 0.753584914873 3.04279859127 ;
1.44897126591 4.67052644556 1.6307043198 2.12417625491 1.58468791593 0.943431130447 0.0363842486554 ;
0.552444007716 4.74917808746 1.63842884647 0.98377560356 3.21132593056 0.801454349082 2.81093511388 ;
2.53576283139 4.73955509399 2.42348376105 2.73701018575 3.24429671316 0.693970950836 3.03862954599 ;
2.27813585692 4.64584894652 2.93646899601 4.24356897929 2.54774440215 3.19239900564 2.66114287278 ;
2.86905279646 4.56363966994 3.34159326968 3.80790732909 4.36544291203 2.29344060935 3.37817146781 ;
1.5816867571 4.76791110199 1.68399072204 2.0125695246 0.32472693912 0.62270767635 2.53309778239 ;
1.63412964562 4.65480272585 1.88789778918 2.56606205124 1.79589979651 1.1755673081 0.0455602680211 ;
2.56026404027 4.74465824549 2.33509421847 2.74381347012 3.21062149987 0.622372762353 3.18552125041 ;
2.67224001393 4.59994586923 3.20143067691 3.93366882823 3.81381006584 2.6781301233 3.26174944032 ;
0.545191088133 4.74940239471 1.68201737111 1.06314274354 3.20598863785 0.817642129885 3.00763404216 ;
1.68681673876 4.77775944388 1.94646680722 2.16523167076 0.171389177244 0.783349278505 3.03688939919 ;
1.461918686 4.73497255414 0.0820878944866 1.75454702607 2.86882379541 0.768744032482 2.59163751808 ;
2.87695436608 4.59975582952 3.17548100416 3.67620170017 4.02034666209 1.76701865815 3.2659127085 ;
1.60668453684 4.76770691256 1.94635951289 2.08044596985 0.126169649106 0.732518962379 2.56518967189 ;
1.68180608316 4.76588893083 2.60746228983 1.89037665216 3.15404464628 0.65663626386 3.00764225822 ;
2.19194181703 4.6476450702 3.00333806614 4.34245645088 2.84834665334 3.56934512053 2.68928162593 ;
2.4683610804 4.73794236853 2.65770258262 2.64494786092 3.39120610109 0.76071529933 3.10134460687 ;
2.65229374286 4.59043214655 3.19903503851 4.04080109687 3.77165291342 2.69740020755 3.10303256047 ;
2.15217120481 4.75386687103 2.46026519246 2.93255610314 0.246129460404 0.963387567373 2.65124958334 ;
1.27580049082 4.73889249332 0.0281162552586 1.61991813659 2.03328123699 0.695610645138 2.53079924668 ;
0.499598447116 4.77471982582 2.52720377816 0.864074878796 2.24800879491 0.657174030402 2.71960537822 ;
2.67549300033 4.58899762182 3.21356887235 4.05223731832 3.78513748787 2.71348287678 3.15259240949 ;
1.77219576613 4.77867743255 2.12386341192 2.30457857673 0.146813511466 0.819994057288 3.04861252403 ;
2.34907817971 4.7448608214 2.7057450468 2.61328967312 3.38952466763 0.779806683132 3.21959516463 ;
1.48062318284 4.66212944086 1.66893992817 2.20618931504 1.65879033531 0.985323069132 0.041441400081 ;
0.947900504022 4.75299964075 0.965285918865 1.24871363621 2.78912298359 0.69011425575 3.02534530238 ;
1.32079829634 4.74385378481 1.44300162798 1.7416113335 3.34589963531 0.972382381948 2.90460287892 ;
2.61754801373 4.59012717776 3.1971711919 3.97143995797 3.8233069997 2.75757180042 3.13995505631 ;
2.69177586437 4.73102625967 2.81006816475 3.01145227904 3.22548061852 0.580082836381 3.02730589844 ;
0.603019672433 4.77285026733 1.52643969114 0.46338421841 1.14979639185 0.473462941599 2.36890557324 ;
1.99946454771 4.75645596134 2.07390399345 2.83871162385 0.170585363978 0.951100987393 2.66458586161 ;
2.65424237161 4.57834527686 3.26000430163 4.05760254909 3.90308657296 2.83928948647 3.2951001905 ;
0.869365222937 4.74953700993 1.38647621649 1.22315585862 3.11789767019 0.763641216182 2.90777859894 ;
2.61009708844 4.73775221051 2.67823894007 2.90651248702 3.28031293018 0.857731895037 3.22813993941 ;
2.05416733025 4.61092806493 2.23265024576 3.42738801347 2.3632242664 1.56109224734 0.0719967926215 ;
1.61935220657 4.7750295205 1.90882791116 2.06121725498 0.157385142466 0.747887155782 2.76034226192 ;
2.63917972548 4.59059480353 3.20913238477 4.01812977566 3.7910001245 2.71944973398 3.1073966557 ;
0.320222313898 4.76193678935 1.90411556029 0.709468035849 2.43051230399 0.684181206076 2.60583230618 ;
2.48710190122 4.73862773888 2.76195482277 2.70221044932 3.29935399076 0.697027985369 3.07765718093 ;
1.87506326193 4.7580581454 2.07818015694 2.5049502158 0.119402563035 0.891692914827 2.6453949887 ;
1.81693180815 4.73283568642 0.064188649941 2.15416676131 2.96007305773 0.845249147455 2.71019681997 ;
2.4187821887 4.64050820982 2.98696236928 4.27766436744 3.01632369271 3.0204125778 2.69944856151 ;
1.2436586999 4.75572531075 1.97319925207 1.4525622114 3.2937084175 0.74517000222 2.91944596707 ;
0.962860117497 4.7643542696 0.847732550412 1.22894534603 0.890645335856 0.595145859889 2.41355391322 ;
2.27166788669 4.7634403825 2.43123951887 2.97702581487 0.635509981383 0.731015231416 2.75138933477 ;
2.79008779476 4.6329783389 3.03640117366 3.30299280084 4.06481709832 1.50794140122 3.32221365951 ;
0.783653772421 4.74653143383 1.51406010572 1.14799102819 3.20389611326 0.849121004656 2.81821278069 ;
2.82160253997 4.582494931 3.24325957733 3.60092202108 4.26077458247 2.09773821546 3.35091532798 ;
2.58331817773 4.74356073769 2.44142112255 2.88419218541 2.97772543297 0.551686008654 2.93069071393 ;
1.60208008927 4.76954835621 1.81067953245 2.05407442681 0.16981881918 0.693909518001 2.55725016017 ;
2.15617622808 4.64420033381 3.00091687492 4.34930447826 2.81407624271 3.59447063689 2.7152515321 ;
2.51065921987 4.74960825875 2.2405417577 2.62683337747 3.10841222565 0.701165486471 2.9858744522 ;
1.64068671293 4.76825634439 1.83874844146 2.06668103935 0.158058504348 0.69259956539 2.56583228225 ;
2.22134079024 4.64258558274 2.96781784192 4.31307228824 2.76839204573 3.40634810378 2.61945594696 ;
2.85958952924 4.57133339328 3.29473020861 3.7311304539 4.29999132615 2.04520997642 3.38403641247 ;
0.472089415425 4.75080356109 1.6438733136 1.05535388875 3.10483184355 0.752544038783 2.76875769576 ;
0.960708564459 4.74447647522 1.28931204457 1.34901690249 3.14461584673 0.811810446397 2.76873244466 ;
2.61609555187 4.58406185329 3.21275921288 4.0265554907 3.84165416806 2.77960754186 3.12955138515 ;
2.58821358488 4.73935583879 2.71849235654 2.84141560929 3.26527100138 0.718447620067 3.11607510045 ;
2.50169481 4.71910082953 2.47799723817 3.39834539002 0.419684054714 1.28235923852 2.24839058559 ;
1.1253380645 4.78389280249 1.61256895697 1.41654224034 0.188669120582 0.534276025832 2.64690058649 ;
2.66247118222 4.59122903276 3.20844618388 4.04149085719 3.76774968929 2.7191478937 3.10793755372 ;
0.415611105437 4.74803783321 2.53941917626 1.23300431488 3.25365035406 0.866039738246 2.85538961418 ;
1.64188947982 4.76241296857 1.96896863232 2.14729180743 0.114045788105 0.816588975738 2.58584499626 ;
1.52555746884 4.73258875573 0.0735788191438 1.76980314871 2.86932527641 0.780966896927 2.61213718967 ;
2.58660572496 4.74016578297 2.75547769907 2.73725679023 3.29381013346 0.69217144197 3.07985369855 ;
2.62052080611 4.60826827121 3.16703012103 3.85282080631 3.79545940577 2.65592616022 3.15085470687 ;
2.55260692297 4.73231929037 2.30806868557 2.85144915535 3.17587690934 0.534144759698 2.95754047325 ;
0.918522358342 4.75642010385 0.935193393191 1.56160925544 0.509983407605 0.620476029042 2.23730103229 ;
0.614440266235 4.75001603784 1.83445687114 0.955791494385 3.29574644155 0.841405497228 2.86829676773 ;
2.33650504536 4.76274331807 2.68694882786 2.77929684815 0.206509619103 0.995514786871 2.86020950975 ;
1.99472486573 4.61290861061 2.2395146775 3.36250803599 2.27733563388 1.49417245559 0.106576210793 ;
2.25497747033 4.74592486559 2.56667949747 2.51455441491 3.40176101128 0.796387883754 3.22948242277 ;
0.788822801782 4.75061309627 0.809978760392 1.04921301817 2.41570533925 0.605943441003 2.67812458922 ;
1.78875366566 4.77863895099 2.21348069075 2.27641323546 0.147312676146 0.817100888977 2.91099933653 ;
2.69699669179 4.59287103486 3.22150031343 4.03232158917 3.80147703688 2.69031382165 3.28780475858 ;
1.367575794 4.7457707077 0.0408714618407 1.84373956954 1.3557030514 0.63886588973 2.38114448193 ;
2.61954627559 4.6007732168 3.17346263679 3.89359700919 3.81155319588 2.68974404432 3.14881045836 ;
1.76653242635 4.76807501136 2.64124224068 2.26304715357 0.178040208768 0.864275014135 2.67315335777 ;
0.733480925716 4.74736298009 1.98824868705 1.0984140337 3.42276599485 0.949115733758 2.92871078849 ;
2.62658119714 4.73491511093 2.61572549113 2.93062030386 3.17931918544 0.52512790342 2.98228481817 ;
1.59566814067 4.76345021579 1.95291667724 2.11522567653 0.0898107467713 0.799915554605 2.57423834382 ;
1.58493825216 4.73183024629 0.0614846726118 1.90840417746 2.83193554827 0.788765287078 2.59470862011 ;
2.61386720884 4.59528077976 3.20111228916 3.92526647006 3.81829188365 2.72138598308 3.15373681201 ;
2.61326493778 4.73729250384 2.7633919119 2.92110394954 3.12526283551 0.591595930614 2.99359677806 ;
0.608903803523 4.75704865206 2.44417336479 1.02078308185 3.35000832604 0.88662196554 2.92935750507 ;
2.87847422708 4.57011694005 3.27406270133 3.74706526401 4.27845147874 2.01500610409 3.33923695828 ;
1.210191299 4.73596435077 0.554430638975 1.49030787117 2.98344648772 0.782439154172 2.61075350893 ;
1.51646105148 4.77011584825 1.90143787371 1.97897482119 0.157459296117 0.688729678958 2.53789370741 ;
2.10390733011 4.757109174 2.70089962607 2.3636864633 3.160832303 0.679549174856 3.06488251075 ;
2.26824854918 4.64878297423 2.98585409639 4.30498155566 2.71635121934 3.38151662311 2.70501470175 ;
2.64943672897 4.76318934285 2.58640493293 2.96573229677 1.54546092531 0.625277884278 2.91589431652 ;
2.72992146674 4.60002445912 3.18731121009 3.89048510453 3.86954329877 2.42255960179 3.18468357149 ;
0.897154579996 4.76513645625 1.1336519835 0.664870776347 1.12811654277 0.47560600218 2.42843678317 ;
0.629001229641 4.71354093917 1.9569158025 3.10277126757 0.943263745378 1.4787718253 1.9417542559 ;
1.64009828843 4.75177404439 1.88506504558 1.79355819654 3.64988974037 0.873230494764 3.09076532302 ;
2.67834385546 4.59442392743 3.21552141844 3.97524976159 3.83284935146 2.69854734914 3.29306905776 ;
1.61947022694 4.77582026346 1.9306894109 2.05114672696 0.129991580034 0.770761872884 2.83094997167 ;
2.51708871874 4.74625061654 2.37877328422 2.73075023343 3.2070670484 0.690227958986 3.19104150846 ;
0.557574424312 4.74983125152 1.55465903853 0.990393575278 3.17677093151 0.788868815659 2.92703776883 ;
1.91586863748 4.62204923622 2.12662776823 3.23214435184 2.20617856891 1.43673392774 0.0591032837646 ;
2.39100491482 4.73908548229 2.74337476671 2.64753475175 3.28431838807 0.544724715981 3.07035807992 ;
0.69064874342 4.77492806317 1.75839733243 0.820948855357 0.5559926927 0.508147980574 2.35919556576 ;
2.64561756873 4.60135830434 3.17040285994 3.93054669085 3.77467530105 2.66613865301 3.11894140639 ;
2.2202990739 4.75380445213 2.20286343892 3.00704026646 0.20401937701 1.02967525934 2.70159575582 ;
1.08426381643 4.73917315635 0.856806347706 1.52253358286 3.16302496847 0.903347547158 2.74115463791 ;
2.60228194088 4.73647162788 2.65928105668 2.84993679143 3.27126631908 0.755353114807 3.04481994346 ;
0.522014489204 4.76587552924 2.47059354627 0.919178540591 2.96279374104 0.775319955811 2.84239206158 ;
2.61954834097 4.58408432037 3.2164897998 4.03213589823 3.8257113585 2.77141487988 3.12711777244 ;
1.92916349898 4.76327916076 2.52814230874 2.53339965336 0.13297947292 0.904363177717 2.68712429258 ;
1.29248442043 4.73684528885 0.0328667604773 1.67490981218 1.92578075917 0.697734703086 2.4804879853 ;
0.45893713607 4.750675399 1.8806190364 0.804242358201 3.2279551737 0.802501000693 2.75074527815 ;
2.63954060715 4.58801788798 3.21845589747 4.04234883591 3.77863774994 2.74048456733 3.10284680869 ;
1.77225894154 4.76805006502 2.62364985002 2.26187036351 0.208349220286 0.834213413495 2.64788241857 ;
1.64662167496 4.73809231289 0.0323676288685 2.1438042875 1.69464892629 0.763468802386 2.54583903594 ;
2.52015439674 4.73798413232 2.72854229121 2.77503019648 3.31993956362 0.72786508785 3.09116996651 ;
1.32950422725 4.73763650503 0.250149261043 1.60394888337 2.72857320236 0.705241082137 2.394050155 ;
2.89580940986 4.57666407903 3.29126886367 3.75932266612 4.31869085936 1.97431463858 3.3784378314 ;
1.85453462646 4.76152813059 2.6357826766 2.05636037605 3.27484498869 0.714559761886 3.11046929554 ;
1.53302698711 4.77118978584 1.9428624953 1.97139149324 0.157369789668 0.64966324928 2.66835544025 ;
2.38564161146 4.65303204774 2.93407921089 4.16152761035 2.59430532166 2.87973807948 2.61793000877 ;
1.54046374169 4.76652381906 2.30625335864 1.99616593457 0.108181673918 0.758989358335 2.53635794467 ;
2.63550123785 4.60680069677 3.17949726629 3.88340394593 3.79229483282 2.64097217495 3.13883524826 ;
0.479739961586 4.75007988484 1.88229366636 0.830169233403 3.30104579189 0.828419519444 2.83365165896 ;
1.89959878377 4.73736640363 0.0272153649226 2.44034339845 2.00204089857 0.841572238716 2.63601293965 ;
2.51388421389 4.73642275739 2.7232849209 2.81209964077 3.08248696575 0.54294598564 3.00304658541 ;
2.63732593012 4.59751767691 3.19418501356 3.96465305916 3.7561825691 2.70455423097 3.12021393024 ;
0.52509201085 4.75402993798 1.92530491989 0.782733932739 3.18968604828 0.761586576952 2.80717014131 ;
1.60990410944 4.76368065109 1.96067710944 2.12291975199 0.110714156902 0.792360471288 2.57619977206 ;
1.92887776784 4.72982787755 0.326087948043 2.43590901823 2.87793887163 0.973946615674 2.59935014021 ;
2.54811038083 4.73730023993 2.79127714857 2.82537865496 3.25188516767 0.568807286137 3.08143392864 ;
2.26852135244 4.75900143301 2.48076559316 3.0282292342 0.235156237712 0.982127709085 2.7664199955 ;
2.64699716224 4.59776140127 3.19432491699 3.98571259828 3.77389122895 2.67479113796 3.11859587259 ;
0.881276968031 4.76198320537 1.03932802534 1.18883853906 0.684922012786 0.562791914548 2.22938552274 ;
0.469723936846 4.75022046291 2.01671971996 0.963636034522 3.40610587346 0.853937305212 2.97862904454 ;
2.49818934771 4.7353483526 2.26749685991 2.69013627847 3.25225710123 0.681015341053 3.00829203852 ;
0.642418125215 4.74421992262 2.33163412279 1.28702916576 3.5739819188 1.12564566592 3.08774197468 ;
2.62714804119 4.58580851667 3.21191605977 4.0263079726 3.82555619059 2.78198312973 3.1230941216 ;
1.96273288275 4.76247494943 2.40122808937 2.58232814812 0.119067979569 0.961207297653 2.73021030759 ;
1.18087337789 4.74964397555 0.566054956782 1.37924849548 1.75629001822 0.503031312545 2.32225908952 ;
2.67256702909 4.73594058735 2.66318167837 2.92040252412 3.2357205915 0.686995278437 3.05218085526 ;
1.4202228407 4.77012149773 1.88364212103 1.8453251118 0.0747456476537 0.727296169326 2.59104573628 ;
2.6506587905 4.73922110027 2.7662898418 2.9572704234 2.92718509355 0.640768849084 2.99326831537 ;
2.61358295652 4.59470419213 3.2030724848 3.94151326088 3.80240058291 2.73052458606 3.14889100771 ;
1.66284568468 4.72738478623 0.0680264647319 2.01580329631 2.68828861647 0.82483250642 2.45718282205 ;
0.549426456458 4.753036939 2.36726414784 1.0683125968 3.36171398393 0.864757153292 2.96252013319 ;
2.25795714845 4.64739362987 2.99847526787 4.30858440931 2.8434062038 3.39494811325 2.68308163682 ;
1.42167812572 4.74037661237 0.0425223241806 1.80344822231 1.97717824837 0.715347694935 2.54971953141 ;
1.94563108155 4.77742437181 2.62303968307 2.33462536012 0.852486568699 0.618489246208 2.72628848346 ;
1.14744718124 4.76169029098 2.52575712603 1.39729132942 3.46741445307 0.849025571707 3.02408058694 ;
2.86466407851 4.61164842292 3.13567525417 3.53654703243 4.05048988606 1.61820169957 3.26658461168 ;
1.95229975172 4.77108424635 2.18682960494 2.48286004302 0.259142022319 0.762290880198 2.72080164535 ;
1.96078144031 4.76741853641 2.43682547947 2.06591138216 3.40402644407 0.895119674782 3.14434646413 ;
2.90305880748 4.57992451051 3.19754010367 3.81568051962 3.9955024999 1.73481486285 3.18598868271 ;
0.81372408792 4.7433905784 0.77369660037 1.15632889756 2.11473266714 0.541072557966 2.34893433959 ;
2.17744698488 4.65263732613 3.02298497899 4.34995818043 2.90044077117 3.6725889766 2.78597439957 ;
1.76693068893 4.76509788865 2.19400936919 2.30477898976 0.159262003533 0.868860357084 2.63556938655 ;
1.18139377444 4.73745779848 0.187721336561 1.50232046262 2.37990994877 0.649885157567 2.47634693092 ;
2.62676876517 4.59058098283 3.19812268568 3.97806770994 3.81966402209 2.7422060266 3.14336913879 ;
2.64623568542 4.73326266079 2.70279617582 2.9789846675 3.15584651456 0.549320294028 2.97017579184 ;
0.876363605196 4.75932766114 2.56682638075 1.2051060439 3.53914424089 1.11566901299 3.09902465092 ;
2.16658492232 4.77168702014 2.53428228643 2.6193439167 0.810499462536 0.744997247614 2.76336877371 ;
2.18488642727 4.64329967258 2.98757178609 4.33770763586 2.8765359568 3.55241886529 2.63897980362 ;
1.43370013894 4.7676608861 2.58451433776 1.67813189281 3.49144113213 0.751846305429 3.13638777656 ;
2.88062159806 4.5997058999 3.14348397981 3.63664446951 4.0496711989 1.73110616156 3.26376049716 ;
1.16430935745 4.74634085378 0.415389663942 1.43650584937 1.86680119724 0.622518996524 2.43390544506 ;
2.19103172034 4.75991345835 2.6624087615 2.41079259694 3.04218027935 0.542491146344 3.03064424622 ;
2.27143853174 4.64611372486 2.9395828035 4.27248038347 2.58053494849 3.27432892692 2.60712572097 ;
1.49437314224 4.77228804752 1.8410352209 1.91469752155 0.132041530348 0.634811610205 2.56772441196 ;
2.85930983433 4.58973835507 3.23497447979 3.65816801422 4.22306012762 1.96480390804 3.348565045 ;
1.03435775932 4.73969365829 0.829787987796 1.38558415941 3.09159115734 0.862229132825 2.68897045421 ;
1.47637551278 4.76870089386 1.94336564988 1.93915618867 0.243679946823 0.667399080963 2.5238847666 ;
1.422825729 4.73442540881 0.192674760953 1.74492021008 2.89856068605 0.782761320113 2.57965129465 ;
2.26449322619 4.65386252458 2.99270187336 4.30756597406 2.69868710796 3.44552671789 2.7571744896 ;
2.88251218635 4.57396529489 3.2575030643 3.75928922201 4.19848443157 1.92235082096 3.27685635856 ;
1.9456062125 4.76107724566 2.67230949884 2.1620240534 3.20994713435 0.709376965801 3.0770056264 ;
0.376760563469 4.75285740019 1.7859919405 0.7892858201 2.9468318873 0.743728831644 2.69090925488 ;
2.63190130644 4.58972840812 3.21291557598 3.99943692539 3.81934636974 2.73042097792 3.12183416667 ;
1.70543744214 4.76228100228 2.06938624282 2.26031181495 0.114956503277 0.835702362668 2.62738154532 ;
2.02611004515 4.73252762874 0.0612794198098 2.29366524741 2.87540180398 0.86799175232 2.69218789882 ;
2.51729218423 4.7391618672 2.76204615077 2.79156639249 3.2332516863 0.690466093519 3.04794024055 ;
2.62563524292 4.59361436239 3.18860318247 3.96281142631 3.79958611786 2.71300638273 3.11506184701 ;
0.565142242846 4.76935591351 1.68403816867 1.08495041388 0.681173641225 0.536045160848 2.26271179178 ;
1.07346147386 4.73742412515 1.16214904797 1.40191470028 3.34043141201 0.925983966893 2.87211106155 ;
2.56188352813 4.73852460075 2.71697788239 2.83109386955 3.2456290097 0.596838067079 3.04881332007 ;
2.35050967535 4.76295899282 2.14977949238 2.87814842242 0.229603861315 0.962939039664 2.77228566843 ;
0.442920825307 4.74561915161 1.73759522897 0.779890110409 3.51711219762 0.904660740424 2.94926211111 ;
2.66198390617 4.60188384234 3.17830545198 3.96839294901 3.76538915704 2.53259048948 3.108431629 ;
0.347859487184 4.75218400047 1.34328540994 1.67200288917 0.973211004777 0.504175155983 2.23583401254 ;
2.48357174287 4.74655037103 2.22589750474 2.50705809184 3.18758749584 0.677277388908 3.02065803564 ;
2.31880356429 4.76470989839 2.19758025662 2.53306095007 0.155927642566 0.938580609774 2.71073032836 ;
1.70803735591 4.77808539778 1.9499431869 2.18247313087 0.216995673529 0.802018530962 3.0364273747 ;
0.820302152393 4.75138194763 1.61510765696 1.21166340981 3.24727135367 0.896712356902 3.08421727584 ;
2.65579527127 4.59662615727 3.20105900623 3.95376214766 3.80316110139 2.69749105804 3.16696946788 ;
2.60685328853 4.74215279075 2.49098720018 2.86660492778 3.22360810347 0.551551321385 3.17577374882 ;
1.47567789758 4.66655757224 1.65707218648 2.17623401101 1.63096273211 0.952073321874 0.027483525942 ;
2.67126746918 4.60814298109 3.18345948094 3.91438748935 3.81153035123 2.57487736767 3.16659350658 ;
0.41773775752 4.7513554999 1.33298268271 0.593200066763 2.2277046137 0.614483311551 2.30882202231 ;
2.13471523349 4.73878106364 2.21628990382 2.43604300916 3.28490364676 0.670509973714 3.051323745 ;
2.50172299704 4.7150615597 2.6659784838 3.61408835277 0.65125917433 1.45718618084 2.18541072764 ;
1.53995496189 4.78258505856 1.62819035948 1.92558677337 0.132395801317 0.575890410931 2.90629353928 ;
