2.40233103397 4.79177187447 3.15618308818 4.50850448295 2.92975906532 3.74506207228 3.0923554241 ;
1.79556898296 4.74662525734 2.7006911121 2.85427361015 0.0 1.27894816417 3.02070544594 ;
1.71630446041 4.76101064775 2.50400443254 2.37012585935 2.9206689881 1.18466633328 2.97436394932 ;
2.90759159433 4.76743577853 2.92046033842 3.27709295019 3.21344875454 0.910092550751 3.32373129538 ;
1.77704356995 4.68970859288 2.51791486502 3.32153225165 2.12772889827 2.11155563431 0.0 ;
1.65951509968 4.76443994458 0.0 2.22383291391 1.85772834143 0.898789001707 3.03136042124 ;
1.17208863706 4.66123633743 2.88664573124 4.31733991084 2.63262859468 3.69314528615 2.9762971887 ;
2.83587122672 4.52113647621 3.50927132019 3.78358365803 4.78340855363 2.44574712355 3.4695561502 ;
1.61244230696 4.756834756 0.0 2.2349010671 1.83938600143 0.92284929217 2.8198701593 ;
3.06040514417 4.71441805407 3.06179306935 3.92180529212 3.2402106819 0.861850566521 2.85617454605 ;
2.25683424949 4.60272616098 3.1505357995 4.19937128574 2.81102907315 3.78733059969 1.31702129468 ;
1.8274499431 4.74024023771 2.68535892148 2.82817809194 0.0 1.29943672095 2.80995302239 ;
2.32866788999 4.76886305717 3.08745740492 4.47611604966 2.8618532746 3.7304104117 3.14899633559 ;
2.84602436219 4.52725748892 3.48803194101 3.77544357002 4.76094809114 2.42355284909 3.47130196311 ;
0.0 4.74219610044 2.74061060736 3.13828949975 2.66855754381 2.05021574416 2.51298136239 ;
2.47239945839 4.79872137852 2.58931594922 2.43032488688 3.00333865493 1.04715528239 3.1145204237 ;
2.34499261996 4.544371307 2.84579489546 3.06014973125 2.70056595262 1.81009548331 1.42008166315 ;
3.12055802308 4.76127041293 3.01020878475 3.97539262317 3.25309015053 0.924728408411 3.23503158797 ;
2.09847785735 4.81583744274 2.60799533768 2.38364524485 3.02300349809 0.914553657765 3.21250279664 ;
0.918204754582 4.73347626469 3.04896923255 4.4310197985 2.56812088108 3.74965021561 1.72874084749 ;
2.35976729662 4.76452949789 3.08301779421 4.46956480968 2.87782087763 3.72522297278 3.16089166594 ;
1.78945259417 4.74654461913 2.698803772 2.84949119373 0.0 1.28448473631 3.03030327925 ;
2.82796039767 4.50612118063 3.52390780804 3.75987623252 4.80141998408 2.46623031165 3.48099656468 ;
1.61244230696 4.756834756 0.0 2.2349010671 1.83938600143 0.92284929217 2.8198701593 ;
2.84007971438 4.52514884018 3.49356419188 3.77983742845 4.7730965931 2.39692338481 3.47627906713 ;
0.967990187309 4.71027826224 3.02746004857 4.38627035472 2.6496836809 3.7368672815 1.83154556021 ;
1.91973544575 4.59676026983 2.86654012786 3.13683055407 3.17303342558 2.05547509478 1.86205131771 ;
1.7881952573 4.72440138756 2.72593799411 2.80838242425 0.0 1.77840199311 2.57477457075 ;
2.73790710495 4.80525533091 2.7348398161 2.93050748233 3.00349553206 1.72131388519 3.21233677277 ;
2.36066630062 4.76665851793 3.08386220136 4.47317416135 2.87833278206 3.72196477887 3.16285253559 ;
1.61244230696 4.756834756 0.0 2.2349010671 1.83938600143 0.92284929217 2.8198701593 ;
2.28460163647 4.77988147854 2.72604259746 2.88551209465 2.61620282794 1.79006182416e-06 3.18914127479 ;
2.82837392926 4.51054741465 3.49839622009 3.76132478007 4.78375097152 2.44103872575 3.4748879359 ;
1.73123089653 4.68176367914 3.02653316111 4.31247463305 0.0 3.73765086096 2.63941236996 ;
2.89006808393 4.59696069649 3.22179007044 3.94153851218 3.23454801887 2.25453976851 2.48019324183 ;
1.92522215478 4.75043405486 3.07134871222 4.46297200318 2.78646457993 3.73515765563 2.77885843628 ;
1.77891342212 4.7531059568 2.61238351935 2.50377023412 0.0 0.783704179064 2.74542503213 ;
1.04736541482 4.70880474229 2.34260190342 2.28790540318 2.89247158369 1.03139325614 2.56683709813 ;
1.61244230696 4.756834756 0.0 2.2349010671 1.83938600143 0.92284929217 2.8198701593 ;
2.77174769596 4.8259727783 2.79071043586 2.96690014286 3.12515283758 0.850449028942 3.26195715358 ;
3.0635067315 4.69502710219 3.0873362449 3.9318851527 3.3357751811 1.20993981775 3.20190980207 ;
2.36969318745 4.76025936638 3.07878823985 4.46413604176 2.87986882506 3.72172831827 3.16452110369 ;
1.79556898296 4.74662525734 2.7006911121 2.85427361015 0.0 1.27894816417 3.02070544594 ;
2.06735894515 4.79742177962 2.57459447328 2.31967222715 3.00534898271 0.953866906554 3.18711025635 ;
2.83125733864 4.51260992795 3.50979105459 3.75981069739 4.79687816925 2.47291675065 3.48596471695 ;
1.65951509968 4.76443994458 0.0 2.22383291391 1.85772834143 0.898789001707 3.03136042124 ;
1.77704356995 4.68970859288 2.51791486502 3.32153225165 2.12772889827 2.11155563431 0.0 ;
0.772182974002 4.75651454922 3.09579475286 4.45960844904 2.75342908086 3.80474984728 2.71738499129 ;
1.77704356995 4.68970859288 2.51791486502 3.32153225165 2.12772889827 2.11155563431 0.0 ;
2.83008940987 4.49930215063 3.52628172176 3.74196339617 4.8107089172 2.47154418305 3.48073815353 ;
1.96131879583 4.75313959143 3.06764551824 4.46716204918 2.80451260713 3.73599366046 3.04855640612 ;
1.65951509968 4.76443994458 0.0 2.22383291391 1.85772834143 0.898789001707 3.03136042124 ;
3.02203026205 4.72324845489 3.07025923578 4.002883824 3.33530764686 1.37778839243 3.23747544516 ;
1.79556898296 4.74662525734 2.7006911121 2.85427361015 0.0 1.27894816417 3.02070544594 ;
2.53460439563 4.80585941867 2.56173891371 2.50244087817 3.04050758458 0.98072973647 3.24502066409 ;
0.975739803695 4.74974246918 2.71546262226 1.94326843257 2.98675623554 1.00585129601 2.97754133603 ;
3.1239314373 4.76186275465 3.01018789096 3.97538301681 3.25413463404 0.921235944083 3.23822987879 ;
2.09827947555 4.81574037788 2.60865729679 2.38262798472 3.02173451602 0.915956426532 3.21073655806 ;
0.91406079231 4.73668279302 3.05301078132 4.43661173276 2.57191140737 3.75121438524 1.72170949305 ;
2.34093493766 4.54184124075 2.84413535073 3.07671952168 2.70017271167 1.82221098442 1.42801644816 ;
1.78945259417 4.74654461913 2.698803772 2.84949119373 0.0 1.28448473631 3.03030327925 ;
1.61244230696 4.756834756 0.0 2.2349010671 1.83938600143 0.92284929217 2.8198701593 ;
2.82796039767 4.50612118063 3.52390780804 3.75987623252 4.80141998408 2.46623031165 3.48099656468 ;
2.35976729662 4.76452949789 3.08301779421 4.46956480968 2.87782087763 3.72522297278 3.16089166594 ;
1.61244230696 4.756834756 0.0 2.2349010671 1.83938600143 0.92284929217 2.8198701593 ;
3.1323794917 4.76593664655 3.0124304317 3.97913730775 3.25466288793 0.896638850786 3.24351389352 ;
0.918204754582 4.73347626469 3.04896923255 4.4310197985 2.56812088108 3.74965021561 1.72874084749 ;
1.78945259417 4.74654461913 2.698803772 2.84949119373 0.0 1.28448473631 3.03030327925 ;
2.82796039767 4.50612118063 3.52390780804 3.75987623252 4.80141998408 2.46623031165 3.48099656468 ;
2.35976729662 4.76452949789 3.08301779421 4.46956480968 2.87782087763 3.72522297278 3.16089166594 ;
2.09827947555 4.81574037788 2.60865729679 2.38262798472 3.02173451602 0.915956426532 3.21073655806 ;
2.34646938386 4.54063938934 2.84555249428 3.08325434351 2.71322266569 1.83575420731 1.44453261501 ;
3.12055802308 4.76127041293 3.01020878475 3.97539262317 3.25309015053 0.924728408411 3.23503158797 ;
2.34554592661 4.54583430571 2.84657304464 3.05651196868 2.70126020645 1.79938927714 1.41541672507 ;
2.82796039767 4.50612118063 3.52390780804 3.75987623252 4.80141998408 2.46623031165 3.48099656468 ;
1.78945259417 4.74654461913 2.698803772 2.84949119373 0.0 1.28448473631 3.03030327925 ;
0.935151559741 4.72782549744 3.04132859368 4.42018778542 2.5612441393 3.74515335138 1.73780420592 ;
2.36094587271 4.76561696065 3.08515390246 4.47168916149 2.88140177751 3.72632460942 3.16261702745 ;
1.61244230696 4.756834756 0.0 2.2349010671 1.83938600143 0.92284929217 2.8198701593 ;
2.09847785735 4.81583744274 2.60799533768 2.38364524485 3.02300349809 0.914553657765 3.21250279664 ;
1.16464388881 4.66028655978 2.88373811719 4.31585565146 2.6435515547 3.69128805139 2.97328506497 ;
1.70372797699 4.75977313984 2.49872469692 2.369481554 2.93927628765 1.18544888767 2.97181524389 ;
2.40193569114 4.79180776118 3.15671804614 4.50860248973 2.92346935449 3.74579674938 3.09344283653 ;
1.79556898296 4.74662525734 2.7006911121 2.85427361015 0.0 1.27894816417 3.02070544594 ;
1.65951509968 4.76443994458 0.0 2.22383291391 1.85772834143 0.898789001707 3.03136042124 ;
1.77704356995 4.68970859288 2.51791486502 3.32153225165 2.12772889827 2.11155563431 0.0 ;
2.83587122672 4.52113647621 3.50927132019 3.78358365803 4.78340855363 2.44574712355 3.4695561502 ;
2.90122497637 4.7680495641 2.91872404372 3.26729734598 3.19986098109 0.912732520975 3.32123271597 ;
1.71988522472 4.6472170187 2.84312772107 2.96706074701 2.716846489 1.84614406507 1.37153012395 ;
2.74469605848 4.76080902289 2.74082594285 2.99917308594 3.0044207732 1.86406433065 3.21950010375 ;
2.37487498672 4.77864471343 2.73607801634 2.87770271486 3.0545195321 2.08996747009e-06 3.18935508426 ;
2.84656255284 4.53333897328 3.48873259573 3.79138859686 4.76273790242 2.39244827752 3.47601586185 ;
1.9460162108 4.75920044256 3.08405382827 4.46820168379 2.78997815181 3.73733185362 2.76287957529 ;
1.79751905634 4.74639955032 2.72793766417 2.87169765719 0.0 1.31290254021 3.04105035273 ;
2.16235978498 4.48241615393 0.237987937119 2.75214726157 3.34043210442 1.05427794477 3.05994771522 ;
1.60482143047 4.76195543607 0.0 2.22830149444 1.81291218235 0.922020407647 2.81787441847 ;
1.77704356995 4.68970859288 2.51791486502 3.32153225165 2.12772889827 2.11155563431 0.0 ;
0.0 4.73957583543 2.72665601702 2.98448560791 2.12378847243 1.76395075942 2.98255416145 ;
2.73549579303 4.83013902624 2.79686885929 2.88872267627 3.05773278599 0.761978968828 3.22949684606 ;
2.8418385358 4.52310913343 3.49495414862 3.7830271678 4.7738202596 2.43020548026 3.47609946802 ;
2.63980897987 4.58750494592 2.80318637465 3.41112781804 3.28702762772 1.8701129366 3.09837377632 ;
2.26397828287 4.74758756425 2.71571409098 2.92356295057 0.0 1.34704143176 3.07863808294 ;
1.65951509968 4.76443994458 0.0 2.22383291391 1.85772834143 0.898789001707 3.03136042124 ;
2.30334772719 4.76785333864 3.09571452016 4.47403310286 2.8581701811 3.73592270593 3.09417858051 ;
2.36527023309 4.76763846421 3.08647655925 4.47312250485 2.90428118422 3.72647773881 3.1567747654 ;
1.84930399792 4.77532919191 2.3928645938 2.28452737533 3.22907013078 1.00169790712 3.13406365448 ;
2.83401664984 4.51395169373 3.49885161425 3.76759960927 4.78036609168 2.43546690257 3.47296925622 ;
2.65508621405 4.4387978494 3.11262149487 3.60515145165 3.04900742637 2.22630680951 2.13598686902 ;
1.61244230696 4.756834756 0.0 2.2349010671 1.83938600143 0.92284929217 2.8198701593 ;
1.09289332836 4.73724331065 3.04730918109 4.4337220899 1.94008783831 3.73389420627 2.08773845104 ;
1.17304805893 4.78196649082 2.47419809482 1.96213477721 0.697091444505 0.542646111298 1.93261247466 ;
2.8022497167 4.81301423978 2.90381741392 3.26775722974 2.46374084069 0.865650748254 3.27745903632 ;
2.0012722349 4.76597957625 3.08767973308 4.47234616901 2.83938196269 3.73821941049 3.09316548124 ;
2.36947689995 4.77607275834 2.72634978273 2.87789598014 3.04661181099 2.07908222285e-06 3.18838943606 ;
1.42426448338 4.6442461314 2.89307773276 2.60418806479 3.17798885879 2.28219581861 2.78947561276 ;
2.80465020419 4.7573770509 2.7530182947 3.13036507821 3.04112108731 1.87315794528 3.24063994589 ;
2.84682303593 4.53573523578 3.48618182281 3.79599057338 4.76403321734 2.39269399448 3.47606692365 ;
1.65951509968 4.76443994458 0.0 2.22383291391 1.85772834143 0.898789001707 3.03136042124 ;
1.81171575897 4.74876504586 2.73473736952 2.87910281104 0.0 1.31290254021 3.0329429825 ;
1.77704356995 4.68970859288 2.51791486502 3.32153225165 2.12772889827 2.11155563431 0.0 ;
2.25740073692 4.77772850842 2.55960813281 2.61636410505 3.61511166919 1.00529651309 3.31830494977 ;
3.21111034315 4.81029756916 2.97564912222 4.02087477239 2.8815894042 0.913483566134 3.22890616962 ;
1.77704356995 4.68970859288 2.51791486502 3.32153225165 2.12772889827 2.11155563431 0.0 ;
1.98405722663 4.76074207944 3.0849005181 4.46353537409 2.61503725754 3.73423828958 3.09470603588 ;
1.74401327087 4.80206718317 2.64729664053 2.16073445676 1.37297212784 0.746495850868 3.0244908656 ;
2.82330299954 4.50335304424 3.52214793927 3.75523527506 4.80202496526 2.45968874452 3.47740733699 ;
2.61147517666 4.44109335275 3.11782724572 3.72676804056 2.62993233001 2.40636907489 2.85970418436 ;
1.65951509968 4.76443994458 0.0 2.22383291391 1.85772834143 0.898789001707 3.03136042124 ;
1.79556898296 4.74662525734 2.7006911121 2.85427361015 0.0 1.27894816417 3.02070544594 ;
2.88723897132 4.43897816526 3.63982514459 3.66621343274 4.85868461821 2.51502541008 3.48142072813 ;
2.04564443334 4.82689963191 2.66479790404 2.27490392841 2.95995644111 0.828863900023 3.22602050263 ;
1.96419078912 4.75292305816 3.07545107484 4.46677319345 2.80169949259 3.7401651954 3.04854884481 ;
2.5706970559 4.52014668058 2.74094312311 3.25128914167 3.50949258373 1.94482638488 3.04697669463 ;
1.77704356995 4.68970859288 2.51791486502 3.32153225165 2.12772889827 2.11155563431 0.0 ;
1.65951509968 4.76443994458 0.0 2.22383291391 1.85772834143 0.898789001707 3.03136042124 ;
2.99450101794 4.805253137 3.01721689602 4.07343583836 3.45416389815 1.36613363303 3.28262702707 ;
2.36947689995 4.77607275834 2.72634978273 2.87789598014 3.04661181099 2.07908222285e-06 3.18838943606 ;
1.95402032203 4.75758082876 3.07526640128 4.47118152794 2.80163907231 3.74236111224 3.04964093431 ;
1.61244230696 4.756834756 0.0 2.2349010671 1.83938600143 0.92284929217 2.8198701593 ;
1.81171575897 4.74876504586 2.73473736952 2.87910281104 0.0 1.31290254021 3.0329429825 ;
3.03683537381 4.70626340433 3.15164692982 4.02990166533 3.14543538747 2.50672831887 3.16506458836 ;
2.14083604924 4.77553135396 2.5777404042 2.43510738229 3.07444097836 1.72766607633 3.18653714351 ;
2.84234615124 4.52558402853 3.48048384177 3.77398389384 4.76920927868 2.384301105 3.47560228347 ;
1.86775790193 4.69363336592 2.80622572742 3.42905772592 2.18874883301 2.21093377965 0.0 ;
2.84638799654 4.52293608136 3.50399610938 3.78605511291 4.78124139675 2.4382998354 3.47483215946 ;
1.61573901441 4.76593638495 0.0 2.20003755168 0.0 0.882827890512 2.9625049834 ;
2.00239356363 4.7648942609 3.08446628979 4.47207531513 2.83904951646 3.73902214353 3.06883493514 ;
1.17958953225 4.74890750583 2.73241152058 2.05939069075 2.84519042274 1.09526302346 2.96551873604 ;
1.79556898296 4.74662525734 2.7006911121 2.85427361015 0.0 1.27894816417 3.02070544594 ;
1.77704356995 4.68970859288 2.51791486502 3.32153225165 2.12772889827 2.11155563431 0.0 ;
1.67739547254 4.76382872245 0.0 2.23355214637 2.61651879075 0.905308328815 3.05948447332 ;
2.80700233549 4.75580864575 2.78405836367 3.2163074653 3.17966628824 1.0668838574 3.24535151851 ;
2.19414617719 4.75252866581 0.0 2.27232590027 1.84005509522 0.91487882478 2.83382122206 ;
2.1861576029 4.77428421611 2.65655458739 1.88298895588 2.73359193623 1.34955576081 0.690009927681 ;
2.83913182763 4.51622801193 3.4951094893 3.76587077218 4.77802785652 2.43658569324 3.47711805756 ;
2.69757114098 4.80574889289 2.7042243126 2.91035636625 3.08424097554 0.885511695755 3.22242743119 ;
2.25276233187 4.75145494745 3.07532737164 4.4659758601 2.80866562529 3.73400766515 2.82695048451 ;
0.0 4.7496294038 2.01218660506 2.90331587517 2.49867668937 1.79792890383 2.64908608132 ;
1.79855745388 4.73991215685 2.69067823619 2.80678870158 0.0 1.27768383434 2.74948617488 ;
2.83546898461 4.58462149878 3.2285225184 3.92306341724 3.30151379883 2.16593418033 2.48323825662 ;
3.12386489126 4.76014579105 3.00634031443 3.97708619945 3.24637810057 0.928768954601 3.23176637938 ;
2.35658074562 4.76159532088 3.0767944912 4.4654015651 2.87327175216 3.71902344665 3.15731649136 ;
2.10146254947 4.8171121017 2.66218506632 2.36895280153 3.03204113213 0.879074170518 3.21902243074 ;
2.21849455737 4.58398248917 2.43929324364 2.98702873795 2.62373070961 1.76015053344 1.46828650996 ;
0.902407873115 4.74108536841 3.05978177594 4.4457815636 2.56873592768 3.7533142892 1.73957016545 ;
1.78945259417 4.74654461913 2.698803772 2.84949119373 0.0 1.28448473631 3.03030327925 ;
2.82967489447 4.50499377747 3.52406732727 3.7593967035 4.80053865562 2.46652376472 3.48166928726 ;
1.65156097322 4.76591476616 0.0 2.22629622091 1.85812440252 0.89026658265 3.06818925545 ;
1.65951509968 4.76443994458 0.0 2.22383291391 1.85772834143 0.898789001707 3.03136042124 ;
2.83889583622 4.50003509088 3.5265105196 3.744812317 4.8091910389 2.4786324861 3.47780353947 ;
1.79324942031 4.69041762043 2.52981297051 3.41617859039 2.28417955255 2.26681707801 0.0 ;
1.60749657772 4.75870179819 2.57706728576 2.34465059981 0.0 0.0 2.69666573464 ;
1.93419561022 4.73151909154 2.77760562784 3.21684342442 0.0 2.24784828855 3.06189721704 ;
3.02551683077 4.72398475015 3.06696965402 3.98643520087 3.34099804586 1.33862993673 3.24487427273 ;
2.11692741812 4.78702765142 2.61765989813 2.40578477997 3.03536355067 1.02003567234 3.16956519219 ;
1.96736192112 4.75304603565 3.07204937758 4.46655528603 2.80361557648 3.73994919625 3.04930255066 ;
0.965108587883 4.70983430979 3.02318756219 4.38788615324 2.5398963073 3.73432843716 1.73371107185 ;
1.90256412782 4.61041361932 2.87654274073 3.01205059295 2.80272695427 1.91523687073 1.62686525747 ;
2.37566352371 4.77749683684 2.72929081803 2.87944284423 3.05456641101 2.08451063596e-06 3.18983204132 ;
1.61244230696 4.756834756 0.0 2.2349010671 1.83938600143 0.92284929217 2.8198701593 ;
1.79751905634 4.74639955032 2.72793766417 2.87169765719 0.0 1.31290254021 3.04105035273 ;
2.35593683061 4.76708730728 3.08594973234 4.4734968763 2.87694076786 3.72505822936 3.16052695783 ;
2.84357607392 4.52748635136 3.49185208333 3.78130493757 4.76951359108 2.3935577805 3.47643884234 ;
2.72270355327 4.80147320975 2.71125610526 2.93000442166 3.00252853797 1.73441938245 3.21667237278 ;
2.83008940987 4.49930215063 3.52628172176 3.74196339617 4.8107089172 2.47154418305 3.48073815353 ;
3.02022693898 4.72434262089 3.07040345897 4.00203663719 3.33238545654 1.37086879818 3.23658517072 ;
2.53934780106 4.804147653 2.56447465611 2.5142629289 3.04664576643 0.993347205164 3.24784716751 ;
1.77704356995 4.68970859288 2.51791486502 3.32153225165 2.12772889827 2.11155563431 0.0 ;
0.981588189535 4.7501276374 2.71163761987 1.95350430756 2.98009751842 1.00922803237 2.97437161131 ;
1.79556898296 4.74662525734 2.7006911121 2.85427361015 0.0 1.27894816417 3.02070544594 ;
1.65951509968 4.76443994458 0.0 2.22383291391 1.85772834143 0.898789001707 3.03136042124 ;
1.96126321547 4.75319755723 3.06963667941 4.46681351258 2.80483956914 3.73794503688 3.0480234837 ;
1.80373463228 4.74648260378 2.72973823249 2.87648758735 0.0 1.30711882858 3.03119376947 ;
2.01544599176 4.76488405354 3.08747242236 4.47011725616 2.83848501482 3.73582415631 3.07259451676 ;
2.37487498672 4.77864471343 2.73607801634 2.87770271486 3.0545195321 2.08996747009e-06 3.18935508426 ;
2.8416820924 4.53263684454 3.48991244729 3.79338992897 4.77133903553 2.40114296588 3.47575169563 ;
1.52903545883 4.63526159667 2.64695533533 2.63122551618 3.13758749237 2.21765085523 2.87888078117 ;
1.77704356995 4.68970859288 2.51791486502 3.32153225165 2.12772889827 2.11155563431 0.0 ;
2.84222813068 4.76684722603 2.82207894764 3.13021818266 3.06671395601 1.82688784749 3.26462633809 ;
1.65951509968 4.76443994458 0.0 2.22383291391 1.85772834143 0.898789001707 3.03136042124 ;
1.79556898296 4.74662525734 2.7006911121 2.85427361015 0.0 1.27894816417 3.02070544594 ;
2.00701962714 4.76273109576 3.08413536628 4.46954123635 2.83975242163 3.73738682845 3.06744471565 ;
3.07449018454 4.76549493266 2.9973842307 3.98929637445 3.23119516433 0.970960132722 3.21262408694 ;
2.55640205143 4.83877368957 2.626526794 2.44195449071 3.02031961475 0.908787585495 3.22354502131 ;
2.83288797309 4.50587322576 3.53173458852 3.76158340572 4.80839630942 2.4731222824 3.48580583784 ;
1.45293698035 4.60326782965 2.72588569192 2.53112304877 3.18939767129 1.57444419349 3.09230186186 ;
1.77704356995 4.68970859288 2.51791486502 3.32153225165 2.12772889827 2.11155563431 0.0 ;
1.65951509968 4.76443994458 0.0 2.22383291391 1.85772834143 0.898789001707 3.03136042124 ;
0.832603516696 4.78450619223 2.57068957209 2.00319799697 2.36601795608 0.623154041871 1.83557339075 ;
3.06314840294 4.72071382298 3.05073591507 3.95633107477 3.03096462939 1.09294277378 2.79244083778 ;
1.93960884213 4.75683728481 3.08212671781 4.4667820714 2.77379637708 3.73633465722 2.75190932327 ;
2.21548127531 4.55321934247 2.62607149572 3.27252385105 3.32586454458 2.2673562961 3.0032359816 ;
2.83886995024 4.51630775424 3.49832673479 3.77063067136 4.7849464482 2.44178910317 3.47751998655 ;
1.61244230696 4.756834756 0.0 2.2349010671 1.83938600143 0.92284929217 2.8198701593 ;
1.79886055482 4.74535067273 2.69752636967 2.85552254479 0.0 1.29705147495 3.05286625515 ;
2.58709431301 4.83163483901 2.7060877276 2.5432574633 3.10337775318 0.871839936711 3.26595876864 ;
2.82796039767 4.50612118063 3.52390780804 3.75987623252 4.80141998408 2.46623031165 3.48099656468 ;
3.12055802308 4.76127041293 3.01020878475 3.97539262317 3.25309015053 0.924728408411 3.23503158797 ;
0.918204754582 4.73347626469 3.04896923255 4.4310197985 2.56812088108 3.74965021561 1.72874084749 ;
1.78945259417 4.74654461913 2.698803772 2.84949119373 0.0 1.28448473631 3.03030327925 ;
2.34499261996 4.544371307 2.84579489546 3.06014973125 2.70056595262 1.81009548331 1.42008166315 ;
1.61244230696 4.756834756 0.0 2.2349010671 1.83938600143 0.92284929217 2.8198701593 ;
2.35976729662 4.76452949789 3.08301779421 4.46956480968 2.87782087763 3.72522297278 3.16089166594 ;
2.09847785735 4.81583744274 2.60799533768 2.38364524485 3.02300349809 0.914553657765 3.21250279664 ;
2.84357607392 4.52748635136 3.49185208333 3.78130493757 4.76951359108 2.3935577805 3.47643884234 ;
2.37566352371 4.77749683684 2.72929081803 2.87944284423 3.05456641101 2.08451063596e-06 3.18983204132 ;
1.90256412782 4.61041361932 2.87654274073 3.01205059295 2.80272695427 1.91523687073 1.62686525747 ;
0.965108587883 4.70983430979 3.02318756219 4.38788615324 2.5398963073 3.73432843716 1.73371107185 ;
2.35593683061 4.76708730728 3.08594973234 4.4734968763 2.87694076786 3.72505822936 3.16052695783 ;
1.79751905634 4.74639955032 2.72793766417 2.87169765719 0.0 1.31290254021 3.04105035273 ;
2.72270355327 4.80147320975 2.71125610526 2.93000442166 3.00252853797 1.73441938245 3.21667237278 ;
1.61244230696 4.756834756 0.0 2.2349010671 1.83938600143 0.92284929217 2.8198701593 ;
1.94918697591 4.75545435123 3.0661630774 4.46839610007 2.79933741383 3.73991914506 3.04128048991 ;
1.81171575897 4.74876504586 2.73473736952 2.87910281104 0.0 1.31290254021 3.0329429825 ;
2.17883166988 4.76303595076 2.64052129252 2.53276102806 3.09815418499 1.78456116395 3.1165671802 ;
2.36947689995 4.77607275834 2.72634978273 2.87789598014 3.04661181099 2.07908222285e-06 3.18838943606 ;
2.81821556599 4.51015695955 3.49197489436 3.76248631658 4.78319694282 2.40592899253 3.46855803571 ;
3.12203550339 4.73759250751 3.13776809472 4.06164608389 3.20380937051 2.45708657442 3.32109189418 ;
1.65951509968 4.76443994458 0.0 2.22383291391 1.85772834143 0.898789001707 3.03136042124 ;
1.77704356995 4.68970859288 2.51791486502 3.32153225165 2.12772889827 2.11155563431 0.0 ;
2.00870012933 4.76349554193 3.08756901865 4.46976210264 2.84014697486 3.73651101422 3.07496148885 ;
1.79556898296 4.74662525734 2.7006911121 2.85427361015 0.0 1.27894816417 3.02070544594 ;
2.86318186082 4.77708712747 2.88042618048 3.19727405759 3.16078617795 0.948639579032 3.28289474969 ;
1.40988664375 4.70482984757 2.47775290143 2.38144628044 2.94799830069 1.3660402483 2.93677231489 ;
1.86751549305 4.68564308544 2.47208123692 3.22013527474 2.15400972316 1.96809514523 0.0 ;
1.65951509968 4.76443994458 0.0 2.22383291391 1.85772834143 0.898789001707 3.03136042124 ;
2.83383896803 4.51860569129 3.50474112208 3.77730699715 4.78552831312 2.44488241157 3.47411234276 ;
1.02419605267 4.74434933216 3.11218510195 4.47041419008 2.1260424033 3.85655559713 0.173585812821 ;
2.00145333948 4.76563717673 3.08128489397 4.47395610379 2.87289906969 3.73795817503 3.09392373466 ;
2.29957690198 4.797145408 2.56096193105 2.56528913614 3.45239225076 0.993639287187 3.28296726034 ;
1.63089622539 4.7994993739 2.63858876543 2.15495909223 1.08228425936 0.71883359117 2.9695712718 ;
2.26738127045 4.50118373349 3.10882851031 3.89880360863 1.93151438583 3.09410517697 2.96544313831 ;
1.65951509968 4.76443994458 0.0 2.22383291391 1.85772834143 0.898789001707 3.03136042124 ;
2.82533663809 4.50771409931 3.5246199772 3.76285203259 4.80239731113 2.46309866782 3.4806013604 ;
3.17577675162 4.77717634836 3.00719325678 3.99032471938 2.94377473742 0.873758212675 3.23759851061 ;
1.77704356995 4.68970859288 2.51791486502 3.32153225165 2.12772889827 2.11155563431 0.0 ;
1.9305811536 4.55913150027 2.74019046816 4.15328796394 2.41796874278 3.58551692586 2.96925296776 ;
2.86051144042 4.77910866391 2.87594783864 3.184869809 3.16537168734 0.910513116713 3.28827509974 ;
2.02335980901 4.79010986294 3.14498973171 4.51010435463 2.93599416327 3.75855546127 3.07828544363 ;
1.79556898296 4.74662525734 2.7006911121 2.85427361015 0.0 1.27894816417 3.02070544594 ;
1.77704356995 4.68970859288 2.51791486502 3.32153225165 2.12772889827 2.11155563431 0.0 ;
2.83383896803 4.51860569129 3.50474112208 3.77730699715 4.78552831312 2.44488241157 3.47411234276 ;
1.44319826214 4.73943662013 2.50608784946 2.31831410981 2.98610645749 1.25296251299 2.94786525633 ;
1.65951509968 4.76443994458 0.0 2.22383291391 1.85772834143 0.898789001707 3.03136042124 ;
2.13817488187 4.77579964528 2.57717634333 2.44286258634 3.0742888368 1.7323290809 3.18702851202 ;
1.95718404273 4.75462536909 3.06968972543 4.46665607716 2.80203915601 3.74074653984 3.04780079354 ;
3.08016524368 4.718844303 3.17218820477 4.02478050394 3.23731972742 2.4382514939 3.19039338876 ;
2.82740920594 4.51285484488 3.49080697621 3.76296709705 4.78282482318 2.4008297979 3.47600089939 ;
2.3081628098 4.77646806777 2.72599468585 2.83311277293 2.93207753238 2.00092123703e-06 3.14373810301 ;
1.77704356995 4.68970859288 2.51791486502 3.32153225165 2.12772889827 2.11155563431 0.0 ;
1.65951509968 4.76443994458 0.0 2.22383291391 1.85772834143 0.898789001707 3.03136042124 ;
1.88800914692 4.74607621103 2.73600512998 2.96387343729 0.0 1.40623684402 3.10632774594 ;
2.90943666945 4.76725749866 2.92157381478 3.27992900578 3.21685416838 0.911812952548 3.32404825766 ;
1.15708519459 4.65991152873 2.88493169955 4.31458801951 2.64453285692 3.69149451285 2.97078349846 ;
1.65951509968 4.76443994458 0.0 2.22383291391 1.85772834143 0.898789001707 3.03136042124 ;
1.71701249461 4.76134201349 2.50343675791 2.36817419385 2.91570621126 1.18076940455 2.97496162793 ;
2.40154935544 4.79156015009 3.15525345292 4.50858575583 2.92208449935 3.74551966471 3.09425741005 ;
1.79556898296 4.74662525734 2.7006911121 2.85427361015 0.0 1.27894816417 3.02070544594 ;
1.77704356995 4.68970859288 2.51791486502 3.32153225165 2.12772889827 2.11155563431 0.0 ;
2.83587122672 4.52113647621 3.50927132019 3.78358365803 4.78340855363 2.44574712355 3.4695561502 ;
2.36947689995 4.77607275834 2.72634978273 2.87789598014 3.04661181099 2.07908222285e-06 3.18838943606 ;
2.0012722349 4.76597957625 3.08767973308 4.47234616901 2.83938196269 3.73821941049 3.09316548124 ;
1.36352485837 4.64339122967 2.90966815034 2.61025820577 3.22373757639 2.27200884604 2.79398113224 ;
2.80081971386 4.75603788382 2.74994904613 3.1189112206 3.02804024236 1.88059753473 3.23322752026 ;
1.81171575897 4.74876504586 2.73473736952 2.87910281104 0.0 1.31290254021 3.0329429825 ;
2.84810652623 4.53636106949 3.48471846032 3.79684195429 4.76201191608 2.39214813573 3.47550520128 ;
1.65951509968 4.76443994458 0.0 2.22383291391 1.85772834143 0.898789001707 3.03136042124 ;
1.77704356995 4.68970859288 2.51791486502 3.32153225165 2.12772889827 2.11155563431 0.0 ;
2.32091095371 4.50882965478 3.14053021501 3.89609274778 1.98881029723 2.83904760989 3.01045003334 ;
1.74797077729 4.79503436319 2.65421972777 2.25424224614 0.675290452763 0.618989872212 2.96112074135 ;
2.82800124004 4.51310904594 3.51066749121 3.76746149283 4.7921824942 2.45023107925 3.47613960606 ;
2.00083027171 4.76580293025 3.08099468737 4.47447770832 2.87518558815 3.7387624173 3.09016133541 ;
1.65951509968 4.76443994458 0.0 2.22383291391 1.85772834143 0.898789001707 3.03136042124 ;
2.07478222407 4.80447286351 2.49551575801 2.4444343764 3.21634122006 1.07308631358 3.26607864338 ;
1.77704356995 4.68970859288 2.51791486502 3.32153225165 2.12772889827 2.11155563431 0.0 ;
3.15955197893 4.79146995655 2.99274022256 3.77653407696 3.36290289577 0.804331612714 3.22856821449 ;
3.02098912198 4.70391436852 3.12800649119 4.03273883114 3.14233305426 2.51498326589 3.16284457089 ;
1.95347618414 4.75766794266 3.07759283156 4.47097880119 2.80250815545 3.74267917543 3.05001574809 ;
2.28041571486 4.77970039637 2.71646343292 2.89527733358 2.67100213566 1.82275701729e-06 3.18887437945 ;
2.84234615124 4.52558402853 3.48048384177 3.77398389384 4.76920927868 2.384301105 3.47560228347 ;
1.82278743705 4.73048330809 2.7560102238 2.79396803815 0.0 1.69511813589 2.67218582965 ;
1.61244230696 4.756834756 0.0 2.2349010671 1.83938600143 0.92284929217 2.8198701593 ;
2.14027691138 4.77808926484 2.58589682344 2.41796671535 3.07357573895 1.71711239234 3.18749454969 ;
1.9387919391 4.68772289856 2.8254016737 3.60741007503 2.58311799212 2.35032087506 0.0 ;
1.65951509968 4.76443994458 0.0 2.22383291391 1.85772834143 0.898789001707 3.03136042124 ;
2.8416820924 4.53263684454 3.48991244729 3.79338992897 4.77133903553 2.40114296588 3.47575169563 ;
2.01544599176 4.76488405354 3.08747242236 4.47011725616 2.83848501482 3.73582415631 3.07259451676 ;
2.37487498672 4.77864471343 2.73607801634 2.87770271486 3.0545195321 2.08996747009e-06 3.18935508426 ;
1.52903545883 4.63526159667 2.64695533533 2.63122551618 3.13758749237 2.21765085523 2.87888078117 ;
1.80373463228 4.74648260378 2.72973823249 2.87648758735 0.0 1.30711882858 3.03119376947 ;
2.84222813068 4.76684722603 2.82207894764 3.13021818266 3.06671395601 1.82688784749 3.26462633809 ;
1.77704356995 4.68970859288 2.51791486502 3.32153225165 2.12772889827 2.11155563431 0.0 ;
1.60482143047 4.76195543607 0.0 2.22830149444 1.81291218235 0.922020407647 2.81787441847 ;
2.85353638372 4.52232673465 3.49209380415 3.77273222582 4.76866885579 2.42779975318 3.47698551346 ;
1.92147916564 4.75093764361 3.06980555854 4.46338713822 2.78884617959 3.73528088633 2.77287603393 ;
2.45354886533 4.79994370121 2.69325450097 2.88133972178 3.15085583506 0.873955353079 3.23893742289 ;
1.45293155436 4.80131742039 2.51838376304 2.10896507354 2.33762090299 0.588026598898 1.46537512886 ;
1.77056434176 4.7406141183 2.68489999359 2.82046944794 0.0 1.30093219729 2.72686250373 ;
2.16235978498 4.48241615393 0.237987937119 2.75214726157 3.34043210442 1.05427794477 3.05994771522 ;
2.89252239749 4.58450623388 3.25391822669 3.8735403175 3.24510325277 2.34820988634 2.74156734111 ;
2.32808498633 4.78183724287 2.63508072231 2.72790863973 3.02205253861 1.74085163505 3.21544665414 ;
1.91690314131 4.75193401628 3.07105609912 4.46435136325 2.78466273432 3.73663843847 2.77688082241 ;
1.61244230696 4.756834756 0.0 2.2349010671 1.83938600143 0.92284929217 2.8198701593 ;
2.85305258493 4.53013878034 3.47437172863 3.77984282058 4.75740427366 2.37503339843 3.47385344667 ;
1.7980506877 4.7533918392 2.52948852437 2.4010202128 2.60172188711 0.934707006722 0.306707410792 ;
2.988474775 4.64565851452 3.24431673733 4.01101000305 3.26022149844 2.73049559435 2.58086767321 ;
1.7881952573 4.72440138756 2.72593799411 2.80838242425 0.0 1.77840199311 2.57477457075 ;
2.28547922712 4.77889518435 2.72024961864 2.88698560733 2.61722356917 1.78605721157e-06 3.18955042101 ;
1.96910154401 4.76020948227 3.09332495429 4.47753034978 2.81364462134 3.7454630958 3.11677565056 ;
3.06889430782 4.78913145941 3.05535123209 4.04351225972 3.35308222771 1.21252854203 3.26575658073 ;
1.78945259417 4.74654461913 2.698803772 2.84949119373 0.0 1.28448473631 3.03030327925 ;
2.10358746978 4.81719015855 2.60656100535 2.37762027656 3.03539506393 0.911646409086 3.21594718563 ;
2.42168785886 4.56458844652 2.86035794188 2.93740951586 2.75027688354 1.54908621598 1.38296761912 ;
1.61244230696 4.756834756 0.0 2.2349010671 1.83938600143 0.92284929217 2.8198701593 ;
2.8357809167 4.48608501529 3.55000800524 3.73164610244 4.82732944694 2.47450785878 3.48556626748 ;
1.74467473526 4.60198861002 2.85614515747 4.2373955204 2.4532008184 3.62343858094 1.23403871253 ;
2.0048035147 4.76601448379 3.0876710809 4.47179151907 2.83950692538 3.73614464894 3.09487093169 ;
1.86775790193 4.69363336592 2.80622572742 3.42905772592 2.18874883301 2.21093377965 0.0 ;
2.73156495275 4.81425359266 2.72393144109 2.91345564639 2.98470566495 1.72237873934 3.19996528333 ;
1.86210913873 4.5160630137 2.93754951438 3.30750043825 3.31521659819 2.59780665304 2.97163297053 ;
2.84582441778 4.53212532504 3.49274247692 3.78946989508 4.77117452337 2.40086095909 3.4782473867 ;
1.81171575897 4.74876504586 2.73473736952 2.87910281104 0.0 1.31290254021 3.0329429825 ;
1.61244230696 4.756834756 0.0 2.2349010671 1.83938600143 0.92284929217 2.8198701593 ;
2.36947689995 4.77607275834 2.72634978273 2.87789598014 3.04661181099 2.07908222285e-06 3.18838943606 ;
2.56280422763 4.43097486775 3.13750664226 3.71647532312 2.77275194933 2.30222947027 2.88170155405 ;
1.97985371556 4.76066757674 3.08294395755 4.46385260128 2.61650513767 3.73440703986 3.0946365334 ;
1.73674986019 4.80037879277 2.64742646164 2.16473985879 1.30389878264 0.738305623528 3.01992731687 ;
2.26184320709 4.79246523907 2.54138389729 2.57027197107 3.56843877614 1.00562272622 3.31350323404 ;
1.65951509968 4.76443994458 0.0 2.22383291391 1.85772834143 0.898789001707 3.03136042124 ;
2.82330299954 4.50335304424 3.52214793927 3.75523527506 4.80202496526 2.45968874452 3.47740733699 ;
3.21411277274 4.80917029748 2.97971184227 4.02001531329 2.89137193615 0.913483566134 3.23051834882 ;
1.77704356995 4.68970859288 2.51791486502 3.32153225165 2.12772889827 2.11155563431 0.0 ;
2.5807878182 4.4204549803 3.07633628634 3.67780940666 2.83448631902 2.84442077274 1.92672093951 ;
1.61244230696 4.756834756 0.0 2.2349010671 1.83938600143 0.92284929217 2.8198701593 ;
1.91663706359 4.78218924104 2.62379017518 2.50517279222 0.736173359723 1.23783445207 2.03678388921 ;
2.85451162074 4.53181805282 3.47984912839 3.78379381613 4.75981220904 2.384079243 3.47274767031 ;
2.48121306287 4.79780363578 2.71166435836 2.89205358661 3.09834451114 1.73382505533 3.22718927782 ;
2.23798442145 4.77549295371 2.7153279661 2.78508346788 2.46814121396 1.68431977547e-06 3.16665707075 ;
2.36527023309 4.76763846421 3.08647655925 4.47312250485 2.90428118422 3.72647773881 3.1567747654 ;
1.07322210534 4.73996308264 3.05002948322 4.43582338152 1.9450407064 3.73740065463 2.09488420354 ;
1.81171575897 4.74876504586 2.73473736952 2.87910281104 0.0 1.31290254021 3.0329429825 ;
2.0012722349 4.76597957625 3.08767973308 4.47234616901 2.83938196269 3.73821941049 3.09316548124 ;
2.36947689995 4.77607275834 2.72634978273 2.87789598014 3.04661181099 2.07908222285e-06 3.18838943606 ;
1.65951509968 4.76443994458 0.0 2.22383291391 1.85772834143 0.898789001707 3.03136042124 ;
2.80081971386 4.75603788382 2.74994904613 3.1189112206 3.02804024236 1.88059753473 3.23322752026 ;
2.84810652623 4.53636106949 3.48471846032 3.79684195429 4.76201191608 2.39214813573 3.47550520128 ;
1.77704356995 4.68970859288 2.51791486502 3.32153225165 2.12772889827 2.11155563431 0.0 ;
1.36352485837 4.64339122967 2.90966815034 2.61025820577 3.22373757639 2.27200884604 2.79398113224 ;
2.84578192981 4.53304199056 3.4680426956 3.77944571476 4.74911451573 2.37651659791 3.47315888828 ;
2.20726718896 4.70401191234 2.9196317776 4.14984227091 0.0 2.51433003707 2.78937074402 ;
2.36099097155 4.78197369773 2.72421268952 2.87750724469 2.83956052286 1.93778537275e-06 3.19633732252 ;
3.03200677515 4.68659883644 3.14189861634 4.01389859392 3.07535976543 2.37079452381 2.62535568948 ;
1.91690314131 4.75193401628 3.07105609912 4.46435136325 2.78466273432 3.73663843847 2.77688082241 ;
1.39545703348 4.7432981877 2.57852880743 1.93401386946 0.0 0.799511676749 2.5686586584 ;
1.61244230696 4.756834756 0.0 2.2349010671 1.83938600143 0.92284929217 2.8198701593 ;
2.10103275594 4.77653829084 2.56894510102 2.42119464375 3.02587634811 1.6815533806 2.90786012333 ;
1.05074170881 4.52148913278 2.89720216183 4.07018975176 0.441735046152 3.53967081748 1.18771639178 ;
2.84723750943 4.53055885654 3.49073160522 3.78802745944 4.76771305405 2.40335599172 3.47710055866 ;
1.76528019867 4.74088572826 2.7166616532 2.77923523159 0.0 1.38722931141 2.70372682579 ;
2.72034548735 4.79845404291 2.70281764493 2.95025184445 2.99627658419 1.76913186239 3.21147109402 ;
1.97078792575 4.75931167542 3.08211169764 4.46786542975 2.82842727955 3.7358414884 2.80669691534 ;
2.36296024749 4.77846257201 2.7219883427 2.90613679655 2.93207753238 2.00092123703e-06 3.19173212259 ;
1.91673951655 4.58978903005 2.93189699388 3.13745427365 3.14023042182 2.09425446136 1.85566000474 ;
1.61244230696 4.756834756 0.0 2.2349010671 1.83938600143 0.92284929217 2.8198701593 ;
2.34182262116 4.54149076503 2.84308137322 3.07119004166 2.6985363377 1.82184624424 1.42230673371 ;
2.82796039767 4.50612118063 3.52390780804 3.75987623252 4.80141998408 2.46623031165 3.48099656468 ;
2.09827947555 4.81574037788 2.60865729679 2.38262798472 3.02173451602 0.915956426532 3.21073655806 ;
2.35976729662 4.76452949789 3.08301779421 4.46956480968 2.87782087763 3.72522297278 3.16089166594 ;
3.12055802308 4.76127041293 3.01020878475 3.97539262317 3.25309015053 0.924728408411 3.23503158797 ;
1.78945259417 4.74654461913 2.698803772 2.84949119373 0.0 1.28448473631 3.03030327925 ;
0.91406079231 4.73668279302 3.05301078132 4.43661173276 2.57191140737 3.75121438524 1.72170949305 ;
1.61244230696 4.756834756 0.0 2.2349010671 1.83938600143 0.92284929217 2.8198701593 ;
3.21411277274 4.80917029748 2.97971184227 4.02001531329 2.89137193615 0.913483566134 3.23051834882 ;
1.97985371556 4.76066757674 3.08294395755 4.46385260128 2.61650513767 3.73440703986 3.0946365334 ;
2.56280422763 4.43097486775 3.13750664226 3.71647532312 2.77275194933 2.30222947027 2.88170155405 ;
1.73674986019 4.80037879277 2.64742646164 2.16473985879 1.30389878264 0.738305623528 3.01992731687 ;
1.77704356995 4.68970859288 2.51791486502 3.32153225165 2.12772889827 2.11155563431 0.0 ;
2.82330299954 4.50335304424 3.52214793927 3.75523527506 4.80202496526 2.45968874452 3.47740733699 ;
2.26184320709 4.79246523907 2.54138389729 2.57027197107 3.56843877614 1.00562272622 3.31350323404 ;
1.65951509968 4.76443994458 0.0 2.22383291391 1.85772834143 0.898789001707 3.03136042124 ;
0.0 4.74965418211 2.03429285276 2.8765608472 2.40943823618 1.74773672244 2.57151678982 ;
1.83076108245 4.74492620209 2.71565203141 2.86349352909 0.0 1.30342159138 3.05847489448 ;
2.41947362622 4.82008587691 1.98554243974 2.34103786726 2.73092139021 0.906883975977 3.19072302209 ;
1.97334100604 4.66094703676 3.05337788229 4.30230611788 2.5527961511 3.79272574749 1.1843956829 ;
2.8306170846 4.50361674715 3.52541245868 3.75766539052 4.80264036751 2.4687977732 3.48240884857 ;
3.09899674272 4.76929832088 3.00318412297 3.98476398025 3.26285744379 0.883670757976 3.23693945425 ;
2.33944583928 4.76653703486 3.08422034347 4.47462306124 2.87677672603 3.72610123074 3.15985260733 ;
2.57124624892 4.53195357245 2.43746598679 3.04261597639 2.69533789008 1.67124284432 1.52808603847 ;
2.37566352371 4.77749683684 2.72929081803 2.87944284423 3.05456641101 2.08451063596e-06 3.18983204132 ;
2.35936295042 4.76679990384 3.08714228993 4.47319200707 2.87998689611 3.72571685262 3.16070859395 ;
1.90168251818 4.61342262805 2.87789869588 3.00620555151 2.80175773506 1.8961997784 1.61379168583 ;
2.84357607392 4.52748635136 3.49185208333 3.78130493757 4.76951359108 2.3935577805 3.47643884234 ;
1.61244230696 4.756834756 0.0 2.2349010671 1.83938600143 0.92284929217 2.8198701593 ;
0.980299556548 4.70589188839 3.01694800448 4.37727795754 2.53945660012 3.73061989922 1.75766026533 ;
1.79751905634 4.74639955032 2.72793766417 2.87169765719 0.0 1.31290254021 3.04105035273 ;
2.72270355327 4.80147320975 2.71125610526 2.93000442166 3.00252853797 1.73441938245 3.21667237278 ;
1.65951509968 4.76443994458 0.0 2.22383291391 1.85772834143 0.898789001707 3.03136042124 ;
1.96736192112 4.75304603565 3.07204937758 4.46655528603 2.80361557648 3.73994919625 3.04930255066 ;
2.83830172132 4.49811552901 3.52776989793 3.74136447964 4.81170592885 2.47735427363 3.47883828183 ;
1.77680311155 4.76433923615 2.6968469046 2.85534993328 0.0 1.27541764264 3.01349500873 ;
2.32647274108 4.25013030616 2.74051730508 2.91220211082 0.0294356900414 1.4220762234 3.23476355509 ;
1.77704356995 4.68970859288 2.51791486502 3.32153225165 2.12772889827 2.11155563431 0.0 ;
3.02586443476 4.72590165763 3.06518340213 3.9911452193 3.33726176829 1.34353366946 3.24328528428 ;
2.11929533451 4.78685874512 2.61977174463 2.40554999443 3.04207398201 1.0170122859 3.17023872503 ;
2.36947689995 4.77607275834 2.72634978273 2.87789598014 3.04661181099 2.07908222285e-06 3.18838943606 ;
2.17883166988 4.76303595076 2.64052129252 2.53276102806 3.09815418499 1.78456116395 3.1165671802 ;
1.81171575897 4.74876504586 2.73473736952 2.87910281104 0.0 1.31290254021 3.0329429825 ;
2.81821556599 4.51015695955 3.49197489436 3.76248631658 4.78319694282 2.40592899253 3.46855803571 ;
3.12203550339 4.73759250751 3.13776809472 4.06164608389 3.20380937051 2.45708657442 3.32109189418 ;
1.94918697591 4.75545435123 3.0661630774 4.46839610007 2.79933741383 3.73991914506 3.04128048991 ;
1.65951509968 4.76443994458 0.0 2.22383291391 1.85772834143 0.898789001707 3.03136042124 ;
1.77704356995 4.68970859288 2.51791486502 3.32153225165 2.12772889827 2.11155563431 0.0 ;
2.84476671242 4.52640455837 3.48947397565 3.78121403785 4.76770710602 2.39296494938 3.47479325879 ;
1.61244230696 4.756834756 0.0 2.2349010671 1.83938600143 0.92284929217 2.8198701593 ;
2.72452157116 4.80163061274 2.7071062634 2.92906104202 2.99991926825 1.74273444101 3.21211316181 ;
2.36685471242 4.76894306586 3.08914626266 4.47618075813 2.88502583477 3.72710582453 3.16383226745 ;
1.82173818009 4.72587677898 2.72984157254 2.79235332203 0.0 1.66338096868 2.60595525131 ;
0.999039474703 4.7032823959 3.0205775036 4.36957997333 2.63951053532 3.73076259111 1.86394590655 ;
1.90430637815 4.60633046703 2.94144210001 3.13371528319 3.16469977915 2.01837482733 1.81884368366 ;
2.28483997396 4.77984418362 2.71827135102 2.89676369702 2.69561966686 1.83955662114e-06 3.19352454373 ;
2.85415411282 4.76912714919 2.87587432003 3.21616666299 3.14770666273 0.985599953482 3.27376975293 ;
1.8930420659 4.68372801698 2.45003776332 3.18233346105 2.13931235611 1.91071041166 0.0 ;
2.83832897569 4.5210903247 3.50482027889 3.78195867825 4.78048462157 2.44023070412 3.47266389962 ;
2.00605120527 4.76323666798 3.08652505533 4.46897082261 2.83707370201 3.7367944964 3.07415642305 ;
1.79556898296 4.74662525734 2.7006911121 2.85427361015 0.0 1.27894816417 3.02070544594 ;
1.39502642652 4.72858584529 2.4623592075 2.28646248823 2.94186371132 1.23977503967 2.95012288735 ;
1.02724179104 4.7451345495 3.12914266345 4.46558752998 2.23840501417 3.85134301694 0.13501118775 ;
1.65951509968 4.76443994458 0.0 2.22383291391 1.85772834143 0.898789001707 3.03136042124 ;
2.84049194645 4.52229893731 3.49719600145 3.77509924455 4.76652713059 2.43024680347 3.47221343678 ;
2.24368934618 4.69129663697 2.86583042394 3.87156192777 0.0 1.92435821259 3.100265937 ;
2.00455364041 4.76256583422 3.08573659553 4.46888980877 2.83788114328 3.73804684577 3.06770696632 ;
2.80559593158 4.78088214399 2.80243578988 2.88903006368 3.86537763903 0.586042222178 3.31075848408 ;
1.41584711472 4.73581464742 1.41867477781 2.32356505566 2.81750164445 1.15612720677 3.00478472318 ;
1.77704356995 4.68970859288 2.51791486502 3.32153225165 2.12772889827 2.11155563431 0.0 ;
1.45500932647 4.78773116118 1.71678275576 2.00100404293 0.0 0.743774561391 2.95168071659 ;
2.83023717665 4.76532035912 2.89801624751 3.34526913854 2.49366516043 1.30861080907 3.19311107779 ;
2.71948991384 4.79062975274 2.71320978189 2.96951664541 2.99726173073 1.78969248266 3.20733389272 ;
1.80237357796 4.72521585372 2.72781741626 2.8061825112 0.0 1.75968197213 2.58248799677 ;
2.16235978498 4.48241615393 0.237987937119 2.75214726157 3.34043210442 1.05427794477 3.05994771522 ;
1.9588293264 4.76109591765 3.08282791854 4.4698496682 2.81892121945 3.73638231527 2.79679763578 ;
2.28077040186 4.77978285604 2.72523881142 2.88680092983 2.62798752536 1.79812516571e-06 3.18860790196 ;
1.60482143047 4.76195543607 0.0 2.22830149444 1.81291218235 0.922020407647 2.81787441847 ;
1.91219094519 4.59352781483 2.93731122585 3.12268365673 3.12216529655 2.08105865594 1.80154703384 ;
2.8473401553 4.52953640775 3.49074145095 3.78607344102 4.76776013499 2.39995165157 3.47698578982 ;
1.95734220119 4.75463918954 3.0716888167 4.46824720134 2.80213794021 3.74050581905 3.045887574 ;
3.09274160882 4.73117760232 3.06087090463 4.01053946594 3.03744936833 1.60482872171 3.20152086379 ;
2.82863776194 4.50275043571 3.518060859 3.75668937171 4.80384235139 2.45824161444 3.4715750524 ;
1.65746977285 4.7850677892 2.5014733715 2.30107269109 2.61456983787 1.08905468153 3.05088257373 ;
1.61244230696 4.756834756 0.0 2.2349010671 1.83938600143 0.92284929217 2.8198701593 ;
1.79556898296 4.74662525734 2.7006911121 2.85427361015 0.0 1.27894816417 3.02070544594 ;
1.86775790193 4.69363336592 2.80622572742 3.42905772592 2.18874883301 2.21093377965 0.0 ;
2.73168715199 4.77295369701 2.8296129247 2.7826925979 3.83953094345 0.742044009563 3.36370423696 ;
1.21000179409 4.7525853373 2.72860116613 2.05683100677 2.8050764254 1.06585677628 2.9674687694 ;
2.84638799654 4.52293608136 3.50399610938 3.78605511291 4.78124139675 2.4382998354 3.47483215946 ;
1.65951509968 4.76443994458 0.0 2.22383291391 1.85772834143 0.898789001707 3.03136042124 ;
2.00239356363 4.7648942609 3.08446628979 4.47207531513 2.83904951646 3.73902214353 3.06883493514 ;
1.79556898296 4.74662525734 2.7006911121 2.85427361015 0.0 1.27894816417 3.02070544594 ;
2.81302416358 4.75482858082 2.7856026486 3.2274398205 3.19404170157 1.07496107738 3.24731619675 ;
1.58058663245 4.7080231643 1.93190491084 2.35997046159 1.7243272746 0.837189429888 0.0 ;
1.96819086049 4.67188900988 3.08808671233 4.25710588522 2.52022777535 3.35147950889 0.0 ;
0.870624461446 4.74527455982 3.06550085732 4.45293079067 2.6801641563 3.75440796616 1.85995672033 ;
2.77296402035 4.82319312563 2.79393558752 2.97994927934 3.11779294372 0.861262911767 3.26168621631 ;
1.77056434176 4.7406141183 2.68489999359 2.82046944794 0.0 1.30093219729 2.72686250373 ;
2.89698775897 4.5341958229 3.215465847 3.82612892357 3.18565513936 2.0289777856 2.31903857104 ;
2.82836166626 4.51063109153 3.49775397485 3.76143472694 4.78229784577 2.43981136932 3.47572454554 ;
1.01328224473 4.72482635828 2.3331126759 2.26316747706 2.89532165104 1.03004118276 2.55181605239 ;
2.3612512989 4.76524427186 3.08163040935 4.47157841913 2.88118576605 3.72368843501 3.15785355284 ;
1.61244230696 4.756834756 0.0 2.2349010671 1.83938600143 0.92284929217 2.8198701593 ;
1.65951509968 4.76443994458 0.0 2.22383291391 1.85772834143 0.898789001707 3.03136042124 ;
2.27401347628 4.75369644632 3.07396030815 4.46653919459 2.81367766852 3.73554340769 3.06992779491 ;
2.1409062563 4.79373559725 2.61650634196 2.37060696271 3.02781390829 0.985752513758 3.17232039091 ;
2.83475259294 4.50054990019 3.52412731209 3.74583781116 4.80762139225 2.47783343577 3.4772270924 ;
1.86803589259 4.75159831061 2.6885549164 2.79584198285 0.0 1.18500056037 3.02845506158 ;
3.03219269812 4.72028072487 3.06822024683 3.98270107924 3.3337932885 1.32106653149 3.24289149299 ;
1.77704356995 4.68970859288 2.51791486502 3.32153225165 2.12772889827 2.11155563431 0.0 ;
0.0 4.70826479251 2.99074821267 4.3997489982 2.52247713757 3.6235653661 2.92617994447 ;
2.71887737854 4.79604377754 2.70224264516 2.95533984041 2.99689884058 1.77901275074 3.20965475947 ;
1.96938892032 4.7600449826 3.08237981757 4.46881574613 2.82724213462 3.73651904423 2.8062151573 ;
1.91452057454 4.591486199 2.93617229346 3.13382507412 3.14219066384 2.08433095179 1.85022167139 ;
1.78181658211 4.74145047197 2.71770674384 2.79475839813 0.0 1.3695950405 2.71000146153 ;
2.84723750943 4.53055885654 3.49073160522 3.78802745944 4.76771305405 2.40335599172 3.47710055866 ;
2.35763311026 4.77841068063 2.72140586461 2.89784699198 2.95429024096 2.01607973125e-06 3.19168970304 ;
1.05074170881 4.52148913278 2.89720216183 4.07018975176 0.441735046152 3.53967081748 1.18771639178 ;
1.61244230696 4.756834756 0.0 2.2349010671 1.83938600143 0.92284929217 2.8198701593 ;
2.85412752129 4.53015909032 3.48567440508 3.78241885265 4.76483654476 2.38832781004 3.47630738947 ;
2.37487498672 4.77864471343 2.73607801634 2.87770271486 3.0545195321 2.08996747009e-06 3.18935508426 ;
1.79751905634 4.74639955032 2.72793766417 2.87169765719 0.0 1.31290254021 3.04105035273 ;
2.49852597034 4.80061707568 2.73728183613 2.88526522184 3.00934745337 1.72424257095 3.21261437801 ;
0.956942236943 4.71376344254 3.02611703197 4.39399604261 2.53248994659 3.73288173045 1.73629196745 ;
1.65156097322 4.76591476616 0.0 2.22629622091 1.85812440252 0.89026658265 3.06818925545 ;
2.35936295042 4.76679990384 3.08714228993 4.47319200707 2.87998689611 3.72571685262 3.16070859395 ;
2.16637074876 4.58127138873 2.50515923339 3.03868964686 2.60496469101 1.89445096097 1.22421459434 ;
2.8473401553 4.52953640775 3.49074145095 3.78607344102 4.76776013499 2.39995165157 3.47698578982 ;
2.71603717059 4.80504999427 2.71519027583 2.91928022259 2.9819336544 1.74474352425 3.20446409435 ;
2.64536976715 4.51916156527 3.0414585897 3.40417247853 3.15671950019 2.29949089429 1.62103768924 ;
2.27725943135 4.76046920217 3.08368728994 4.46895267181 2.83727720501 3.73156678023 2.85375673472 ;
0.0 4.74623169564 2.00291385572 2.88993653934 2.50207009592 1.79549914782 2.63687831136 ;
2.6919752025 4.78142765936 2.75683446085 3.02622157773 3.09755896 2.35506658871e-06 3.20797302888 ;
1.79486732981 4.74155178387 2.71840202961 2.81990931019 0.0 1.30233839007 2.75583856021 ;
2.20812163055 4.7572433278 0.0 2.28679931365 1.83116980341 0.912612627167 2.85187103876 ;
2.83759366356 4.52423397281 3.4857499466 3.77689789716 4.77444283931 2.38972835453 3.47732873906 ;
1.7881952573 4.72440138756 2.72593799411 2.80838242425 0.0 1.77840199311 2.57477457075 ;
1.61244230696 4.756834756 0.0 2.2349010671 1.83938600143 0.92284929217 2.8198701593 ;
2.9199010605 4.61611274869 3.21395004037 4.03243872962 3.30285884333 2.90697762631 2.37496779335 ;
2.28460163647 4.77988147854 2.72604259746 2.88551209465 2.61620282794 1.79006182416e-06 3.18914127479 ;
1.92007407893 4.75215879383 3.07547719904 4.46332501736 2.78344394545 3.73661804654 2.78209241596 ;
2.72226689479 4.81137276594 2.72565809129 2.8709196687 3.00981117589 1.70028296459 3.24341363117 ;
1.0160543871 4.67664480149 2.43246254503 2.47711755991 2.93421807475 1.48202988652 1.91449097286 ;
1.65951509968 4.76443994458 0.0 2.22383291391 1.85772834143 0.898789001707 3.03136042124 ;
1.96597666132 4.75352265132 3.07195297008 4.46642042829 2.80263763838 3.73936003764 3.04882659998 ;
2.83367232654 4.50180428702 3.51773469341 3.74724791979 4.8064322224 2.47634524633 3.48565533586 ;
0.918701265726 4.79489948608 2.63035842479 1.66225544458 2.80170467042 0.828189108349 3.01448462416 ;
3.01978559047 4.71589632548 3.10139454233 3.99352957596 3.37061930672 1.4074378792 3.21040895725 ;
1.79556898296 4.74662525734 2.7006911121 2.85427361015 0.0 1.27894816417 3.02070544594 ;
2.46532371033 4.7920212169 2.56463970434 2.54712577261 3.08183317391 1.01613112985 3.24654104094 ;
1.77704356995 4.68970859288 2.51791486502 3.32153225165 2.12772889827 2.11155563431 0.0 ;
2.84476671242 4.52640455837 3.48947397565 3.78121403785 4.76770710602 2.39296494938 3.47479325879 ;
0.996949006238 4.70330343441 3.02328401611 4.36974222131 2.64546049258 3.73235774672 1.85440885815 ;
1.9049519914 4.60656868931 2.93944893063 3.12939714451 3.16269835738 2.02234141667 1.80740433735 ;
1.7914826529 4.7297958486 2.72702000181 2.74884682461 0.0 1.56233446124 2.64228568757 ;
2.36384894439 4.76875083309 3.08788523458 4.47581807535 2.88198813372 3.72648604812 3.16395786259 ;
2.31451932346 4.7795185194 2.71934831838 2.92210271204 2.77885732879 1.89636003224e-06 3.19320076094 ;
2.72192371909 4.80097528399 2.70863531402 2.93151767365 3.00125542493 1.74178750776 3.21315381111 ;
1.61244230696 4.756834756 0.0 2.2349010671 1.83938600143 0.92284929217 2.8198701593 ;
2.62187804749 4.50838451292 2.84799628192 3.34247436153 3.19552557524 1.68466396628 1.92721075539 ;
2.8541011403 4.53361530444 3.48729746201 3.78337617245 4.74906029757 2.40775620161 3.47152134954 ;
2.64842750548 4.80800983578 2.35335213609 2.84288577224 2.98755195289 0.895166608148 3.20898364425 ;
1.92617086083 4.74860506713 3.16721841433 4.46250632598 2.78036631668 3.86644518363 1.22612320449 ;
1.58403724042 4.74357774359 0.919427135632 2.31367487027 0.0 0.932685278666 1.99823024657 ;
2.35036764253 4.76086424065 3.08147300566 4.46355591092 2.87578587131 3.72251772692 3.16209837405 ;
0.0 4.74982849991 2.1501802127 2.95863189605 2.69237720691 1.86817709052 2.63220310092 ;
1.82948764452 4.74292428678 2.74357960148 2.86165531281 0.0 1.32115446102 3.08682092057 ;
1.65156097322 4.76591476616 0.0 2.22629622091 1.85812440252 0.89026658265 3.06818925545 ;
2.83554495084 4.51426315722 3.50579265801 3.7692743444 4.7830805433 2.44157617616 3.47689280553 ;
2.76929854992 4.81493614081 2.78358703856 2.99666069135 3.08411813965 0.911245054054 3.23592188623 ;
1.58743233592 4.60484961637 2.86803619025 2.88744737612 3.11708158321 1.41980759283 2.24976982453 ;
2.36137627279 4.76553310545 3.08563291528 4.47160600118 2.8818061702 3.72511060576 3.16443370057 ;
1.77014428534 4.74333923279 2.69169342082 2.83148690672 0.0 1.29985604283 2.73751431039 ;
0.960153646199 4.71575642465 3.03305553268 4.39743803971 2.65328208823 3.74006215869 1.82070808634 ;
1.68433978829 4.66348349565 0.544759182421 2.53885388752 2.17757205372 1.27275703425 1.47739398697 ;
2.84575525191 4.52949962237 3.48577850791 3.78297225907 4.76353818821 2.38191244321 3.47238256181 ;
1.61244230696 4.756834756 0.0 2.2349010671 1.83938600143 0.92284929217 2.8198701593 ;
3.03146984015 4.76865956423 3.12925598658 4.05478108292 3.00258883705 2.32120417518 2.64279322949 ;
1.90728043615 4.74898178422 3.07006989511 4.46542641442 2.7631833252 3.74058497102 2.73571041787 ;
1.76710569396 4.7197420412 2.66425716794 2.35160368251 1.97827643491 1.09683171913 0.356561426969 ;
2.28637958022 4.72208137912 2.6473678601 2.64839588105 3.12441799594 1.87172470002 3.22771224725 ;
1.88197739324 4.74717863851 2.73746005528 2.97390287374 0.0 1.4149652454 3.11755916192 ;
2.31627662058 4.77530326901 2.7237165864 2.8289956013 2.94684870383 2.01100144477e-06 3.15734668858 ;
1.58982680443 4.74674011124 0.0145505018629 2.17543112365 0.0 0.863181386005 2.64346598518 ;
1.91960648832 4.75216347161 3.07286910664 4.46258009411 2.76407658468 3.73527638708 2.75304481432 ;
2.59813265472 4.54218906032 3.13133644952 3.83925220866 3.3209592012 2.26445283968 2.42768938235 ;
2.84354807158 4.51755026791 3.49708502682 3.77008111535 4.77770024957 2.43649641874 3.47522731904 ;
1.80508100111 4.74531129662 2.69873723542 2.85978486842 0.0 1.29570294362 3.04668589933 ;
2.73560564426 4.81128284422 2.71895113727 2.96700943774 3.08515558029 0.894098541666 3.23751464849 ;
1.62393677148 4.75645264979 0.0 2.24570004231 2.6189933133 0.95286248653 2.87713109412 ;
0.790748424004 4.78677184675 2.56232253228 1.96802685336 2.31349086665 0.738201870865 2.01196639119 ;
2.77249284784 4.82328937086 2.79296193595 2.97046222199 3.12279294913 0.850816828832 3.26238569379 ;
1.93681615714 4.75025654179 3.0731040268 4.46292143382 2.79844879489 3.73642974316 2.78968782832 ;
1.77707298417 4.74494945296 2.6797121648 2.80910463256 0.0 1.27253712425 2.73419871373 ;
2.82837392926 4.51054741465 3.49839622009 3.76132478007 4.78375097152 2.44103872575 3.4748879359 ;
1.61244230696 4.756834756 0.0 2.2349010671 1.83938600143 0.92284929217 2.8198701593 ;
1.05074170881 4.52148913278 2.89720216183 4.07018975176 0.441735046152 3.53967081748 1.18771639178 ;
1.03560123661 4.71659595124 2.33307883737 2.2730027243 2.89861505146 1.03122636702 2.56169212177 ;
2.89309338725 4.60037589848 3.22668981321 3.94481590126 3.2637965186 2.25134888309 2.50993717257 ;
1.37287965053 4.73364419687 2.49924583428 2.25705664898 2.99510018703 1.21652062947 2.95263360079 ;
2.03129953136 4.78963362893 3.1414887564 4.5092459776 2.93495471314 3.75710239793 3.07925582913 ;
2.83359258139 4.52042048482 3.50066111143 3.78030765057 4.78017060322 2.4349169886 3.47244766927 ;
1.89839675079 4.55485089463 2.72104725307 4.14697550525 2.40793884825 3.58363100006 2.95948697205 ;
2.85394876506 4.7814127891 2.87037757816 3.17780954748 3.14895793824 0.920238155197 3.27920200985 ;
1.77704356995 4.68970859288 2.51791486502 3.32153225165 2.12772889827 2.11155563431 0.0 ;
1.79556898296 4.74662525734 2.7006911121 2.85427361015 0.0 1.27894816417 3.02070544594 ;
1.65951509968 4.76443994458 0.0 2.22383291391 1.85772834143 0.898789001707 3.03136042124 ;
1.65951509968 4.76443994458 0.0 2.22383291391 1.85772834143 0.898789001707 3.03136042124 ;
2.89342015163 4.76945038347 2.91177379571 3.25149782213 3.17972113177 0.912277506908 3.31478309238 ;
2.40115957123 4.79121716879 3.15429765656 4.50782124941 2.91945134108 3.74621492754 3.09516158503 ;
1.79556898296 4.74662525734 2.7006911121 2.85427361015 0.0 1.27894816417 3.02070544594 ;
1.1408626946 4.65883402172 2.88325154591 4.31354854698 2.6463036968 3.68928296136 2.9671784444 ;
1.77704356995 4.68970859288 2.51791486502 3.32153225165 2.12772889827 2.11155563431 0.0 ;
1.66484717167 4.75519129538 2.49705978636 2.35929766946 2.97066435467 1.20468532072 2.96501844522 ;
2.83504341442 4.52162616112 3.50767695012 3.78476877566 4.78440481099 2.44537334055 3.47256581713 ;
0.935151559741 4.72782549744 3.04132859368 4.42018778542 2.5612441393 3.74515335138 1.73780420592 ;
3.12055802308 4.76127041293 3.01020878475 3.97539262317 3.25309015053 0.924728408411 3.23503158797 ;
2.82542975481 4.50667904352 3.52563623385 3.76107269528 4.79998969838 2.4649608195 3.48039755164 ;
2.09581044454 4.81537778645 2.60850502111 2.383669067 3.02231476051 0.913631919689 3.21406113167 ;
2.36314473776 4.55086775979 2.84987468503 3.06455025096 2.72689458161 1.82221470074 1.44733762502 ;
1.78945259417 4.74654461913 2.698803772 2.84949119373 0.0 1.28448473631 3.03030327925 ;
1.61244230696 4.756834756 0.0 2.2349010671 1.83938600143 0.92284929217 2.8198701593 ;
2.35969297773 4.76466587432 3.08315832857 4.47084617035 2.87918746666 3.72308333759 3.16196198835 ;
1.35582906835 4.5466542224 2.87771180026 2.73145051158 3.27751962132 1.61150942654 3.08791057489 ;
1.96948120455 4.75045226598 3.06760998912 4.463625948 2.80527949369 3.73679039879 3.04886872242 ;
3.08344175809 4.79724328744 3.04070575901 4.04548221313 3.31508589116 1.18280817104 3.25112885024 ;
2.52947191777 4.83470104432 2.57707563408 2.40209996544 2.9970508221 0.919929707911 3.20877113204 ;
2.82804817847 4.49366258873 3.53842562441 3.74645279984 4.81715748636 2.48003531118 3.48484274289 ;
1.65951509968 4.76443994458 0.0 2.22383291391 1.85772834143 0.898789001707 3.03136042124 ;
1.79556898296 4.74662525734 2.7006911121 2.85427361015 0.0 1.27894816417 3.02070544594 ;
1.77704356995 4.68970859288 2.51791486502 3.32153225165 2.12772889827 2.11155563431 0.0 ;
3.12466576193 4.76867387075 3.02654279161 3.98932507363 3.26622538695 0.91596334461 3.24078487917 ;
1.99703443053 4.76412390184 3.08415974155 4.4726912879 2.84287651677 3.73823367483 3.11512649371 ;
1.80508100111 4.74531129662 2.69873723542 2.85978486842 0.0 1.29570294362 3.04668589933 ;
2.11302578441 4.79122861049 2.59531533525 2.40966469381 3.04065059767 0.94485200391 3.2188690884 ;
1.61244230696 4.756834756 0.0 2.2349010671 1.83938600143 0.92284929217 2.8198701593 ;
2.82280468294 4.50500477599 3.52157666395 3.75701047364 4.80575409341 2.46984291806 3.48154096181 ;
2.19054198976 4.55115864468 3.17674992773 4.13057804927 2.89155560295 3.48896317288 1.35609608936 ;
2.00237833202 4.74842756166 2.58191034668 2.51712963993 1.97004152648 0.915766754064 0.540954613881 ;
0.902407873115 4.74108536841 3.05978177594 4.4457815636 2.56873592768 3.7533142892 1.73957016545 ;
3.12434820697 4.76079162842 3.00821078223 3.97889981536 3.24771443795 0.92764342007 3.23196758351 ;
2.10305076979 4.81645717838 2.66097665006 2.37584358674 3.03099400154 0.883977616991 3.21904547848 ;
1.78945259417 4.74654461913 2.698803772 2.84949119373 0.0 1.28448473631 3.03030327925 ;
2.35761400613 4.76168627477 3.07913739537 4.46499101698 2.87384329724 3.7212474925 3.15699834023 ;
2.82967489447 4.50499377747 3.52406732727 3.7593967035 4.80053865562 2.46652376472 3.48166928726 ;
1.65156097322 4.76591476616 0.0 2.22629622091 1.85812440252 0.89026658265 3.06818925545 ;
2.21849455737 4.58398248917 2.43929324364 2.98702873795 2.62373070961 1.76015053344 1.46828650996 ;
1.96748721006 4.76040186067 3.08208559537 4.46799043967 2.8182072896 3.73335702853 2.79848338767 ;
2.55052137158 4.8071848132 2.71439821316 2.83386116299 2.97612622501 1.71914689483 3.21363628364 ;
2.85226497905 4.53610999588 3.48011429755 3.79078131169 4.75682332299 2.39213597927 3.47676336415 ;
1.56054359964 4.80221538733 0.0 2.1005102592 1.85459219698 0.762342239262 3.1169877299 ;
2.22225226365 4.53823902413 2.90809745245 3.39096681112 3.12059075379 2.24660261893 1.67597094626 ;
1.82003713623 4.5753122307 0.0 2.7724642987 1.77856121926 1.5648775038 1.63139987687 ;
2.28204026469 4.77948382409 2.7181401528 2.88988623241 2.64683017063 1.80626147867e-06 3.1883274962 ;
1.80895402021 4.72446506744 2.73062163154 2.80377589383 0.0 1.73232940261 2.59350209417 ;
2.83587122672 4.52113647621 3.50927132019 3.78358365803 4.78340855363 2.44574712355 3.4695561502 ;
1.70372797699 4.75977313984 2.49872469692 2.369481554 2.93927628765 1.18544888767 2.97181524389 ;
1.16464388881 4.66028655978 2.88373811719 4.31585565146 2.6435515547 3.69128805139 2.97328506497 ;
1.79556898296 4.74662525734 2.7006911121 2.85427361015 0.0 1.27894816417 3.02070544594 ;
2.40193569114 4.79180776118 3.15671804614 4.50860248973 2.92346935449 3.74579674938 3.09344283653 ;
1.65951509968 4.76443994458 0.0 2.22383291391 1.85772834143 0.898789001707 3.03136042124 ;
2.90122497637 4.7680495641 2.91872404372 3.26729734598 3.19986098109 0.912732520975 3.32123271597 ;
1.77704356995 4.68970859288 2.51791486502 3.32153225165 2.12772889827 2.11155563431 0.0 ;
2.80224178758 4.75607347549 2.75046503142 3.12160673397 3.03070161798 1.88143355409 3.23331781013 ;
2.84682303593 4.53573523578 3.48618182281 3.79599057338 4.76403321734 2.39269399448 3.47606692365 ;
2.0012722349 4.76597957625 3.08767973308 4.47234616901 2.83938196269 3.73821941049 3.09316548124 ;
2.36947689995 4.77607275834 2.72634978273 2.87789598014 3.04661181099 2.07908222285e-06 3.18838943606 ;
1.65951509968 4.76443994458 0.0 2.22383291391 1.85772834143 0.898789001707 3.03136042124 ;
1.36352485837 4.64339122967 2.90966815034 2.61025820577 3.22373757639 2.27200884604 2.79398113224 ;
1.77704356995 4.68970859288 2.51791486502 3.32153225165 2.12772889827 2.11155563431 0.0 ;
1.81171575897 4.74876504586 2.73473736952 2.87910281104 0.0 1.31290254021 3.0329429825 ;
2.49910938969 4.73073438029 2.80365384418 3.04238864878 3.05646845897 1.88224152522 3.22099403525 ;
1.65775709818 4.76457127301 0.0 2.22333700362 1.86706365973 0.893369373362 3.04290109554 ;
2.44155484852 4.73665118999 2.51779646517 2.72178344462 3.06723125266 2.34241135892 2.62723752725 ;
2.00001301522 4.76587317803 3.08581319409 4.47199118271 2.83633982355 3.73503588221 3.09389304573 ;
1.80373463228 4.74648260378 2.72973823249 2.87648758735 0.0 1.30711882858 3.03119376947 ;
1.77704356995 4.68970859288 2.51791486502 3.32153225165 2.12772889827 2.11155563431 0.0 ;
2.37487498672 4.77864471343 2.73607801634 2.87770271486 3.0545195321 2.08996747009e-06 3.18935508426 ;
2.85419574669 4.53805127963 3.48983694716 3.79927653277 4.75475922214 2.39477491271 3.4717829624 ;
1.79751905634 4.74639955032 2.72793766417 2.87169765719 0.0 1.31290254021 3.04105035273 ;
2.37566352371 4.77749683684 2.72929081803 2.87944284423 3.05456641101 2.08451063596e-06 3.18983204132 ;
1.85700900465 4.7660014792 3.0971625425 4.48174326105 2.80742564562 3.75607032693 2.7352279723 ;
2.95350506218 4.72224713542 3.05224910198 4.11789336992 3.043732827 2.62722338151 3.21181594773 ;
2.81987331368 4.50790572133 3.50044506152 3.7586764254 4.78948669534 2.41002302594 3.47087592135 ;
2.12400194694 4.66738906133 2.85849146673 3.03507525536 2.25036407794 1.73641741664 0.290604466511 ;
1.61244230696 4.756834756 0.0 2.2349010671 1.83938600143 0.92284929217 2.8198701593 ;
2.13842129038 4.77202046881 2.57828699626 2.45291129045 3.09071479438 1.74105398473 3.20734477644 ;
1.96736192112 4.75304603565 3.07204937758 4.46655528603 2.80361557648 3.73994919625 3.04930255066 ;
1.60749657772 4.75870179819 2.57706728576 2.34465059981 0.0 0.0 2.69666573464 ;
2.83889583622 4.50003509088 3.5265105196 3.744812317 4.8091910389 2.4786324861 3.47780353947 ;
1.65951509968 4.76443994458 0.0 2.22383291391 1.85772834143 0.898789001707 3.03136042124 ;
2.11692741812 4.78702765142 2.61765989813 2.40578477997 3.03536355067 1.02003567234 3.16956519219 ;
3.02551683077 4.72398475015 3.06696965402 3.98643520087 3.34099804586 1.33862993673 3.24487427273 ;
1.93419561022 4.73151909154 2.77760562784 3.21684342442 0.0 2.24784828855 3.06189721704 ;
1.79324942031 4.69041762043 2.52981297051 3.41617859039 2.28417955255 2.26681707801 0.0 ;
0.870624461446 4.74527455982 3.06550085732 4.45293079067 2.6801641563 3.75440796616 1.85995672033 ;
2.82836166626 4.51063109153 3.49775397485 3.76143472694 4.78229784577 2.43981136932 3.47572454554 ;
2.77296402035 4.82319312563 2.79393558752 2.97994927934 3.11779294372 0.861262911767 3.26168621631 ;
2.89698775897 4.5341958229 3.215465847 3.82612892357 3.18565513936 2.0289777856 2.31903857104 ;
1.61244230696 4.756834756 0.0 2.2349010671 1.83938600143 0.92284929217 2.8198701593 ;
1.77056434176 4.7406141183 2.68489999359 2.82046944794 0.0 1.30093219729 2.72686250373 ;
2.3612512989 4.76524427186 3.08163040935 4.47157841913 2.88118576605 3.72368843501 3.15785355284 ;
1.01328224473 4.72482635828 2.3331126759 2.26316747706 2.89532165104 1.03004118276 2.55181605239 ;
1.77704356995 4.68970859288 2.51791486502 3.32153225165 2.12772889827 2.11155563431 0.0 ;
2.8282784751 4.49166487968 3.53411360173 3.7434224129 4.8185254058 2.47712639784 3.48143926275 ;
3.11442687238 4.81535949664 3.02729961003 4.06688857924 3.26360758647 1.2181003802 3.27000280681 ;
1.96449442768 4.75319486535 3.07495385665 4.46664659512 2.80383280573 3.73978872817 3.0495244978 ;
2.52802933373 4.51372735588 2.74554162697 3.28257257397 3.47418448635 1.94172795174 3.00498444476 ;
1.79556898296 4.74662525734 2.7006911121 2.85427361015 0.0 1.27894816417 3.02070544594 ;
2.05670523525 4.82788575918 2.66746390996 2.28521108788 2.9691854577 0.819657258478 3.22887690831 ;
1.65951509968 4.76443994458 0.0 2.22383291391 1.85772834143 0.898789001707 3.03136042124 ;
2.84127435831 4.51346555149 3.49967228667 3.76599818961 4.78470060647 2.44183832911 3.4771312346 ;
1.93266710345 4.74961671172 3.06168348185 4.45612994579 2.56533934476 3.73086828098 3.07349420892 ;
1.41270243908 4.79342489747 2.61833536347 2.09552845512 1.52898071494 0.808906907108 3.04765200122 ;
1.67739547254 4.76382872245 0.0 2.23355214637 2.61651879075 0.905308328815 3.05948447332 ;
2.71776605365 4.78438481737 2.66584271172 2.92720553195 3.61422989615 0.846472413603 3.30537428637 ;
3.03824100026 4.6906246554 3.07373755193 3.9381486357 2.47962916047 1.67513860013 3.07942023789 ;
1.78511050032 4.68553375318 2.60720262619 3.35265465159 2.20318027764 2.17729033598 0.0 ;
1.61048640482 4.76923024904 0.0 2.21939017244 0.0 0.833225442641 2.72738554027 ;
2.26184320709 4.79246523907 2.54138389729 2.57027197107 3.56843877614 1.00562272622 3.31350323404 ;
1.97985371556 4.76066757674 3.08294395755 4.46385260128 2.61650513767 3.73440703986 3.0946365334 ;
1.73674986019 4.80037879277 2.64742646164 2.16473985879 1.30389878264 0.738305623528 3.01992731687 ;
2.56280422763 4.43097486775 3.13750664226 3.71647532312 2.77275194933 2.30222947027 2.88170155405 ;
2.82330299954 4.50335304424 3.52214793927 3.75523527506 4.80202496526 2.45968874452 3.47740733699 ;
3.21411277274 4.80917029748 2.97971184227 4.02001531329 2.89137193615 0.913483566134 3.23051834882 ;
1.65951509968 4.76443994458 0.0 2.22383291391 1.85772834143 0.898789001707 3.03136042124 ;
1.77704356995 4.68970859288 2.51791486502 3.32153225165 2.12772889827 2.11155563431 0.0 ;
2.97649000692 4.71874351973 2.98422893731 3.60576174684 3.22677199939 1.03250553141 3.26181799498 ;
2.84646350929 4.52432933279 3.50917632169 3.78864392688 4.78420739373 2.44751563736 3.47126182793 ;
1.92521872082 4.79911936464 2.54337484421 2.25274038231 2.95609626876 1.07213667002 3.10676754464 ;
1.86803589259 4.75159831061 2.6885549164 2.79584198285 0.0 1.18500056037 3.02845506158 ;
2.31154248755 4.76531253571 3.0857582424 4.47128390398 2.85092269523 3.7335000267 3.09017426567 ;
1.65951509968 4.76443994458 0.0 2.22383291391 1.85772834143 0.898789001707 3.03136042124 ;
0.0 4.70826479251 2.99074821267 4.3997489982 2.52247713757 3.6235653661 2.92617994447 ;
1.77704356995 4.68970859288 2.51791486502 3.32153225165 2.12772889827 2.11155563431 0.0 ;
1.9647221551 4.75371713361 3.07228998587 4.46671013566 2.80500866576 3.74093255218 3.05113990391 ;
1.79556898296 4.74662525734 2.7006911121 2.85427361015 0.0 1.27894816417 3.02070544594 ;
3.02068298712 4.71845691633 3.10075572168 4.00110635148 3.36250619157 1.40782504989 3.20644063808 ;
2.44770918842 4.78731714343 2.55787374746 2.59059363377 3.16106921264 1.05499447274 3.26987331532 ;
1.65951509968 4.76443994458 0.0 2.22383291391 1.85772834143 0.898789001707 3.03136042124 ;
1.20709710784 4.79830395867 2.64843102386 1.70606284074 2.66657223131 0.785336500987 2.99578662135 ;
2.83531301799 4.50143436878 3.51726032818 3.74844984571 4.80834184924 2.47469015871 3.48609502078 ;
1.77704356995 4.68970859288 2.51791486502 3.32153225165 2.12772889827 2.11155563431 0.0 ;
1.96125390754 4.75450259874 3.07883132137 4.46698791785 2.80339804151 3.73755880736 3.07228043602 ;
1.79556898296 4.74662525734 2.7006911121 2.85427361015 0.0 1.27894816417 3.02070544594 ;
1.65951509968 4.76443994458 0.0 2.22383291391 1.85772834143 0.898789001707 3.03136042124 ;
2.11344928739 4.81339175962 2.6243919963 2.36382643129 3.01520710981 0.903512356857 3.18974361576 ;
2.83264016184 4.49680092927 3.53251643163 3.7457994608 4.81417398788 2.4757397576 3.48597142821 ;
1.77704356995 4.68970859288 2.51791486502 3.32153225165 2.12772889827 2.11155563431 0.0 ;
2.50999969254 4.37736877172 2.93990767494 3.65207987756 3.41258644276 2.8336960877 2.91713437449 ;
3.09675511849 4.78972738578 3.04059031981 4.0375218963 3.30939007225 1.13573280361 3.25647588423 ;
1.99887795215 4.76608994685 3.08617137193 4.47228439667 2.83871202639 3.73654742602 3.09623570195 ;
2.37487498672 4.77864471343 2.73607801634 2.87770271486 3.0545195321 2.08996747009e-06 3.18935508426 ;
1.65775709818 4.76457127301 0.0 2.22333700362 1.86706365973 0.893369373362 3.04290109554 ;
2.85419574669 4.53805127963 3.48983694716 3.79927653277 4.75475922214 2.39477491271 3.4717829624 ;
1.80373463228 4.74648260378 2.72973823249 2.87648758735 0.0 1.30711882858 3.03119376947 ;
1.77704356995 4.68970859288 2.51791486502 3.32153225165 2.12772889827 2.11155563431 0.0 ;
2.50092814333 4.73051228716 2.80259684587 3.05643580134 3.05316755889 1.88247336121 3.22288104124 ;
2.43460694508 4.73672316224 2.541546555 2.680442937 3.0673619892 2.33210173293 2.63419955828 ;
2.71336457806 4.79252290359 2.70068966478 2.95873476941 2.98901397183 1.79458283225 3.20703599629 ;
1.97152241365 4.75982537878 3.08148080198 4.46864016271 2.83102881872 3.73582755151 2.80534552935 ;
2.35735590228 4.77800909905 2.72171351004 2.88984577313 2.99206888854 2.04186080198e-06 3.19253239949 ;
1.007798174 4.56672252789 2.96435662704 4.13424928785 0.456244755546 3.60726124877 1.27210195687 ;
1.79870499487 4.74333511569 2.71628747815 2.80396640209 0.0 1.33139234039 2.72995541302 ;
1.61244230696 4.756834756 0.0 2.2349010671 1.83938600143 0.92284929217 2.8198701593 ;
2.8473545509 4.5306917184 3.48892348573 3.7884794118 4.76700812053 2.39882797469 3.4755000175 ;
1.91082326745 4.59705623843 2.9434829053 3.12307144576 3.15353002256 2.06115169962 1.83253223407 ;
1.77704356995 4.68970859288 2.51791486502 3.32153225165 2.12772889827 2.11155563431 0.0 ;
3.05545809296 4.7090773696 3.15364175375 4.02306526419 3.16371683394 2.47791962869 3.17038662766 ;
2.84006322087 4.52396860679 3.48179021094 3.7724253913 4.77224613064 2.38622611791 3.47457722323 ;
1.95635481526 4.75579408143 3.07600714433 4.4687857174 2.80237279573 3.74213097684 3.05000900458 ;
2.13680624356 4.77629360334 2.57665806208 2.4390943804 3.07112682104 1.73275663117 3.18680989025 ;
2.37566352371 4.77749683684 2.72929081803 2.87944284423 3.05456641101 2.08451063596e-06 3.18983204132 ;
1.80373463228 4.74648260378 2.72973823249 2.87648758735 0.0 1.30711882858 3.03119376947 ;
1.65951509968 4.76443994458 0.0 2.22383291391 1.85772834143 0.898789001707 3.03136042124 ;
1.58532255474 4.75773628784 0.0 2.20942223496 0.0 0.852036911728 2.6847701412 ;
0.803677330866 4.73463234006 3.03560496899 4.44281646955 2.39967855055 3.73481012161 1.83251132175 ;
2.97610492412 4.604827805 3.08185432059 3.83778334249 2.32568920197 1.7072173933 2.57340384388 ;
2.34286938572 4.76087419798 3.07968316919 4.46284873781 2.64691932419 3.72683642811 3.150056632 ;
2.84026349421 4.51925378568 3.4874109506 3.76891474434 4.76909934162 2.42709368317 3.4745750705 ;
1.62393677148 4.75645264979 0.0 2.24570004231 2.6189933133 0.95286248653 2.87713109412 ;
1.40130530659 4.78659765794 2.57501565801 2.0426516839 0.750112385143 0.71419648454 2.41826457666 ;
2.42946062133 4.79907950086 2.67523181137 2.8202836919 3.26436503549 0.868255448036 3.25811536887 ;
2.83461160296 4.49994427988 3.52431607182 3.74475827954 4.80922292922 2.46997103859 3.48021174635 ;
2.55639639005 4.79916350173 2.58146364836 2.55457251986 3.05989882378 1.02149712316 3.25069577326 ;
1.96265969777 4.7527217156 3.06973860189 4.4669474344 2.80581226454 3.73853756454 3.04850134656 ;
1.77704356995 4.68970859288 2.51791486502 3.32153225165 2.12772889827 2.11155563431 0.0 ;
3.01582289522 4.72873375767 3.067205721 4.00053031838 3.31899802082 1.33233810941 3.23292757446 ;
1.79556898296 4.74662525734 2.7006911121 2.85427361015 0.0 1.27894816417 3.02070544594 ;
1.65951509968 4.76443994458 0.0 2.22383291391 1.85772834143 0.898789001707 3.03136042124 ;
0.981663370046 4.74897250313 2.7133979973 1.96487152166 2.98477957787 1.02974889757 2.97253920692 ;
0.0 4.73907991982 2.72424740142 2.95204554696 2.10070381512 1.76383973467 2.98451418128 ;
2.83197085701 4.50781584094 3.51582341312 3.76328269912 4.79735633864 2.46061570808 3.47163863678 ;
1.61244230696 4.756834756 0.0 2.2349010671 1.83938600143 0.92284929217 2.8198701593 ;
2.27642105225 4.75832530088 3.07612515698 4.46368349205 2.62250122295 3.73288237978 3.08311567109 ;
3.11470989462 4.72037339543 3.01859072942 3.95282181709 2.78474191281 1.3108362737 3.21774531179 ;
2.61305764367 4.75884742168 2.61442937054 2.6687011129 3.65424856117 0.969434981831 3.30500801624 ;
1.86775790193 4.69363336592 2.80622572742 3.42905772592 2.18874883301 2.21093377965 0.0 ;
2.15179161681 4.80966012303 2.67245653801 2.23610436377 1.50288829665 0.915967610592 3.01427131815 ;
1.65951509968 4.76443994458 0.0 2.22383291391 1.85772834143 0.898789001707 3.03136042124 ;
2.84810652623 4.53636106949 3.48471846032 3.79684195429 4.76201191608 2.39214813573 3.47550520128 ;
1.81171575897 4.74876504586 2.73473736952 2.87910281104 0.0 1.31290254021 3.0329429825 ;
2.80081971386 4.75603788382 2.74994904613 3.1189112206 3.02804024236 1.88059753473 3.23322752026 ;
1.36352485837 4.64339122967 2.90966815034 2.61025820577 3.22373757639 2.27200884604 2.79398113224 ;
2.0012722349 4.76597957625 3.08767973308 4.47234616901 2.83938196269 3.73821941049 3.09316548124 ;
2.36947689995 4.77607275834 2.72634978273 2.87789598014 3.04661181099 2.07908222285e-06 3.18838943606 ;
1.77704356995 4.68970859288 2.51791486502 3.32153225165 2.12772889827 2.11155563431 0.0 ;
2.8416820924 4.53263684454 3.48991244729 3.79338992897 4.77133903553 2.40114296588 3.47575169563 ;
2.37487498672 4.77864471343 2.73607801634 2.87770271486 3.0545195321 2.08996747009e-06 3.18935508426 ;
2.84222813068 4.76684722603 2.82207894764 3.13021818266 3.06671395601 1.82688784749 3.26462633809 ;
2.01544599176 4.76488405354 3.08747242236 4.47011725616 2.83848501482 3.73582415631 3.07259451676 ;
1.80373463228 4.74648260378 2.72973823249 2.87648758735 0.0 1.30711882858 3.03119376947 ;
1.77704356995 4.68970859288 2.51791486502 3.32153225165 2.12772889827 2.11155563431 0.0 ;
1.65951509968 4.76443994458 0.0 2.22383291391 1.85772834143 0.898789001707 3.03136042124 ;
1.52903545883 4.63526159667 2.64695533533 2.63122551618 3.13758749237 2.21765085523 2.87888078117 ;
