79.365234375 4.51171875 2.947265625 1.103515625 0.98046875 5.291015625 0.47265625 ;
55.2117400419 3.06289308176 4.071278826 1.63626834382 0.0639412997904 23.3689727463 3.1928721174 ;
56.3073263559 3.32159847764 2.1893434824 0.67840152236 0.795432921028 3.33491912464 0.196955280685 ;
58.2857142857 3.30020703934 6.12836438923 2.71014492754 0.0103519668737 42.7267080745 6.69979296066 ;
59.5655737705 3.2868852459 8.79508196721 4.38524590164 0.0 70.4344262295 12.6557377049 ;
66.1948818898 3.8061023622 2.78051181102 0.93405511811 0.931102362205 4.25984251969 0.31594488189 ;
47.3223609535 2.87514188422 1.74120317821 0.533484676504 0.526674233825 5.05221339387 0.461975028377 ;
66.7427745665 3.65028901734 4.55202312139 1.81213872832 0.121387283237 22.2658959538 3.04046242775 ;
50.4405797101 2.9 3.18405797101 1.17826086957 0.169565217391 15.9579710145 1.98405797101 ;
72.0849834983 4.14108910891 2.77722772277 0.96699669967 1.01485148515 3.80858085809 0.254125412541 ;
59.78125 3.30208333333 9.14583333333 4.5625 0.0 73.4270833333 13.3125 ;
53.9297676931 3.1998919503 1.89411129119 0.555915721232 0.763371150729 2.7169097785 0.129119394922 ;
59.2636986301 3.30136986301 6.67123287671 3.10273972603 0.00684931506849 48.6130136986 7.86643835616 ;
53.9812030075 3.06578947368 4.91729323308 2.09962406015 0.0187969924812 31.7913533835 4.62406015038 ;
62.0647773279 3.52834008097 4.12753036437 1.48178137652 0.257085020243 16.5850202429 2.07894736842 ;
58.8550724638 3.30072463768 7.71739130435 3.72826086957 0.00724637681159 59.6956521739 10.2355072464 ;
75.9720457433 4.32528589581 2.80686149936 1.01397712834 1.0 4.25540025413 0.325285895807 ;
48.5064220183 2.80183486239 3.15596330275 1.2495412844 0.128440366972 17.871559633 2.27889908257 ;
57.4751879699 3.20601503759 5.23909774436 2.25112781955 0.0135338345865 33.9518796992 5.04962406015 ;
49.1775325978 3.02006018054 1.59077231695 0.441323971916 0.650952858576 2.84353059178 0.159478435306 ;
60.9314741036 3.49800796813 2.32509960159 0.737051792829 0.932270916335 2.66613545817 0.108366533865 ;
64.1132352941 3.68382352941 2.60294117647 0.863235294118 0.919117647059 3.66029411765 0.234558823529 ;
57.0819327731 3.23319327731 5.88865546218 2.56722689076 0.0105042016807 40.2773109244 6.23739495798 ;
79.3847736626 4.53086419753 2.80452674897 1.02880658436 1.05144032922 4.10082304527 0.296296296296 ;
50.7293777135 2.90593342981 3.74529667149 1.47467438495 0.0984081041968 21.4052098408 2.86975397974 ;
50.6392536282 3.0407740152 1.78645473393 0.536281962681 0.644782308224 3.66689702833 0.251554941258 ;
65.28125 3.58333333333 4.59635416667 1.82291666667 0.122395833333 22.765625 3.11197916667 ;
60.04 3.33142857143 8.24 4.06285714286 0.0 65.9142857143 11.5942857143 ;
77.1403249631 4.42836041359 2.88774002954 1.04874446086 1.01624815362 4.57311669129 0.35893648449 ;
51.6371308017 2.96202531646 3.42616033755 1.27988748242 0.144866385373 17.8635724332 2.2841068917 ;
64.3231132075 3.42924528302 4.95283018868 2.10849056604 0.0448113207547 28.945754717 4.17688679245 ;
50.0949675325 3.03084415584 1.68100649351 0.484577922078 0.663149350649 3.09496753247 0.185876623377 ;
59.6926070039 3.31517509728 7.84824902724 3.7859922179 0.00389105058366 60.5758754864 10.4241245136 ;
62.7303625378 3.59743202417 2.56797583082 0.836102719033 0.891993957704 3.66012084592 0.240181268882 ;
52.0964467005 3.07360406091 5.34771573604 2.31218274112 0.0126903553299 36.0913705584 5.42893401015 ;
49.9889549703 3.01954120646 1.6108751062 0.457943925234 0.65165675446 2.90144435004 0.165675446049 ;
64.1157407407 3.5162037037 4.52083333333 1.81481481481 0.104166666667 23.4189814815 3.21296296296 ;
62.7285817135 3.61483081353 2.55147588193 0.835853131749 0.914326853852 3.55435565155 0.22030237581 ;
60.108490566 3.33018867925 7.9858490566 3.91037735849 0.0 63.2311320755 11.0141509434 ;
50.0548961424 2.87091988131 3.39762611276 1.29821958457 0.135014836795 18.1839762611 2.3412462908 ;
77.7748776509 4.45350734095 2.87275693312 1.03752039152 1.03588907015 4.25938009788 0.31647634584 ;
55.6111111111 3.16666666667 5.64942528736 2.44827586207 0.0114942528736 37.8850574713 5.76053639847 ;
50.7599431818 2.96022727273 3.19318181818 1.17471590909 0.203125 15.2713068182 1.88494318182 ;
57.6171662125 3.20027247956 4.69346049046 1.97547683924 0.0326975476839 28.3569482289 4.02997275204 ;
62.6313841599 3.60029607698 2.59659511473 0.841598815692 0.917838638046 3.55218356773 0.225018504811 ;
60.0108695652 3.30434782609 9.21739130435 4.58695652174 0.0 73.9347826087 13.4347826087 ;
49.9693593315 3.02042711235 1.51717734448 0.402971216342 0.676880222841 2.32219127205 0.0891364902507 ;
77.0517985612 4.42158273381 2.92086330935 1.06618705036 0.971223021583 5.23884892086 0.454676258993 ;
58.2513661202 3.25409836066 6.48360655738 2.98087431694 0.00819672131148 47.0191256831 7.55737704918 ;
50.9107856192 2.92143808256 3.44207723036 1.33155792277 0.12516644474 18.8348868176 2.44074567244 ;
62.4408194234 3.61001517451 2.61608497724 0.847496206373 0.916540212443 3.60166919575 0.226858877086 ;
55.9112754159 3.18114602588 5.7707948244 2.5101663586 0.0110905730129 39.0646950092 5.98890942699 ;
77.0059970015 4.38530734633 2.76911544228 1.00149925037 1.02698650675 3.95202398801 0.278860569715 ;
59.9649122807 3.33918128655 8.28070175439 4.08771929825 0.0 66.2280701754 11.6783625731 ;
49.9958368027 3.01831806828 1.63447127394 0.468776019983 0.656119900083 2.98667776853 0.174854288093 ;
65.9702702703 3.57837837838 4.60810810811 1.88378378378 0.0891891891892 24.1702702703 3.34594594595 ;
48.2673170732 2.95609756098 1.70146341463 0.511219512195 0.580487804878 4.16390243902 0.332682926829 ;
62.268852459 3.40655737705 6.34754098361 2.86885245902 0.00655737704918 43.862295082 6.94426229508 ;
74.1613861386 4.26930693069 2.8702970297 1.02673267327 0.984158415842 4.60297029703 0.375247524752 ;
55.9125326371 3.12924281984 3.84595300261 1.44386422977 0.137075718016 19.4229765013 2.54308093995 ;
59.1944444444 3.29861111111 8.50694444444 4.20833333333 0.0 68.4097222222 12.1666666667 ;
52.8531914894 3.03404255319 4.95106382979 2.12127659574 0.0127659574468 32.5106382979 4.75319148936 ;
59.4973056197 3.41724403387 2.31639722864 0.736720554273 0.856043110085 3.24326404927 0.177829099307 ;
52.8655367232 2.98644067797 3.42259887006 1.37175141243 0.083615819209 19.790960452 2.59096045198 ;
65.9004048583 3.77894736842 2.12388663968 0.791093117409 0.819433198381 4.1036437247 0.3004048583 ;
58.2704 3.2624 5.4832 2.3808 0.016 36.472 5.5312 ;
51.6305897602 3.09526895658 1.60012961763 0.48347375243 0.662994167207 3.11730395334 0.184705119896 ;
59.7028301887 3.32547169811 7.9858490566 3.91037735849 0.0 63.3066037736 11.0141509434 ;
80.7560386473 4.59420289855 2.78985507246 1.07729468599 0.934782608696 5.40579710145 0.497584541063 ;
61.9238095238 3.67619047619 16.0952380952 3.82857142857 2.93333333333 6.38095238095 0.533333333333 ;
76.1943319838 4.32658569501 2.68421052632 0.974358974359 1.01214574899 3.80971659919 0.259109311741 ;
49.4642289348 2.86009538951 3.26550079491 1.23847376789 0.165341812401 16.9300476948 2.13354531002 ;
49.7981651376 3.01559633028 1.53853211009 0.426605504587 0.650458715596 2.6247706422 0.133027522936 ;
56.1996879875 3.17316692668 5.44149765991 2.34633385335 0.0140405616225 35.5928237129 5.34009360374 ;
64.4049217002 3.51901565996 4.2192393736 1.63758389262 0.145413870246 20.067114094 2.65324384787 ;
59.3577586207 3.29310344828 7.83189655172 3.83189655172 0.0 62.0862068966 10.7629310345 ;
61.6731234867 3.59564164649 2.56255044391 0.81598062954 0.949959644875 3.22437449556 0.17594834544 ;
74.6817702845 4.28977871444 2.93993677555 1.04952581665 0.962065331928 4.97365648051 0.425711275026 ;
58.0344827586 3.22413793103 5.10031347962 2.15987460815 0.0266457680251 31.4294670846 4.58307210031 ;
48.9792694965 3.00098716683 1.59230009872 0.448173741362 0.632773938796 3.01974333662 0.179664363277 ;
59.4117647059 3.31764705882 9.32941176471 4.63529411765 0.0 74.9647058824 13.6235294118 ;
52.1348167539 2.97120418848 3.39790575916 1.28010471204 0.137434554974 17.8861256545 2.28534031414 ;
60.4671875 3.46953125 2.415625 0.7734375 0.8875 3.33828125 0.19453125 ;
58.8137931034 3.3 6.71724137931 3.14482758621 0.00689655172414 49.5724137931 8.06896551724 ;
50.9666666667 2.90694444444 3.81805555556 1.52222222222 0.0791666666667 22.4611111111 3.04583333333 ;
75.7676508344 4.33761232349 2.75609756098 0.988446726573 1.02182284981 3.87548138639 0.267008985879 ;
60.9217264082 3.51280175567 2.46452084857 0.787856620337 0.893928310168 3.41770299927 0.199707388442 ;
65.7947368421 3.61052631579 4.48684210526 1.76578947368 0.131578947368 21.6947368421 2.94210526316 ;
49.1208695652 2.98347826087 1.74608695652 0.530434782609 0.594782608696 4.01130434783 0.304347826087 ;
59.7516778523 3.30872483221 8.46979865772 4.20134228188 0.0 68.0 12.0939597315 ;
57.9261603376 3.26582278481 6.00421940928 2.64135021097 0.0105485232068 41.4873417722 6.45358649789 ;
49.7109658678 3.00653594771 1.77124183007 0.543936092956 0.604938271605 4.2440087146 0.342047930283 ;
56.6602373887 3.16172106825 3.64540059347 1.34272997033 0.172106824926 17.5697329377 2.23442136499 ;
59.3779527559 3.29921259843 7.86614173228 3.7874015748 0.00393700787402 60.7834645669 10.4763779528 ;
53.3328125 3.0703125 5.0578125 2.1671875 0.01875 33.253125 4.9015625 ;
63.0443925234 3.63551401869 2.51246105919 0.811526479751 0.945482866044 3.05919003115 0.158878504673 ;
77.8204697987 4.45469798658 2.81711409396 1.02013422819 1.05033557047 3.95302013423 0.276845637584 ;
70.4329896907 3.71649484536 5.41237113402 2.31443298969 0.0618556701031 30.0309278351 4.42783505155 ;
60.3570219966 3.31472081218 4.43654822335 1.79187817259 0.072758037225 24.3214890017 3.35532994924 ;
64.8007751938 3.72015503876 2.62790697674 0.871317829457 0.921705426357 3.75348837209 0.247286821705 ;
59.9454545455 3.32121212121 8.30909090909 4.11515151515 0.0 66.696969697 11.7939393939 ;
51.3572453372 3.09253945481 1.70588235294 0.490674318508 0.705164992826 2.78837876614 0.147776183644 ;
56.7763975155 3.22360248447 5.98550724638 2.6149068323 0.0124223602484 40.6501035197 6.28571428571 ;
79.636550308 4.52977412731 2.94250513347 1.09650924025 1.01026694045 4.8932238193 0.408624229979 ;
49.091954023 2.85385878489 3.28571428571 1.24630541872 0.165845648604 17.0640394089 2.15763546798 ;
50.7119179163 3.06077348066 1.59352801894 0.446724546172 0.683504340963 2.64640883978 0.132596685083 ;
62.0217391304 3.39723320158 4.42687747036 1.76877470356 0.0928853754941 23.3260869565 3.17984189723 ;
59.9322033898 3.32203389831 8.20903954802 4.05649717514 0.0 65.7740112994 11.5649717514 ;
63.5771916214 3.64546159814 2.5779674166 0.852598913887 0.914662529092 3.61132660978 0.228859581071 ;
56.3516483516 3.19230769231 5.77289377289 2.51465201465 0.010989010989 39.032967033 5.99267399267 ;
49.4714064915 2.8686244204 3.33848531685 1.26893353941 0.16228748068 17.1344667697 2.171561051 ;
78.1601362862 4.48892674617 2.96252129472 1.07325383305 1.04088586031 4.54173764906 0.352640545145 ;
50.5567715458 2.91518467852 3.45964432285 1.30506155951 0.154582763338 17.9712722298 2.30095759234 ;
63.8947755703 3.6902133922 2.72038263429 0.891832229581 0.930095658572 3.82266372333 0.259013980868 ;
60.1351351351 3.34054054054 8.16216216216 4.02162162162 0.0 65.1189189189 11.4162162162 ;
78.8289962825 4.46468401487 2.82342007435 1.04089219331 1.0092936803 4.4907063197 0.349442379182 ;
62.2697768763 3.37322515213 4.64705882353 1.93509127789 0.0547667342799 26.4320486815 3.73022312373 ;
55.5857142857 3.20238095238 5.90952380952 2.59285714286 0.00952380952381 40.619047619 6.27142857143 ;
50.6419180201 3.05027068832 1.59164733179 0.455529775715 0.667440061872 2.80819798917 0.15158546017 ;
50.7311557789 3.05527638191 1.5418760469 0.412897822446 0.69932998325 2.29815745394 0.0837520938023 ;
57.7166276347 3.27400468384 6.037470726 2.68149882904 0.00702576112412 42.5222482436 6.64871194379 ;
63.4563031709 3.6558391338 2.70146945089 0.884764114462 0.914153132251 3.89791183295 0.266047950503 ;
57.7088607595 3.17721518987 4.49507735584 1.85935302391 0.0506329113924 25.8818565401 3.61181434599 ;
77.7646129542 4.45023696682 2.89257503949 1.06003159558 0.996840442338 4.87361769352 0.40916271722 ;
49.7177814029 2.90212071778 3.08156606852 1.1484502447 0.207177814029 14.704730832 1.79282218597 ;
59.7972972973 3.31081081081 8.5 4.20945945946 0.0 68.0743243243 12.1216216216 ;
58.806741573 3.40299625468 2.33258426966 0.740074906367 0.85468164794 3.29737827715 0.182771535581 ;
55.102189781 3.20437956204 6.92214111922 3.22627737226 0.00729927007299 52.0778588808 8.6496350365 ;
50.7935222672 2.91767881242 3.64912280702 1.41700404858 0.113360323887 20.2766531714 2.69095816464 ;
73.6263208453 4.21613832853 2.73967339097 0.976945244957 0.986551392891 4.05763688761 0.298751200768 ;
63.1300236407 3.46808510638 4.62411347518 1.88179669031 0.0874704491726 24.6453900709 3.42080378251 ;
47.9598163031 2.93340987371 1.61882893226 0.460390355913 0.597014925373 3.57175660161 0.245694603904 ;
65.6649746193 3.47715736041 6.11675126904 2.65989847716 0.010152284264 40.2335025381 6.28426395939 ;
56.4844006568 3.18226600985 5.59113300493 2.43349753695 0.00985221674877 37.5550082102 5.71264367816 ;
62.3398058252 3.60113268608 2.52588996764 0.817961165049 0.922330097087 3.2855987055 0.185275080906 ;
50.0469208211 2.87683284457 3.46187683284 1.3137829912 0.149560117302 18.1392961877 2.32697947214 ;
76.6916426513 4.38760806916 2.80403458213 1.00720461095 1.03314121037 3.98270893372 0.278097982709 ;
59.5714285714 3.32275132275 8.12698412698 4.0 0.0 64.9100529101 11.3703703704 ;
50.1558333333 3.03583333333 1.6325 0.466666666667 0.666666666667 2.89916666667 0.163333333333 ;
65.0293398533 3.54767726161 4.29584352078 1.70660146699 0.119804400978 21.2787286064 2.86063569682 ;
46.5203125 2.86875 2.2375 0.79375 0.3546875 9.6765625 1.071875 ;
66.6856060606 3.84090909091 2.70454545455 0.901515151515 1.01041666667 3.3446969697 0.188446969697 ;
56.2793914246 3.15629322268 4.99861687414 2.13139695712 0.0221300138313 31.6196403873 4.6071922545 ;
53.9937694704 3.17211838006 1.77180685358 0.508566978193 0.770249221184 2.253894081 0.0778816199377 ;
58.8112094395 3.28613569322 7.44247787611 3.5604719764 0.00589970501475 56.7817109145 9.63126843658 ;
80.7098321343 4.58273381295 2.90407673861 1.10791366906 0.952038369305 5.36450839329 0.484412470024 ;
59.0107142857 3.29642857143 3.88392857143 1.39107142857 0.207142857143 17.0553571429 2.17857142857 ;
58.9964317574 3.41123996432 2.31578947368 0.741302408564 0.85727029438 3.32560214095 0.189116859946 ;
59.2890995261 3.29857819905 7.99526066351 3.90995260664 0.0 63.4028436019 11.0379146919 ;
58.4377682403 3.27610872675 5.52503576538 2.38197424893 0.0214592274678 35.443490701 5.33333333333 ;
69.2540603248 3.98955916473 3.01856148492 1.01856148492 0.965197215777 4.7969837587 0.399071925754 ;
48.6314168378 2.95585215606 1.57802874743 0.444558521561 0.606776180698 3.18069815195 0.200205338809 ;
52.4750304507 2.98294762485 3.55176613886 1.36419001218 0.127892813642 19.1352009744 2.49208282582 ;
82.2084592145 4.65558912387 2.67673716012 1.05740181269 0.936555891239 5.11480362538 0.450151057402 ;
55.2756183746 3.12190812721 5.08127208481 2.16784452297 0.0159010600707 32.7685512367 4.80212014134 ;
53.5131065254 3.19743446737 1.89737869492 0.554935861684 0.758505298383 2.77914110429 0.138315672058 ;
71.6984763432 4.10024057739 2.66880513232 0.931034482759 1.01603849238 3.47714514836 0.211708099439 ;
59.6470588235 3.29411764706 9.57352941176 4.82352941176 0.0 77.4558823529 14.3529411765 ;
59.2155477032 3.3074204947 6.85865724382 3.22261484099 0.00706713780919 51.148409894 8.36395759717 ;
50.0748898678 2.87958883994 3.25550660793 1.22026431718 0.160058737151 16.6123348018 2.08663729809 ;
66.3832020997 3.63254593176 4.38582677165 1.70078740157 0.175853018373 19.937007874 2.64829396325 ;
50.0318107667 3.01957585644 1.65008156607 0.479608482871 0.649265905383 3.13784665579 0.191680261011 ;
63.0630252101 3.44117647059 4.56092436975 1.86134453782 0.0693277310924 24.8277310924 3.45168067227 ;
77.0439238653 4.38799414348 2.80527086384 1.02049780381 1.00732064422 4.32503660322 0.327964860908 ;
56.8347826087 3.2347826087 5.92173913043 2.62173913043 0.00652173913043 41.697826087 6.48695652174 ;
59.98 3.31333333333 8.47333333333 4.20666666667 0.0 67.9 12.0866666667 ;
49.9696092619 2.87264833575 3.6005788712 1.39218523878 0.12011577424 19.6613603473 2.58031837916 ;
62.4171042761 3.60915228807 2.62040510128 0.849212303076 0.90847711928 3.7104276069 0.240810202551 ;
63.8770739065 3.68552036199 2.65384615385 0.874057315234 0.937405731523 3.60708898944 0.22850678733 ;
54.8737864078 3.10517799353 5.14239482201 2.2216828479 0.0129449838188 33.8365695793 5.01132686084 ;
59.414893617 3.3085106383 7.71631205674 3.71985815603 0.00709219858156 59.3368794326 10.1666666667 ;
50.7141687142 3.06224406224 1.57493857494 0.425061425061 0.698607698608 2.40458640459 0.0999180999181 ;
66.5628571429 3.63714285714 4.63428571429 1.84285714286 0.125714285714 22.5257142857 3.07428571429 ;
50.5042253521 2.92394366197 3.20704225352 1.19436619718 0.180281690141 15.9492957746 1.98169014085 ;
78.916015625 4.474609375 2.716796875 0.994140625 1.046875 3.80078125 0.255859375 ;
79.1526717557 4.51335877863 2.92748091603 1.09160305344 0.988549618321 5.13740458015 0.44465648855 ;
50.8194546794 3.05232129698 1.64480471629 0.470891672808 0.672807663965 2.92114959469 0.165806927045 ;
57.897314376 3.224328594 5.21169036335 2.20695102686 0.0252764612954 32.2259083728 4.72195892575 ;
64.3566176471 3.70514705882 2.73235294118 0.901470588235 0.921323529412 4.0 0.283088235294 ;
59.6470588235 3.29411764706 9.57352941176 4.82352941176 0.0 77.4558823529 14.3529411765 ;
52.278544542 2.99121706399 3.42659974906 1.30112923463 0.140526976161 18.0652446675 2.31744040151 ;
58.9857142857 3.29642857143 6.86785714286 3.225 0.00714285714286 51.275 8.38571428571 ;
62.7362204724 3.41929133858 4.46062992126 1.82086614173 0.0748031496063 24.5019685039 3.38976377953 ;
62.8250896057 3.62222222222 2.60430107527 0.848028673835 0.90394265233 3.70322580645 0.241577060932 ;
60.1707317073 3.32926829268 8.32317073171 4.12195121951 0.0 66.737804878 11.8048780488 ;
50.1055276382 3.03182579564 1.62730318258 0.464824120603 0.664154103853 2.89782244556 0.162479061977 ;
56.2489539749 3.21129707113 5.94979079498 2.60041841004 0.010460251046 40.6569037657 6.2949790795 ;
77.862295082 4.45245901639 2.84098360656 1.03442622951 1.02786885246 4.30163934426 0.324590163934 ;
49.6447761194 2.85223880597 3.43582089552 1.32686567164 0.134328358209 18.5686567164 2.39850746269 ;
60.04 3.33142857143 8.24 4.06285714286 0.0 65.9142857143 11.5942857143 ;
66.6526315789 3.68684210526 4.29210526316 1.66052631579 0.213157894737 19.1157894737 2.50263157895 ;
51.0323450135 2.92318059299 3.61455525606 1.41644204852 0.11051212938 20.3706199461 2.69541778976 ;
62.8061068702 3.62671755725 2.54961832061 0.823664122137 0.938167938931 3.18549618321 0.174809160305 ;
57.3333333333 3.22456140351 5.75964912281 2.50350877193 0.0105263157895 38.7526315789 5.94561403509 ;
78.0157342657 4.44405594406 2.73601398601 0.98951048951 1.05769230769 3.58041958042 0.223776223776 ;
50.0535433071 3.0188976378 1.6874015748 0.50157480315 0.638582677165 3.38031496063 0.21811023622 ;
67.4471624266 3.87769080235 2.95009784736 0.981409001957 0.989236790607 4.29256360078 0.314090019569 ;
56.1973434535 3.1935483871 5.69070208729 2.46679316888 0.011385199241 38.1442125237 5.81973434535 ;
55.8631329114 3.25553797468 1.89003164557 0.579905063291 0.768196202532 2.64319620253 0.119462025316 ;
60.2985781991 3.3317535545 8.00473933649 3.91469194313 0.0 63.2417061611 11.0236966825 ;
81.2285714286 4.57922077922 2.66493506494 1.03636363636 0.945454545455 4.78701298701 0.405194805195 ;
47.096969697 2.89939393939 2.14666666667 0.700606060606 0.477575757576 7.35151515152 0.757575757576 ;
57.1222929936 3.18343949045 4.07261146497 1.60891719745 0.0866242038217 22.2101910828 3.0025477707 ;
61.6864535769 3.56621004566 2.53652968037 0.813546423135 0.910197869102 3.50304414003 0.218417047184 ;
54.0036900369 3.12177121771 5.55350553506 2.40774907749 0.0129151291513 37.0332103321 5.59963099631 ;
60.0346534653 3.31683168317 8.02475247525 3.94059405941 0.0 63.900990099 11.1534653465 ;
76.1923583663 4.32938076416 2.79446640316 1.01054018445 1.00263504611 4.17786561265 0.3069828722 ;
49.6242990654 3.01962616822 1.55514018692 0.433644859813 0.656074766355 2.68691588785 0.138317757009 ;
50.3874813711 2.90312965723 3.29508196721 1.22652757079 0.171385991058 16.6795827124 2.09239940387 ;
64.3362255965 3.48156182213 4.61171366594 1.90455531453 0.0715835140998 25.3709327549 3.56399132321 ;
58.9509433962 3.30188679245 5.88867924528 2.52830188679 0.0169811320755 38.2962264151 5.8641509434 ;
50.2195121951 2.98123827392 3.27579737336 1.17823639775 0.315196998124 12.765478424 1.5009380863 ;
76.1782051282 4.35 2.85256410256 1.04487179487 0.962820512821 5.00384615385 0.424358974359 ;
49.9682080925 3.0105973025 1.41522157996 0.371868978805 0.669556840077 2.15414258189 0.0606936416185 ;
59.3181818182 3.31313131313 8.08080808081 3.9595959596 0.0 64.2828282828 11.2424242424 ;
62.1705179283 3.58884462151 2.57450199203 0.827888446215 0.921912350598 3.45976095618 0.211155378486 ;
55.1591240876 3.06715328467 3.93284671533 1.6204379562 0.0496350364964 23.6598540146 3.22627737226 ;
48.7349192863 2.97536108751 1.9056924384 0.596431605777 0.563296516568 5.16227697536 0.469838572642 ;
58.6870588235 3.28470588235 6.09647058824 2.67058823529 0.0117647058824 41.6705882353 6.50352941176 ;
75.3642943305 4.28588661037 2.73462002413 0.984318455971 1.00723763571 3.79252110977 0.259348612786 ;
60.2223059533 3.47701582517 2.32328560663 0.733986435569 0.906556141673 2.92690278824 0.141672946496 ;
63.9831932773 3.55462184874 4.28571428571 1.60084033613 0.189075630252 18.8970588235 2.48109243697 ;
51.3804173355 2.92455858748 4.03210272873 1.67415730337 0.0288924558587 25.4606741573 3.50401284109 ;
59.8086419753 3.32716049383 8.33333333333 4.13580246914 0.0 66.950617284 11.8456790123 ;
67.1402877698 3.52158273381 5.47841726619 2.36690647482 0.0395683453237 32.4784172662 4.86690647482 ;
74.8417030568 4.28602620087 2.84497816594 1.02292576419 0.958515283843 4.71179039301 0.38864628821 ;
53.0596153846 3.07692307692 5.05769230769 2.17884615385 0.0134615384615 33.3538461538 4.91153846154 ;
60.6256809339 3.47782101167 2.43891050584 0.778210116732 0.894941634241 3.32451361868 0.189883268482 ;
58.7125984252 3.27559055118 7.85433070866 3.7874015748 0.00787401574803 60.8031496063 10.4842519685 ;
52.4888304862 3.00131406045 3.45072273325 1.27595269382 0.161629434954 17.3127463863 2.18659658344 ;
49.0328358209 3.01293532338 1.56417910448 0.438805970149 0.639800995025 2.9223880597 0.16815920398 ;
50.7450404115 3.04628949302 1.68552534901 0.487141807494 0.669360764144 3.03673769287 0.177075679647 ;
58.4750957854 3.26819923372 6.81992337165 3.2030651341 0.00766283524904 50.8812260536 8.32567049808 ;
79.4191616766 4.51696606786 2.92015968064 1.08982035928 0.996007984032 4.95209580838 0.421157684631 ;
58.7117834395 3.2627388535 5.17834394904 2.20063694268 0.0222929936306 32.3041401274 4.74044585987 ;
64.3714488636 3.70880681818 2.70028409091 0.892755681818 0.911221590909 4.10866477273 0.297585227273 ;
59.6 3.325 9.4125 4.7 0.0 75.6625 13.8375 ;
51.8730769231 2.97307692308 3.51538461538 1.3358974359 0.134615384615 18.5871794872 2.40384615385 ;
49.9272581934 3.00479616307 1.66586730616 0.49240607514 0.63309352518 3.3445243805 0.214228617106 ;
59.4556962025 3.32911392405 9.41772151899 4.70886075949 0.0 75.8101265823 13.8607594937 ;
52.9272503083 3.00123304562 3.5487053021 1.36498150432 0.118372379778 19.1627620222 2.49691738594 ;
77.0445402299 4.41235632184 2.91091954023 1.0632183908 0.98275862069 5.10201149425 0.436781609195 ;
62.6257440476 3.61086309524 2.62276785714 0.846726190476 0.912946428571 3.61755952381 0.235863095238 ;
59.1300813008 3.30487804878 6.89837398374 3.25609756098 0.00813008130081 51.4227642276 8.41869918699 ;
58.1621621622 3.25168918919 5.29054054054 2.24324324324 0.0219594594595 33.3445945946 4.9375 ;
56.7512195122 3.20325203252 5.51869918699 2.37398373984 0.0130081300813 36.112195122 5.43739837398 ;
50.1669449082 3.03839732888 1.63355592654 0.466611018364 0.665275459098 2.90901502504 0.164440734558 ;
62.6496 3.6144 2.5112 0.8064 0.9392 3.04 0.1584 ;
59.5391304348 3.30434782609 7.8652173913 3.83913043478 0.0 62.1869565217 10.7869565217 ;
62.2930693069 3.40594059406 4.1603960396 1.58217821782 0.166336633663 19.2376237624 2.51683168317 ;
77.2870090634 4.43051359517 2.85498489426 1.04229607251 1.02416918429 4.43504531722 0.341389728097 ;
48.6940966011 2.82110912343 3.21288014311 1.25760286225 0.130590339893 18.0125223614 2.30053667263 ;
62.4954751131 3.42081447964 5.58597285068 2.38461538462 0.027149321267 34.649321267 5.21266968326 ;
64.6208930076 3.70429654591 2.27716933446 0.765796124684 0.934288121314 2.84582982308 0.128896377422 ;
58.4504504505 3.38738738739 4.14774774775 1.36936936937 0.522522522523 12.009009009 1.4 ;
51.1111111111 2.92638888889 3.92083333333 1.60416666667 0.0611111111111 24.1777777778 3.30972222222 ;
58.0275862069 3.2724137931 7.61034482759 3.66896551724 0.00689655172414 58.9310344828 10.075862069 ;
79.140077821 4.53501945525 2.97081712062 1.08949416342 1.00583657588 4.94357976654 0.412451361868 ;
50.1723874905 3.00686498856 1.56750572082 0.45766590389 0.640732265446 3.14263920671 0.192219679634 ;
50.6986607143 3.05729166667 1.70163690476 0.488839285714 0.678571428571 3.01785714286 0.175595238095 ;
60.2739965096 3.31588132635 5.20069808028 2.19720767888 0.0244328097731 31.832460733 4.66666666667 ;
64.0386904762 3.66517857143 2.64285714286 0.873511904762 0.91369047619 3.78869047619 0.255952380952 ;
51.8111380145 2.96610169492 3.52542372881 1.35593220339 0.13196125908 18.8631961259 2.4406779661 ;
60.3793103448 3.34482758621 9.79310344828 4.94827586207 0.0 79.1896551724 14.724137931 ;
78.6093189964 4.51792114695 2.94982078853 1.08781362007 0.982078853047 5.22043010753 0.453405017921 ;
56.7848101266 3.22151898734 6.7753164557 3.1582278481 0.00949367088608 50.7658227848 8.31012658228 ;
59.0657084189 3.2977412731 5.95482546201 2.59342915811 0.0102669404517 40.5400410678 6.29158110883 ;
60.5874294923 3.46817082998 2.22320709106 0.701047542305 0.927477840451 2.44319097502 0.0733279613215 ;
52.2352941176 2.9662077597 3.88861076345 1.58698372966 0.063829787234 23.3754693367 3.1802252816 ;
59.5465838509 3.32298136646 8.34161490683 4.16149068323 0.0 67.0310559006 11.8695652174 ;
64.8197674419 3.77713178295 4.14341085271 1.46124031008 0.455426356589 13.8895348837 1.71317829457 ;
48.8590664273 2.97935368043 1.74685816876 0.534111310592 0.583482944345 4.14362657092 0.321364452424 ;
76.6005706134 4.32952924394 2.70042796006 0.972895863053 1.02995720399 3.55206847361 0.219686162625 ;
76.7136871508 4.38268156425 2.81843575419 1.02653631285 1.00558659218 4.38407821229 0.337988826816 ;
57.7149758454 3.25442834138 5.57971014493 2.41384863124 0.0128824476651 36.8985507246 5.60064412238 ;
61.9064807219 3.54470877769 2.37571780148 0.755537325677 0.945857260049 2.65299425759 0.109105824446 ;
59.5441176471 3.30392156863 8.04411764706 3.9362745098 0.0 63.8578431373 11.1421568627 ;
49.6341463415 3.01132404181 1.67421602787 0.483449477352 0.647212543554 3.17334494774 0.195993031359 ;
49.367003367 2.82154882155 3.36363636364 1.35521885522 0.0925925925926 19.9646464646 2.61784511785 ;
62.2185686654 3.5415860735 4.15087040619 1.5164410058 0.261121856867 16.829787234 2.12185686654 ;
67.6112852665 3.67084639498 4.77115987461 1.89028213166 0.128526645768 22.934169279 3.15047021944 ;
48.9847715736 2.98646362098 1.78680203046 0.546531302876 0.582910321489 4.35448392555 0.359560067682 ;
58.3758542141 3.27562642369 6.29840546697 2.85649202733 0.00683371298405 45.3371298405 7.23462414579 ;
52.193627451 2.96446078431 4.00735294118 1.61029411765 0.0723039215686 23.8921568627 3.26838235294 ;
59.3555555556 3.3 9.24444444444 4.6 0.0 74.2555555556 13.4555555556 ;
60.632986627 3.51708766716 2.51560178306 0.802377414562 0.887815750371 3.66121842496 0.234026745914 ;
75.2249093108 4.26723095526 2.65900846433 0.956469165659 1.0 3.6807738815 0.246674727932 ;
57.0256410256 3.22485207101 5.99013806706 2.62721893491 0.0118343195266 40.9960552268 6.35305719921 ;
62.0407569141 3.56695778748 2.50363901019 0.809315866084 0.909752547307 3.40465793304 0.203056768559 ;
49.2735042735 2.87179487179 3.2735042735 1.22222222222 0.188034188034 16.2769230769 2.03418803419 ;
59.3491027732 3.27243066884 4.37683523654 1.78303425775 0.0668841761827 24.3752039152 3.35562805873 ;
76.7296551724 4.38206896552 2.87862068966 1.05103448276 0.971034482759 5.00551724138 0.426206896552 ;
49.6303939962 3.02532833021 1.55534709193 0.431519699812 0.65947467167 2.65853658537 0.135084427767 ;
60.0872483221 3.31543624161 8.4966442953 4.21476510067 0.0 67.966442953 12.1006711409 ;
52.2338709677 3.1364764268 1.80024813896 0.524193548387 0.722084367246 2.83374689826 0.14888337469 ;
65.5868263473 3.49401197605 5.51796407186 2.35329341317 0.0389221556886 32.4311377246 4.82634730539 ;
52.7081280788 3.0 3.42610837438 1.27955665025 0.1539408867 17.5332512315 2.22413793103 ;
81.1088082902 4.61917098446 2.82383419689 1.06735751295 0.979274611399 4.81606217617 0.396373056995 ;
51.930875576 3.03225806452 5.09447004608 2.22811059908 0.00921658986175 34.4723502304 5.11751152074 ;
66.5703517588 3.80904522613 2.76716917923 0.930485762144 0.94472361809 4.14154103853 0.301507537688 ;
59.1619433198 3.28744939271 7.91093117409 3.81376518219 0.0080971659919 61.1943319838 10.5708502024 ;
51.041958042 3.07148407148 1.57498057498 0.433566433566 0.699300699301 2.45143745144 0.107226107226 ;
58.0845272206 3.21346704871 4.69197707736 1.96131805158 0.0401146131805 27.6375358166 3.90687679083 ;
78.8440366972 4.46605504587 2.84587155963 1.05871559633 0.994495412844 4.77247706422 0.392660550459 ;
59.6548672566 3.28318584071 8.92920353982 4.44247787611 0.0 71.389380531 12.8938053097 ;
50.4285714286 2.92783505155 3.19145802651 1.17967599411 0.188512518409 15.7172312224 1.94550810015 ;
64.2532418002 3.71243325706 2.76735316552 0.910755148741 0.925247902365 4.0122044241 0.282990083905 ;
58.103626943 3.26943005181 6.29274611399 2.85233160622 0.00777202072539 45.2616580311 7.18911917098 ;
54.2725598527 3.12338858195 5.41252302026 2.33885819521 0.0128913443831 35.861878453 5.37384898711 ;
72.3991525424 4.15 2.76694915254 0.969491525424 1.00508474576 3.85847457627 0.264406779661 ;
47.0027510316 2.88445667125 1.67675378267 0.470426409904 0.585969738652 3.93535075653 0.2984869326 ;
57.3179368745 3.34795996921 2.12086220169 0.665127020785 0.820631254811 2.93841416474 0.1493456505 ;
68.5034965035 3.67132867133 5.0034965035 2.09090909091 0.0839160839161 26.8426573427 3.83566433566 ;
59.4267241379 3.30172413793 7.85775862069 3.8275862069 0.0 62.0689655172 10.7586206897 ;
53.1156914894 3.00930851064 3.52925531915 1.32446808511 0.139627659574 18.2659574468 2.35239361702 ;
55.8582554517 3.1230529595 4.53115264798 1.93457943925 0.0295950155763 27.8535825545 3.93457943925 ;
61.154465593 3.52049780381 2.43777452416 0.783308931186 0.901903367496 3.29868228404 0.189604685212 ;
75.6874251497 4.30179640719 2.84790419162 1.03592814371 0.938922155689 5.1125748503 0.447904191617 ;
59.1417322835 3.28346456693 8.70078740157 4.34645669291 0.0 69.9448818898 12.5511811024 ;
59.7391304348 3.3309178744 6.29468599034 2.79710144928 0.012077294686 43.5821256039 6.86714975845 ;
49.0257466529 3.01132852729 1.54479917611 0.420185375901 0.652935118435 2.68383110196 0.138002059732 ;
51.8162650602 3.0 3.40060240964 1.21536144578 0.210843373494 15.5542168675 1.9171686747 ;
60.9514563107 3.31067961165 9.01941747573 4.5145631068 0.0 72.3398058252 13.1067961165 ;
74.2724520686 4.27648839556 2.91422805247 1.03531786075 0.970736629667 4.78405650858 0.397578203835 ;
51.3143596378 2.9404915912 3.49029754204 1.33117723157 0.133247089263 18.6287192755 2.40879689521 ;
55.6824925816 3.19881305638 6.39169139466 2.90801186944 0.00890207715134 46.706231454 7.45994065282 ;
48.4561403509 2.98793859649 1.62828947368 0.449561403509 0.643640350877 3.03947368421 0.183114035088 ;
59.7399702823 3.42273402675 2.33209509658 0.748142644874 0.849182763744 3.37667161961 0.198365527489 ;
60.9245960503 3.33213644524 5.01436265709 2.12746858169 0.0287253141831 30.2836624776 4.39676840215 ;
76.1192893401 4.35025380711 2.89974619289 1.05203045685 0.96192893401 5.1230964467 0.442893401015 ;
61.8498054475 3.55719844358 2.45836575875 0.789883268482 0.915175097276 3.17898832685 0.173540856031 ;
56.0582362729 3.14808652246 4.95840266223 2.10316139767 0.0299500831947 30.6988352745 4.43427620632 ;
49.5216637782 3.00693240901 1.68024263432 0.486135181976 0.642114384749 3.23310225303 0.201039861352 ;
60.3841463415 3.3262195122 6.50304878049 2.98170731707 0.00609756097561 46.6646341463 7.5 ;
58.4814814815 3.2962962963 8.91666666667 4.4537037037 0.0 71.9074074074 12.9722222222 ;
53.5496688742 3.05960264901 3.47947019868 1.29006622517 0.15761589404 17.4066225166 2.21589403974 ;
52.8842857143 3.07 3.43 1.21428571429 0.274285714286 14.2 1.72 ;
58.6091954023 3.27969348659 7.7969348659 3.7662835249 0.00766283524904 60.4636015326 10.4099616858 ;
78.4884547069 4.50621669627 2.92184724689 1.0621669627 1.01243339254 4.73534635879 0.383658969805 ;
63.3404255319 3.45106382979 5.40638297872 2.32127659574 0.0276595744681 33.3319148936 4.98085106383 ;
63.5157142857 3.63785714286 2.515 0.827857142857 0.909285714286 3.51928571429 0.220714285714 ;
49.9882032668 3.02359346642 1.5054446461 0.406533575318 0.682395644283 2.39019963702 0.0934664246824 ;
50.7954110899 2.92351816444 4.36711281071 1.8604206501 0.0229445506692 28.4952198853 4.04015296367 ;
61.9525547445 3.40510948905 4.32846715328 1.71167883212 0.107664233577 22.3631386861 3.04927007299 ;
59.7185628743 3.32934131737 8.30538922156 4.11377245509 0.0 66.5628742515 11.7425149701 ;
74.7016216216 4.28648648649 2.84324324324 1.01405405405 1.00432432432 4.2 0.315675675676 ;
48.7733990148 2.94876847291 1.6354679803 0.47881773399 0.588177339901 3.53990147783 0.241379310345 ;
57.5248962656 3.24273858921 6.01037344398 2.61203319502 0.0124481327801 40.5643153527 6.29460580913 ;
59.9650721336 3.47456340167 2.39407744875 0.763857251329 0.883826879271 3.35459377373 0.189066059226 ;
48.8884955752 2.83008849558 3.51681415929 1.39469026549 0.104424778761 20.7044247788 2.74513274336 ;
58.5829383886 3.27962085308 7.93838862559 3.90521327014 0.0 63.3601895735 11.0379146919 ;
61.7178658044 3.57154405821 2.37348423605 0.761519805982 0.924009700889 2.96038803557 0.147938561035 ;
60.2245614035 3.32105263158 4.06140350877 1.5 0.180701754386 18.2035087719 2.36842105263 ;
48.9749518304 2.84778420039 3.90173410405 1.60886319846 0.0635838150289 24.4335260116 3.33526011561 ;
49.5016129032 2.99435483871 1.74193548387 0.528225806452 0.609677419355 3.87016129032 0.287096774194 ;
76.2389033943 4.35248041775 2.9138381201 1.05091383812 1.01044386423 4.47780678851 0.348563968668 ;
60.1197478992 3.34033613445 5.76260504202 2.49159663866 0.0105042016807 38.2352941176 5.85504201681 ;
63.6320885201 3.67496542185 2.55532503458 0.834024896266 0.938450899032 3.31466113416 0.187413554633 ;
56.3639398998 3.17195325543 5.37228714524 2.33722871452 0.0116861435726 35.9949916528 5.41903171953 ;
50.100902379 3.03773584906 1.66447908121 0.477440525021 0.665299425759 3.01640689089 0.178014766202 ;
66.8911764706 3.70294117647 4.47647058824 1.75882352941 0.173529411765 20.6264705882 2.75294117647 ;
79.7227074236 4.50436681223 2.74890829694 1.01091703057 1.0480349345 3.76200873362 0.25327510917 ;
59.5105485232 3.30801687764 7.99156118143 3.85232067511 0.0042194092827 61.7552742616 10.6793248945 ;
50.8930555556 2.90972222222 3.42916666667 1.30555555556 0.1375 18.2138888889 2.34166666667 ;
60.0 3.34117647059 8.28235294118 4.08823529412 0.0 66.3 11.6941176471 ;
61.2669039146 3.55729537367 2.54306049822 0.809964412811 0.903914590747 3.56227758007 0.224199288256 ;
67.1697530864 3.62962962963 4.83333333333 1.96913580247 0.0895061728395 25.0833333333 3.50925925926 ;
49.1416382253 2.98805460751 1.76365187713 0.537542662116 0.590443686007 4.08361774744 0.313139931741 ;
76.129506008 4.31508678238 2.71028037383 0.985313751669 1.00400534045 3.90520694259 0.272363150868 ;
56.277904328 3.22095671982 5.91343963554 2.58997722096 0.00911161731207 40.9066059226 6.3416856492 ;
51.9552631579 2.93157894737 3.74473684211 1.48157894737 0.0881578947368 21.6381578947 2.90526315789 ;
50.7007246377 3.03333333333 1.62753623188 0.473188405797 0.652173913043 3.06304347826 0.177536231884 ;
59.2651646447 3.31022530329 5.56325823224 2.41074523397 0.0138648180243 36.7798960139 5.5979202773 ;
59.960502693 3.3644524237 4.06822262118 1.44165170557 0.296229802513 15.5637342908 1.94434470377 ;
80.1737193764 4.56124721604 2.87750556793 1.09131403118 0.975501113586 5.01781737194 0.432071269488 ;
59.1214953271 3.28971962617 7.95794392523 3.89719626168 0.0 63.214953271 10.9953271028 ;
64.9597156398 3.75750394945 2.57898894155 0.845971563981 0.994470774092 3.02211690363 0.148499210111 ;
49.3055555556 2.84548611111 3.65277777778 1.49305555556 0.0763888888889 22.2083333333 2.96875 ;
62.6996254682 3.60524344569 2.59775280899 0.841198501873 0.904868913858 3.62696629213 0.23595505618 ;
57.3892709766 3.17744154058 4.60797799175 1.92159559835 0.0426409903714 27.1458046768 3.8211829436 ;
50.2919254658 2.93633540373 3.12888198758 1.1599378882 0.201863354037 15.100931677 1.85093167702 ;
59.3620689655 3.28448275862 8.87931034483 4.4224137931 0.0 71.0689655172 12.8189655172 ;
77.0937950938 4.41558441558 2.91053391053 1.06349206349 0.98556998557 5.07792207792 0.4329004329 ;
58.59697733 3.28211586902 6.26952141058 2.82871536524 0.00755667506297 44.8186397985 7.10579345088 ;
50.1002710027 3.0352303523 1.55103884372 0.417344173442 0.685636856369 2.40198735321 0.0993676603433 ;
60.8630672926 3.50078247261 2.35602503912 0.747261345853 0.924100156495 2.85211267606 0.133802816901 ;
59.1838565022 3.29147982063 7.89686098655 3.86098654709 0.0 62.6412556054 10.8834080717 ;
48.781420765 2.80510018215 3.35519125683 1.35154826958 0.0947176684882 19.8652094718 2.60655737705 ;
57.606779661 3.25762711864 5.55593220339 2.39491525424 0.0135593220339 36.6389830508 5.54237288136 ;
62.3372319688 3.47953216374 4.22417153996 1.56140350877 0.206627680312 18.4152046784 2.38401559454 ;
75.7574626866 4.32462686567 2.82587064677 1.01990049751 0.998756218905 4.21766169154 0.314676616915 ;
49.1638418079 3.0 1.65254237288 0.480225988701 0.625235404896 3.3352165725 0.214689265537 ;
51.3251404494 3.07514044944 1.68609550562 0.478230337079 0.699438202247 2.71278089888 0.140449438202 ;
62.5145228216 3.39419087137 5.40041493776 2.30082987552 0.0290456431535 33.2074688797 4.94190871369 ;
65.3636363636 3.77152051488 2.64601769912 0.878519710378 0.956556717619 3.6017699115 0.2252614642 ;
58.6996336996 3.28937728938 7.72527472527 3.7326007326 0.00732600732601 59.8424908425 10.2747252747 ;
53.8857901726 3.06640106242 3.42762284197 1.25763612218 0.199203187251 15.9442231076 1.97875166003 ;
49.3272251309 2.88481675393 4.55235602094 1.94764397906 0.0183246073298 29.9869109948 4.29581151832 ;
79.9567099567 4.55844155844 2.95238095238 1.1038961039 0.987012987013 5.13636363636 0.443722943723 ;
50.7026604069 3.05477308294 1.60328638498 0.453051643192 0.679186228482 2.71674491393 0.140845070423 ;
60.1575342466 3.31506849315 8.52054794521 4.23287671233 0.0 68.2054794521 12.1643835616 ;
59.4542586751 3.27287066246 4.82018927445 2.01261829653 0.0362776025237 28.5283911672 4.06151419558 ;
77.7894736842 4.45135566188 2.92663476874 1.06379585327 1.01275917065 4.69377990431 0.379585326954 ;
50.4586894587 2.91452991453 3.3660968661 1.25783475783 0.159544159544 17.2492877493 2.19230769231 ;
56.7794561934 3.23262839879 6.22960725076 2.81268882175 0.00906344410876 44.5287009063 7.02719033233 ;
63.478093774 3.64950038432 2.67255956956 0.882398155265 0.901614142967 4.00384319754 0.283627978478 ;
75.9417852523 4.32600258732 2.86157826649 1.01940491591 1.01811125485 4.05174644243 0.293661060802 ;
54.9801444043 3.12635379061 5.35559566787 2.31949458484 0.0126353790614 35.5812274368 5.33754512635 ;
59.9886363636 3.32196969697 7.84090909091 3.76893939394 0.00378787878788 60.1477272727 10.3371212121 ;
50.529154519 2.91690962099 3.34402332362 1.25072886297 0.166180758017 17.0466472303 2.15160349854 ;
49.0456389452 3.01622718053 1.55273833671 0.42799188641 0.649087221095 2.78397565923 0.151115618661 ;
61.1019061584 3.5219941349 2.3848973607 0.770527859238 0.895894428152 3.26099706745 0.183284457478 ;
65.0153061224 3.53571428571 4.48724489796 1.79336734694 0.109693877551 22.7219387755 3.09948979592 ;
61.7181677019 3.58695652174 2.56211180124 0.819875776398 0.922360248447 3.46894409938 0.204968944099 ;
50.3144827586 2.88275862069 3.54896551724 1.39448275862 0.108965517241 20.044137931 2.63724137931 ;
59.8098159509 3.32515337423 8.33128834356 4.12883435583 0.0 66.8711656442 11.8220858896 ;
76.2219215156 4.33288227334 2.69688768606 0.981055480379 1.01353179973 3.87280108254 0.266576454668 ;
49.7403928266 3.00426985482 1.66268146883 0.483347566183 0.634500426985 3.19470538002 0.199829205807 ;
57.243902439 3.21951219512 5.8818011257 2.56097560976 0.0112570356473 39.8386491557 6.15196998124 ;
65.1125 3.575 4.45 1.765 0.1225 21.95 2.975 ;
63.0159090909 3.62803030303 2.51136363636 0.811363636364 0.937878787879 3.11666666667 0.165909090909 ;
48.2386634845 2.84248210024 4.13603818616 1.72076372315 0.0596658711217 26.3221957041 3.65393794749 ;
61.0 3.36605316973 5.64417177914 2.43558282209 0.0184049079755 36.5378323108 5.54601226994 ;
77.8325281804 4.48309178744 2.9694041868 1.08212560386 1.02093397746 4.84863123994 0.397745571659 ;
57.7820710974 3.21947449768 3.71097372488 1.38021638331 0.157650695518 17.6151468315 2.2658423493 ;
49.8310077519 2.9984496124 1.68992248062 0.507751937984 0.624031007752 3.61007751938 0.251162790698 ;
58.4849785408 3.24892703863 7.95278969957 3.85836909871 0.00429184549356 61.982832618 10.7467811159 ;
50.0875216638 3.03379549393 1.59012131716 0.444540727903 0.67417677643 2.67590987868 0.137781629116 ;
56.3138564274 3.17195325543 5.66110183639 2.46911519199 0.0100166944908 38.2754590985 5.84974958264 ;
77.0771513353 4.39614243323 2.79821958457 1.01632047478 1.01928783383 4.19287833828 0.308605341246 ;
63.2312633833 3.4625267666 4.31049250535 1.70877944325 0.10278372591 22.0620985011 2.98501070664 ;
60.04 3.33142857143 8.24 4.06285714286 0.0 65.9142857143 11.5942857143 ;
62.4709976798 3.61252900232 2.58313998453 0.834493426141 0.925754060325 3.41299303944 0.201856148492 ;
49.5525114155 2.86605783866 3.31659056317 1.27397260274 0.149162861492 17.3896499239 2.20395738204 ;
60.4876237624 3.48679867987 2.32178217822 0.73597359736 0.919141914191 2.83663366337 0.127887788779 ;
59.4444444444 3.31400966184 8.038647343 3.92753623188 0.0 63.6618357488 11.0917874396 ;
65.6846846847 3.73873873874 4.29504504505 1.5990990991 0.306306306306 17.0337837838 2.16441441441 ;
57.5943238731 3.2570951586 5.59098497496 2.41903171953 0.0133555926544 37.0667779633 5.62938230384 ;
75.4798994975 4.27135678392 2.67964824121 0.957286432161 1.02135678392 3.42085427136 0.212311557789 ;
49.0935453695 2.9990645463 1.68662301216 0.490177736202 0.627689429373 3.3769878391 0.219831618335 ;
50.5895953757 2.87427745665 3.49132947977 1.37572254335 0.104046242775 19.9450867052 2.62283236994 ;
48.2161172161 2.80036630037 3.21978021978 1.28571428571 0.119047619048 18.7912087912 2.42857142857 ;
62.8250750751 3.60810810811 2.51876876877 0.825075075075 0.909159159159 3.41216216216 0.20045045045 ;
58.343035343 3.28898128898 5.7920997921 2.47401247401 0.012474012474 37.9688149688 5.7920997921 ;
50.2320261438 3.04575163399 1.68464052288 0.485294117647 0.668300653595 3.04656862745 0.18137254902 ;
77.5581395349 4.44496124031 2.92558139535 1.06356589147 1.00930232558 4.74418604651 0.389147286822 ;
58.4806866953 3.25321888412 7.78969957082 3.81974248927 0.0 62.0 10.7510729614 ;
60.2921146953 3.31182795699 4.34229390681 1.68637992832 0.112903225806 21.8888888889 2.94982078853 ;
63.2501979414 3.64924782264 2.61361836896 0.858273950911 0.931908155186 3.51385589865 0.210609659541 ;
56.0423728814 3.16949152542 5.58305084746 2.41186440678 0.0135593220339 36.886440678 5.58305084746 ;
50.654290429 3.04785478548 1.55445544554 0.424917491749 0.684818481848 2.45792079208 0.110561056106 ;
59.732718894 3.32718894009 7.96313364055 3.88940092166 0.0 62.9769585253 10.9493087558 ;
77.7587859425 4.45367412141 2.90255591054 1.05591054313 1.01916932907 4.58785942492 0.365814696486 ;
61.796039604 3.3900990099 4.27326732673 1.67524752475 0.108910891089 21.6435643564 2.91287128713 ;
48.9455445545 2.84323432343 3.14191419142 1.20297029703 0.174917491749 16.2854785479 2.03465346535 ;
52.7590011614 3.14343786295 1.77932636469 0.52380952381 0.724738675958 2.76655052265 0.141114982578 ;
64.3351351351 3.48108108108 5.38108108108 2.29459459459 0.0324324324324 32.4324324324 4.81891891892 ;
71.2311557789 4.08542713568 2.80473797559 0.971284996411 0.992103374013 4.09547738693 0.292175161522 ;
49.8974943052 2.86788154897 4.30296127563 1.82004555809 0.0182232346241 28.0091116173 3.92938496583 ;
60.3863636364 3.30681818182 9.25 4.625 0.0 74.4090909091 13.5909090909 ;
54.8508891929 3.11764705882 3.51299589603 1.27770177839 0.22024623803 15.7742818057 1.96032831737 ;
56.7210144928 3.25 6.71376811594 3.10869565217 0.0108695652174 49.5398550725 8.02898550725 ;
76.0638569604 4.31928480204 2.77394636015 1.01149425287 0.983397190294 4.3908045977 0.342273307791 ;
48.1034482759 2.77687626775 3.22515212982 1.30831643002 0.0912778904665 19.5882352941 2.55983772819 ;
49.6498696785 3.00955690704 1.65421372719 0.483058210252 0.635099913119 3.23023457863 0.201563857515 ;
57.6265270506 3.24607329843 5.42408376963 2.32460732984 0.0122164048866 35.3787085515 5.30366492147 ;
58.8951310861 3.28838951311 7.78651685393 3.75280898876 0.00749063670412 60.1573033708 10.3445692884 ;
61.3142857143 3.38857142857 4.12761904762 1.53142857143 0.182857142857 18.48 2.39428571429 ;
61.5281173594 3.57457212714 2.49877750611 0.791361043195 0.947840260799 2.98940505297 0.149144254279 ;
50.1865417376 3.03747870528 1.61413969336 0.454855195911 0.675468483816 2.75042589438 0.145655877342 ;
62.4677419355 3.42943548387 4.35080645161 1.70967741935 0.112903225806 21.9495967742 2.96774193548 ;
56.5815972222 3.18402777778 5.66145833333 2.46354166667 0.0104166666667 38.109375 5.81770833333 ;
77.8494271686 4.45171849427 2.88543371522 1.04255319149 1.03436988543 4.30114566285 0.324058919804 ;
62.9104367135 3.62620281273 2.54256106588 0.830495928942 0.914877868246 3.45373797187 0.20725388601 ;
49.1173633441 2.84565916399 3.27331189711 1.26366559486 0.146302250804 17.5032154341 2.22186495177 ;
59.5079365079 3.32275132275 8.13756613757 4.0 0.0 64.9153439153 11.3703703704 ;
62.4511760513 3.5965787598 2.48325017819 0.806129722024 0.915894511761 3.27726300784 0.185317177477 ;
54.0974729242 3.08844765343 5.10469314079 2.17509025271 0.0162454873646 33.1696750903 4.88628158845 ;
59.9028776978 3.32374100719 6.88848920863 3.23021582734 0.00719424460432 51.1474820144 8.35971223022 ;
49.3959580838 2.9880239521 1.84505988024 0.574101796407 0.591317365269 4.62425149701 0.39371257485 ;
77.5773993808 4.44582043344 2.92724458204 1.06501547988 1.00773993808 4.78947368421 0.396284829721 ;
59.6470588235 3.29411764706 9.57352941176 4.82352941176 0.0 77.4558823529 14.3529411765 ;
57.825613079 3.20027247956 3.88555858311 1.47820163488 0.104904632153 20.1430517711 2.6621253406 ;
63.5486590038 3.64444444444 2.66436781609 0.877394636015 0.901915708812 3.94406130268 0.275095785441 ;
58.1579778831 3.23854660348 4.9747235387 2.10426540284 0.0284360189573 30.2954186414 4.37440758294 ;
50.6635873749 3.05311778291 1.59661277906 0.458044649731 0.666666666667 2.83140877598 0.154734411085 ;
58.3566878981 3.27707006369 6.54458598726 3.01592356688 0.00955414012739 47.5700636943 7.65286624204 ;
77.8232484076 4.46974522293 2.98089171975 1.08598726115 1.00796178344 5.04140127389 0.429936305732 ;
59.7596153846 3.27884615385 9.02884615385 4.5 0.0 72.4326923077 13.0865384615 ;
51.46875 2.94701086957 3.42391304348 1.26766304348 0.158967391304 17.4986413043 2.22826086957 ;
63.4665226782 3.47300215983 4.32397408207 1.68898488121 0.116630669546 21.505399568 2.89848812095 ;
75.5151883354 4.31591737546 2.83110571081 1.01822600243 1.00607533414 4.08140947752 0.294046172539 ;
60.7945205479 3.5 2.4200913242 0.770928462709 0.905631659056 3.21689497717 0.178082191781 ;
59.5950413223 3.30165289256 7.95867768595 3.8305785124 0.00413223140496 61.4504132231 10.6198347107 ;
55.7754749568 3.16234887737 5.42487046632 2.35405872193 0.0120898100173 36.115716753 5.43523316062 ;
49.1220512821 3.02256410256 1.54769230769 0.42358974359 0.653333333333 2.69641025641 0.141538461538 ;
49.4735152488 2.86035313002 3.20706260032 1.22953451043 0.15569823435 16.9550561798 2.13483146067 ;
49.6669361358 2.98544866613 1.68633791431 0.503637833468 0.611156022635 3.57962813258 0.248181083266 ;
56.0658682635 3.1876247505 5.26746506986 2.22954091816 0.0179640718563 33.7005988024 4.98203592814 ;
62.5173144876 3.6035335689 2.57455830389 0.836749116608 0.913780918728 3.58586572438 0.225441696113 ;
53.9549878345 3.05596107056 3.66301703163 1.41119221411 0.116788321168 19.698296837 2.58880778589 ;
77.3382570162 4.42392909897 2.97488921713 1.08862629247 0.971935007386 5.39734121123 0.484490398818 ;
61.1685823755 3.34482758621 6.68965517241 3.09578544061 0.00766283524904 48.4252873563 7.83908045977 ;
58.3679245283 3.29245283019 8.93396226415 4.46226415094 0.0 72.1320754717 13.0094339623 ;
62.2031842305 3.58453373768 2.46550416983 0.791508718726 0.929492039424 3.0773313116 0.162244124337 ;
52.7426597582 3.02417962003 4.62176165803 1.99309153713 0.0189982728843 30.3177892919 4.35578583765 ;
76.75 4.39106145251 2.87849162011 1.04329608939 0.977653631285 4.90642458101 0.40782122905 ;
65.2783171521 3.49190938511 5.97411003236 2.55663430421 0.0291262135922 36.3333333333 5.52103559871 ;
53.8832214765 3.06040268456 3.41744966443 1.24697986577 0.194630872483 16.0134228188 1.99865771812 ;
49.4981916817 3.01717902351 1.60849909584 0.4547920434 0.651898734177 2.92133815552 0.165461121157 ;
58.1795918367 3.2612244898 7.8612244898 3.81632653061 0.00816326530612 61.2367346939 10.6 ;
60.4631811487 3.50957290133 2.50810014728 0.79675994109 0.898379970545 3.50147275405 0.214285714286 ;
57.7372262774 3.27493917275 6.02189781022 2.65936739659 0.00729927007299 42.0851581509 6.57177615572 ;
75.0620155039 4.27353266888 2.82392026578 1.02325581395 0.946843853821 4.74529346622 0.393133997785 ;
58.2585139319 3.20278637771 4.60061919505 1.91486068111 0.0526315789474 26.3452012384 3.68421052632 ;
49.9918300654 2.90196078431 3.17973856209 1.18137254902 0.171568627451 16.1307189542 2.00653594771 ;
59.8773006135 3.32515337423 8.31901840491 4.12883435583 0.0 66.8650306748 11.8282208589 ;
48.8552915767 2.98056155508 1.49136069114 0.399568034557 0.644708423326 2.58099352052 0.129589632829 ;
64.8594748048 3.72817601136 2.14975159688 0.779985805536 0.83392476934 3.92405961675 0.273953158268 ;
58.5304659498 3.28136200717 5.75985663082 2.50896057348 0.0089605734767 39.0698924731 6.01075268817 ;
53.8083961249 3.03767491927 3.64262648009 1.47255113025 0.0785791173305 21.3767491927 2.86329386437 ;
50.6203059805 3.03129346314 1.61821974965 0.495827538248 0.621696801113 3.56884561892 0.243393602225 ;
62.6263736264 3.74725274725 17.0549450549 4.06593406593 2.94505494505 6.83516483516 0.593406593407 ;
80.5943396226 4.58726415094 2.76650943396 1.07311320755 0.941037735849 5.41981132075 0.497641509434 ;
59.7176470588 3.33529411765 8.27647058824 4.1 0.0 66.3294117647 11.6941176471 ;
90.9696969697 5.28787878788 3.25757575758 1.22727272727 1.24242424242 2.95454545455 0.136363636364 ;
52.9239956569 3.0108577633 3.62432138979 1.4115092291 0.123778501629 19.5363735071 2.55048859935 ;
51.2833787466 3.06607629428 1.73024523161 0.506130790191 0.681880108992 3.03065395095 0.177792915531 ;
58.3027950311 3.26552795031 5.67546583851 2.45031055901 0.0170807453416 37.0807453416 5.64285714286 ;
64.9149102264 3.73145979703 2.70023419204 0.894613583138 0.932864949258 3.88914910226 0.263856362217 ;
59.3636363636 3.31550802139 8.16042780749 4.01069518717 0.0 65.064171123 11.4010695187 ;
77.4668141593 4.40707964602 2.99336283186 1.11504424779 0.909292035398 6.30752212389 0.619469026549 ;
53.4785949506 3.00768386389 3.77497255763 1.5027442371 0.0900109769484 21.5422612514 2.89132821076 ;
48.9233576642 2.97171532847 1.64781021898 0.491788321168 0.597627737226 3.70255474453 0.260948905109 ;
74.2367101304 4.27181544634 2.9037111334 1.03309929789 0.963891675025 4.85255767302 0.409227683049 ;
59.7342657343 3.30769230769 8.54545454545 4.23776223776 0.0 68.4685314685 12.2027972028 ;
67.2449799197 3.49799196787 5.94779116466 2.58634538153 0.0321285140562 36.6064257028 5.61044176707 ;
53.3532763533 3.17094017094 5.95441595442 2.59259259259 0.011396011396 41.2535612536 6.39601139601 ;
60.1289308176 3.46305031447 2.47877358491 0.789308176101 0.867924528302 3.62421383648 0.22641509434 ;
49.9594202899 2.86666666667 3.51304347826 1.39420289855 0.102898550725 20.1855072464 2.65652173913 ;
77.7044334975 4.46305418719 2.80952380952 1.013136289 1.04597701149 4.02791461412 0.288998357964 ;
62.742035742 3.61693861694 2.53224553225 0.816627816628 0.942501942502 3.07847707848 0.160062160062 ;
57.4564831261 3.23623445826 5.84191829485 2.53818827709 0.0106571936057 39.3925399645 6.0621669627 ;
50.115755627 3.02733118971 1.67363344051 0.490353697749 0.649517684887 3.20900321543 0.198553054662 ;
64.4590517241 3.53448275862 4.24784482759 1.64439655172 0.17025862069 19.7413793103 2.60560344828 ;
59.9135802469 3.32716049383 8.33333333333 4.13580246914 0.0 66.9382716049 11.8456790123 ;
66.779886148 3.82447817837 2.85483870968 0.956356736243 0.930740037951 4.52087286528 0.35009487666 ;
58.7065368567 3.26703755216 5.31154381085 2.28372739917 0.0208623087622 33.8303198887 5.03059805285 ;
51.7956577267 2.95913154534 3.52618135377 1.33588761175 0.140485312899 18.5185185185 2.39335887612 ;
58.812749004 3.27490039841 7.84462151394 3.79282868526 0.00398406374502 61.0119521912 10.5258964143 ;
47.3770718232 2.87016574586 1.42679558011 0.383977900552 0.580110497238 3.01657458564 0.187845303867 ;
80.2663656885 4.56884875847 2.79232505643 1.06772009029 0.96388261851 5.01128668172 0.435665914221 ;
56.5330143541 3.34641148325 2.16076555024 0.672727272727 0.822966507177 3.07177033493 0.164593301435 ;
55.3884210526 3.08631578947 4.23368421053 1.71578947368 0.0505263157895 24.7157894737 3.40947368421 ;
57.6839546191 3.35413290113 2.23905996759 0.705024311183 0.811993517018 3.36547811994 0.202593192869 ;
58.7931034483 3.31034482759 6.23218390805 2.80689655172 0.00689655172414 44.4 7.02988505747 ;
82.6493506494 4.67532467532 2.62987012987 1.03896103896 0.957792207792 4.62012987013 0.366883116883 ;
59.6203703704 3.26851851852 8.98148148148 4.47222222222 0.0 71.9537037037 13.037037037 ;
47.7901606426 2.91265060241 1.8453815261 0.578313253012 0.526104417671 5.54317269076 0.525100401606 ;
68.8056680162 3.96052631579 3.00809716599 1.01417004049 0.953441295547 4.91396761134 0.417004048583 ;
76.3328964613 4.36435124509 2.86369593709 1.04587155963 0.965923984273 5.04849279161 0.429882044561 ;
52.4458438287 2.97858942065 3.56549118388 1.37405541562 0.117128463476 19.4798488665 2.54785894207 ;
58.1371841155 3.25631768953 6.73646209386 3.15523465704 0.0072202166065 50.1227436823 8.17328519856 ;
49.561284869 3.00845308538 1.68385460693 0.497886728656 0.628064243449 3.44632290786 0.226542688081 ;
59.6506024096 3.33734939759 9.34939759036 4.66265060241 0.0 75.2289156627 13.7108433735 ;
61.9178283199 3.5597945708 2.56713132795 0.825385179751 0.899486426999 3.58107116654 0.229640498899 ;
59.1474820144 3.29676258993 5.28237410072 2.22661870504 0.023381294964 32.5755395683 4.80035971223 ;
58.3853127833 3.37533998187 2.29555757026 0.726201269266 0.826835902085 3.39528558477 0.200362647325 ;
52.3703703704 2.97654320988 3.73580246914 1.45432098765 0.103703703704 20.7296296296 2.75432098765 ;
59.8791593695 3.31698774081 5.43607705779 2.32049036778 0.0210157618214 34.6147110333 5.18739054291 ;
81.3663101604 4.63636363636 2.86631016043 1.09625668449 0.957219251337 5.27540106952 0.465240641711 ;
48.3908629442 2.95736040609 1.65685279188 0.488324873096 0.596954314721 3.75025380711 0.269035532995 ;
58.4763636364 3.28727272727 7.70181818182 3.72727272727 0.00727272727273 59.7345454545 10.2545454545 ;
68.4384017758 3.92785793563 2.88790233074 0.978912319645 0.952275249723 4.57491675916 0.366259711432 ;
55.0466666667 3.09888888889 3.88777777778 1.50777777778 0.113333333333 20.7355555556 2.75444444444 ;
63.8103061987 3.67064973861 2.69529499627 0.883495145631 0.936519790889 3.71545929798 0.241971620612 ;
61.6069651741 3.3631840796 7.06467661692 3.3184079602 0.00995024875622 52.0447761194 8.56218905473 ;
55.8995901639 3.18852459016 5.44467213115 2.3381147541 0.00819672131148 36.368852459 5.48975409836 ;
50.3949755757 3.02093510119 1.70621074669 0.518492672715 0.62247034194 3.72575017446 0.268667131891 ;
78.5487804878 4.48954703833 2.91637630662 1.08362369338 0.975609756098 5.28571428571 0.470383275261 ;
58.3452380952 3.28571428571 9.30952380952 4.63095238095 0.0 74.9761904762 13.630952381 ;
49.6104702751 3.01863354037 1.65661047028 0.472049689441 0.65306122449 3.02395740905 0.179236912156 ;
65.0118577075 3.48221343874 6.11067193676 2.71936758893 0.00790513833992 40.5256916996 6.35177865613 ;
62.0558867362 3.56184798808 2.51415797317 0.80998509687 0.914307004471 3.33159463487 0.19523099851 ;
54.9195804196 3.11363636364 5.01748251748 2.13111888112 0.027972027972 31.3986013986 4.55769230769 ;
76.3611111111 4.37169312169 2.89285714286 1.05291005291 0.948412698413 5.25264550265 0.458994708995 ;
52.5729303548 3.00919842313 3.4073587385 1.27332457293 0.152431011827 17.4336399474 2.21550591327 ;
57.9855769231 3.26442307692 7.92788461538 3.89903846154 0.0 63.3990384615 11.0192307692 ;
54.8548559232 3.0704375667 4.27321237994 1.72892209178 0.0501600853789 25.0661686233 3.46958377801 ;
57.0624442462 3.33363068689 2.13113291704 0.674397859054 0.776984834969 3.4005352364 0.21320249777 ;
79.4541832669 4.50199203187 2.92828685259 1.09760956175 0.99203187251 5.07569721116 0.440239043825 ;
58.8849557522 3.28318584071 8.87610619469 4.43362831858 0.0 71.3716814159 12.8849557522 ;
66.7596566524 3.84334763948 2.919527897 0.965665236052 0.940987124464 4.63733905579 0.368025751073 ;
59.9504716981 3.34198113208 6.2429245283 2.80660377358 0.00707547169811 44.1108490566 6.97641509434 ;
47.7828282828 2.90303030303 1.87070707071 0.589898989899 0.523232323232 5.63636363636 0.540404040404 ;
63.9037974684 3.46075949367 5.6253164557 2.41518987342 0.0253164556962 34.7721518987 5.24050632911 ;
49.7798408488 3.00530503979 1.55614500442 0.434129089302 0.650751547303 2.73209549072 0.145004420866 ;
76.7073509015 4.3758668516 2.83911234397 1.0319001387 0.966712898752 4.87656033287 0.404993065187 ;
62.3948995363 3.61901081917 2.56955177743 0.827666151468 0.940494590417 3.32612055641 0.190880989181 ;
53.5289256198 3.05096418733 3.391184573 1.23966942149 0.195592286501 15.8691460055 1.97520661157 ;
58.3914728682 3.27131782946 7.81007751938 3.77519379845 0.0077519379845 60.5852713178 10.4379844961 ;
51.2854251012 2.94534412955 4.56477732794 1.95951417004 0.0202429149798 29.7975708502 4.25708502024 ;
59.5102685624 3.28436018957 3.98736176935 1.49289099526 0.151658767773 18.8609794629 2.47393364929 ;
59.5562130178 3.32544378698 8.2899408284 4.10650887574 0.0 66.4082840237 11.7041420118 ;
60.8174665618 3.51140833989 2.4256490952 0.763178599528 0.92525570417 3.01888276947 0.152635719906 ;
75.4593639576 4.3097762073 2.79387514723 1.02002355713 0.978798586572 4.40400471143 0.341578327444 ;
49.4595744681 2.86808510638 4.17659574468 1.74680851064 0.0489361702128 26.7382978723 3.71489361702 ;
48.9338983051 2.9813559322 1.75084745763 0.538983050847 0.578813559322 4.32203389831 0.353389830508 ;
59.8724832215 3.33109619687 5.98881431767 2.61744966443 0.0111856823266 40.51901566 6.29082774049 ;
61.6610942249 3.59194528875 2.63601823708 0.842705167173 0.918693009119 3.74012158055 0.243920972644 ;
60.5609756098 3.34146341463 8.32926829268 4.12804878049 0.0 66.6402439024 11.7804878049 ;
64.1089324619 3.48148148148 4.53159041394 1.83660130719 0.0806100217865 24.4640522876 3.38779956427 ;
76.1649076517 4.31398416887 2.72427440633 0.993403693931 0.994722955145 4.07783641161 0.29419525066 ;
56.3718244804 3.22632794457 5.9792147806 2.62817551963 0.00923787528868 41.4988452656 6.46189376443 ;
50.1432748538 2.87573099415 3.68128654971 1.44444444444 0.106725146199 20.8391812865 2.78070175439 ;
49.7145228216 2.99668049793 1.65892116183 0.492946058091 0.611618257261 3.42157676349 0.225726141079 ;
58.4868421053 3.23848684211 5.02467105263 2.12335526316 0.0279605263158 30.4621710526 4.40625 ;
50.7258187357 3.06169078446 1.67859862909 0.476770753998 0.688499619193 2.84006092917 0.154607768469 ;
59.5483870968 3.30107526882 9.21505376344 4.58064516129 0.0 73.8387096774 13.376344086 ;
51.8682170543 2.97545219638 3.40439276486 1.26873385013 0.152454780362 17.5142118863 2.22868217054 ;
78.2280405405 4.49155405405 3.02364864865 1.09459459459 1.00675675676 5.13175675676 0.442567567568 ;
63.8654434251 3.65596330275 2.58639143731 0.862385321101 0.899082568807 3.79892966361 0.256880733945 ;
57.8731117825 3.25679758308 6.53172205438 3.02416918429 0.00906344410876 47.8459214502 7.71601208459 ;
49.7054329372 3.00169779287 1.66383701188 0.484719864177 0.632427843803 3.24533106961 0.205432937182 ;
59.5531914894 3.31914893617 8.14361702128 4.00531914894 0.0 64.9840425532 11.3882978723 ;
62.1367959034 3.59546452085 2.54059985369 0.823701536211 0.915142648135 3.50182882224 0.211411850768 ;
56.778584392 3.21234119782 5.722323049 2.48457350272 0.010889292196 38.4791288566 5.88747731397 ;
77.0332829047 4.38124054463 2.73222390318 0.987897125567 1.03177004539 3.85779122542 0.264750378215 ;
66.2136752137 3.64387464387 4.58404558405 1.81766381766 0.133903133903 22.0541310541 2.9943019943 ;
50.7814661134 2.90179806362 3.53250345781 1.37206085754 0.11479944675 19.6362378976 2.57399723375 ;
56.6481876333 3.21961620469 5.88272921109 2.5671641791 0.0106609808102 40.3219616205 6.24307036247 ;
52.1986989947 3.11709047901 1.86102897694 0.556475458309 0.691898285038 3.30218805441 0.203429923122 ;
66.4050632911 3.81181434599 2.70464135021 0.90970464135 0.965400843882 3.7864978903 0.249789029536 ;
50.2231638418 2.8813559322 3.63418079096 1.41949152542 0.108757062147 20.3121468927 2.69209039548 ;
60.04 3.33142857143 8.24 4.06285714286 0.0 65.9142857143 11.5942857143 ;
81.3405405405 4.63243243243 2.80810810811 1.05675675676 1.01081081081 4.44864864865 0.343243243243 ;
64.5201900238 3.52256532067 4.56294536817 1.83372921615 0.104513064133 23.6888361045 3.26128266033 ;
47.6 2.92486772487 1.81798941799 0.560846560847 0.552380952381 5.07724867725 0.456084656085 ;
74.0928143713 4.2744510978 2.83832335329 1.01097804391 1.00099800399 4.25548902196 0.322355289421 ;
63.648199446 3.4432132964 6.0055401662 2.57894736842 0.0249307479224 37.5152354571 5.75346260388 ;
50.5649606299 2.93307086614 4.55905511811 1.9468503937 0.0177165354331 30.0728346457 4.31299212598 ;
58.5852534562 3.27649769585 7.89400921659 3.88479262673 0.0 62.9677419355 10.9539170507 ;
58.1191950464 3.23219814241 3.76160990712 1.37770897833 0.173374613003 17.5789473684 2.24767801858 ;
58.7350746269 3.38731343284 2.16194029851 0.676119402985 0.864925373134 2.69776119403 0.113432835821 ;
78.0016420361 4.45977011494 2.80459770115 1.04105090312 1.00328407225 4.58620689655 0.367816091954 ;
59.6191198786 3.28983308042 5.25189681335 2.23520485584 0.0212443095599 32.8634294385 4.86798179059 ;
50.240530303 3.10037878788 3.19128787879 1.09090909091 0.526515151515 9.54545454545 1.04734848485 ;
64.5306828003 3.71650821089 2.93949870354 0.961970613656 0.916162489196 4.71823681936 0.375108038029 ;
50.8359511344 2.90226876091 3.58289703316 1.41186736475 0.0767888307155 21.3280977312 2.83246073298 ;
58.4349315068 3.29794520548 7.63356164384 3.68150684932 0.00684931506849 58.8869863014 10.0650684932 ;
52.1873438801 3.05661948376 1.28975853455 0.351373855121 0.670274771024 1.79184013322 0.0183180682764 ;
48.4299516908 2.95555555556 1.72270531401 0.52077294686 0.584541062802 4.11497584541 0.32270531401 ;
57.7920433996 3.2513562387 5.85714285714 2.53887884268 0.0108499095841 39.356238698 6.06148282098 ;
54.5711229947 3.07593582888 3.92727272727 1.53903743316 0.108021390374 21.3561497326 2.8577540107 ;
69.64 3.95176470588 2.84823529412 0.964705882353 0.982352941176 4.11294117647 0.308235294118 ;
59.7857142857 3.32738095238 8.29166666667 4.10714285714 0.0 66.4821428571 11.7261904762 ;
82.4285714286 4.77777777778 2.92380952381 1.15873015873 0.904761904762 6.36507936508 0.619047619048 ;
58.9329320722 3.40670679278 2.28460877042 0.726569217541 0.844368013758 3.31556319862 0.187446259673 ;
50.269286754 2.903930131 3.33624454148 1.25909752547 0.145560407569 17.6622998544 2.25618631732 ;
74.4378378378 4.28540540541 2.81297297297 0.992432432432 1.02054054054 3.87027027027 0.27027027027 ;
55.6573913043 3.15652173913 5.50434782609 2.37913043478 0.0139130434783 36.1669565217 5.43652173913 ;
59.3632478632 3.2905982906 7.83760683761 3.82051282051 0.0 61.9572649573 10.735042735 ;
59.8718535469 3.44164759725 2.3646071701 0.764302059497 0.864225781846 3.45385202136 0.203661327231 ;
65.8844086022 3.58870967742 4.5564516129 1.82795698925 0.115591397849 22.8655913978 3.12634408602 ;
48.7049180328 2.98032786885 1.52786885246 0.409836065574 0.64043715847 2.70491803279 0.147540983607 ;
57.9467084639 3.24764890282 5.67868338558 2.45141065831 0.0156739811912 37.1677115987 5.64890282132 ;
58.3805060918 3.37394564199 2.25585754452 0.711340206186 0.842549203374 3.15838800375 0.171508903468 ;
48.349635796 2.96357960458 1.64620187305 0.475546305931 0.609781477627 3.52237252862 0.240374609781 ;
59.5263157895 3.32631578947 8.12105263158 3.99473684211 0.0 64.8421052632 11.3526315789 ;
81.280104712 4.61256544503 2.8612565445 1.10471204188 0.934554973822 5.60732984293 0.51832460733 ;
53.7432735426 3.0369955157 3.68946188341 1.43385650224 0.116591928251 19.8901345291 2.61995515695 ;
68.4206974128 3.93138357705 2.86501687289 0.9696287964 0.96512935883 4.32508436445 0.329583802025 ;
49.8489499192 2.99596122779 1.67205169628 0.492730210016 0.628432956381 3.35864297254 0.218093699515 ;
65.0790816327 3.51530612245 4.94132653061 2.04591836735 0.0688775510204 27.2857142857 3.89285714286 ;
77.0132352941 4.38088235294 2.78970588235 1.01176470588 1.01029411765 4.22058823529 0.313235294118 ;
55.2835820896 3.2039800995 5.98507462687 2.62935323383 0.00995024875622 41.3233830846 6.40547263682 ;
62.3647058824 3.61102941176 2.6375 0.854411764706 0.908823529412 3.78676470588 0.251470588235 ;
60.1520467836 3.33918128655 8.27485380117 4.08187134503 0.0 66.1929824561 11.6666666667 ;
51.4574742268 2.94072164948 3.57474226804 1.39819587629 0.105670103093 20.2474226804 2.68298969072 ;
74.7297297297 4.26801801802 2.75563063063 0.976351351351 1.02815315315 3.63175675676 0.240990990991 ;
57.3813229572 3.24124513619 5.50389105058 2.36381322957 0.0136186770428 36.3307392996 5.48249027237 ;
59.332103321 3.4295202952 2.26273062731 0.715867158672 0.872324723247 2.96014760148 0.145387453875 ;
59.0076045627 3.28517110266 7.79467680608 3.76045627376 0.00380228136882 60.3650190114 10.3878326996 ;
48.1736401674 2.93933054393 1.74476987448 0.520920502092 0.589958158996 4.12238493724 0.313807531381 ;
50.647819063 2.88852988691 3.58319870759 1.41518578352 0.092084006462 20.8707592892 2.77867528271 ;
65.2759433962 3.66273584906 4.2641509434 1.62028301887 0.212264150943 18.5636792453 2.41037735849 ;
57.859929078 3.25354609929 5.75886524823 2.49645390071 0.0106382978723 38.5709219858 5.91489361702 ;
63.9214437367 3.54777070064 4.21231422505 1.58598726115 0.220806794055 18.033970276 2.32059447983 ;
50.6912080057 3.04860614725 1.7383845604 0.514653323803 0.659756969264 3.35310936383 0.212294496069 ;
59.5524861878 3.31491712707 8.19337016575 4.04419889503 0.0 65.4972375691 11.5027624309 ;
79.5354166667 4.51875 2.77916666667 1.03125 1.02708333333 4.19583333333 0.3125 ;
64.2718600954 3.71144674086 2.56120826709 0.835453100159 0.972972972973 2.98807631161 0.148648648649 ;
50.1246246246 2.86636636637 3.57807807808 1.42492492492 0.0960960960961 20.9459459459 2.78978978979 ;
60.5314685315 3.31818181818 4.63636363636 1.89685314685 0.0611888111888 25.6835664336 3.58041958042 ;
63.8425787106 3.66416791604 2.7143928036 0.888305847076 0.928785607196 3.75112443778 0.248125937031 ;
50.7593869732 3.06590038314 1.63524904215 0.465134099617 0.678927203065 2.8245210728 0.153256704981 ;
57.4669509595 3.25799573561 6.05117270789 2.69509594883 0.00639658848614 43.0618336887 6.75479744136 ;
78.6064400716 4.50268336315 2.88908765653 1.06440071556 1.0 4.81932021467 0.398926654741 ;
49.6707132018 2.86494688923 3.27769347496 1.26403641882 0.139605462822 17.7708649469 2.27162367223 ;
59.4462809917 3.28925619835 8.80991735537 4.40495867769 0.0 70.5371900826 12.694214876 ;
