cluster 0
size:337
#377eb8
[ 1.71499288  4.71927717  0.09097665  1.74708962  2.8712692   0.72438308
  2.80612089]

cluster 1
size:606
#ff7f00
[ 2.92768763  4.49615551  3.3191528   3.53600295  4.57273205  2.33897796
  3.42408889]

cluster 2
size:619
#4daf4a
[ 1.50878827  4.74197899  2.6313692   1.59605586  3.65951091  1.21135869
  3.19012463]

cluster 3
size:432
#f781bf
[ 2.74022731  4.68382229  2.87697926  3.15518807  3.49555612  0.33749177
  3.09022714]

cluster 4
size:530
#a65628
[ 1.48620281  4.75484633  2.21138968  1.80608664  0.83337807  0.61122418
  2.59643   ]

cluster 5
size:485
#984ea3
[ 2.14009884  4.67501948  3.05278066  4.30981476  2.58332276  3.57698923
  2.75736638]

