2.08071809993 4.73027216542 2.71010364164 2.42483584609 3.19064692833 0.0 3.17960667011 ;
1.52940591315 4.75731940306 2.58184178793 2.08546368456 0.0 0.999481182666 3.08447955494 ;
2.49286354812 4.79407332627 3.22587416435 4.53004999517 2.96306834357 3.86304971426 3.25919655074 ;
1.82709630562 4.75572850541 2.7978688956 2.39942156422 3.67663132491 1.77830086366 3.33871077564 ;
1.6979405937 4.74819651588 0.0 1.94745911473 2.28779765745 0.84521621834 3.01424981712 ;
1.74981293528 4.69447690187 2.15692635216 2.58829940361 1.99358145636 1.54010753421 0.0 ;
2.99869423713 4.4764996287 3.50398336091 3.42229227133 4.70456968497 2.3546867743 3.50145396608 ;
2.46799996929 4.69984981235 2.5480795874 2.77639093052 2.70007165571 1.70966079044 3.03406568449 ;
1.27742925892 4.64638865451 3.09775372246 4.28677416507 2.78749502618 3.86925024984 2.84886431991 ;
1.6979405937 4.74819651588 0.0 1.94745911473 2.28779765745 0.84521621834 3.01424981712 ;
2.96480149249 4.43297183875 3.52062378913 3.3394650031 4.69205182099 2.36500612831 3.47554137899 ;
2.18277708703 4.76923695063 3.19746504188 4.4970693713 2.91083196628 3.85813144147 3.17120057514 ;
1.74981293528 4.69447690187 2.15692635216 2.58829940361 1.99358145636 1.54010753421 0.0 ;
2.07813256433 4.75294929336 2.8592769735 2.60052671414 4.23480327301 1.95761369791 3.43624535346 ;
2.04172432833 4.80406097398 2.67407105721 2.53515392836 2.35422035247 1.54289903594 3.04564026688 ;
2.4994964728 4.51885279291 2.70788458214 3.27030313558 3.27466704081 2.3878578995 3.12051248553 ;
2.08071809993 4.73027216542 2.71010364164 2.42483584609 3.19064692833 0.0 3.17960667011 ;
1.52940591315 4.75731940306 2.58184178793 2.08546368456 0.0 0.999481182666 3.08447955494 ;
2.08071809993 4.73027216542 2.71010364164 2.42483584609 3.19064692833 0.0 3.17960667011 ;
1.96053203725 4.76784257556 2.75941401995 2.4617992362 3.35967796816 1.73487806316 3.21877685566 ;
1.73823070943 4.74837916007 0.0 2.01417489158 2.43913470548 0.825970559655 3.05753034148 ;
1.78851169421 4.67465368997 2.65467858727 2.78773089957 2.01770892729 1.69457397726 0.0 ;
2.99200899734 4.4785699354 3.49968652465 3.43012343334 4.70793689931 2.3731687555 3.50166329655 ;
1.52940591315 4.75731940306 2.58184178793 2.08546368456 0.0 0.999481182666 3.08447955494 ;
2.18124785707 4.76991261648 3.19952660605 4.49795063048 2.91112826078 3.85869477034 3.17137909371 ;
2.4972438795 4.57109417416 2.64972421721 3.15589834045 3.1685426716 2.29224623545 3.20905207619 ;
1.41700228498 4.76423791058 0.0 1.46554179727 1.25174960099 0.963643371404 1.18254921253 ;
2.7005067317 4.63586594894 3.01850415105 3.48694636148 3.42469006052 1.1941165528 3.27432149353 ;
2.18247951949 4.77056983475 3.19922771941 4.49921164824 2.91798102337 3.85898229135 3.17195345608 ;
2.03596279206 4.74070454465 2.8369464109 2.5430358834 4.25216604088 2.06718168926 3.43974484212 ;
1.52302059478 4.75725999684 2.57790768764 2.07843885332 0.0 0.970510713603 3.05183772731 ;
2.96322647814 4.43690159407 3.52754212254 3.34104028969 4.70012967257 2.38225321692 3.48198026284 ;
1.78840272037 4.74012146916 0.0 1.9882382372 2.80859712419 0.864913282804 3.02928004662 ;
1.72800690804 4.79133507501 2.49201633601 1.93188034726 2.76259180994 0.582340474641 3.06532451764 ;
1.74981293528 4.69447690187 2.15692635216 2.58829940361 1.99358145636 1.54010753421 0.0 ;
1.30055339438 4.78366904255 0.0 1.7683222553 0.0 0.758689828019 2.94822416608 ;
1.74981293528 4.69447690187 2.15692635216 2.58829940361 1.99358145636 1.54010753421 0.0 ;
1.89658278706 4.73082934434 0.0 2.05512518691 3.0197823151 1.00472535132 3.10223926879 ;
2.98785404837 4.48054590319 3.49280452006 3.4378739485 4.70841318305 2.372568446 3.50205742687 ;
2.18124785707 4.76991261648 3.19952660605 4.49795063048 2.91112826078 3.85869477034 3.17137909371 ;
1.52940591315 4.75731940306 2.58184178793 2.08546368456 0.0 0.999481182666 3.08447955494 ;
1.30844609691 4.78224979341 0.0 1.73634916928 0.852533622858 0.5324532125 2.84172148051 ;
2.49990081045 4.57426667459 2.64197809627 3.14162914141 3.14852682585 2.2793452419 3.21025329565 ;
1.9521905192 4.76862106786 2.75963502143 2.45067235315 3.35314247868 1.73212351873 3.21562701701 ;
2.08071809993 4.73027216542 2.71010364164 2.42483584609 3.19064692833 0.0 3.17960667011 ;
0.0 4.74921274445 2.678587166 2.48365509283 2.88672873549 1.62754857964 3.06290967161 ;
2.3068362086 4.74145984553 2.6696237664 2.10578562489 3.25031716079 1.76119572206 3.24595819923 ;
2.96712270624 4.4352642514 3.5230904749 3.34044330552 4.69040063161 2.35916435527 3.48144879615 ;
2.43177212492 4.77397506405 3.2173076315 4.50552390999 2.92699622816 3.86226862497 3.19708311848 ;
1.6979405937 4.74819651588 0.0 1.94745911473 2.28779765745 0.84521621834 3.01424981712 ;
2.72150275403 4.70881781065 2.98965384394 4.05489699695 3.72022955831 2.27751774411 3.2600535643 ;
1.74981293528 4.69447690187 2.15692635216 2.58829940361 1.99358145636 1.54010753421 0.0 ;
2.39837732876 4.72593504152 2.75062002442 2.51837695157 3.24034587315 0.0 3.19224125808 ;
1.56454908664 4.75681737497 2.57898584446 2.11449061552 0.0 1.01362459235 3.11490014134 ;
2.05972641243 4.75066838107 2.84276337646 2.56708452757 4.22150627207 1.94817305343 3.43109322171 ;
2.18277708703 4.76923695063 3.19746504188 4.4970693713 2.91083196628 3.85813144147 3.17120057514 ;
2.96051043595 4.43980514338 3.5232592233 3.35193895543 4.69699323179 2.36890480637 3.48032574464 ;
2.522187327 4.52779754733 2.72199795822 3.27540995853 3.28872948699 2.36782576208 3.1274810764 ;
2.08071809993 4.73027216542 2.71010364164 2.42483584609 3.19064692833 0.0 3.17960667011 ;
2.03134801705 4.8064520202 2.67121822603 2.53099420536 2.34504034882 1.53842113342 3.04369343598 ;
1.74981293528 4.69447690187 2.15692635216 2.58829940361 1.99358145636 1.54010753421 0.0 ;
1.52940591315 4.75731940306 2.58184178793 2.08546368456 0.0 0.999481182666 3.08447955494 ;
1.6979405937 4.74819651588 0.0 1.94745911473 2.28779765745 0.84521621834 3.01424981712 ;
1.94520164931 4.8015179554 2.63633737487 2.66397601635 1.94893212607 1.55369243114 3.09934034486 ;
2.19359544571 4.7493320677 2.91123709842 2.93749560071 4.28910523881 2.00192967913 3.47016187001 ;
1.6979405937 4.74819651588 0.0 1.94745911473 2.28779765745 0.84521621834 3.01424981712 ;
2.18237852623 4.77209900946 3.2005715942 4.50134876729 2.92239141149 3.86001311434 3.17191512439 ;
1.74981293528 4.69447690187 2.15692635216 2.58829940361 1.99358145636 1.54010753421 0.0 ;
1.40645210985 4.7416338257 2.51027313938 0.0 2.39346274148 0.97744128697 3.05664531347 ;
2.38097136833 4.52142978994 2.76963345514 3.45280347767 2.62292146499 2.51033322272 3.02411127217 ;
2.07565775171 4.73472058748 2.7128827518 2.595458994 2.77314049719 0.0 3.18878794288 ;
2.96726930828 4.42824668804 3.52489732872 3.33428210438 4.68534596431 2.35846336935 3.47083869004 ;
2.4184757642 4.72620634791 2.75540376348 2.59297522017 3.28640114538 0.0 3.22893654541 ;
2.4281255967 4.77254195091 3.20492915221 4.49848502885 2.93292217011 3.85799991356 3.20508197684 ;
2.74830395295 4.57609967964 3.22581575292 3.17579136998 4.47805265032 2.15284360318 3.46297674183 ;
1.67607942729 4.74509504264 0.0 1.93350914094 2.26741084691 0.843504672805 2.73364397829 ;
0.0 4.76994124262 2.54340732095 1.82711584501 2.2838450197 0.899738831243 3.12535147594 ;
1.88498677792 4.76914232268 2.59669781352 2.19294632812 0.0 0.996829215706 2.61487880391 ;
2.3950245549 4.71537032937 2.69920151184 3.03015173159 2.53824754634 1.91764070129 2.42797576443 ;
0.0 4.69360610858 3.0398205066 4.37024983284 2.95855635606 3.54969388351 2.72213821758 ;
1.86512215975 4.7139355571 2.57816885078 0.0 3.09972147292 1.31743742534 2.66582174304 ;
1.52940591315 4.75731940306 2.58184178793 2.08546368456 0.0 0.999481182666 3.08447955494 ;
2.45024287996 4.50536113547 2.69329300075 3.20220173963 3.2071377036 2.34925109177 2.98145792197 ;
1.82846612998 4.68887940236 2.74864951072 2.80521436136 1.97294522343 1.7357851931 0.0 ;
1.67607942729 4.74509504264 0.0 1.93350914094 2.26741084691 0.843504672805 2.73364397829 ;
2.03755777348 4.81179264353 2.67705765315 2.52825479525 2.29156202527 1.5491296579 3.07844549009 ;
2.18829775664 4.76985258848 3.19674686355 4.49712966612 2.91110054255 3.85696148317 3.18067729253 ;
2.08071809993 4.73027216542 2.71010364164 2.42483584609 3.19064692833 0.0 3.17960667011 ;
2.08100824966 4.75395715604 2.84311116511 2.6046602228 4.21211598354 1.94001118132 3.42870089521 ;
2.96014294708 4.4376128445 3.52289792288 3.34629416445 4.69657879243 2.36422020839 3.47994346608 ;
2.10403908226 4.79703311246 2.56764571398 2.58954710225 2.49465428047 1.58989545057 3.08249983518 ;
2.96144085912 4.43365807332 3.51927334096 3.34474092944 4.68897609319 2.3382055684 3.48177275062 ;
2.19423685581 4.77053211445 3.1950272699 4.49639858828 2.91517773935 3.85557053949 3.18204994686 ;
1.70852035584 4.74856028096 0.0 1.97046752882 2.33820499353 0.847946709193 3.05763314854 ;
2.09137275203 4.72959147086 2.71638042502 2.43845345043 3.22530902794 0.0 3.20511536131 ;
2.07301832526 4.54651263321 2.79056729978 2.98502701667 2.65150170022 2.25196374801 1.258231659 ;
1.48988037905 4.76871040342 2.57162090507 2.08727133705 0.0 0.946155047343 2.69746309716 ;
1.50060876403 4.76254546545 0.0 1.61022103589 1.68794253982 0.821527046493 0.589745792352 ;
2.09402504822 4.74496417457 2.87331513496 2.6299593423 4.23398113265 1.93336967212 3.44489159607 ;
2.09169029797 4.74640815419 2.87277689791 2.62541504481 4.23241972286 1.93552487192 3.44402548356 ;
1.48988037905 4.76871040342 2.57162090507 2.08727133705 0.0 0.946155047343 2.69746309716 ;
1.60456437572 4.62300209605 0.0 2.13149020328 2.23805266077 1.24881105539 1.14414044962 ;
2.19423685581 4.77053211445 3.1950272699 4.49639858828 2.91517773935 3.85557053949 3.18204994686 ;
2.09812088927 4.79681632516 2.56541517831 2.58329090111 2.48667139008 1.58706461933 3.08366335667 ;
2.11630318429 4.55047657783 2.84828771865 3.01294388988 2.67654457631 2.27133178366 1.31661148093 ;
2.9612871616 4.4346778704 3.52000247713 3.34298111364 4.69129862693 2.3400581767 3.48259357368 ;
2.09137275203 4.72959147086 2.71638042502 2.43845345043 3.22530902794 0.0 3.20511536131 ;
1.6921177293 4.7724761814 0.0 1.88910897623 2.27399485189 0.752608756123 3.09011351964 ;
2.29159801269 4.81360460065 2.50705827294 2.1349010113 1.93852477542 0.750441751365 3.18066189565 ;
2.46707401838 4.77992004874 3.21973535689 4.51077540228 2.95178369676 3.86273072551 3.23261732737 ;
1.71788485742 4.71356352858 2.74914556714 2.2037506446 4.20117121343 1.40039416702 3.39237831866 ;
2.91754737634 4.64800617706 3.11825385512 3.78906120112 3.75143185101 1.18662644248 3.2921344524 ;
1.30042511113 4.4849576505 0.0 2.74402360817 3.60017625384 1.45038336923 2.56505342018 ;
1.27794694719 4.66870465514 3.1556170776 4.33136217643 2.52176540083 3.90973048353 2.23510669974 ;
2.96980661075 4.44155908107 3.52206569761 3.344209832 4.70280612607 2.39312700374 3.4848184547 ;
1.72736329298 4.78060867979 0.0 1.82285870173 2.08546335108 0.760654338822 2.75665975414 ;
1.06689137169 4.71132686268 2.56012825186 2.02190187994 1.64123415424 0.863049370838 2.07677331291 ;
2.97615135777 4.42470309196 3.51590991905 3.33314741878 4.6782889164 2.01550078888 3.45207844045 ;
1.72932298112 4.78138256218 0.0 1.95265535154 1.89412595255 0.686644251845 2.97509245803 ;
2.70933246216 4.6592442334 2.99625888983 3.85274522733 2.99172608152 1.84778680293 3.18546468557 ;
2.35740098264 4.81217409034 2.46927289086 2.06894107013 2.614839764 0.719845909801 3.10112256691 ;
2.17254825715 4.77296381615 3.2052000979 4.50486342962 2.92218520392 3.86184614879 3.17050607434 ;
1.84844013121 4.72667949052 2.80723381383 2.31237257407 4.20195285006 1.40772184958 3.40622345299 ;
1.01876881106 4.78411455322 2.51042917587 1.88925244254 0.777710930465 0.728456523805 3.02288888771 ;
1.5764603843 4.61973440117 0.0 1.92734464968 3.81168812803 1.45904318542 3.16582669104 ;
1.74981293528 4.69447690187 2.15692635216 2.58829940361 1.99358145636 1.54010753421 0.0 ;
3.00872454735 4.46852478949 3.50421391425 3.40751694716 4.70056562574 2.3489725589 3.49879004465 ;
1.84997399835 4.72771862888 2.54660933644 0.0 3.05494300441 1.33610418618 2.65329988096 ;
1.49641494212 4.76776018983 2.56994781153 2.08106795477 0.0 0.943094293011 2.69634764515 ;
2.4434432687 4.77291658253 3.20484888877 4.49834367087 2.93392155702 3.85734953249 3.20826980759 ;
1.67607942729 4.74509504264 0.0 1.93350914094 2.26741084691 0.843504672805 2.73364397829 ;
2.41384134794 4.72552327994 2.75517317794 2.56857074751 3.28867904304 0.0 3.22518690451 ;
0.0 4.75300345106 2.69460729243 2.55196565562 2.98073404113 1.66012145622 3.11900132295 ;
2.43635214234 4.76538090642 2.74924527397 2.86057025841 3.42259156453 1.77646514472 3.30041237275 ;
2.173681943 4.56025067538 2.85029171134 3.2960232076 2.72908340974 2.36643813115 1.4297868656 ;
1.60456437572 4.62300209605 0.0 2.13149020328 2.23805266077 1.24881105539 1.14414044962 ;
3.00739908581 4.46999691847 3.50205176436 3.40993107932 4.70352664276 2.34956202322 3.50073366252 ;
2.41160326275 4.53547085534 2.88544957017 3.13858340395 2.7490124044 2.38190014398 1.50661503804 ;
2.44424408777 4.77263226681 3.20461136807 4.49814094865 2.93396665061 3.85715422172 3.20514253516 ;
2.38895086523 4.76843587439 2.72343154061 2.62744320229 3.40026206835 1.75837491527 3.2779875806 ;
2.4019246224 4.72469843513 2.752621057 2.53281338211 3.28103872348 0.0 3.21568853595 ;
2.03084885002 4.77007243529 2.5860329374 2.21614302982 0.0 0.989231876683 2.76384182182 ;
0.0 4.75135785904 2.64672910311 2.32308430596 2.3147409066 1.46190941629 2.81054329418 ;
1.6921177293 4.7724761814 0.0 1.88910897623 2.27399485189 0.752608756123 3.09011351964 ;
1.63876113345 4.72705525286 2.74668935672 2.05088188262 4.18375952457 1.35910856684 3.38988288744 ;
2.96602426256 4.43775719772 3.52377663495 3.34153326442 4.6919869453 2.38418533861 3.48708591257 ;
1.74981293528 4.69447690187 2.15692635216 2.58829940361 1.99358145636 1.54010753421 0.0 ;
2.3610913332 4.74263202433 2.59195138617 2.38795055846 2.70834246119 1.06678913322 3.09233751144 ;
2.18014324287 4.76835046568 3.19946982793 4.49579479426 2.91159123705 3.8609415959 3.17021431973 ;
0.192170919759 4.75862338727 2.48805174628 1.9618586508 1.96333572506 0.808257995271 2.98000829652 ;
1.50537690812 4.77365017541 2.56992953381 2.08510629801 0.0 0.942020172581 3.05801509529 ;
2.95227604603 4.68735551953 3.14279701651 3.87767543106 3.96891861795 1.05949601925 3.35138550979 ;
1.6979405937 4.74819651588 0.0 1.94745911473 2.28779765745 0.84521621834 3.01424981712 ;
2.44339721286 4.7719357624 3.20480451673 4.49802385281 2.93088155529 3.85955965002 3.19977813945 ;
2.39958934606 4.75115652195 2.87725645574 2.66970733779 4.1967706279 1.92224106666 3.44814123948 ;
1.6979405937 4.74819651588 0.0 1.94745911473 2.28779765745 0.84521621834 3.01424981712 ;
2.34819526083 4.73240856896 2.73169500239 2.45780670856 2.82723404869 0.0 3.18986883985 ;
2.3415508569 4.79545962453 2.54532697203 2.45357167545 2.03085393212 1.5748273189 3.06618220391 ;
2.99354204371 4.46293098398 3.51728625901 3.38642420913 4.7015149004 2.36877772567 3.49142633319 ;
2.42449677349 4.45339618623 2.99233972285 3.46270806374 2.58534780173 2.70429027773 3.07796458482 ;
1.74981293528 4.69447690187 2.15692635216 2.58829940361 1.99358145636 1.54010753421 0.0 ;
0.0 4.75219399775 2.64639405152 2.35506444563 2.39652951626 1.48930224687 3.06508306422 ;
0.293391378411 4.76009397894 2.63164773513 1.85637489252 3.066721934 1.59847408525 3.04045880865 ;
2.1851486192 4.76950580151 3.19842928268 4.49668784771 2.91881045881 3.85873573945 3.17192351372 ;
2.08093747819 4.73060913231 2.71065929431 2.42367365594 3.20338404182 0.0 3.18374174565 ;
2.38009115243 4.74499006911 2.86777159974 2.69406426733 4.19514867962 1.90560894026 3.43230978933 ;
2.4989468925 4.70388555419 2.64972105105 2.87228781036 2.62631662885 1.93264384284 3.09442099839 ;
1.74981293528 4.69447690187 2.15692635216 2.58829940361 1.99358145636 1.54010753421 0.0 ;
1.53429613908 4.75622130016 2.58173411166 2.09167551504 0.0 0.989634077418 3.07521148294 ;
3.00278028714 4.46367229593 3.51322356711 3.39483841521 4.69986664472 2.34238247622 3.49749575345 ;
1.6979405937 4.74819651588 0.0 1.94745911473 2.28779765745 0.84521621834 3.01424981712 ;
2.45398592094 4.78047751514 3.21881883564 4.51162537089 2.93949050334 3.86078680622 3.23251969959 ;
2.35356099348 4.73221643217 2.28920605566 1.87986269633 2.61728950638 0.929144565249 1.97916074512 ;
2.27642822202 4.7451313198 2.77504621117 2.55228219756 4.24081680387 1.44815065385 3.42155034704 ;
3.00251594301 4.45642065318 3.50649394587 3.38619526563 4.70080567952 2.38074653908 3.49131873719 ;
1.67607942729 4.74509504264 0.0 1.93350914094 2.26741084691 0.843504672805 2.73364397829 ;
0.0 4.74903189988 2.64747197449 2.31507367043 2.30675904141 1.45686834933 2.81074203915 ;
2.23894563444 4.59040691874 3.2068359367 4.1832241598 2.9296819998 3.99828305449 1.65896125398 ;
2.04861473536 4.75448153106 2.59356103018 2.21719418284 0.0 1.02789882638 2.76435236648 ;
2.53575504784 4.71461106366 2.85596562991 2.88322345296 2.91151065314 0.814470869026 3.21351393345 ;
2.13107913338 4.750627094 2.87510205527 2.60314401993 4.23490655314 1.9389423202 3.45175859323 ;
0.0 4.71649091338 3.06552519804 4.41975919097 2.98272656992 3.60707409188 2.76247680647 ;
1.48988037905 4.76871040342 2.57162090507 2.08727133705 0.0 0.946155047343 2.69746309716 ;
1.67607942729 4.74509504264 0.0 1.93350914094 2.26741084691 0.843504672805 2.73364397829 ;
2.9612871616 4.4346778704 3.52000247713 3.34298111364 4.69129862693 2.3400581767 3.48259357368 ;
2.0946510591 4.79683608405 2.56779859916 2.58137616972 2.49903819206 1.5863604509 3.08388995288 ;
2.44182533599 4.77043204568 3.20260621106 4.49474815639 2.9277037554 3.85696583695 3.20285594569 ;
2.09137275203 4.72959147086 2.71638042502 2.43845345043 3.22530902794 0.0 3.20511536131 ;
2.16418342754 4.55280175962 2.84862552906 2.9818485949 2.66324302362 2.23835793341 1.35543947088 ;
2.19423685581 4.77053211445 3.1950272699 4.49639858828 2.91517773935 3.85557053949 3.18204994686 ;
2.09137275203 4.72959147086 2.71638042502 2.43845345043 3.22530902794 0.0 3.20511536131 ;
1.48988037905 4.76871040342 2.57162090507 2.08727133705 0.0 0.946155047343 2.69746309716 ;
2.09572546373 4.74467696042 2.87304482529 2.62818737249 4.24019265339 1.9376042034 3.44801693313 ;
1.71270025486 4.74895069227 0.0 1.99106475038 2.36264616071 0.84704882531 3.05577982955 ;
2.10196448297 4.79668306821 2.57193742857 2.592099579 2.51021474832 1.58952924995 3.08364828383 ;
2.96144085912 4.43365807332 3.51927334096 3.34474092944 4.68897609319 2.3382055684 3.48177275062 ;
2.07301832526 4.54651263321 2.79056729978 2.98502701667 2.65150170022 2.25196374801 1.258231659 ;
1.48721582816 4.75896398634 0.0 1.49788003339 1.57017910681 0.829363131665 0.7742938067 ;
2.23894563444 4.59040691874 3.2068359367 4.1832241598 2.9296819998 3.99828305449 1.65896125398 ;
2.53485680773 4.71402973607 2.85627708475 2.89122637801 2.90933278646 0.812227519357 3.21321956543 ;
2.35245667659 4.73269476345 2.28915242125 1.86788904858 2.61295290996 0.923226446999 1.98575528648 ;
1.67607942729 4.74509504264 0.0 1.93350914094 2.26741084691 0.843504672805 2.73364397829 ;
1.51880057966 4.75470167771 2.57829825452 2.06236681868 0.0 0.952429419912 2.72297590324 ;
2.27632966702 4.74477409531 2.77606949579 2.54525663082 4.23359013679 1.44603420126 3.41973322223 ;
0.0 4.74738819599 2.67693119453 2.49678113887 2.9085222696 1.64489910445 2.86457995146 ;
2.45398592094 4.78047751514 3.21881883564 4.51162537089 2.93949050334 3.86078680622 3.23251969959 ;
3.00531639645 4.45808483595 3.50510278817 3.38987697096 4.70207671095 2.3807788153 3.49234762301 ;
3.00193590953 4.4603067993 3.50574509837 3.39319347674 4.69696086633 2.35140403135 3.49442892823 ;
1.59049596381 4.72017134236 2.8593063092 2.50175386187 3.92420454329 1.79054779004 3.16647383102 ;
2.47969494579 4.77639628494 2.70867351678 2.64462563635 3.43159680096 1.85526273976 3.29895475429 ;
2.18661242242 4.76935946402 3.19598388632 4.49573651688 2.91144163071 3.8576409208 3.17147143897 ;
1.30055339438 4.78366904255 0.0 1.7683222553 0.0 0.758689828019 2.94822416608 ;
1.52170604158 4.66478644033 2.62501956155 2.51077046345 1.07375445101 1.87641601917 3.06744366222 ;
1.74981293528 4.69447690187 2.15692635216 2.58829940361 1.99358145636 1.54010753421 0.0 ;
1.78840272037 4.74012146916 0.0 1.9882382372 2.80859712419 0.864913282804 3.02928004662 ;
1.99120611645 4.73694439919 2.68867655326 2.34117416013 2.71097196782 0.0 3.16661800109 ;
0.0 4.7534933024 2.65453930517 2.38304678882 2.42595231181 1.49727203347 3.09584414564 ;
2.12642179546 4.56094271323 2.80119936453 2.975816467 2.70427274272 2.22359008663 1.27316632851 ;
2.44208229378 4.77057730631 3.20258556729 4.49465196745 2.93232657546 3.85654037214 3.20378622027 ;
1.70977397577 4.74921631432 0.0 1.99794447333 2.37922613377 0.842612269509 3.05788604098 ;
2.36788550824 4.73182985539 2.74989525996 2.5329784513 2.95842612933 0.0 3.21763396628 ;
2.39266324059 4.76485607024 2.72156427827 2.63618625385 3.39924131355 1.76205778197 3.28174379475 ;
1.82509586657 4.75876267362 2.54274114401 2.04136932643 0.0 1.33437371127 2.39485802617 ;
1.5157704591 4.75683667811 0.0 1.47622777544 1.50039336873 0.858247349232 0.862353846436 ;
3.00838332109 4.46985298164 3.50129827655 3.41192800193 4.70074829126 2.34785308626 3.50224392066 ;
1.47915416993 4.73688893031 2.58503873589 0.0 3.11164426601 1.04840518669 3.08983978252 ;
2.17924852377 4.77051679493 3.20080332089 4.49987356834 2.9131299408 3.85865783098 3.17136062414 ;
1.50895974148 4.77300019274 2.56975616247 2.0947300989 0.0 0.956221481715 3.07805542834 ;
2.5548661955 4.58737362012 2.73426913973 3.39939448953 3.22549282293 2.34181812147 3.22338872022 ;
1.6979405937 4.74819651588 0.0 1.94745911473 2.28779765745 0.84521621834 3.01424981712 ;
2.15378734313 4.72723165875 2.72732120537 2.64264481712 3.23405715881 0.0 3.20500106022 ;
2.02976949794 4.76645099274 2.77191753181 2.74782401052 3.36683693842 1.75312925399 3.2320885105 ;
2.98416515865 4.4601341965 3.50957503688 3.39342429117 4.70542025685 2.3749148281 3.49141025258 ;
1.74981293528 4.69447690187 2.15692635216 2.58829940361 1.99358145636 1.54010753421 0.0 ;
2.35268692164 4.73265499062 2.73162853946 2.4693780303 2.83392322609 0.0 3.20045678897 ;
2.44548812828 4.77312141632 3.2048049278 4.49835373252 2.9356931011 3.85640093486 3.21087734486 ;
2.39883559142 4.76679053636 2.78870373547 2.67607274505 3.51159972409 1.78126534384 3.30457074858 ;
3.00169982739 4.46767683872 3.50980913153 3.40494290865 4.70311345967 2.35083694955 3.49956663697 ;
1.69589278973 4.77507669192 0.0 1.88685461326 2.26139186209 0.758183635798 3.09152975057 ;
0.0 4.75589603664 2.65341775039 2.35788394619 2.396346965 1.48425362565 3.08231599074 ;
2.19997303471 4.48578582166 3.00623004678 3.66515317726 2.53817702204 3.11328275156 1.93199973919 ;
2.01451130472 4.77208225326 2.40143533732 1.9799828374 1.20498576546 1.15903826728 1.92542148722 ;
1.59116501685 4.61660226002 0.0 2.13345711674 2.29320649613 1.20916625998 1.19984781136 ;
1.61682896874 4.61991019524 0.0 2.13474481196 2.26475342247 1.22866894159 1.16642346409 ;
2.50187161758 4.78542665446 2.61051991275 2.6905145061 2.70783624378 1.65811545252 3.1319162416 ;
2.03618978986 4.74041064563 2.87895628593 2.64161783408 4.31290563446 1.95640115316 3.45524890496 ;
1.64931182304 4.61951608925 2.77272280528 2.76974225709 2.51118213087 2.04560409787 1.67212528606 ;
2.19423685581 4.77053211445 3.1950272699 4.49639858828 2.91517773935 3.85557053949 3.18204994686 ;
2.0901739554 4.73214561661 2.71114461352 2.43484362534 3.18032097688 0.0 3.2104126668 ;
2.96224441899 4.43177088469 3.52444866566 3.33861807156 4.6865778059 2.33632378563 3.48126973336 ;
1.68963488276 4.77373511843 0.0 1.88746998374 2.26801881855 0.755385910204 3.09219627305 ;
1.48278830637 4.76415206305 2.57682649997 2.08705229825 0.0 0.975988765052 2.68184072406 ;
1.76595533167 4.78583165844 2.70956859222 2.00031687146 3.2005749522 1.02221547321 3.30649947038 ;
2.97253158082 4.42966859955 3.51542707247 3.332954202 4.68099788763 2.02438974912 3.46231632805 ;
2.76730713391 4.73512253942 2.98151574222 4.06056806824 3.63735603645 1.73170075503 3.25286664488 ;
1.6979405937 4.74819651588 0.0 1.94745911473 2.28779765745 0.84521621834 3.01424981712 ;
2.17480179202 4.77162741315 3.20294951735 4.50450668025 2.91401748848 3.860920793 3.17147747121 ;
2.0288952198 4.64075364382 2.32268170928 2.14964162025 2.90139647757 1.00788094088 2.87465310228 ;
1.50726771849 4.72072323173 1.64373699193 1.71950657738 1.73573089447 0.74294828761 0.0 ;
1.52302059478 4.75725999684 2.57790768764 2.07843885332 0.0 0.970510713603 3.05183772731 ;
2.19210127179 4.64661594742 3.09274224435 4.17256867495 2.46377953981 2.99375086623 0.0 ;
2.99836121701 4.47798120736 3.50501106565 3.42488210507 4.70716804816 2.37462311361 3.50127622456 ;
2.40294139991 4.60017497364 2.70344950856 3.15979891037 2.98801884268 2.07106110979 2.96800305612 ;
1.47915416993 4.73688893031 2.58503873589 0.0 3.11164426601 1.04840518669 3.08983978252 ;
1.6979405937 4.74819651588 0.0 1.94745911473 2.28779765745 0.84521621834 3.01424981712 ;
1.74981293528 4.69447690187 2.15692635216 2.58829940361 1.99358145636 1.54010753421 0.0 ;
2.01726214748 4.76529631834 2.7686534569 2.75157679544 3.43187672355 1.78986517468 3.3032614747 ;
2.18755913275 4.77012311271 3.1992355512 4.49801761889 2.9148634255 3.8590070326 3.18099096496 ;
2.15784267984 4.7269706887 2.72796891831 2.64700539027 3.24800112774 0.0 3.21540644017 ;
1.5064671932 4.77308159964 2.56895491488 2.09547996118 0.0 0.946706840106 3.06511381844 ;
2.66628066233 4.65687346901 2.97026937238 3.21150121115 3.25778000356 0.987355632937 3.26486891362 ;
2.18074421982 4.76889692751 3.19985726466 4.49590591394 2.91844463801 3.86419681813 3.16864720584 ;
2.96486429917 4.43621665303 3.51550789957 3.34851044765 4.69968697648 2.38454058889 3.48175655904 ;
1.86361265942 4.91881151567 0.846761505231 2.75688408682 0.0 0.526846469392 3.33185012091 ;
1.6979405937 4.74819651588 0.0 1.94745911473 2.28779765745 0.84521621834 3.01424981712 ;
1.62814301215 4.71491075712 1.74358520431 1.93700067133 1.74423707185 0.715986795478 0.0 ;
1.63317294101 4.7895777716 2.48922186473 2.02475283363 1.48552705315 0.84502276386 2.98476304847 ;
1.93572401916 4.73594562096 2.78733254482 2.44597228453 4.244221285 1.52962474041 3.4111742494 ;
2.05547152266 4.64314307039 3.19531996749 4.22448890177 2.61998320283 3.61045963394 0.0 ;
2.50265678947 4.51618385302 2.71181452526 3.25940315244 3.29153057595 2.40207684224 3.13483274552 ;
2.07428121562 4.75199183478 2.8504074855 2.58960136704 4.22719205567 1.95092199536 3.43229876514 ;
2.18277708703 4.76923695063 3.19746504188 4.4970693713 2.91083196628 3.85813144147 3.17120057514 ;
2.04022671558 4.80532573281 2.67220873342 2.54031921888 2.34622905037 1.53616095486 3.03885417353 ;
1.6979405937 4.74819651588 0.0 1.94745911473 2.28779765745 0.84521621834 3.01424981712 ;
2.96075077187 4.43699965796 3.52415801065 3.34452372147 4.69611207832 2.36852569976 3.47948954984 ;
2.08071809993 4.73027216542 2.71010364164 2.42483584609 3.19064692833 0.0 3.17960667011 ;
1.52940591315 4.75731940306 2.58184178793 2.08546368456 0.0 0.999481182666 3.08447955494 ;
1.74981293528 4.69447690187 2.15692635216 2.58829940361 1.99358145636 1.54010753421 0.0 ;
2.39965582981 4.72405791385 2.75216192749 2.52695038817 3.27761058054 0.0 3.21134607524 ;
1.67607942729 4.74509504264 0.0 1.93350914094 2.26741084691 0.843504672805 2.73364397829 ;
2.41256246741 4.53354401413 2.89527949649 3.21999705122 2.69118680581 2.44506831752 1.42976010482 ;
2.40210609517 4.74446533091 2.87457271056 2.67672535259 4.19458173927 1.89948871041 3.43552316573 ;
2.44424408777 4.77263226681 3.20461136807 4.49814094865 2.93396665061 3.85715422172 3.20514253516 ;
0.0 4.75113158531 2.68231200752 2.49618572056 2.91913265537 1.64033111812 2.8772729455 ;
2.99018833038 4.4562764831 3.51510791199 3.37927425155 4.69865889972 2.34322014132 3.49454156598 ;
1.50300707843 4.76809014603 2.56988956214 2.07060545842 0.0 0.930107566632 2.70822582861 ;
2.41921555687 4.79292169802 2.55574092939 2.62945570287 2.50675990316 1.62228718902 3.07886895972 ;
2.08071809993 4.73027216542 2.71010364164 2.42483584609 3.19064692833 0.0 3.17960667011 ;
2.48890449375 4.78570064918 3.21999469364 4.51902530278 2.95904033759 3.86084847781 3.25898116873 ;
1.52940591315 4.75731940306 2.58184178793 2.08546368456 0.0 0.999481182666 3.08447955494 ;
1.6979405937 4.74819651588 0.0 1.94745911473 2.28779765745 0.84521621834 3.01424981712 ;
2.99554924784 4.47279334659 3.51011611337 3.40946025406 4.70753887102 2.37276766228 3.49752530802 ;
2.4163686885 4.65239352931 2.56007846718 2.7139114856 2.86989198311 1.67570470858 3.03319953009 ;
1.92319861178 4.76640820711 2.7979913136 2.49869631192 3.56011636424 1.80847380471 3.32660988623 ;
1.74981293528 4.69447690187 2.15692635216 2.58829940361 1.99358145636 1.54010753421 0.0 ;
1.16275149438 4.67201595027 3.11201148015 4.32191956414 2.83074666063 3.89224665311 2.82272331202 ;
2.08071809993 4.73027216542 2.71010364164 2.42483584609 3.19064692833 0.0 3.17960667011 ;
2.03134801705 4.8064520202 2.67121822603 2.53099420536 2.34504034882 1.53842113342 3.04369343598 ;
2.18277708703 4.76923695063 3.19746504188 4.4970693713 2.91083196628 3.85813144147 3.17120057514 ;
1.6979405937 4.74819651588 0.0 1.94745911473 2.28779765745 0.84521621834 3.01424981712 ;
2.522187327 4.52779754733 2.72199795822 3.27540995853 3.28872948699 2.36782576208 3.1274810764 ;
2.96051043595 4.43980514338 3.5232592233 3.35193895543 4.69699323179 2.36890480637 3.48032574464 ;
1.74981293528 4.69447690187 2.15692635216 2.58829940361 1.99358145636 1.54010753421 0.0 ;
2.05972641243 4.75066838107 2.84276337646 2.56708452757 4.22150627207 1.94817305343 3.43109322171 ;
1.52940591315 4.75731940306 2.58184178793 2.08546368456 0.0 0.999481182666 3.08447955494 ;
2.44424408777 4.77263226681 3.20461136807 4.49814094865 2.93396665061 3.85715422172 3.20514253516 ;
2.41887617123 4.54231774829 2.90182876373 3.2216905307 2.7643055882 2.44835671178 1.36916205241 ;
2.43240401805 4.79288629941 2.55822222513 2.64737731824 2.53123151567 1.62764964607 3.08163611406 ;
3.00332222293 4.4632700007 3.51010979488 3.39447273011 4.69902480698 2.34212887396 3.49672329384 ;
1.67607942729 4.74509504264 0.0 1.93350914094 2.26741084691 0.843504672805 2.73364397829 ;
2.36974490063 4.74080842984 2.87279586305 2.63802804667 4.1876666218 1.89175350541 3.43335486556 ;
0.0 4.75135785904 2.64672910311 2.32308430596 2.3147409066 1.46190941629 2.81054329418 ;
2.39965582981 4.72405791385 2.75216192749 2.52695038817 3.27761058054 0.0 3.21134607524 ;
2.03350837818 4.75886388523 2.59155917996 2.2301602307 0.0 1.02317109315 2.76235011075 ;
1.74981293528 4.69447690187 2.15692635216 2.58829940361 1.99358145636 1.54010753421 0.0 ;
3.00296863871 4.46429291918 3.51241544393 3.39679685471 4.69893966104 2.34191785884 3.49681720686 ;
2.36585225875 4.74313410614 2.85986599856 2.66775361619 4.19919936621 1.90305500928 3.43125981366 ;
2.04728923993 4.75700065558 2.60463487733 2.23814916516 0.0 1.05985935773 3.11049144581 ;
2.43044740216 4.77208721029 3.20411321312 4.49719706626 2.93177411063 3.85849671563 3.19780030127 ;
0.0 4.74965503423 2.64720520848 2.34621081989 2.3875200068 1.48370336624 3.06434282464 ;
1.6979405937 4.74819651588 0.0 1.94745911473 2.28779765745 0.84521621834 3.01424981712 ;
2.45434975409 4.71356405044 2.6492252082 2.72808448764 2.62339307912 1.84321684072 3.05412572863 ;
2.40200256914 4.72619214854 2.75155758415 2.5232455232 3.26269308607 0.0 3.1989264978 ;
1.63054719421 4.59265908089 2.85045993445 2.69668111327 3.80006605263 2.04484589489 3.25429912001 ;
2.18521599888 4.76881711036 3.19325378694 4.49563941054 2.90926340408 3.85637294479 3.17042869336 ;
1.53429613908 4.75622130016 2.58173411166 2.09167551504 0.0 0.989634077418 3.07521148294 ;
2.08093747819 4.73060913231 2.71065929431 2.42367365594 3.20338404182 0.0 3.18374174565 ;
1.6979405937 4.74819651588 0.0 1.94745911473 2.28779765745 0.84521621834 3.01424981712 ;
1.51194224386 4.80749383519 2.71498488308 2.30242199382 2.0647602836 1.48128088409 2.87286694564 ;
1.74981293528 4.69447690187 2.15692635216 2.58829940361 1.99358145636 1.54010753421 0.0 ;
3.0087488891 4.46613931569 3.50546242169 3.40420450225 4.70504571747 2.36969414129 3.49386566247 ;
2.51410375398 4.76359842618 2.71386073907 2.70998119131 3.5800126546 1.88867773245 3.33726275645 ;
2.93230821109 4.51467777712 3.39763697212 3.53364949843 4.6510036528 2.26328598172 3.49402506258 ;
0.0 4.753055171 2.67135432199 2.4512510591 2.53355503532 1.53098401019 3.11634559318 ;
2.44355319657 4.77248034281 3.20670323816 4.49890523611 2.92817026927 3.85973340482 3.21484640857 ;
1.67607942729 4.74509504264 0.0 1.93350914094 2.26741084691 0.843504672805 2.73364397829 ;
2.50006092314 4.64353139151 2.94356866363 3.80175200468 2.72506327468 2.37397739357 2.33670341619 ;
2.28484413948 4.77577054248 2.62965058941 2.17025190791 3.40196935973 1.7697752659 3.30537903778 ;
2.40251947654 4.72467617187 2.75247114039 2.53870364579 3.28067827358 0.0 3.21902878834 ;
1.77699274376 4.76844232559 2.57201760508 2.09355977823 0.0 0.973518226307 2.61431343231 ;
1.84582121224 4.73564730406 2.50763562748 0.767901521003 2.8401601352 1.19449632915 1.87016801072 ;
2.32189882231 4.7381609296 2.68126522551 2.37296935297 4.0487027567 1.25432076811 3.36432768238 ;
2.42623653979 4.77323389986 3.21237046981 4.50171178549 2.93554336238 3.86319775933 3.20504518663 ;
1.51880057966 4.75470167771 2.57829825452 2.06236681868 0.0 0.952429419912 2.72297590324 ;
0.0 4.74738819599 2.67693119453 2.49678113887 2.9085222696 1.64489910445 2.86457995146 ;
2.84700819972 4.62138914967 3.0757150142 3.73650406157 3.44569285536 1.07152480679 3.24475911503 ;
3.00682384524 4.47022979658 3.50355689581 3.40230258566 4.70860503829 2.39526068385 3.49902727492 ;
1.44375450847 4.75646490444 0.0 1.43823658868 1.54507391306 0.836968241981 0.726144786645 ;
2.19931600263 4.76668640254 2.63721742889 2.26577452572 2.36776054822 1.17721945245 2.47565244336 ;
1.70870039192 4.74349858944 0.0 2.00305083493 2.36883486844 0.844422459324 3.01551886479 ;
1.60163324916 4.62879655936 0.0 2.00307134387 3.61124743268 1.48129839296 2.88261361586 ;
2.99366266134 4.48023444249 3.49914405645 3.43319693312 4.70802478507 2.36593202308 3.50251564124 ;
2.18959035907 4.77004596871 3.19742426329 4.49692348413 2.91495021888 3.85685547486 3.18133317882 ;
2.40115525123 4.58135183503 2.64031666408 2.96050007064 2.99719329397 2.16255832017 2.94899013354 ;
1.52940591315 4.75731940306 2.58184178793 2.08546368456 0.0 0.999481182666 3.08447955494 ;
1.74981293528 4.69447690187 2.15692635216 2.58829940361 1.99358145636 1.54010753421 0.0 ;
1.73147618688 4.78977328646 0.0 1.92809414209 1.82695353929 0.62372331825 3.06008742292 ;
1.96406385901 4.76870914424 2.75917952818 2.48704102997 3.40795031589 1.75139147865 3.28778035645 ;
2.08071809993 4.73027216542 2.71010364164 2.42483584609 3.19064692833 0.0 3.17960667011 ;
2.44424408777 4.77263226681 3.20461136807 4.49814094865 2.93396665061 3.85715422172 3.20514253516 ;
1.67607942729 4.74509504264 0.0 1.93350914094 2.26741084691 0.843504672805 2.73364397829 ;
2.42871873834 4.52605921907 2.90215796579 3.19964686411 2.85578803831 2.45768519775 1.35713780941 ;
2.49990428464 4.7542339477 2.940591553 2.8100507802 4.35541999417 2.14532600879 3.49000389194 ;
0.0 4.75135785904 2.64672910311 2.32308430596 2.3147409066 1.46190941629 2.81054329418 ;
2.03350837818 4.75886388523 2.59155917996 2.2301602307 0.0 1.02317109315 2.76235011075 ;
2.39965582981 4.72405791385 2.75216192749 2.52695038817 3.27761058054 0.0 3.21134607524 ;
2.96457793726 4.41448513717 3.52117721312 3.32142787327 4.67629112951 2.32441343474 3.46683691495 ;
2.43153473161 4.78507723782 2.64715905742 2.68977262187 2.79964438741 1.55622886017 3.14147634365 ;
2.2041114811 4.8012528196 2.52544231348 2.19188577982 1.79662605791 0.855241598423 3.06521949684 ;
2.9947345414 4.4506298984 3.50912516609 3.37962282275 4.70392431338 2.38519058537 3.48718358004 ;
2.3743649606 4.74449953803 2.84187259431 2.55381819036 4.16536967676 1.47944190083 3.42892118281 ;
2.42371030997 4.77176664295 3.20977212862 4.4996554551 2.92875518916 3.86565275954 3.19513546024 ;
1.30055339438 4.78366904255 0.0 1.7683222553 0.0 0.758689828019 2.94822416608 ;
1.74981293528 4.69447690187 2.15692635216 2.58829940361 1.99358145636 1.54010753421 0.0 ;
2.78085462406 4.54458418718 3.08538061925 3.60244415459 3.42225341647 1.05833724108 3.18541361371 ;
0.0 4.74965503423 2.64720520848 2.34621081989 2.3875200068 1.48370336624 3.06434282464 ;
1.78840272037 4.74012146916 0.0 1.9882382372 2.80859712419 0.864913282804 3.02928004662 ;
1.52302059478 4.75725999684 2.57790768764 2.07843885332 0.0 0.970510713603 3.05183772731 ;
2.97120278838 4.42900511662 3.52416302292 3.33098181694 4.69309983235 2.38189795752 3.47478263049 ;
2.17787951322 4.77109451941 3.20369559679 4.5015927847 2.91731720773 3.86018480431 3.17203048991 ;
1.80920497951 4.79622093041 2.52689931033 1.99544761875 2.7749036788 0.599853590861 3.10621713964 ;
1.74981293528 4.69447690187 2.15692635216 2.58829940361 1.99358145636 1.54010753421 0.0 ;
1.22277787317 4.77476160722 0.0 1.74229966235 0.433846155712 0.655080299254 2.81539554625 ;
2.7268553082 4.59918362125 3.05676750008 3.68227503615 3.53991179756 1.33435112453 3.24314557363 ;
2.05932838064 4.74313331477 2.85797235564 2.56598689658 4.26167542724 2.09598468489 3.45020848203 ;
1.85772982715 4.73926312234 0.0 2.01645078898 2.91125037485 0.909155730953 3.08112116485 ;
1.51228212224 4.75458071315 2.57862292853 2.07113498711 0.0 0.958738487189 2.71128931138 ;
2.45209460618 4.77951699999 3.2194375676 4.51061802563 2.94773757008 3.86221039274 3.23009645351 ;
2.30306087237 4.73507733244 2.74211831975 2.44503514365 4.11924303721 1.33936435436 3.39079718284 ;
3.00934282718 4.47127596804 3.50423093616 3.40950173119 4.71019203987 2.38602343975 3.50032597554 ;
1.67607942729 4.74509504264 0.0 1.93350914094 2.26741084691 0.843504672805 2.73364397829 ;
2.22453577878 4.7946996575 2.47333994135 1.99701360054 2.33211896324 0.774988692733 2.63130272911 ;
2.20450153999 4.59334119047 3.20995615598 4.19512631485 2.91503800065 4.00948919869 1.6459395389 ;
2.78249699803 4.62504840481 3.05166817092 3.56853218799 3.31761553466 0.953723627097 3.24533493877 ;
0.0 4.7526857623 2.6832818852 2.48772137153 2.93619478579 1.63188873235 2.8780212242 ;
1.75353647771 4.74760382381 0.0 2.0186473855 2.73632155735 0.843783897207 3.07630126676 ;
2.97143647995 4.42954447652 3.51692855092 3.33906006174 4.68886520557 2.3689065545 3.48055388339 ;
2.03350837818 4.75886388523 2.59155917996 2.2301602307 0.0 1.02317109315 2.76235011075 ;
2.4397288212 4.76940228553 3.20191287328 4.49451121333 2.92055579142 3.85733544898 3.20082445491 ;
2.3201401503 4.75434879529 2.82205453276 2.66474418793 4.31713153725 1.51011132513 3.45728807357 ;
0.0 4.74903189988 2.64747197449 2.31507367043 2.30675904141 1.45686834933 2.81074203915 ;
1.46560842325 4.76423963072 0.0 1.64650633574 0.824677953393 0.830980964935 1.83694179837 ;
2.36395684922 4.57918618051 2.63486942466 2.98763664507 2.74879475497 2.23315735381 1.32759833774 ;
2.50831127061 4.73857386259 2.76941470941 2.67434352008 2.87671223401 0.766572663731 3.15768769425 ;
2.42797635734 4.77177730418 3.20336665086 4.49652308792 2.931221762 3.85548672562 3.20375847383 ;
2.30947478854 4.63554637965 2.85628366347 3.32533130486 2.07869751296 2.24072527943 1.3117977087 ;
2.95796690207 4.50335623914 3.44403689463 3.48822167642 4.6916697863 2.36523641628 3.50831693388 ;
1.69949355611 4.742695503 0.0 1.9693294404 2.32895549355 0.849217318455 3.01701627442 ;
2.2569890857 4.74517224876 2.65054671615 2.11434679339 3.98293985974 1.25155510365 3.33660044945 ;
2.43945018759 4.73425094316 2.7507700171 2.88483899761 2.59211173584 0.780186931111 3.21785484609 ;
0.0 4.75111828479 2.66764479974 2.63282888009 2.37455814244 1.53283113363 2.77660481507 ;
1.48291286454 4.76489124471 0.0 1.63799167044 1.7596675121 0.796375346191 0.395822535187 ;
1.51566104436 4.74280302025 2.53946710939 0.0 2.26761740891 1.01495620248 2.95309416648 ;
3.00017637235 4.47583647081 3.50252089996 3.41770113623 4.70989483 2.38896498304 3.50204565856 ;
1.3734897724 4.76017196624 2.41611405799 1.90815093945 2.33379140126 0.787915039897 2.2102751119 ;
1.70820724902 4.71967013086 2.68952673922 2.21532299001 4.20774085199 1.41388255214 3.38098055587 ;
2.47094946428 4.78060341003 3.2179380911 4.50982989168 2.94603354489 3.86001372251 3.23944622698 ;
2.59487961059 4.71956877402 2.84583010829 2.9236781753 3.0319508632 0.858088440277 3.23501546331 ;
1.69402742038 4.7490096663 0.0 1.94852276589 2.28362068284 0.847432896803 3.04172849442 ;
1.50581937813 4.75431694999 2.57864236227 2.08132695138 0.0 0.971269866222 2.69970260493 ;
1.26936170327 4.66157056891 3.16582944011 4.31393357062 2.8810765839 3.9221449882 2.14404684042 ;
1.52800848435 4.71279939742 0.0 1.80964673518 2.13367970044 0.811096824817 0.191946720228 ;
1.6979405937 4.74819651588 0.0 1.94745911473 2.28779765745 0.84521621834 3.01424981712 ;
2.96627535723 4.43637247565 3.5231472059 3.328533188 4.69030109772 2.37151742474 3.47913324564 ;
2.43000773207 4.77460459481 3.21712629021 4.50690409249 2.92858397104 3.86310622783 3.19735473066 ;
2.29532449151 4.76028161295 2.65688180477 2.11742139846 3.23463656574 1.74376534637 3.21574421209 ;
1.56454908664 4.75681737497 2.57898584446 2.11449061552 0.0 1.01362459235 3.11490014134 ;
2.74394840181 4.67051864147 3.01615033443 4.01301284638 3.75415392363 2.28467778686 3.3169993548 ;
0.0 4.74921274445 2.678587166 2.48365509283 2.88672873549 1.62754857964 3.06290967161 ;
2.39837732876 4.72593504152 2.75062002442 2.51837695157 3.24034587315 0.0 3.19224125808 ;
1.74981293528 4.69447690187 2.15692635216 2.58829940361 1.99358145636 1.54010753421 0.0 ;
2.42236830409 4.76852266472 3.21060981329 4.49759574853 2.91949220113 3.86079448604 3.1924294599 ;
2.22865565783 4.79164225763 2.61605189569 2.04474972001 3.14705765566 1.00421903496 3.27886311197 ;
2.97278278077 4.43908070393 3.52385613635 3.33160907379 4.69505506134 2.39327602344 3.49043560723 ;
2.81618239577 4.66869778085 3.06088653009 3.9240499878 3.88573001115 1.4298923331 3.28255943599 ;
1.67607942729 4.74509504264 0.0 1.93350914094 2.26741084691 0.843504672805 2.73364397829 ;
1.82846612998 4.68887940236 2.74864951072 2.80521436136 1.97294522343 1.7357851931 0.0 ;
2.33977515762 4.50808388837 2.71288443491 2.1912502409 2.92096112756 1.13903409452 2.72772441935 ;
1.53041389864 4.75735657733 2.57914012741 2.08193044384 0.0 0.975221930659 3.05918352262 ;
0.0 4.7521318219 2.69368144282 2.52601608754 2.97819785084 1.65988494248 3.09532622113 ;
1.48988037905 4.76871040342 2.57162090507 2.08727133705 0.0 0.946155047343 2.69746309716 ;
2.96304871098 4.43165662459 3.52244905243 3.33966731278 4.68797864216 2.33802022775 3.47972721821 ;
2.09834141028 4.74663834253 2.87864884783 2.63670869214 4.23862436024 1.9410922138 3.44575897728 ;
2.10628939305 4.79762220399 2.56664239598 2.59400044341 2.48347326036 1.5857673832 3.08717361165 ;
2.47986132493 4.77925522895 3.21148496972 4.50718702974 2.93201834352 3.85603726967 3.24016066394 ;
2.09137275203 4.72959147086 2.71638042502 2.43845345043 3.22530902794 0.0 3.20511536131 ;
1.67607942729 4.74509504264 0.0 1.93350914094 2.26741084691 0.843504672805 2.73364397829 ;
2.17081734122 4.51600531594 2.72596881102 2.52437757289 2.6105968881 1.62068268065 1.43929676204 ;
1.15460329196 4.69024352902 3.12713992552 4.36235516875 2.84959321259 3.90456937237 2.19428378227 ;
1.6921177293 4.7724761814 0.0 1.88910897623 2.27399485189 0.752608756123 3.09011351964 ;
2.99556642236 4.47844699983 3.49483971171 3.43208784014 4.70095230897 2.3485725712 3.50546059399 ;
1.4480180238 4.76294689061 2.55947007708 2.02283990705 0.0 1.0673374672 2.62864349326 ;
1.1557576445 4.68982511707 3.12669055532 4.36277533051 2.84267080405 3.90267584031 2.20229507641 ;
2.011555176 4.76729642037 2.69669109845 2.50835862332 3.35031206171 1.7364422084 3.27340392484 ;
2.08166242351 4.7337896522 2.71321624867 2.44252100337 3.0646086935 0.0 3.20911485581 ;
2.48284514524 4.7794440624 3.21184984157 4.50696280853 2.9453455685 3.85714318215 3.24165571567 ;
1.60456437572 4.62300209605 0.0 2.13149020328 2.23805266077 1.24881105539 1.14414044962 ;
2.18287205258 4.53963654946 2.73222732205 2.54863037876 2.6458269875 1.61045067284 1.57264462022 ;
2.42734250234 4.77240271641 3.20533235231 4.49856091724 2.92766297197 3.85822465192 3.20725890794 ;
2.03350837818 4.75886388523 2.59155917996 2.2301602307 0.0 1.02317109315 2.76235011075 ;
2.50430046355 4.65362876671 2.86278870458 3.5300367328 2.70161808882 2.08514718793 2.16255970741 ;
2.93037406147 4.52010138396 3.39522369204 3.53413170314 4.63878857168 2.25739195028 3.49042025072 ;
1.67607942729 4.74509504264 0.0 1.93350914094 2.26741084691 0.843504672805 2.73364397829 ;
1.74877750508 4.73842092536 2.64432354309 0.0 3.29659944212 1.19224603666 3.07070294026 ;
0.0 4.74998301267 2.64536501371 2.4502604541 2.23772061486 1.47705905064 2.78380473471 ;
2.27640719864 4.7786203024 2.6219371604 2.13348609886 3.4153933831 1.76724553402 3.30508937498 ;
2.43574170136 4.72268549576 2.75761977853 2.68216847098 3.28852176842 0.0 3.22502264935 ;
2.18584793627 4.77397028114 3.20206776229 4.50373650474 2.91548314095 3.86043785196 3.20056522734 ;
2.06967998858 4.80245906452 2.55358944887 2.50759551751 2.47571481692 1.57702161093 3.10443127107 ;
2.09816199461 4.7394448659 2.87425595554 2.63663176454 4.24147415638 1.9391099497 3.43978857908 ;
2.96204898273 4.43384860975 3.52557045482 3.34312704605 4.68822837094 2.3426347763 3.48154636095 ;
1.6953431169 4.74987866348 0.0 1.94530069951 2.28206350855 0.84063763859 3.02071854116 ;
1.50537690812 4.77365017541 2.56992953381 2.08510629801 0.0 0.942020172581 3.05801509529 ;
2.09560630011 4.73091285097 2.71608532101 2.44338959102 3.23183799358 0.0 3.20579741804 ;
2.48816648975 4.56363340492 2.94741086748 3.94685456948 2.60866398192 2.79549904571 1.87528502666 ;
1.56218132516 4.64504111865 2.03382272647 1.95161372985 2.03711791258 1.32240832458 0.516062777619 ;
1.46310935459 4.7148806904 0.0 1.79760939629 2.06880385384 0.826830906618 0.0 ;
2.51383288926 4.73630037749 2.80668108069 2.73441766799 2.8890319009 0.750709499146 3.17120500263 ;
1.51880057966 4.75470167771 2.57829825452 2.06236681868 0.0 0.952429419912 2.72297590324 ;
2.25348719261 4.74482820487 2.75530267822 2.54641451126 4.24844992621 1.46866080097 3.42682604759 ;
2.4397288212 4.76940228553 3.20191287328 4.49451121333 2.92055579142 3.85733544898 3.20082445491 ;
3.00653472213 4.45919905506 3.50520095187 3.39427038719 4.70111139301 2.3771115256 3.49520862834 ;
0.0 4.75000127018 2.68100572396 2.49882199815 2.91913265537 1.64373039786 2.86438304963 ;
1.6979405937 4.74819651588 0.0 1.94745911473 2.28779765745 0.84521621834 3.01424981712 ;
2.34202693022 4.6105497206 2.64180102867 2.80954654486 2.74967520848 2.17797972846 1.45006931759 ;
2.35563028046 4.77727021209 2.68108625138 2.54309947064 3.24765905822 1.08026552695 3.26420186206 ;
3.00687956886 4.47577325842 3.48325188294 3.4394902002 4.69017145734 2.01349355109 3.48263587608 ;
2.45355534154 4.78174182187 3.21835267745 4.51244320651 2.94598830685 3.8607040121 3.23014811789 ;
1.88498677792 4.76946022541 2.59768212008 2.18169828868 0.0 0.97745420503 2.60940741025 ;
2.08558984422 4.60980116902 3.22346929398 4.23465248653 2.92872992005 3.9950704271 1.57564576901 ;
1.60456437572 4.62300209605 0.0 2.13149020328 2.23805266077 1.24881105539 1.14414044962 ;
1.6921177293 4.7724761814 0.0 1.88910897623 2.27399485189 0.752608756123 3.09011351964 ;
2.21369768504 4.53671638506 2.65475697832 2.30142836164 2.68672956355 1.06757813276 1.70372864417 ;
0.0 4.75039668393 2.65001903884 2.36533211471 2.416621726 1.49877047257 3.0975666315 ;
0.0 4.75039668393 2.65001903884 2.36533211471 2.416621726 1.49877047257 3.0975666315 ;
2.12218372039 4.59583393514 3.16059245376 4.18171348514 2.79672768999 3.94392757555 1.67546860314 ;
2.45903619891 4.78130542295 3.21822998935 4.51171269536 2.9543450643 3.85819658803 3.23402829109 ;
2.2115472589 4.53574963952 2.64366944248 2.34566907609 2.62335243075 1.29538051664 1.34303240532 ;
1.88498677792 4.76946022541 2.59768212008 2.18169828868 0.0 0.97745420503 2.60940741025 ;
2.40751049362 4.7262051066 2.75236631108 2.53870364579 3.28866904609 0.0 3.21649669689 ;
1.67607942729 4.74509504264 0.0 1.93350914094 2.26741084691 0.843504672805 2.73364397829 ;
2.39207025994 4.76536965987 2.72355745968 2.63951419354 3.40917611171 1.76404029849 3.28705637996 ;
3.00838817298 4.46955674727 3.50648996561 3.40986472238 4.70048529982 2.34878201058 3.49888925041 ;
3.00581138232 4.4746316089 3.49867233812 3.42125871295 4.70103373807 2.34913556181 3.50321586525 ;
2.38583521406 4.76740631652 2.71934183168 2.61391804979 3.38836289921 1.75390917794 3.27365880498 ;
0.0 4.72898020732 3.08263570338 4.42984566372 2.77390740837 3.81630155597 2.73295649541 ;
1.49641494212 4.76776018983 2.56994781153 2.08106795477 0.0 0.943094293011 2.69634764515 ;
2.39037441121 4.532152222 2.87670753064 3.13181610491 2.72975417735 2.38397220937 1.49427083261 ;
1.67607942729 4.74509504264 0.0 1.93350914094 2.26741084691 0.843504672805 2.73364397829 ;
2.44424408777 4.77263226681 3.20461136807 4.49814094865 2.93396665061 3.85715422172 3.20514253516 ;
0.0 4.7583410443 2.55864339836 1.88482074449 2.98097918407 0.95209460256 2.93859686074 ;
2.4019246224 4.72469843513 2.752621057 2.53281338211 3.28103872348 0.0 3.21568853595 ;
1.99103013491 4.73694204767 2.68830520233 2.34242939462 2.70990132539 0.0 3.16975051437 ;
2.19379836586 4.77095846566 3.19514150034 4.49657889604 2.91661173588 3.85488397464 3.18705802743 ;
1.84354667595 4.77376050263 2.5893784851 1.93581208427 1.57213270845 0.811502032014 0.700736333167 ;
2.11923005858 4.74360380682 2.88307295402 2.64291933355 4.2439942579 1.93927784563 3.45210185219 ;
2.96174340167 4.43327917551 3.52639184014 3.34370131676 4.68719933291 2.33630342302 3.48130145315 ;
1.59116501685 4.61660226002 0.0 2.13345711674 2.29320649613 1.20916625998 1.19984781136 ;
1.69589278973 4.77507669192 0.0 1.88685461326 2.26139186209 0.758183635798 3.09152975057 ;
1.93444691144 4.79111102297 2.54742255874 2.46694344565 1.94480018224 1.58000760318 3.11915644541 ;
2.13637432255 4.48038071398 2.99041030024 3.6444912119 2.48585938958 3.1833031011 1.87187735771 ;
2.44182533599 4.77043204568 3.20260621106 4.49474815639 2.9277037554 3.85696583695 3.20285594569 ;
2.19626285798 4.55813555401 2.85856428592 2.97976122762 2.66939581373 2.22153823689 1.35233895175 ;
2.08966903784 4.79676931931 2.55710786824 2.57514585396 2.4722130193 1.58158318453 3.07827935193 ;
2.9612871616 4.4346778704 3.52000247713 3.34298111364 4.69129862693 2.3400581767 3.48259357368 ;
2.09137275203 4.72959147086 2.71638042502 2.43845345043 3.22530902794 0.0 3.20511536131 ;
1.48988037905 4.76871040342 2.57162090507 2.08727133705 0.0 0.946155047343 2.69746309716 ;
2.14425898389 4.75184640122 2.87351621391 2.59721520916 4.22134689873 1.93132033185 3.44613054054 ;
1.67607942729 4.74509504264 0.0 1.93350914094 2.26741084691 0.843504672805 2.73364397829 ;
0.0 4.70138068801 3.04796001892 4.37527613397 3.0030221009 3.56872375931 2.7918436142 ;
2.13891658826 4.7509826879 2.87178121055 2.59058251106 4.22732550717 1.93215310105 3.44673236189 ;
2.17770957396 4.55523110879 2.85273334142 2.97915929752 2.66760603186 2.23014094067 1.34745533963 ;
0.0 4.70905484081 3.05247217161 4.39435617298 3.01470846081 3.56643587501 2.78600984287 ;
2.09137275203 4.72959147086 2.71638042502 2.43845345043 3.22530902794 0.0 3.20511536131 ;
2.09929175387 4.79696355486 2.56606242308 2.58538250174 2.4830616717 1.58660908927 3.08409781566 ;
2.9612871616 4.4346778704 3.52000247713 3.34298111364 4.69129862693 2.3400581767 3.48259357368 ;
2.44182533599 4.77043204568 3.20260621106 4.49474815639 2.9277037554 3.85696583695 3.20285594569 ;
1.48988037905 4.76871040342 2.57162090507 2.08727133705 0.0 0.946155047343 2.69746309716 ;
1.67607942729 4.74509504264 0.0 1.93350914094 2.26741084691 0.843504672805 2.73364397829 ;
2.39099668325 4.76525725345 2.72070072644 2.63405954349 3.38957321114 1.75878436655 3.27875320271 ;
2.11847602441 4.56093415016 2.79595309409 2.95993594576 2.71067878585 2.23674912206 1.25652951193 ;
0.0 4.75288045163 2.65948540732 2.402290429 2.45438144047 1.51481819011 3.10406792163 ;
3.00790413523 4.47058701745 3.49896664786 3.41776552553 4.69726154042 2.34426300304 3.50135308293 ;
1.70977397577 4.74921631432 0.0 1.99794447333 2.37922613377 0.842612269509 3.05788604098 ;
1.78513026365 4.75979246692 2.53594692747 2.01289239578 0.0 1.30515384898 2.39484103131 ;
2.44208229378 4.77057730631 3.20258556729 4.49465196745 2.93232657546 3.85654037214 3.20378622027 ;
2.36788550824 4.73182985539 2.74989525996 2.5329784513 2.95842612933 0.0 3.21763396628 ;
1.5157704591 4.75683667811 0.0 1.47622777544 1.50039336873 0.858247349232 0.862353846436 ;
1.51138500441 4.77421283724 2.5737197646 2.09251443958 0.0 0.970857524803 3.0916787257 ;
2.96397495275 4.43918885828 3.52132341965 3.35097253942 4.69692497029 2.36821958204 3.47813366349 ;
1.74981293528 4.69447690187 2.15692635216 2.58829940361 1.99358145636 1.54010753421 0.0 ;
2.17979026144 4.77067725967 3.19928227715 4.50032993117 2.91373909578 3.85851211205 3.17180556006 ;
2.076589691 4.72897565259 2.71040534434 2.42002466385 3.18431627967 0.0 3.17898875874 ;
1.6979405937 4.74819651588 0.0 1.94745911473 2.28779765745 0.84521621834 3.01424981712 ;
2.02950097092 4.81097351521 2.52742854336 2.39815344875 2.41815902679 1.538767535 3.04262012339 ;
2.5768647624 4.52938205684 3.03307522493 3.55218188043 3.23526390675 2.40098008485 3.17010419295 ;
2.03037385907 4.74496034116 2.8420716105 2.53812964925 4.22134542445 1.95806791988 3.43072565451 ;
2.44336742678 4.77162730372 3.20312590052 4.49640036688 2.93305136768 3.85680141034 3.20479018177 ;
1.67607942729 4.74509504264 0.0 1.93350914094 2.26741084691 0.843504672805 2.73364397829 ;
2.46140453174 4.7603473533 2.86407365531 2.80498011009 3.53564050802 1.78913667864 3.30069595638 ;
2.12995905272 4.56165293574 2.82590507924 2.921708857 2.66498389986 2.21670464245 1.41058067181 ;
2.0879134731 4.73039230177 2.71180227481 2.43309342759 3.21232991716 0.0 3.2038924356 ;
3.00522292765 4.46780588157 3.50714164421 3.40427187294 4.70135235245 2.34536205078 3.49981793079 ;
0.0 4.70905484081 3.05247217161 4.39435617298 3.01470846081 3.56643587501 2.78600984287 ;
1.0827152686 4.78745524558 2.31878099866 1.82983025107 2.94811238958 1.61868861126 3.21174096153 ;
1.49215472656 4.76730170255 2.5803690179 2.09591260192 0.0 0.954491215161 2.69566789694 ;
2.43499883356 4.49561624837 2.93408513876 3.24874898946 3.14421409378 2.29102887966 2.90458283991 ;
2.19185241099 4.77055450641 3.19536585194 4.49695676773 2.91566288697 3.85619125921 3.18203515973 ;
2.95907095487 4.43951230129 3.52323564919 3.34822300933 4.69642322882 2.36488852453 3.47925718872 ;
2.03543663546 4.81045907434 2.53607399252 2.47813862125 2.42961724582 1.56220403104 3.12358243424 ;
2.08428645018 4.75265917604 2.87135359629 2.61283280147 4.23331437615 1.95636050414 3.44013860539 ;
1.52940591315 4.75731940306 2.58184178793 2.08546368456 0.0 0.999481182666 3.08447955494 ;
1.6979405937 4.74819651588 0.0 1.94745911473 2.28779765745 0.84521621834 3.01424981712 ;
1.74981293528 4.69447690187 2.15692635216 2.58829940361 1.99358145636 1.54010753421 0.0 ;
2.08071809993 4.73027216542 2.71010364164 2.42483584609 3.19064692833 0.0 3.17960667011 ;
2.50915097191 4.78409121725 2.61124074343 2.68709454501 2.73234717804 1.66731020123 3.13703697512 ;
1.49215472656 4.76730170255 2.5803690179 2.09591260192 0.0 0.954491215161 2.69566789694 ;
1.67607942729 4.74509504264 0.0 1.93350914094 2.26741084691 0.843504672805 2.73364397829 ;
2.48149522969 4.7799154247 3.21391155901 4.5091625429 2.94038137853 3.85776212314 3.24166166426 ;
2.96209451206 4.43330383853 3.52462814617 3.3395775999 4.68967200454 2.3384168887 3.4820769344 ;
1.578016964 4.60438557797 2.67723045177 2.40633853315 2.43276850467 1.54044324529 1.87216799943 ;
2.01900614537 4.74627748085 2.88216259718 2.64254328662 4.31594642583 1.95640990233 3.46073635208 ;
2.09212297607 4.73038578924 2.71109094333 2.42938560936 3.21289621093 0.0 3.20652770474 ;
1.16645338631 4.69090808171 3.1222241507 4.36297697839 2.84956642788 3.90630419179 2.20788949557 ;
2.44399091821 4.77249106236 3.20463676377 4.49824560048 2.9293263465 3.85758305384 3.20421110142 ;
2.39980323868 4.7246784898 2.74954750334 2.52622527307 3.2700410411 0.0 3.21140898384 ;
1.4987571811 4.76709599934 2.57409209884 2.06997550227 0.0 0.934223086839 2.7058791044 ;
2.42963627235 4.79271124066 2.57065262597 2.64879981278 2.56739445417 1.62375373178 3.08094717147 ;
2.46909245944 4.75089852689 2.92007775744 2.77512832008 4.27774130393 1.95851824243 3.4700453337 ;
1.67607942729 4.74509504264 0.0 1.93350914094 2.26741084691 0.843504672805 2.73364397829 ;
2.96511284082 4.4274521006 3.52252403929 3.333940327 4.68416355746 2.33718280249 3.47775916048 ;
0.0 4.75113158531 2.68231200752 2.49618572056 2.91913265537 1.64033111812 2.8772729455 ;
2.40214858786 4.53122740242 2.89284296136 3.21113139772 2.67559314121 2.44507016141 1.42059562426 ;
1.74981293528 4.69447690187 2.15692635216 2.58829940361 1.99358145636 1.54010753421 0.0 ;
2.18277708703 4.76923695063 3.19746504188 4.4970693713 2.91083196628 3.85813144147 3.17120057514 ;
2.02096049623 4.81054996587 2.66444834254 2.50034615166 2.31948579499 1.53621558073 3.04395843394 ;
1.52940591315 4.75731940306 2.58184178793 2.08546368456 0.0 0.999481182666 3.08447955494 ;
2.08071809993 4.73027216542 2.71010364164 2.42483584609 3.19064692833 0.0 3.17960667011 ;
2.53104171046 4.54164859435 2.74920787508 3.31675507705 3.33499945272 2.33202885878 3.1409287281 ;
2.05123573216 4.7488888314 2.83637527319 2.55389604933 4.20796638605 1.94519119297 3.42545908387 ;
1.6979405937 4.74819651588 0.0 1.94745911473 2.28779765745 0.84521621834 3.01424981712 ;
2.96051043595 4.43980514338 3.5232592233 3.35193895543 4.69699323179 2.36890480637 3.48032574464 ;
2.44187873994 4.77886031202 3.22313676611 4.51131511401 2.9455974056 3.86726605777 3.20443933541 ;
1.79732167433 4.77655587037 2.554605277 1.85027641544 0.45964547518 1.09694454391 1.8636153195 ;
2.35268692164 4.73265499062 2.73162853946 2.4693780303 2.83392322609 0.0 3.20045678897 ;
1.67607942729 4.74509504264 0.0 1.93350914094 2.26741084691 0.843504672805 2.73364397829 ;
2.68854370288 4.69826709401 2.9996304822 4.03390755654 3.27266043688 2.21230757701 3.27016566938 ;
2.28535930065 4.7762445478 2.63707603279 2.09656397373 3.38123656372 1.76116866792 3.28971470145 ;
2.96977764312 4.43794356788 3.521346957 3.34283390254 4.69143239748 2.36543137255 3.48420778088 ;
2.16636494085 4.56081226816 2.83530358173 3.09241926108 2.8252331504 2.57636234571 1.19648842491 ;
0.0 4.75358842512 2.64995937094 2.35663505045 2.3890556987 1.48588206401 3.08165954389 ;
1.74981293528 4.69447690187 2.15692635216 2.58829940361 1.99358145636 1.54010753421 0.0 ;
2.44339721286 4.7719357624 3.20480451673 4.49802385281 2.93088155529 3.85955965002 3.19977813945 ;
2.40166707189 4.75061202683 2.874852319 2.66871727633 4.19256174894 1.92529859819 3.4453747078 ;
2.99354204371 4.46293098398 3.51728625901 3.38642420913 4.7015149004 2.36877772567 3.49142633319 ;
2.33564800281 4.79619017791 2.53958925979 2.45306556098 2.02055860122 1.57259569493 3.06679807061 ;
2.34819526083 4.73240856896 2.73169500239 2.45780670856 2.82723404869 0.0 3.18986883985 ;
1.6979405937 4.74819651588 0.0 1.94745911473 2.28779765745 0.84521621834 3.01424981712 ;
0.0 4.75219399775 2.64639405152 2.35506444563 2.39652951626 1.48930224687 3.06508306422 ;
2.43662513613 4.44992493437 3.01664393333 3.47415355118 2.61184801379 2.71003388096 3.08002420762 ;
2.08071809993 4.73027216542 2.71010364164 2.42483584609 3.19064692833 0.0 3.17960667011 ;
2.07258456466 4.75169869301 2.853558286 2.5900614872 4.23035865163 1.95667959957 3.43424891442 ;
2.18277708703 4.76923695063 3.19746504188 4.4970693713 2.91083196628 3.85813144147 3.17120057514 ;
2.03579888137 4.80562453031 2.67174510436 2.53089416646 2.34870973455 1.53954712247 3.04483700219 ;
1.6979405937 4.74819651588 0.0 1.94745911473 2.28779765745 0.84521621834 3.01424981712 ;
2.96266369326 4.43601280612 3.52252330059 3.3424658814 4.69448042572 2.36702983315 3.47823602628 ;
1.52940591315 4.75731940306 2.58184178793 2.08546368456 0.0 0.999481182666 3.08447955494 ;
1.74981293528 4.69447690187 2.15692635216 2.58829940361 1.99358145636 1.54010753421 0.0 ;
2.50799687492 4.52264219742 2.71390773591 3.27211562175 3.27817084645 2.36967217301 3.12158040515 ;
2.4106646656 4.52997908306 2.89155490198 3.19333541427 2.69909569333 2.42800956288 1.44316560344 ;
2.42605548912 4.79327050934 2.5678020731 2.64294959197 2.54000284563 1.61932479556 3.08236478005 ;
0.0 4.74789541427 2.1812827422 2.41208932435 2.89782709174 1.47310912462 2.84642365874 ;
2.44399091821 4.77249106236 3.20463676377 4.49824560048 2.9293263465 3.85758305384 3.20421110142 ;
2.35614265622 4.73199681437 2.7477974254 2.51551851024 2.92621714637 0.0 3.21524113359 ;
2.96979426102 4.4248305089 3.52328913365 3.33504292021 4.68108683231 2.33322111652 3.47443065112 ;
1.29706244803 4.76116997645 1.96247672655 1.88599844862 0.0 1.12186242773 2.58192170595 ;
2.17278411754 4.74388003276 0.0 1.99369370611 2.66466966295 0.878248186325 2.7543601508 ;
2.46794247227 4.75033897148 2.92526261882 2.78080746783 4.27914693345 1.96377310619 3.46859074656 ;
2.07614242672 4.75371485515 2.86881146589 2.61161904252 4.22627556344 1.94686911083 3.44104411308 ;
1.67607942729 4.74509504264 0.0 1.93350914094 2.26741084691 0.843504672805 2.73364397829 ;
2.19185241099 4.77055450641 3.19536585194 4.49695676773 2.91566288697 3.85619125921 3.18203515973 ;
2.45902341846 4.44189243791 2.94781367415 3.26148651789 3.11312230414 2.42844080343 2.94496020165 ;
2.06552524616 4.80424199462 2.55659327358 2.51133052562 2.46850698228 1.57319494668 3.08625334492 ;
1.51147938138 4.76008582908 2.57609223855 2.09801310404 0.0 0.980588061612 3.07112144062 ;
2.96104134763 4.44092952941 3.52302414984 3.35215039918 4.69840357554 2.36253181293 3.48118555806 ;
2.08509935315 4.7304911539 2.71249945855 2.42594794212 3.2097908099 0.0 3.18555631013 ;
1.82846612998 4.68887940236 2.74864951072 2.80521436136 1.97294522343 1.7357851931 0.0 ;
2.18959035907 4.77004596871 3.19742426329 4.49692348413 2.91495021888 3.85685547486 3.18133317882 ;
1.52940591315 4.75731940306 2.58184178793 2.08546368456 0.0 0.999481182666 3.08447955494 ;
1.69942544083 4.63691927323 0.0 2.02718867595 3.74096762247 1.58059099054 3.00170404716 ;
2.99292981642 4.4807514312 3.50012878108 3.4313870024 4.70704152064 2.36392950688 3.50361485637 ;
2.38589609356 4.60333704334 2.64208335315 2.92641781586 2.98329360534 2.09254755136 2.94810053284 ;
2.08071809993 4.73027216542 2.71010364164 2.42483584609 3.19064692833 0.0 3.17960667011 ;
1.74981293528 4.69447690187 2.15692635216 2.58829940361 1.99358145636 1.54010753421 0.0 ;
1.95500004932 4.76663494129 2.75802215248 2.48452327149 3.41856316384 1.76399449334 3.29489090301 ;
1.69740551365 4.78829642315 0.0 1.91872774132 1.7641328052 0.58021630043 3.0187708153 ;
1.76882601773 4.78529722002 0.0 1.97109226682 1.89603565883 0.649918042134 3.02446921189 ;
2.09653383475 4.75225887292 2.87087341542 2.61568598015 4.23157483687 1.96402382651 3.44608767689 ;
2.18698270034 4.77246282701 3.20087187189 4.50177975662 2.92109890487 3.85997492981 3.17755758542 ;
2.45299559053 4.53053846252 2.95434274572 3.55770231029 2.66524560445 2.40531821822 3.00741155412 ;
2.95907095487 4.43951230129 3.52323564919 3.34822300933 4.69642322882 2.36488852453 3.47925718872 ;
1.99120611645 4.73694439919 2.68867655326 2.34117416013 2.71097196782 0.0 3.16661800109 ;
1.74981293528 4.69447690187 2.15692635216 2.58829940361 1.99358145636 1.54010753421 0.0 ;
1.82443860985 4.80806144397 2.50542491405 2.19874871348 1.81584432507 1.53239478283 3.09076967222 ;
1.43433542308 4.61022827236 0.0 1.85957333039 3.74466258982 1.57148131111 2.97624644282 ;
1.53041389864 4.75735657733 2.57914012741 2.08193044384 0.0 0.975221930659 3.05918352262 ;
2.31346271023 4.73764749151 2.79771796798 2.46705922883 4.15975063153 1.45006848745 3.40514656245 ;
1.74981293528 4.69447690187 2.15692635216 2.58829940361 1.99358145636 1.54010753421 0.0 ;
2.42378362507 4.77215372627 3.21188021106 4.50067122655 2.93336982692 3.86686425754 3.19533766168 ;
1.6979405937 4.74819651588 0.0 1.94745911473 2.28779765745 0.84521621834 3.01424981712 ;
3.00310455942 4.46042657992 3.5068084088 3.39395327106 4.70820262322 2.39611909354 3.49340724999 ;
2.85317153141 4.58821246273 3.08358003586 3.71155684938 3.47709046821 1.11228879901 3.18785237564 ;
2.22893578471 4.80607281872 2.49878017905 2.08228082068 2.36589635287 0.751505647572 3.06462978018 ;
0.0 4.74831282501 2.682715883 2.51189175197 2.96766505518 1.65330906879 3.08594389125 ;
2.41375214075 4.55226599925 2.92363158447 3.15131506953 3.00413470996 2.14155294537 2.91057961674 ;
1.96533667247 4.76910648856 2.67743370371 2.41984645885 3.36642826109 1.76045499683 3.28759810361 ;
2.08583640499 4.72865885456 2.7135895614 2.426975479 3.22268153605 0.0 3.19369541243 ;
1.6979405937 4.74819651588 0.0 1.94745911473 2.28779765745 0.84521621834 3.01424981712 ;
2.19019953102 4.76981525454 3.195387578 4.49654627403 2.91298063381 3.85641811642 3.18076307551 ;
1.50726771849 4.72072323173 1.64373699193 1.71950657738 1.73573089447 0.74294828761 0.0 ;
2.19210127179 4.64661594742 3.09274224435 4.17256867495 2.46377953981 2.99375086623 0.0 ;
2.99074391155 4.4843479441 3.49067510951 3.44351683598 4.70595690167 2.36771369944 3.50344662464 ;
1.50537690812 4.77365017541 2.56992953381 2.08510629801 0.0 0.942020172581 3.05801509529 ;
2.99264998995 4.48156635007 3.48800492075 3.44036497204 4.6993661257 2.34789270722 3.50580878572 ;
2.00661937464 4.76750159639 2.69542574882 2.49704824375 3.34235347678 1.73235176849 3.27289730783 ;
2.07600459765 4.73464138691 2.71263456247 2.44814154671 3.01246979323 0.0 3.2095706494 ;
1.43404993249 4.7619770323 2.55392366703 1.98804404469 0.0 1.11685312289 2.6004715496 ;
2.17529854681 4.54231287499 2.72721990675 2.54108382309 2.64062932517 1.6086535058 1.57767993765 ;
2.48459801942 4.78039862409 3.21421315461 4.50925677048 2.94769319183 3.85776419932 3.24270519995 ;
1.60456437572 4.62300209605 0.0 2.13149020328 2.23805266077 1.24881105539 1.14414044962 ;
1.6921177293 4.7724761814 0.0 1.88910897623 2.27399485189 0.752608756123 3.09011351964 ;
1.17118828704 4.688179406 3.1204459267 4.35769057149 2.83675463006 3.89995697309 2.21541952201 ;
1.52940591315 4.75731940306 2.58184178793 2.08546368456 0.0 0.999481182666 3.08447955494 ;
2.18277708703 4.76923695063 3.19746504188 4.4970693713 2.91083196628 3.85813144147 3.17120057514 ;
2.51420137226 4.52854707207 2.73058530663 3.28375590235 3.26877748579 2.34108114956 3.12240680952 ;
2.96266369326 4.43601280612 3.52252330059 3.3424658814 4.69448042572 2.36702983315 3.47823602628 ;
2.0254463861 4.81100734568 2.66688778255 2.50113279509 2.31196144257 1.53488740714 3.04184064064 ;
1.6979405937 4.74819651588 0.0 1.94745911473 2.28779765745 0.84521621834 3.01424981712 ;
1.74981293528 4.69447690187 2.15692635216 2.58829940361 1.99358145636 1.54010753421 0.0 ;
2.08071809993 4.73027216542 2.71010364164 2.42483584609 3.19064692833 0.0 3.17960667011 ;
2.06803380311 4.75157386281 2.84825707256 2.59191540404 4.22625521113 1.95117983775 3.43128669358 ;
1.71579430667 4.74904255613 0.0 2.00497948908 2.38760369058 0.839548025596 3.05864271823 ;
2.07838064333 4.54737360217 2.79601993674 2.98684495389 2.65098272529 2.25245582126 1.27425970521 ;
2.09137275203 4.72959147086 2.71638042502 2.43845345043 3.22530902794 0.0 3.20511536131 ;
1.48988037905 4.76871040342 2.57162090507 2.08727133705 0.0 0.946155047343 2.69746309716 ;
1.48281892738 4.75774378598 0.0 1.44413586728 1.46777612159 0.87682583166 0.9054111477 ;
2.96249048813 4.43302374208 3.51983993234 3.3432323385 4.68931658273 2.33868761622 3.48196736392 ;
2.19423685581 4.77053211445 3.1950272699 4.49639858828 2.91517773935 3.85557053949 3.18204994686 ;
2.09547979358 4.7446830684 2.87459963855 2.63337828154 4.23494071676 1.93405594733 3.44481315485 ;
2.10117654464 4.79738655174 2.56389236312 2.58723228295 2.49442190098 1.58743106471 3.07967726716 ;
2.98821494275 4.46130231094 3.50852163309 3.38947240275 4.7079895596 2.38883812626 3.49655606131 ;
2.70141729029 4.66592697209 2.96778874227 3.22956861449 3.22963792615 1.00270494144 3.25805342617 ;
1.69534081943 4.74756697624 0.0 1.94994238133 2.29392027195 0.853696648625 3.03002482565 ;
2.41908752085 4.76978350511 3.20411000874 4.49301889287 2.86420331866 3.85999224161 3.19208816162 ;
1.99447734159 4.79928706361 0.165388339021 1.70936352724 1.25818280956 0.0 1.89390288971 ;
1.88879340049 4.72697136882 2.74536077239 2.31963493727 4.18995408352 1.45751545195 3.39127885005 ;
1.60211945093 4.79309296839 2.47615434251 1.94688608006 1.47556919749 0.738513081019 2.98473884231 ;
0.0 4.70081382147 3.04561710307 4.37401822757 3.02890416004 3.56345283913 2.98112114737 ;
1.74981293528 4.69447690187 2.15692635216 2.58829940361 1.99358145636 1.54010753421 0.0 ;
1.6979405937 4.74819651588 0.0 1.94745911473 2.28779765745 0.84521621834 3.01424981712 ;
2.05196230938 4.74758539608 2.85020420945 2.58867592421 4.2826819203 2.07572661967 3.4456481546 ;
2.18415586023 4.76874220368 3.19295729392 4.49581154006 2.90514046903 3.85565802698 3.17037987784 ;
2.9631388212 4.43422665739 3.52173982953 3.34053060356 4.69703599127 2.37384484577 3.47717798797 ;
1.50537690812 4.77365017541 2.56992953381 2.08510629801 0.0 0.942020172581 3.05801509529 ;
2.66037999206 4.70749270041 2.97064349983 3.11366093352 3.28607698558 0.693243853197 3.3286159764 ;
1.74981293528 4.69447690187 2.15692635216 2.58829940361 1.99358145636 1.54010753421 0.0 ;
1.57384337528 4.78550813176 2.43658260591 1.89341543032 2.75317905084 0.65775905438 3.00167522785 ;
2.24430316653 4.43208179013 2.77104442149 3.29268499658 2.93435120897 2.73151250218 2.93988786562 ;
2.9630919937 4.42589913127 3.52597740704 3.329603014 4.68235160602 2.36431382089 3.47219497113 ;
1.50581937813 4.75431694999 2.57864236227 2.08132695138 0.0 0.971269866222 2.69970260493 ;
0.0 4.70138068801 3.04796001892 4.37527613397 3.0030221009 3.56872375931 2.7918436142 ;
2.44132050633 4.76932787933 3.20214804199 4.49321549585 2.93072570896 3.8559134109 3.20263617256 ;
1.27406870303 4.72822001409 2.62303623486 2.31992518796 2.72846574697 1.31799544953 2.04589787484 ;
1.69589278973 4.77507669192 0.0 1.88685461326 2.26139186209 0.758183635798 3.09152975057 ;
1.59116501685 4.61660226002 0.0 2.13345711674 2.29320649613 1.20916625998 1.19984781136 ;
2.46976785076 4.71839148818 2.75323050528 2.71325283723 3.09959279122 0.722523812828 3.22836690911 ;
2.11649826286 4.75929022947 2.86603709286 2.56790287787 4.3136187475 2.0965845088 3.46314097543 ;
2.37623486249 4.77158263118 2.70750780734 2.58606625283 3.37431821579 1.75938516704 3.2798221496 ;
3.00066014675 4.47851410157 3.49874936728 3.42894104788 4.70288579868 2.36807694204 3.50391868548 ;
0.0 4.7537062594 2.68446523759 2.49216839401 2.92331673849 1.6319418828 2.8783447546 ;
2.23666032133 4.60587025103 3.21825073892 4.21546259627 2.94354906358 4.00760429998 1.62453660673 ;
2.51248517999 4.50034989097 2.72911761848 2.72389718002 2.75627242524 1.54142038867 1.81989942016 ;
2.44860378463 4.77927399704 3.21587983066 4.50847474405 2.94850623978 3.85818502584 3.23108919786 ;
1.67607942729 4.74509504264 0.0 1.93350914094 2.26741084691 0.843504672805 2.73364397829 ;
2.4019246224 4.72469843513 2.752621057 2.53281338211 3.28103872348 0.0 3.21568853595 ;
1.50300707843 4.76809014603 2.56988956214 2.07060545842 0.0 0.930107566632 2.70822582861 ;
2.44182533599 4.77043204568 3.20260621106 4.49474815639 2.9277037554 3.85696583695 3.20285594569 ;
2.35826297597 4.74077899695 2.87292279964 2.63329156791 4.21221050456 1.91446198555 3.44464119584 ;
2.03198883722 4.76177568709 2.60192939027 2.24734713213 0.0 1.04769815767 3.1040692306 ;
0.0 4.75135785904 2.64672910311 2.32308430596 2.3147409066 1.46190941629 2.81054329418 ;
2.44174926375 4.79174142264 2.56875378432 2.66573794751 2.57575255464 1.62355713859 3.08776379121 ;
1.67607942729 4.74509504264 0.0 1.93350914094 2.26741084691 0.843504672805 2.73364397829 ;
2.39736051927 4.72466809088 2.75196824212 2.52217414516 3.26250638432 0.0 3.2049514277 ;
3.00296863871 4.46429291918 3.51241544393 3.39679685471 4.69893966104 2.34191785884 3.49681720686 ;
2.38872107126 4.56356858745 2.86056074811 3.07285063293 2.46949878696 2.24828758228 1.21240598864 ;
2.96397495275 4.43918885828 3.52132341965 3.35097253942 4.69692497029 2.36821958204 3.47813366349 ;
1.51138500441 4.77421283724 2.5737197646 2.09251443958 0.0 0.970857524803 3.0916787257 ;
1.6979405937 4.74819651588 0.0 1.94745911473 2.28779765745 0.84521621834 3.01424981712 ;
1.74981293528 4.69447690187 2.15692635216 2.58829940361 1.99358145636 1.54010753421 0.0 ;
2.58047420575 4.53336185802 3.03383068833 3.555467844 3.23862540393 2.39566981699 3.17143420122 ;
2.17979026144 4.77067725967 3.19928227715 4.50032993117 2.91373909578 3.85851211205 3.17180556006 ;
2.02950097092 4.81097351521 2.52742854336 2.39815344875 2.41815902679 1.538767535 3.04262012339 ;
2.076589691 4.72897565259 2.71040534434 2.42002466385 3.18431627967 0.0 3.17898875874 ;
2.02706714964 4.74380109529 2.8411466162 2.53354926393 4.22281003521 1.95914277706 3.43091143025 ;
2.18277708703 4.76923695063 3.19746504188 4.4970693713 2.91083196628 3.85813144147 3.17120057514 ;
1.6979405937 4.74819651588 0.0 1.94745911473 2.28779765745 0.84521621834 3.01424981712 ;
2.02754069135 4.81235550651 2.66792858978 2.49484566495 2.30400638299 1.5338997242 3.04440576781 ;
2.47328873796 4.54383639493 2.7334224623 3.27500248018 3.3223119677 2.30598233505 3.13346546729 ;
2.96308597016 4.43814141782 3.52237907039 3.3478135693 4.69528291986 2.36776781391 3.4793521383 ;
1.53039938232 4.75637027331 2.58200334552 2.09515463634 0.0 0.994533256019 3.07985617543 ;
1.74981293528 4.69447690187 2.15692635216 2.58829940361 1.99358145636 1.54010753421 0.0 ;
2.06751567005 4.7495199065 2.84422519025 2.57439806664 4.21730323271 1.95209723383 3.42835498303 ;
2.08141656888 4.73060020719 2.71029413411 2.42161233992 3.19700279871 0.0 3.18165657006 ;
0.0 4.74738819599 2.67693119453 2.49678113887 2.9085222696 1.64489910445 2.86457995146 ;
1.51880057966 4.75470167771 2.57829825452 2.06236681868 0.0 0.952429419912 2.72297590324 ;
2.84706673993 4.62115228404 3.0761241178 3.73630199946 3.44535958645 1.07084593484 3.24387400101 ;
2.42623653979 4.77323389986 3.21237046981 4.50171178549 2.93554336238 3.86319775933 3.20504518663 ;
1.37660313598 4.75664157596 0.0 1.37134186363 1.47321001013 0.837873382841 0.824862399049 ;
1.72048453256 4.74338297046 0.0 2.01686497862 2.38517166064 0.844339657179 3.01667021245 ;
2.32150866273 4.73826736023 2.68012562599 2.3687221537 4.0473132066 1.25187520628 3.36454195515 ;
3.00531526669 4.47087912487 3.50260590847 3.40472690487 4.70845058407 2.39504886743 3.49835766555 ;
2.19927282923 4.76686109095 2.63691571499 2.26592354652 2.36800633404 1.17772012051 2.47630521495 ;
2.09137275203 4.72959147086 2.71638042502 2.43845345043 3.22530902794 0.0 3.20511536131 ;
2.19423685581 4.77053211445 3.1950272699 4.49639858828 2.91517773935 3.85557053949 3.18204994686 ;
1.48988037905 4.76871040342 2.57162090507 2.08727133705 0.0 0.946155047343 2.69746309716 ;
1.60456437572 4.62300209605 0.0 2.13149020328 2.23805266077 1.24881105539 1.14414044962 ;
2.96417652917 4.4303206993 3.52278797962 3.33663247226 4.68727340591 2.33626769074 3.479471703 ;
2.08740523414 4.74322549062 2.87834841377 2.64305431261 4.27256459761 1.95116817775 3.45151170603 ;
1.6921177293 4.7724761814 0.0 1.88910897623 2.27399485189 0.752608756123 3.09011351964 ;
2.100576028 4.5505049613 2.84457708999 2.99653125133 2.65008653836 2.27698683327 1.29313959794 ;
2.12427765795 4.79525846049 2.58500246126 2.59704222219 2.54204313166 1.59718938616 3.09519185434 ;
2.05214999498 4.80420471752 2.677568848 2.55229203226 2.36294537518 1.5427872583 3.04580285306 ;
2.48411868538 4.50203690226 2.69441223872 3.23375537463 3.2562872291 2.38506871542 3.11703133799 ;
2.18384674382 4.76931129358 3.1977539811 4.49689353777 2.91496884144 3.85884567315 3.17124798304 ;
2.96602223782 4.43019402244 3.52113687578 3.33823349967 4.68828586305 2.36213792572 3.47231413211 ;
1.52940591315 4.75731940306 2.58184178793 2.08546368456 0.0 0.999481182666 3.08447955494 ;
2.08071809993 4.73027216542 2.71010364164 2.42483584609 3.19064692833 0.0 3.17960667011 ;
1.6979405937 4.74819651588 0.0 1.94745911473 2.28779765745 0.84521621834 3.01424981712 ;
1.74981293528 4.69447690187 2.15692635216 2.58829940361 1.99358145636 1.54010753421 0.0 ;
2.08646865656 4.75421600324 2.86544815487 2.61243013729 4.25263754677 1.97016687625 3.44222493203 ;
2.18374921054 4.52189417947 2.73276890128 2.56228606927 2.57746509184 1.62706050131 1.42994694643 ;
2.9612871616 4.4346778704 3.52000247713 3.34298111364 4.69129862693 2.3400581767 3.48259357368 ;
1.67607942729 4.74509504264 0.0 1.93350914094 2.26741084691 0.843504672805 2.73364397829 ;
2.09929175387 4.79696355486 2.56606242308 2.58538250174 2.4830616717 1.58660908927 3.08409781566 ;
2.48490043027 4.78092431728 3.21534056876 4.51044409279 2.9502509261 3.85742699887 3.24298214534 ;
2.09212297607 4.73012206729 2.71417021502 2.43799885788 3.21880638877 0.0 3.20518284143 ;
1.48561018829 4.76772769774 2.57579417103 2.08672000279 0.0 0.950304850182 2.69508975329 ;
2.08940588497 4.74617776997 2.87045212464 2.6183560101 4.22852338863 1.93002647337 3.44216835076 ;
1.18056809609 4.68723325774 3.11759783151 4.35510701233 2.82949174752 3.90069741568 2.22262739399 ;
1.52940591315 4.75731940306 2.58184178793 2.08546368456 0.0 0.999481182666 3.08447955494 ;
2.07258456466 4.75169869301 2.853558286 2.5900614872 4.23035865163 1.95667959957 3.43424891442 ;
2.18277708703 4.76923695063 3.19746504188 4.4970693713 2.91083196628 3.85813144147 3.17120057514 ;
2.96266369326 4.43601280612 3.52252330059 3.3424658814 4.69448042572 2.36702983315 3.47823602628 ;
1.6979405937 4.74819651588 0.0 1.94745911473 2.28779765745 0.84521621834 3.01424981712 ;
2.03579888137 4.80562453031 2.67174510436 2.53089416646 2.34870973455 1.53954712247 3.04483700219 ;
2.50799687492 4.52264219742 2.71390773591 3.27211562175 3.27817084645 2.36967217301 3.12158040515 ;
2.08071809993 4.73027216542 2.71010364164 2.42483584609 3.19064692833 0.0 3.17960667011 ;
1.74981293528 4.69447690187 2.15692635216 2.58829940361 1.99358145636 1.54010753421 0.0 ;
2.4397288212 4.76940228553 3.20191287328 4.49451121333 2.92055579142 3.85733544898 3.20082445491 ;
2.39550253734 4.74639680115 2.91513322326 2.78024915706 4.32770838936 1.5046795676 3.46315493764 ;
2.33892641611 4.52486103926 2.90863733393 3.05025579152 2.83063597157 2.04774297939 1.53569835085 ;
2.96528319195 4.4074845003 3.50922624976 3.31698458619 4.66819855155 2.00322390413 3.44245050152 ;
0.0 4.74903189988 2.64747197449 2.31507367043 2.30675904141 1.45686834933 2.81074203915 ;
1.6921177293 4.7724761814 0.0 1.88910897623 2.27399485189 0.752608756123 3.09011351964 ;
2.03350837818 4.75886388523 2.59155917996 2.2301602307 0.0 1.02317109315 2.76235011075 ;
1.60456437572 4.62300209605 0.0 2.13149020328 2.23805266077 1.24881105539 1.14414044962 ;
2.45685995978 4.80058050334 2.59306145724 2.53312290075 2.62667449878 0.876330708947 3.12601106632 ;
0.0 4.75219399775 2.64639405152 2.35506444563 2.39652951626 1.48930224687 3.06508306422 ;
2.96208328713 4.43906408363 3.51993296466 3.35322308122 4.6957051236 2.33697256503 3.47809400069 ;
2.34867717736 4.73234486081 2.73582702164 2.45924429983 2.83287723042 0.0 3.18974963662 ;
2.43071587629 4.77298098041 3.20855999738 4.49900848522 2.93788655671 3.85967496149 3.19869587417 ;
2.72796694643 4.71436435347 2.92353453627 3.04019163377 3.25005782315 1.85970499567 3.36701502691 ;
2.2386630037 4.7413134225 2.53161394919 2.56770464012 1.76295098113 1.95905216747 2.98134175465 ;
1.74981293528 4.69447690187 2.15692635216 2.58829940361 1.99358145636 1.54010753421 0.0 ;
1.6979405937 4.74819651588 0.0 1.94745911473 2.28779765745 0.84521621834 3.01424981712 ;
2.29662386745 4.73772955219 2.83547975643 2.55869850946 4.21003969925 1.86063667909 3.3937696318 ;
2.34457015535 4.80133385492 2.53495768274 2.40993134322 2.05006290689 1.57284014956 3.09005637618 ;
2.43297968609 4.77414306414 3.21207178048 4.5031893277 2.93970154361 3.8617945623 3.20463970619 ;
2.34819526083 4.73240856896 2.73169500239 2.45780670856 2.82723404869 0.0 3.18986883985 ;
1.6953431169 4.74987866348 0.0 1.94530069951 2.28206350855 0.84063763859 3.02071854116 ;
2.96635386217 4.4306744648 3.52607640248 3.3377743612 4.6899067316 2.36241600725 3.47234968936 ;
2.16888108404 4.66184232268 2.09234947643 2.60086333862 2.1414813202 1.67381621871 0.165460810351 ;
0.0 4.75135785904 2.64672910311 2.32308430596 2.3147409066 1.46190941629 2.81054329418 ;
2.41407598545 4.49451533045 2.98360665493 3.69141940119 2.58023076989 2.60473458729 3.08254558363 ;
2.47652249488 4.75889642911 2.92284133916 2.75949001262 4.26769145054 1.97786745857 3.4754269421 ;
2.09448102883 4.74998335732 2.8787202002 2.64674042169 4.25110696651 1.94423494094 3.44120583498 ;
2.16763735945 4.76924883455 3.19413690262 4.49691279043 2.90783575808 3.85725910937 3.03230523563 ;
1.48561018829 4.76772769774 2.57579417103 2.08672000279 0.0 0.950304850182 2.69508975329 ;
2.52596479787 4.71748601489 2.69873258886 2.91300596209 2.72070667473 1.95228495841 3.05387099787 ;
2.10050072776 4.73004566701 2.71447466099 2.44078841401 3.22059043179 0.0 3.21374782996 ;
1.2574506881 4.67670015621 2.55989778856 2.13620550313 2.19654231638 1.30420023552 1.58984683631 ;
2.96265160732 4.42809805119 3.52328819178 3.33656383305 4.68411820129 2.33776712003 3.47755036937 ;
1.3694733019 4.77383664965 0.0 1.7127257713 0.730974468125 0.766523234299 1.94281672442 ;
1.78791526811 4.73461142369 0.0 2.01404077987 2.82783231294 0.871583967997 3.02210146023 ;
2.4019246224 4.72469843513 2.752621057 2.53281338211 3.28103872348 0.0 3.21568853595 ;
1.67607942729 4.74509504264 0.0 1.93350914094 2.26741084691 0.843504672805 2.73364397829 ;
2.45496169899 4.78262570446 3.21726628448 4.5129434643 2.95005232019 3.85696570371 3.23328822502 ;
2.45189720838 4.77399055124 2.82680576919 2.75936074649 3.53788290331 1.82474289195 3.33304790015 ;
2.96749182068 4.42830522023 3.51857011498 3.33649523763 4.68650756483 2.33761375504 3.47757891696 ;
2.03350837818 4.75886388523 2.59155917996 2.2301602307 0.0 1.02317109315 2.76235011075 ;
0.0 4.75135785904 2.64672910311 2.32308430596 2.3147409066 1.46190941629 2.81054329418 ;
2.48288962532 4.58299443896 2.46079188216 2.47501644351 2.75121767127 1.50452616593 1.92266831905 ;
2.2386900779 4.60251642646 3.17114341429 4.20016331631 2.84736251079 3.98799008282 1.73931678873 ;
1.95500004932 4.76663494129 2.75802215248 2.48452327149 3.41856316384 1.76399449334 3.29489090301 ;
1.52940591315 4.75731940306 2.58184178793 2.08546368456 0.0 0.999481182666 3.08447955494 ;
2.18959035907 4.77004596871 3.19742426329 4.49692348413 2.91495021888 3.85685547486 3.18133317882 ;
2.99292981642 4.4807514312 3.50012878108 3.4313870024 4.70704152064 2.36392950688 3.50361485637 ;
1.69740551365 4.78829642315 0.0 1.91872774132 1.7641328052 0.58021630043 3.0187708153 ;
2.38589609356 4.60333704334 2.64208335315 2.92641781586 2.98329360534 2.09254755136 2.94810053284 ;
1.74981293528 4.69447690187 2.15692635216 2.58829940361 1.99358145636 1.54010753421 0.0 ;
1.69942544083 4.63691927323 0.0 2.02718867595 3.74096762247 1.58059099054 3.00170404716 ;
2.08071809993 4.73027216542 2.71010364164 2.42483584609 3.19064692833 0.0 3.17960667011 ;
2.42378362507 4.77215372627 3.21188021106 4.50067122655 2.93336982692 3.86686425754 3.19533766168 ;
2.81923909168 4.58308679653 3.07173794358 3.68221190043 3.37792536185 1.12128489178 3.17399193272 ;
0.0 4.75219399775 2.64639405152 2.35506444563 2.39652951626 1.48930224687 3.06508306422 ;
2.03396943948 4.75369671018 2.60715897777 2.20858340815 0.0 1.0325081485 3.08604378303 ;
1.74981293528 4.69447690187 2.15692635216 2.58829940361 1.99358145636 1.54010753421 0.0 ;
3.00333306526 4.45954279984 3.50552259693 3.39382701623 4.70746924654 2.39044133326 3.49260779447 ;
2.32811492802 4.74061320989 2.80430692091 2.50016303933 4.16793218314 1.45449963787 3.41083330405 ;
1.6979405937 4.74819651588 0.0 1.94745911473 2.28779765745 0.84521621834 3.01424981712 ;
2.22905238066 4.81148361728 2.48805190664 2.04191645855 2.38386724023 0.723457940211 3.0607071932 ;
0.0 4.73847826379 3.08856832888 4.45319532312 2.78325532575 3.81829644221 2.72502100595 ;
2.51179621475 4.73607411375 2.80621312417 2.73076328676 2.89404369398 0.750802008893 3.1743948963 ;
3.00504905126 4.45816125445 3.50588368093 3.39138046152 4.70079390953 2.37905553163 3.4949668353 ;
0.0 4.75139199571 2.54883017371 1.83692832193 2.20020080061 0.928785273712 2.82991172168 ;
2.25987305289 4.74500111881 2.75675591891 2.55064330218 4.24836402731 1.46989286217 3.42704767194 ;
2.4397288212 4.76940228553 3.20191287328 4.49451121333 2.92055579142 3.85733544898 3.20082445491 ;
2.03350837818 4.75886388523 2.59155917996 2.2301602307 0.0 1.02317109315 2.76235011075 ;
1.67607942729 4.74509504264 0.0 1.93350914094 2.26741084691 0.843504672805 2.73364397829 ;
2.37727821871 4.61212231712 2.65382205863 2.81308167892 2.72347413912 2.152630268 1.45982170218 ;
