2.82723051422 4.57538287707 3.30375544873 3.83881463712 4.61802488436 1.91061463905 3.49244768068 ;
1.4795806167 4.75074564335 1.80911714029 1.91730634948 0.685751431247 0.763278603975 2.56645148479 ;
2.52241843375 4.64275511727 3.01105958786 3.99198483696 2.17510151884 2.14019864849 2.62106507359 ;
1.81164961802 4.77393999106 2.26062047114 2.18164371613 3.22681743117 0.978342349504 3.22378016026 ;
2.20238857779 4.78688091878 3.20399023212 4.56313849764 2.92638035035 3.85173762711 2.94850948278 ;
2.71614624694 4.62237331449 3.15679637909 3.40766089675 4.48049190991 1.72895974773 3.44758206477 ;
2.20863589507 4.77900953519 3.19457018159 4.54818566054 2.91358244362 3.84919314861 2.93550512457 ;
1.54915766656 4.75119673648 2.11215009984 2.40984267203 0.0 1.07967127425 2.86028918694 ;
2.29293175047 4.56197532202 2.66983416749 3.20065803898 2.82632372252 1.88312666945 1.7491170307 ;
1.79327579211 4.77895904512 2.19373127502 2.38138709932 2.88257323889 0.952239577468 3.17013347367 ;
2.12920829765 4.577483406 2.90486923979 3.24616100279 2.00925214604 2.15582030469 1.67871212048 ;
1.78130825421 4.78004719618 2.61830128963 2.31463166908 2.50946324372 0.937149044179 3.19316283368 ;
2.2037634049 4.78642001588 3.20716010636 4.56273976326 2.9139766373 3.85248732646 2.94623818296 ;
2.81698284422 4.60354587405 3.24270614449 3.89975073603 4.32574243608 1.99466117457 3.41622406674 ;
1.69983714904 4.71127056133 0.0 1.92874510398 2.02419095737 0.882567565046 2.82769530617 ;
2.20863589507 4.77900953519 3.19457018159 4.54818566054 2.91358244362 3.84919314861 2.93550512457 ;
2.71614624694 4.62237331449 3.15679637909 3.40766089675 4.48049190991 1.72895974773 3.44758206477 ;
1.79327579211 4.77895904512 2.19373127502 2.38138709932 2.88257323889 0.952239577468 3.17013347367 ;
1.54915766656 4.75119673648 2.11215009984 2.40984267203 0.0 1.07967127425 2.86028918694 ;
2.29293175047 4.56197532202 2.66983416749 3.20065803898 2.82632372252 1.88312666945 1.7491170307 ;
2.22763000474 4.77604755831 3.19414222 4.54457881394 2.91844131608 3.84639289122 3.16002035744 ;
1.79805100103 4.76550846964 2.20361995225 2.12114104634 3.13677552144 0.956636394004 3.16112133242 ;
1.58105675867 4.7553678432 2.10935362354 2.41502646275 0.0 1.06621591451 3.0108307231 ;
1.8619883751 4.66751305778 2.68471183197 3.3458596164 2.40319059085 2.35570625637 0.0 ;
2.7807344752 4.60972939918 3.20459283555 3.89712192063 4.07131872916 1.89226697933 3.37799894262 ;
2.20238857779 4.78688091878 3.20399023212 4.56313849764 2.92638035035 3.85173762711 2.94850948278 ;
1.81374806521 4.77426121867 2.26235079767 2.18880207422 3.22723539659 0.978421907013 3.22349153104 ;
1.4795806167 4.75074564335 1.80911714029 1.91730634948 0.685751431247 0.763278603975 2.56645148479 ;
2.82804211422 4.57610295001 3.30277836458 3.83986356285 4.61506300383 1.91182188615 3.49072826923 ;
2.52066051036 4.63989722198 3.01344298258 3.98845163665 2.15764749723 2.14985306418 2.61494070641 ;
1.54915766656 4.75119673648 2.11215009984 2.40984267203 0.0 1.07967127425 2.86028918694 ;
2.20863589507 4.77900953519 3.19457018159 4.54818566054 2.91358244362 3.84919314861 2.93550512457 ;
2.2844570434 4.56430040139 2.66356567805 3.19700389108 2.81581045227 1.88044839533 1.73315238662 ;
2.71273926704 4.62315828367 3.15252429649 3.39501265379 4.4690558022 1.71688058781 3.44649631154 ;
1.78733755394 4.77936095685 2.18746276579 2.3812334721 2.87425824136 0.954717652472 3.16861175056 ;
2.81688538206 4.6033056625 3.24000590264 3.90211368371 4.3117159366 2.00284918165 3.41452460168 ;
1.69983714904 4.71127056133 0.0 1.92874510398 2.02419095737 0.882567565046 2.82769530617 ;
2.20300998469 4.78606972493 3.2081850476 4.56262999915 2.91358024225 3.85269751033 2.9449218955 ;
2.10772626872 4.58524902282 2.90800977672 3.24578438963 1.98467852739 2.14522404565 1.65048161288 ;
1.78146736801 4.77936201856 2.61684542134 2.3101950173 2.51127674088 0.93581789231 3.19419121761 ;
2.82804211422 4.57610295001 3.30277836458 3.83986356285 4.61506300383 1.91182188615 3.49072826923 ;
1.81223306725 4.77400904222 2.26774070609 2.18788820667 3.22319183077 0.977887968742 3.22517179129 ;
2.20181379945 4.7868387902 3.20217859932 4.56329308622 2.92659188464 3.85179889567 2.94916935918 ;
1.48391844124 4.7508820523 1.79922028778 1.92567308256 0.691434852746 0.765026833036 2.56249266774 ;
2.525577344 4.63919832319 3.01590327592 3.98676608867 2.15325329678 2.14674108482 2.60937581076 ;
1.31809380209 4.73157609955 1.7633328859 2.0385586868 3.05657053086 1.0495831434 2.93239940077 ;
2.19717831677 4.77497045767 3.19130928361 4.54223730768 2.91632453226 3.85032527366 2.92600221681 ;
2.68968923953 4.60444951386 3.18790590682 3.41819643615 4.56912839153 2.27152618548 3.48831552465 ;
1.54915766656 4.75119673648 2.11215009984 2.40984267203 0.0 1.07967127425 2.86028918694 ;
2.57601830202 4.7273369916 2.89883103372 3.1424111553 3.12583108118 0.967381283608 3.02527821328 ;
2.20238857779 4.78688091878 3.20399023212 4.56313849764 2.92638035035 3.85173762711 2.94850948278 ;
2.52066051036 4.63989722198 3.01344298258 3.98845163665 2.15764749723 2.14985306418 2.61494070641 ;
1.81423216206 4.7742036305 2.25881307824 2.18532225392 3.22235309842 0.976599887517 3.22406179493 ;
1.47569088673 4.75069189108 1.81390780034 1.92344162656 0.676722138975 0.765895178903 2.55971925924 ;
2.82804211422 4.57610295001 3.30277836458 3.83986356285 4.61506300383 1.91182188615 3.49072826923 ;
1.41777615748 4.71316142612 1.83375378524 2.30425896184 3.08491600926 1.24240845715 2.63761221681 ;
2.19815337157 4.77178222718 3.18861442803 4.53347467702 2.9078176973 3.84616307798 2.92316550443 ;
1.54915766656 4.75119673648 2.11215009984 2.40984267203 0.0 1.07967127425 2.86028918694 ;
2.49062998711 4.74832430984 2.81842347068 2.89720080049 3.09915848515 0.773687529141 3.24947650228 ;
2.68717209612 4.59794477408 3.20319019659 3.44853129786 4.58146437523 2.28840835224 3.48348366113 ;
1.54915766656 4.75119673648 2.11215009984 2.40984267203 0.0 1.07967127425 2.86028918694 ;
2.63124469833 4.69989275319 2.97093489335 3.37399986567 3.14487082527 1.16652016619 2.88484283772 ;
2.19604777384 4.7766522195 3.1910781473 4.54442008282 2.9218559931 3.84996037031 2.93953001068 ;
1.47467650862 4.7530401949 1.89637132757 2.01569491068 3.04317659535 0.86679935842 3.06353518738 ;
2.69940272609 4.60776362386 3.18415214648 3.42616494386 4.56173844176 2.27046319613 3.48717810731 ;
1.78146736801 4.77936201856 2.61684542134 2.3101950173 2.51127674088 0.93581789231 3.19419121761 ;
2.20300998469 4.78606972493 3.2081850476 4.56262999915 2.91358024225 3.85269751033 2.9449218955 ;
1.69983714904 4.71127056133 0.0 1.92874510398 2.02419095737 0.882567565046 2.82769530617 ;
2.10772626872 4.58524902282 2.90800977672 3.24578438963 1.98467852739 2.14522404565 1.65048161288 ;
2.81688538206 4.6033056625 3.24000590264 3.90211368371 4.3117159366 2.00284918165 3.41452460168 ;
2.64217438162 4.64536768589 3.05728315373 3.78777679597 3.25648773101 1.5337672348 2.75423043282 ;
1.54915766656 4.75119673648 2.11215009984 2.40984267203 0.0 1.07967127425 2.86028918694 ;
1.69901063101 4.76521735337 2.07213434071 2.07245392308 3.01632496915 0.789921343875 3.1035669115 ;
2.71372659032 4.60418690834 3.21043710008 3.46888150324 4.58661348712 2.29258824138 3.49400540194 ;
2.20889948558 4.78629834807 3.2001146652 4.56046128744 2.93149231972 3.85294311185 2.94585651105 ;
2.13255110525 4.57884284635 2.90960869809 3.24906117006 2.00074410068 2.16066236093 1.67128208403 ;
2.81698284422 4.60354587405 3.24270614449 3.89975073603 4.32574243608 1.99466117457 3.41622406674 ;
2.2037634049 4.78642001588 3.20716010636 4.56273976326 2.9139766373 3.85248732646 2.94623818296 ;
1.69983714904 4.71127056133 0.0 1.92874510398 2.02419095737 0.882567565046 2.82769530617 ;
1.78117546536 4.77950379659 2.61781901289 2.31541219149 2.5103492336 0.937973396721 3.19240367877 ;
2.20181379945 4.7868387902 3.20217859932 4.56329308622 2.92659188464 3.85179889567 2.94916935918 ;
1.81223306725 4.77400904222 2.26774070609 2.18788820667 3.22319183077 0.977887968742 3.22517179129 ;
2.82804211422 4.57610295001 3.30277836458 3.83986356285 4.61506300383 1.91182188615 3.49072826923 ;
1.48391844124 4.7508820523 1.79922028778 1.92567308256 0.691434852746 0.765026833036 2.56249266774 ;
2.525577344 4.63919832319 3.01590327592 3.98676608867 2.15325329678 2.14674108482 2.60937581076 ;
1.47569088673 4.75069189108 1.81390780034 1.92344162656 0.676722138975 0.765895178903 2.55971925924 ;
2.20238857779 4.78688091878 3.20399023212 4.56313849764 2.92638035035 3.85173762711 2.94850948278 ;
1.81423216206 4.7742036305 2.25881307824 2.18532225392 3.22235309842 0.976599887517 3.22406179493 ;
2.82804211422 4.57610295001 3.30277836458 3.83986356285 4.61506300383 1.91182188615 3.49072826923 ;
2.52066051036 4.63989722198 3.01344298258 3.98845163665 2.15764749723 2.14985306418 2.61494070641 ;
2.82859299219 4.57652077282 3.30428906106 3.84161089343 4.61467347398 1.92083313283 3.49086321919 ;
1.81156003236 4.77430144739 2.26621806399 2.1890109956 3.22714869618 0.977842612959 3.22497222953 ;
2.20238857779 4.78688091878 3.20399023212 4.56313849764 2.92638035035 3.85173762711 2.94850948278 ;
2.51839611014 4.63954810425 3.00978442034 3.98644693462 2.14692255467 2.13708013693 2.61069710803 ;
1.48608935326 4.75074556985 1.80182231311 1.91790827174 0.696203865545 0.76551259722 2.56560806314 ;
1.54915766656 4.75119673648 2.11215009984 2.40984267203 0.0 1.07967127425 2.86028918694 ;
2.20870374382 4.77534436772 3.19286155961 4.54078322485 2.91153665798 3.84852891819 2.92246731369 ;
2.7002970418 4.5940902087 3.21248489246 3.44440933612 4.60270066253 2.30018558903 3.49362826983 ;
2.49130974885 4.74845433876 2.8205140297 2.91145741554 3.11213063512 0.806217541965 3.24656502121 ;
1.40706075694 4.70917749436 1.84301908356 2.31968339914 3.08014444058 1.25352992148 2.64254012821 ;
2.71201236807 4.62273336591 3.1536973374 3.39627571653 4.4711548751 1.7206210684 3.44647583832 ;
1.54915766656 4.75119673648 2.11215009984 2.40984267203 0.0 1.07967127425 2.86028918694 ;
2.20863589507 4.77900953519 3.19457018159 4.54818566054 2.91358244362 3.84919314861 2.93550512457 ;
1.79051475144 4.78038139596 2.19213079886 2.38287691999 2.87310665285 0.954717652472 3.16938286976 ;
2.27644679341 4.56180000162 2.64259271996 3.18675138832 2.82631958973 1.86564171506 1.74331706681 ;
2.40048535135 4.65034137551 3.02934481851 4.05947722866 2.34628620181 2.37190784692 2.32228759912 ;
2.70133247641 4.63246942994 3.10942389124 3.29389837857 4.42012987732 1.65987203958 3.45339732587 ;
1.69983714904 4.71127056133 0.0 1.92874510398 2.02419095737 0.882567565046 2.82769530617 ;
1.51137289636 4.78800917992 2.54845809712 2.11154781601 2.10904090937 0.814636352487 2.99217933163 ;
2.2476271352 4.79108557174 3.20391406236 4.56904261024 2.94789986369 3.85481493382 3.1944749752 ;
2.20238857779 4.78688091878 3.20399023212 4.56313849764 2.92638035035 3.85173762711 2.94850948278 ;
2.52241843375 4.64275511727 3.01105958786 3.99198483696 2.17510151884 2.14019864849 2.62106507359 ;
2.82723051422 4.57538287707 3.30375544873 3.83881463712 4.61802488436 1.91061463905 3.49244768068 ;
1.81164961802 4.77393999106 2.26062047114 2.18164371613 3.22681743117 0.978342349504 3.22378016026 ;
1.4795806167 4.75074564335 1.80911714029 1.91730634948 0.685751431247 0.763278603975 2.56645148479 ;
2.20863589507 4.77900953519 3.19457018159 4.54818566054 2.91358244362 3.84919314861 2.93550512457 ;
1.79329212024 4.77832118003 2.19365047398 2.37455882774 2.88833305132 0.952519478873 3.16814518726 ;
2.72073031678 4.62240205479 3.16234403753 3.42057306703 4.48564933499 1.73071838297 3.45120515078 ;
1.54915766656 4.75119673648 2.11215009984 2.40984267203 0.0 1.07967127425 2.86028918694 ;
2.29446963798 4.56273001552 2.66954151997 3.20321688342 2.82052365048 1.88663372854 1.76280703219 ;
1.81156003236 4.77430144739 2.26621806399 2.1890109956 3.22714869618 0.977842612959 3.22497222953 ;
2.82804211422 4.57610295001 3.30277836458 3.83986356285 4.61506300383 1.91182188615 3.49072826923 ;
2.20238857779 4.78688091878 3.20399023212 4.56313849764 2.92638035035 3.85173762711 2.94850948278 ;
2.52066051036 4.63989722198 3.01344298258 3.98845163665 2.15764749723 2.14985306418 2.61494070641 ;
1.48608935326 4.75074556985 1.80182231311 1.91790827174 0.696203865545 0.76551259722 2.56560806314 ;
2.22914054836 4.77808700469 3.19516792981 4.54822411508 2.91889184583 3.84692169908 3.16544089403 ;
1.58105675867 4.7553678432 2.10935362354 2.41502646275 0.0 1.06621591451 3.0108307231 ;
1.79805100103 4.76550846964 2.20361995225 2.12114104634 3.13677552144 0.956636394004 3.16112133242 ;
2.7784222271 4.60852176748 3.20378820455 3.89569753337 4.0685579949 1.89596014464 3.37340553821 ;
1.8619883751 4.66751305778 2.68471183197 3.3458596164 2.40319059085 2.35570625637 0.0 ;
2.82804211422 4.57610295001 3.30277836458 3.83986356285 4.61506300383 1.91182188615 3.49072826923 ;
2.52066051036 4.63989722198 3.01344298258 3.98845163665 2.15764749723 2.14985306418 2.61494070641 ;
2.20238857779 4.78688091878 3.20399023212 4.56313849764 2.92638035035 3.85173762711 2.94850948278 ;
1.47569088673 4.75069189108 1.81390780034 1.92344162656 0.676722138975 0.765895178903 2.55971925924 ;
1.81423216206 4.7742036305 2.25881307824 2.18532225392 3.22235309842 0.976599887517 3.22406179493 ;
2.20863589507 4.77900953519 3.19457018159 4.54818566054 2.91358244362 3.84919314861 2.93550512457 ;
1.78167088008 4.77829200809 2.18995992829 2.39119143265 2.87497579832 0.958893349541 3.16915962324 ;
1.54915766656 4.75119673648 2.11215009984 2.40984267203 0.0 1.07967127425 2.86028918694 ;
2.29639137077 4.56965509256 2.65180319786 3.14125382703 2.82964466702 1.8589791654 1.75236584572 ;
2.71820282141 4.62322580899 3.15489351855 3.39928245252 4.47153152122 1.71706079624 3.44793857439 ;
1.69983714904 4.71127056133 0.0 1.92874510398 2.02419095737 0.882567565046 2.82769530617 ;
2.81688538206 4.6033056625 3.24000590264 3.90211368371 4.3117159366 2.00284918165 3.41452460168 ;
2.20300998469 4.78606972493 3.2081850476 4.56262999915 2.91358024225 3.85269751033 2.9449218955 ;
1.78146736801 4.77936201856 2.61684542134 2.3101950173 2.51127674088 0.93581789231 3.19419121761 ;
2.10772626872 4.58524902282 2.90800977672 3.24578438963 1.98467852739 2.14522404565 1.65048161288 ;
1.81191966476 4.77420372206 2.26652233789 2.18527548195 3.22483982473 0.977685025481 3.22516017919 ;
1.48391844124 4.7508820523 1.79922028778 1.92567308256 0.691434852746 0.765026833036 2.56249266774 ;
2.82804211422 4.57610295001 3.30277836458 3.83986356285 4.61506300383 1.91182188615 3.49072826923 ;
2.52313637432 4.63929384545 3.01574567774 3.98553188961 2.15373354599 2.14190270526 2.61224493827 ;
2.20181379945 4.7868387902 3.20217859932 4.56329308622 2.92659188464 3.85179889567 2.94916935918 ;
2.525577344 4.63919832319 3.01590327592 3.98676608867 2.15325329678 2.14674108482 2.60937581076 ;
2.20181379945 4.7868387902 3.20217859932 4.56329308622 2.92659188464 3.85179889567 2.94916935918 ;
2.82804211422 4.57610295001 3.30277836458 3.83986356285 4.61506300383 1.91182188615 3.49072826923 ;
1.81454057422 4.77400961186 2.26004039809 2.1879260275 3.22071492232 0.976803984007 3.22407523243 ;
1.47569088673 4.75069189108 1.81390780034 1.92344162656 0.676722138975 0.765895178903 2.55971925924 ;
1.4795806167 4.75074564335 1.80911714029 1.91730634948 0.685751431247 0.763278603975 2.56645148479 ;
2.52241843375 4.64275511727 3.01105958786 3.99198483696 2.17510151884 2.14019864849 2.62106507359 ;
2.82723051422 4.57538287707 3.30375544873 3.83881463712 4.61802488436 1.91061463905 3.49244768068 ;
1.81164961802 4.77393999106 2.26062047114 2.18164371613 3.22681743117 0.978342349504 3.22378016026 ;
2.20238857779 4.78688091878 3.20399023212 4.56313849764 2.92638035035 3.85173762711 2.94850948278 ;
2.81688538206 4.6033056625 3.24000590264 3.90211368371 4.3117159366 2.00284918165 3.41452460168 ;
1.78146736801 4.77936201856 2.61684542134 2.3101950173 2.51127674088 0.93581789231 3.19419121761 ;
2.20300998469 4.78606972493 3.2081850476 4.56262999915 2.91358024225 3.85269751033 2.9449218955 ;
2.10772626872 4.58524902282 2.90800977672 3.24578438963 1.98467852739 2.14522404565 1.65048161288 ;
1.69983714904 4.71127056133 0.0 1.92874510398 2.02419095737 0.882567565046 2.82769530617 ;
1.69983714904 4.71127056133 0.0 1.92874510398 2.02419095737 0.882567565046 2.82769530617 ;
2.20300998469 4.78606972493 3.2081850476 4.56262999915 2.91358024225 3.85269751033 2.9449218955 ;
2.81688538206 4.6033056625 3.24000590264 3.90211368371 4.3117159366 2.00284918165 3.41452460168 ;
2.10772626872 4.58524902282 2.90800977672 3.24578438963 1.98467852739 2.14522404565 1.65048161288 ;
1.78146736801 4.77936201856 2.61684542134 2.3101950173 2.51127674088 0.93581789231 3.19419121761 ;
2.20863589507 4.77900953519 3.19457018159 4.54818566054 2.91358244362 3.84919314861 2.93550512457 ;
2.7231693553 4.62268438527 3.16097961365 3.4154488824 4.48091411137 1.73081330651 3.45044608242 ;
2.272965017 4.56154832773 2.64066619677 3.17930593095 2.83514389457 1.86851736491 1.73110680298 ;
1.54915766656 4.75119673648 2.11215009984 2.40984267203 0.0 1.07967127425 2.86028918694 ;
1.79298301661 4.77842271795 2.19771057299 2.38135478725 2.88017668076 0.955646980185 3.16934136125 ;
2.20300998469 4.78606972493 3.2081850476 4.56262999915 2.91358024225 3.85269751033 2.9449218955 ;
1.69983714904 4.71127056133 0.0 1.92874510398 2.02419095737 0.882567565046 2.82769530617 ;
1.78146736801 4.77936201856 2.61684542134 2.3101950173 2.51127674088 0.93581789231 3.19419121761 ;
2.81688538206 4.6033056625 3.24000590264 3.90211368371 4.3117159366 2.00284918165 3.41452460168 ;
2.10772626872 4.58524902282 2.90800977672 3.24578438963 1.98467852739 2.14522404565 1.65048161288 ;
2.20181379945 4.7868387902 3.20217859932 4.56329308622 2.92659188464 3.85179889567 2.94916935918 ;
2.525577344 4.63919832319 3.01590327592 3.98676608867 2.15325329678 2.14674108482 2.60937581076 ;
1.81223306725 4.77400904222 2.26774070609 2.18788820667 3.22319183077 0.977887968742 3.22517179129 ;
1.48391844124 4.7508820523 1.79922028778 1.92567308256 0.691434852746 0.765026833036 2.56249266774 ;
2.82804211422 4.57610295001 3.30277836458 3.83986356285 4.61506300383 1.91182188615 3.49072826923 ;
1.77892966521 4.77950834989 2.61728963379 2.31294712349 2.51080769484 0.936941673665 3.19309602538 ;
2.20300998469 4.78606972493 3.2081850476 4.56262999915 2.91358024225 3.85269751033 2.9449218955 ;
2.81749459006 4.60473571381 3.24106277759 3.90182941573 4.31742765115 1.99819858091 3.41454303474 ;
2.13255110525 4.57884284635 2.90960869809 3.24906117006 2.00074410068 2.16066236093 1.67128208403 ;
1.69983714904 4.71127056133 0.0 1.92874510398 2.02419095737 0.882567565046 2.82769530617 ;
1.8619883751 4.66751305778 2.68471183197 3.3458596164 2.40319059085 2.35570625637 0.0 ;
2.22914054836 4.77808700469 3.19516792981 4.54822411508 2.91889184583 3.84692169908 3.16544089403 ;
2.7784222271 4.60852176748 3.20378820455 3.89569753337 4.0685579949 1.89596014464 3.37340553821 ;
1.58105675867 4.7553678432 2.10935362354 2.41502646275 0.0 1.06621591451 3.0108307231 ;
1.79805100103 4.76550846964 2.20361995225 2.12114104634 3.13677552144 0.956636394004 3.16112133242 ;
2.20863589507 4.77900953519 3.19457018159 4.54818566054 2.91358244362 3.84919314861 2.93550512457 ;
2.2844570434 4.56430040139 2.66356567805 3.19700389108 2.81581045227 1.88044839533 1.73315238662 ;
2.71273926704 4.62315828367 3.15252429649 3.39501265379 4.4690558022 1.71688058781 3.44649631154 ;
1.54915766656 4.75119673648 2.11215009984 2.40984267203 0.0 1.07967127425 2.86028918694 ;
1.78733755394 4.77936095685 2.18746276579 2.3812334721 2.87425824136 0.954717652472 3.16861175056 ;
2.20238857779 4.78688091878 3.20399023212 4.56313849764 2.92638035035 3.85173762711 2.94850948278 ;
1.81423216206 4.7742036305 2.25881307824 2.18532225392 3.22235309842 0.976599887517 3.22406179493 ;
1.47569088673 4.75069189108 1.81390780034 1.92344162656 0.676722138975 0.765895178903 2.55971925924 ;
2.52066051036 4.63989722198 3.01344298258 3.98845163665 2.15764749723 2.14985306418 2.61494070641 ;
2.82804211422 4.57610295001 3.30277836458 3.83986356285 4.61506300383 1.91182188615 3.49072826923 ;
1.88230345997 4.60572358386 2.40360924549 2.83626718058 2.25637778145 1.62151020622 0.079285703053 ;
2.74913785005 4.61069270122 3.19010751904 3.91918084826 4.01011884626 1.97527696405 3.34139482143 ;
1.58865799309 4.75853250387 2.1092740077 2.4153572634 0.0 1.07134195256 3.02434850373 ;
1.79962309845 4.76504951667 2.20816897557 2.10665247925 3.13247183984 0.962192202839 3.18281928794 ;
2.19442499576 4.78871263245 3.21077847974 4.56979778872 2.9175258082 3.85523665446 2.93848064435 ;
2.52066051036 4.63989722198 3.01344298258 3.98845163665 2.15764749723 2.14985306418 2.61494070641 ;
1.81423216206 4.7742036305 2.25881307824 2.18532225392 3.22235309842 0.976599887517 3.22406179493 ;
2.82804211422 4.57610295001 3.30277836458 3.83986356285 4.61506300383 1.91182188615 3.49072826923 ;
1.47569088673 4.75069189108 1.81390780034 1.92344162656 0.676722138975 0.765895178903 2.55971925924 ;
2.20238857779 4.78688091878 3.20399023212 4.56313849764 2.92638035035 3.85173762711 2.94850948278 ;
2.81698284422 4.60354587405 3.24270614449 3.89975073603 4.32574243608 1.99466117457 3.41622406674 ;
1.78130825421 4.78004719618 2.61830128963 2.31463166908 2.50946324372 0.937149044179 3.19316283368 ;
2.12920829765 4.577483406 2.90486923979 3.24616100279 2.00925214604 2.15582030469 1.67871212048 ;
2.2037634049 4.78642001588 3.20716010636 4.56273976326 2.9139766373 3.85248732646 2.94623818296 ;
1.69983714904 4.71127056133 0.0 1.92874510398 2.02419095737 0.882567565046 2.82769530617 ;
1.54915766656 4.75119673648 2.11215009984 2.40984267203 0.0 1.07967127425 2.86028918694 ;
2.69119668457 4.59765381317 3.20346178698 3.44595923813 4.58217111153 2.29019957236 3.48338565173 ;
2.1994740219 4.77295094544 3.18953555708 4.53581117142 2.90845252979 3.84727445704 2.92295370342 ;
1.41771188047 4.71309908841 1.83741737351 2.30988725758 3.08854368359 1.24375422355 2.64011888098 ;
2.4888621666 4.7473630428 2.81841734609 2.89867514588 3.09820026304 0.779290877493 3.2489625459 ;
1.54915766656 4.75119673648 2.11215009984 2.40984267203 0.0 1.07967127425 2.86028918694 ;
2.49130974885 4.74845433876 2.8205140297 2.91145741554 3.11213063512 0.806217541965 3.24656502121 ;
1.40706075694 4.70917749436 1.84301908356 2.31968339914 3.08014444058 1.25352992148 2.64254012821 ;
2.20870374382 4.77534436772 3.19286155961 4.54078322485 2.91153665798 3.84852891819 2.92246731369 ;
2.7002970418 4.5940902087 3.21248489246 3.44440933612 4.60270066253 2.30018558903 3.49362826983 ;
2.51839611014 4.63954810425 3.00978442034 3.98644693462 2.14692255467 2.13708013693 2.61069710803 ;
2.82859299219 4.57652077282 3.30428906106 3.84161089343 4.61467347398 1.92083313283 3.49086321919 ;
1.81156003236 4.77430144739 2.26621806399 2.1890109956 3.22714869618 0.977842612959 3.22497222953 ;
2.20238857779 4.78688091878 3.20399023212 4.56313849764 2.92638035035 3.85173762711 2.94850948278 ;
1.48608935326 4.75074556985 1.80182231311 1.91790827174 0.696203865545 0.76551259722 2.56560806314 ;
2.77896835284 4.60933662153 3.20341812753 3.90034896721 4.0749323129 1.89867172993 3.37300990818 ;
1.80075152916 4.76439572507 2.20707411588 2.12326752555 3.13492752762 0.957573924939 3.16209354302 ;
1.8619883751 4.66751305778 2.68471183197 3.3458596164 2.40319059085 2.35570625637 0.0 ;
1.58105675867 4.7553678432 2.10935362354 2.41502646275 0.0 1.06621591451 3.0108307231 ;
2.22914054836 4.77808700469 3.19516792981 4.54822411508 2.91889184583 3.84692169908 3.16544089403 ;
2.82804211422 4.57610295001 3.30277836458 3.83986356285 4.61506300383 1.91182188615 3.49072826923 ;
1.48391844124 4.7508820523 1.79922028778 1.92567308256 0.691434852746 0.765026833036 2.56249266774 ;
1.81191966476 4.77420372206 2.26652233789 2.18527548195 3.22483982473 0.977685025481 3.22516017919 ;
2.52066051036 4.63989722198 3.01344298258 3.98845163665 2.15764749723 2.14985306418 2.61494070641 ;
2.20238857779 4.78688091878 3.20399023212 4.56313849764 2.92638035035 3.85173762711 2.94850948278 ;
1.58105675867 4.7553678432 2.10935362354 2.41502646275 0.0 1.06621591451 3.0108307231 ;
2.77164374428 4.60749935775 3.20108213748 3.89587940176 4.06702910607 1.89855363807 3.37111520418 ;
1.8619883751 4.66751305778 2.68471183197 3.3458596164 2.40319059085 2.35570625637 0.0 ;
2.23528143141 4.77981708352 3.19670345901 4.55125529296 2.92176059617 3.84721345681 3.16631953159 ;
1.80033285365 4.76530536846 2.20636231293 2.12311245219 3.13593297759 0.959096300019 3.16235799929 ;
2.81688538206 4.6033056625 3.24000590264 3.90211368371 4.3117159366 2.00284918165 3.41452460168 ;
1.69983714904 4.71127056133 0.0 1.92874510398 2.02419095737 0.882567565046 2.82769530617 ;
2.20300998469 4.78606972493 3.2081850476 4.56262999915 2.91358024225 3.85269751033 2.9449218955 ;
2.10772626872 4.58524902282 2.90800977672 3.24578438963 1.98467852739 2.14522404565 1.65048161288 ;
1.78146736801 4.77936201856 2.61684542134 2.3101950173 2.51127674088 0.93581789231 3.19419121761 ;
1.78146736801 4.77936201856 2.61684542134 2.3101950173 2.51127674088 0.93581789231 3.19419121761 ;
2.81650688653 4.60458809187 3.24038215229 3.90179868537 4.3133763504 2.00225089919 3.41464113488 ;
2.20300998469 4.78606972493 3.2081850476 4.56262999915 2.91358024225 3.85269751033 2.9449218955 ;
1.69983714904 4.71127056133 0.0 1.92874510398 2.02419095737 0.882567565046 2.82769530617 ;
2.11427431629 4.58140251218 2.9093562447 3.25173498517 1.99715025278 2.14600374975 1.66348361574 ;
1.81347200918 4.76731367238 2.64456982989 2.54754048614 2.27226752785 0.986725737235 3.10269619798 ;
2.20884246379 4.76224437218 3.17604914396 4.51871701592 2.82157669216 3.83682986171 3.15197877599 ;
2.75002743645 4.61598529153 3.17989236897 3.43677826121 4.51026240904 1.81743128502 3.47464597924 ;
1.69983714904 4.71127056133 0.0 1.92874510398 2.02419095737 0.882567565046 2.82769530617 ;
1.93232230529 4.66771237216 2.99850931882 3.45953242541 2.44764384774 2.54020247071 0.0 ;
1.7956558336 4.76547383371 2.20141675066 2.1188677907 3.13783712849 0.954533637437 3.16027541283 ;
1.58105675867 4.7553678432 2.10935362354 2.41502646275 0.0 1.06621591451 3.0108307231 ;
2.23528143141 4.77981708352 3.19670345901 4.55125529296 2.92176059617 3.84721345681 3.16631953159 ;
1.8619883751 4.66751305778 2.68471183197 3.3458596164 2.40319059085 2.35570625637 0.0 ;
2.77371027829 4.60793773836 3.20340244624 3.89403361648 4.06064894976 1.900603481 3.37296962444 ;
1.8619883751 4.66751305778 2.68471183197 3.3458596164 2.40319059085 2.35570625637 0.0 ;
1.79882289116 4.76572450964 2.20267954736 2.11820857739 3.13770646818 0.956237135437 3.16176257831 ;
2.76956467267 4.60760960933 3.20174947436 3.89489651156 4.0608199811 1.89837364123 3.37102295897 ;
2.23528143141 4.77981708352 3.19670345901 4.55125529296 2.92176059617 3.84721345681 3.16631953159 ;
1.58105675867 4.7553678432 2.10935362354 2.41502646275 0.0 1.06621591451 3.0108307231 ;
1.79544463091 4.77904622661 2.19828493751 2.37743427507 2.88469474779 0.956625165903 3.1689856282 ;
2.20863589507 4.77900953519 3.19457018159 4.54818566054 2.91358244362 3.84919314861 2.93550512457 ;
1.54915766656 4.75119673648 2.11215009984 2.40984267203 0.0 1.07967127425 2.86028918694 ;
2.72073031678 4.62240205479 3.16234403753 3.42057306703 4.48564933499 1.73071838297 3.45120515078 ;
2.28491787191 4.55951262131 2.64897608806 3.19045708587 2.83666862241 1.86841474235 1.75907757553 ;
2.49139480056 4.74854854438 2.82079422803 2.904821441 3.10006404595 0.78814490498 3.24938286242 ;
2.68935671033 4.59675165616 3.20350344908 3.44414693747 4.58419936726 2.29172765131 3.48377218465 ;
1.54915766656 4.75119673648 2.11215009984 2.40984267203 0.0 1.07967127425 2.86028918694 ;
2.20322308936 4.77379281442 3.19148416326 4.53807137204 2.90897089821 3.84826213091 2.92227879792 ;
1.41367281529 4.71118444975 1.83796588109 2.31327945327 3.08677789921 1.24983400063 2.64052342999 ;
2.82804211422 4.57610295001 3.30277836458 3.83986356285 4.61506300383 1.91182188615 3.49072826923 ;
1.81223306725 4.77400904222 2.26774070609 2.18788820667 3.22319183077 0.977887968742 3.22517179129 ;
2.20181379945 4.7868387902 3.20217859932 4.56329308622 2.92659188464 3.85179889567 2.94916935918 ;
1.48391844124 4.7508820523 1.79922028778 1.92567308256 0.691434852746 0.765026833036 2.56249266774 ;
2.525577344 4.63919832319 3.01590327592 3.98676608867 2.15325329678 2.14674108482 2.60937581076 ;
2.2037634049 4.78642001588 3.20716010636 4.56273976326 2.9139766373 3.85248732646 2.94623818296 ;
1.77892966521 4.77950834989 2.61728963379 2.31294712349 2.51080769484 0.936941673665 3.19309602538 ;
2.81830819797 4.60396930911 3.24208540184 3.90010892032 4.32050411994 1.9938464241 3.41448424392 ;
2.13255110525 4.57884284635 2.90960869809 3.24906117006 2.00074410068 2.16066236093 1.67128208403 ;
1.69983714904 4.71127056133 0.0 1.92874510398 2.02419095737 0.882567565046 2.82769530617 ;
2.81688538206 4.6033056625 3.24000590264 3.90211368371 4.3117159366 2.00284918165 3.41452460168 ;
2.10772626872 4.58524902282 2.90800977672 3.24578438963 1.98467852739 2.14522404565 1.65048161288 ;
2.20300998469 4.78606972493 3.2081850476 4.56262999915 2.91358024225 3.85269751033 2.9449218955 ;
1.69983714904 4.71127056133 0.0 1.92874510398 2.02419095737 0.882567565046 2.82769530617 ;
1.78146736801 4.77936201856 2.61684542134 2.3101950173 2.51127674088 0.93581789231 3.19419121761 ;
2.71201236807 4.62273336591 3.1536973374 3.39627571653 4.4711548751 1.7206210684 3.44647583832 ;
1.54915766656 4.75119673648 2.11215009984 2.40984267203 0.0 1.07967127425 2.86028918694 ;
1.78990893229 4.78013806875 2.19102219146 2.38447787591 2.87402484815 0.956425555249 3.17078429069 ;
2.27529617512 4.56457032429 2.64391498259 3.17347944435 2.82267518264 1.85106638916 1.74833793793 ;
2.20863589507 4.77900953519 3.19457018159 4.54818566054 2.91358244362 3.84919314861 2.93550512457 ;
1.40706075694 4.70917749436 1.84301908356 2.31968339914 3.08014444058 1.25352992148 2.64254012821 ;
2.20870374382 4.77534436772 3.19286155961 4.54078322485 2.91153665798 3.84852891819 2.92246731369 ;
2.7002970418 4.5940902087 3.21248489246 3.44440933612 4.60270066253 2.30018558903 3.49362826983 ;
2.49130974885 4.74845433876 2.8205140297 2.91145741554 3.11213063512 0.806217541965 3.24656502121 ;
1.54915766656 4.75119673648 2.11215009984 2.40984267203 0.0 1.07967127425 2.86028918694 ;
2.81650688653 4.60458809187 3.24038215229 3.90179868537 4.3133763504 2.00225089919 3.41464113488 ;
2.11427431629 4.58140251218 2.9093562447 3.25173498517 1.99715025278 2.14600374975 1.66348361574 ;
2.20300998469 4.78606972493 3.2081850476 4.56262999915 2.91358024225 3.85269751033 2.9449218955 ;
1.78146736801 4.77936201856 2.61684542134 2.3101950173 2.51127674088 0.93581789231 3.19419121761 ;
1.69983714904 4.71127056133 0.0 1.92874510398 2.02419095737 0.882567565046 2.82769530617 ;
2.74752268212 4.61101993377 3.19003894255 3.91879679736 4.00666921002 1.9763697322 3.34124445649 ;
1.58865799309 4.75853250387 2.1092740077 2.4153572634 0.0 1.07134195256 3.02434850373 ;
2.19442499576 4.78871263245 3.21077847974 4.56979778872 2.9175258082 3.85523665446 2.93848064435 ;
1.79940082209 4.76503362897 2.20665052502 2.10405675038 3.13384054239 0.959689551598 3.18268612715 ;
1.88230345997 4.60572358386 2.40360924549 2.83626718058 2.25637778145 1.62151020622 0.079285703053 ;
1.47569088673 4.75069189108 1.81390780034 1.92344162656 0.676722138975 0.765895178903 2.55971925924 ;
2.82804211422 4.57610295001 3.30277836458 3.83986356285 4.61506300383 1.91182188615 3.49072826923 ;
2.52066051036 4.63989722198 3.01344298258 3.98845163665 2.15764749723 2.14985306418 2.61494070641 ;
2.20238857779 4.78688091878 3.20399023212 4.56313849764 2.92638035035 3.85173762711 2.94850948278 ;
1.81423216206 4.7742036305 2.25881307824 2.18532225392 3.22235309842 0.976599887517 3.22406179493 ;
2.77712834535 4.60365329671 3.20903978921 3.91168922206 4.18776256089 1.9471693866 3.41825991292 ;
1.56337012221 4.75010529141 2.13152762369 2.40641818729 0.0 1.07649323972 2.88653037214 ;
2.19946385511 4.77822035495 3.20221963378 4.54943435321 2.89641605041 3.8492241358 2.91272416795 ;
1.87177388031 4.75723218442 2.64830747669 2.30275362601 3.11278650482 1.05244011932 2.96572731205 ;
1.8053502752 4.71269917898 0.0 2.01307304357 2.86111606474 0.951352112508 2.78392386462 ;
1.8619883751 4.66751305778 2.68471183197 3.3458596164 2.40319059085 2.35570625637 0.0 ;
1.79805100103 4.76550846964 2.20361995225 2.12114104634 3.13677552144 0.956636394004 3.16112133242 ;
1.58105675867 4.7553678432 2.10935362354 2.41502646275 0.0 1.06621591451 3.0108307231 ;
2.7807344752 4.60972939918 3.20459283555 3.89712192063 4.07131872916 1.89226697933 3.37799894262 ;
2.22763000474 4.77604755831 3.19414222 4.54457881394 2.91844131608 3.84639289122 3.16002035744 ;
1.58105675867 4.7553678432 2.10935362354 2.41502646275 0.0 1.06621591451 3.0108307231 ;
1.80075152916 4.76439572507 2.20707411588 2.12326752555 3.13492752762 0.957573924939 3.16209354302 ;
1.8619883751 4.66751305778 2.68471183197 3.3458596164 2.40319059085 2.35570625637 0.0 ;
2.77896835284 4.60933662153 3.20341812753 3.90034896721 4.0749323129 1.89867172993 3.37300990818 ;
2.22914054836 4.77808700469 3.19516792981 4.54822411508 2.91889184583 3.84692169908 3.16544089403 ;
2.82546452723 4.57898992092 3.3003241906 3.84302623735 4.60336082595 1.91797446918 3.48228120036 ;
1.88556866104 4.77357361496 2.29288475862 2.27103165123 3.25391295961 1.00547361049 3.22468048571 ;
1.1911831854 4.7573476442 1.59594514165 1.83933715848 0.558782456292 0.704246804954 2.69294013043 ;
2.20421329787 4.78416479086 3.19758582737 4.55882966708 2.92391625005 3.85021455263 2.94754735543 ;
2.46279820482 4.64750663404 2.97141086278 3.58490171492 1.90136773147 1.92281084406 2.46004038598 ;
2.50878931448 4.64322951505 3.00165218069 3.99310750231 2.16514446455 2.1344482475 2.61536249857 ;
2.20238857779 4.78688091878 3.20399023212 4.56313849764 2.92638035035 3.85173762711 2.94850948278 ;
1.48323873348 4.75045669874 1.80006735008 1.8838786815 0.699925726758 0.746453583456 2.57339870324 ;
1.81491397565 4.77410423504 2.26777437461 2.1931264606 3.2354760355 0.982099330636 3.22582055526 ;
2.82778548372 4.57580411699 3.30526774765 3.84057036486 4.61762529022 1.9196565719 3.4925778725 ;
2.23528143141 4.77981708352 3.19670345901 4.55125529296 2.92176059617 3.84721345681 3.16631953159 ;
2.77164374428 4.60749935775 3.20108213748 3.89587940176 4.06702910607 1.89855363807 3.37111520418 ;
1.80033285365 4.76530536846 2.20636231293 2.12311245219 3.13593297759 0.959096300019 3.16235799929 ;
1.8619883751 4.66751305778 2.68471183197 3.3458596164 2.40319059085 2.35570625637 0.0 ;
1.58105675867 4.7553678432 2.10935362354 2.41502646275 0.0 1.06621591451 3.0108307231 ;
1.81347200918 4.76731367238 2.64456982989 2.54754048614 2.27226752785 0.986725737235 3.10269619798 ;
2.20884246379 4.76224437218 3.17604914396 4.51871701592 2.82157669216 3.83682986171 3.15197877599 ;
2.75002743645 4.61598529153 3.17989236897 3.43677826121 4.51026240904 1.81743128502 3.47464597924 ;
1.69983714904 4.71127056133 0.0 1.92874510398 2.02419095737 0.882567565046 2.82769530617 ;
1.93232230529 4.66771237216 2.99850931882 3.45953242541 2.44764384774 2.54020247071 0.0 ;
2.2844570434 4.56430040139 2.66356567805 3.19700389108 2.81581045227 1.88044839533 1.73315238662 ;
2.20863589507 4.77900953519 3.19457018159 4.54818566054 2.91358244362 3.84919314861 2.93550512457 ;
1.78733755394 4.77936095685 2.18746276579 2.3812334721 2.87425824136 0.954717652472 3.16861175056 ;
1.54915766656 4.75119673648 2.11215009984 2.40984267203 0.0 1.07967127425 2.86028918694 ;
2.71273926704 4.62315828367 3.15252429649 3.39501265379 4.4690558022 1.71688058781 3.44649631154 ;
2.72073031678 4.62240205479 3.16234403753 3.42057306703 4.48564933499 1.73071838297 3.45120515078 ;
2.29293175047 4.56197532202 2.66983416749 3.20065803898 2.82632372252 1.88312666945 1.7491170307 ;
1.54915766656 4.75119673648 2.11215009984 2.40984267203 0.0 1.07967127425 2.86028918694 ;
1.79451617865 4.77811073171 2.19442151934 2.37658629927 2.88691931046 0.954943926596 3.16873093776 ;
2.20863589507 4.77900953519 3.19457018159 4.54818566054 2.91358244362 3.84919314861 2.93550512457 ;
1.54915766656 4.75119673648 2.11215009984 2.40984267203 0.0 1.07967127425 2.86028918694 ;
2.20863589507 4.77900953519 3.19457018159 4.54818566054 2.91358244362 3.84919314861 2.93550512457 ;
2.2844570434 4.56430040139 2.66356567805 3.19700389108 2.81581045227 1.88044839533 1.73315238662 ;
1.78733755394 4.77936095685 2.18746276579 2.3812334721 2.87425824136 0.954717652472 3.16861175056 ;
2.71273926704 4.62315828367 3.15252429649 3.39501265379 4.4690558022 1.71688058781 3.44649631154 ;
2.2037634049 4.78642001588 3.20716010636 4.56273976326 2.9139766373 3.85248732646 2.94623818296 ;
2.81830819797 4.60396930911 3.24208540184 3.90010892032 4.32050411994 1.9938464241 3.41448424392 ;
1.69983714904 4.71127056133 0.0 1.92874510398 2.02419095737 0.882567565046 2.82769530617 ;
1.77892966521 4.77950834989 2.61728963379 2.31294712349 2.51080769484 0.936941673665 3.19309602538 ;
2.13255110525 4.57884284635 2.90960869809 3.24906117006 2.00074410068 2.16066236093 1.67128208403 ;
2.77260962829 4.60756266 3.20260406779 3.89476073214 4.06397426577 1.8998200892 3.37230321587 ;
1.79805100103 4.76550846964 2.20361995225 2.12114104634 3.13677552144 0.956636394004 3.16112133242 ;
1.58105675867 4.7553678432 2.10935362354 2.41502646275 0.0 1.06621591451 3.0108307231 ;
1.8619883751 4.66751305778 2.68471183197 3.3458596164 2.40319059085 2.35570625637 0.0 ;
2.23528143141 4.77981708352 3.19670345901 4.55125529296 2.92176059617 3.84721345681 3.16631953159 ;
2.51839611014 4.63954810425 3.00978442034 3.98644693462 2.14692255467 2.13708013693 2.61069710803 ;
2.82859299219 4.57652077282 3.30428906106 3.84161089343 4.61467347398 1.92083313283 3.49086321919 ;
1.48608935326 4.75074556985 1.80182231311 1.91790827174 0.696203865545 0.76551259722 2.56560806314 ;
1.81156003236 4.77430144739 2.26621806399 2.1890109956 3.22714869618 0.977842612959 3.22497222953 ;
2.20238857779 4.78688091878 3.20399023212 4.56313849764 2.92638035035 3.85173762711 2.94850948278 ;
1.7956558336 4.76547383371 2.20141675066 2.1188677907 3.13783712849 0.954533637437 3.16027541283 ;
2.77371027829 4.60793773836 3.20340244624 3.89403361648 4.06064894976 1.900603481 3.37296962444 ;
2.23528143141 4.77981708352 3.19670345901 4.55125529296 2.92176059617 3.84721345681 3.16631953159 ;
1.8619883751 4.66751305778 2.68471183197 3.3458596164 2.40319059085 2.35570625637 0.0 ;
1.58105675867 4.7553678432 2.10935362354 2.41502646275 0.0 1.06621591451 3.0108307231 ;
2.52241843375 4.64275511727 3.01105958786 3.99198483696 2.17510151884 2.14019864849 2.62106507359 ;
2.20238857779 4.78688091878 3.20399023212 4.56313849764 2.92638035035 3.85173762711 2.94850948278 ;
1.47732941582 4.75073574646 1.79978148017 1.8949850653 0.706238576603 0.758024444316 2.57221198521 ;
1.81491397565 4.77410423504 2.26777437461 2.1931264606 3.2354760355 0.982099330636 3.22582055526 ;
2.82723051422 4.57538287707 3.30375544873 3.83881463712 4.61802488436 1.91061463905 3.49244768068 ;
1.81223306725 4.77400904222 2.26774070609 2.18788820667 3.22319183077 0.977887968742 3.22517179129 ;
2.20181379945 4.7868387902 3.20217859932 4.56329308622 2.92659188464 3.85179889567 2.94916935918 ;
2.82804211422 4.57610295001 3.30277836458 3.83986356285 4.61506300383 1.91182188615 3.49072826923 ;
2.525577344 4.63919832319 3.01590327592 3.98676608867 2.15325329678 2.14674108482 2.60937581076 ;
1.48391844124 4.7508820523 1.79922028778 1.92567308256 0.691434852746 0.765026833036 2.56249266774 ;
2.19946385511 4.77822035495 3.20221963378 4.54943435321 2.89641605041 3.8492241358 2.91272416795 ;
1.56337012221 4.75010529141 2.13152762369 2.40641818729 0.0 1.07649323972 2.88653037214 ;
2.78546667374 4.60404495297 3.21027032645 3.91160462931 4.19661383927 1.94458791872 3.42004931728 ;
1.86871542644 4.75644870996 2.64924967435 2.30806400315 3.10991160608 1.05722065332 2.96591352489 ;
1.8053502752 4.71269917898 0.0 2.01307304357 2.86111606474 0.951352112508 2.78392386462 ;
2.525577344 4.63919832319 3.01590327592 3.98676608867 2.15325329678 2.14674108482 2.60937581076 ;
2.82804211422 4.57610295001 3.30277836458 3.83986356285 4.61506300383 1.91182188615 3.49072826923 ;
2.20181379945 4.7868387902 3.20217859932 4.56329308622 2.92659188464 3.85179889567 2.94916935918 ;
1.81223306725 4.77400904222 2.26774070609 2.18788820667 3.22319183077 0.977887968742 3.22517179129 ;
1.48391844124 4.7508820523 1.79922028778 1.92567308256 0.691434852746 0.765026833036 2.56249266774 ;
1.54915766656 4.75119673648 2.11215009984 2.40984267203 0.0 1.07967127425 2.86028918694 ;
2.20863589507 4.77900953519 3.19457018159 4.54818566054 2.91358244362 3.84919314861 2.93550512457 ;
1.79327579211 4.77895904512 2.19373127502 2.38138709932 2.88257323889 0.952239577468 3.17013347367 ;
2.29293175047 4.56197532202 2.66983416749 3.20065803898 2.82632372252 1.88312666945 1.7491170307 ;
2.71614624694 4.62237331449 3.15679637909 3.40766089675 4.48049190991 1.72895974773 3.44758206477 ;
2.20238857779 4.78688091878 3.20399023212 4.56313849764 2.92638035035 3.85173762711 2.94850948278 ;
1.81423216206 4.7742036305 2.25881307824 2.18532225392 3.22235309842 0.976599887517 3.22406179493 ;
1.47569088673 4.75069189108 1.81390780034 1.92344162656 0.676722138975 0.765895178903 2.55971925924 ;
2.82804211422 4.57610295001 3.30277836458 3.83986356285 4.61506300383 1.91182188615 3.49072826923 ;
2.52066051036 4.63989722198 3.01344298258 3.98845163665 2.15764749723 2.14985306418 2.61494070641 ;
2.20181379945 4.7868387902 3.20217859932 4.56329308622 2.92659188464 3.85179889567 2.94916935918 ;
1.81191966476 4.77420372206 2.26652233789 2.18527548195 3.22483982473 0.977685025481 3.22516017919 ;
1.48391844124 4.7508820523 1.79922028778 1.92567308256 0.691434852746 0.765026833036 2.56249266774 ;
2.52577103918 4.6401006038 3.01557430503 3.98646113279 2.16051329425 2.14268584847 2.6136561251 ;
2.82723051422 4.57538287707 3.30375544873 3.83881463712 4.61802488436 1.91061463905 3.49244768068 ;
1.80931927031 4.77359975962 2.24449915161 2.17027026922 3.21215439482 0.975656453511 3.21467291394 ;
2.20238857779 4.78688091878 3.20399023212 4.56313849764 2.92638035035 3.85173762711 2.94850948278 ;
2.51105618856 4.64355575943 3.0052814546 3.99504608102 2.17559408424 2.14700288728 2.61950862045 ;
2.82723051422 4.57538287707 3.30375544873 3.83881463712 4.61802488436 1.91061463905 3.49244768068 ;
1.47623329112 4.75022457037 1.82914459398 1.92200939292 0.597130499424 0.747725182101 2.55997963432 ;
2.20863589507 4.77900953519 3.19457018159 4.54818566054 2.91358244362 3.84919314861 2.93550512457 ;
2.71273926704 4.62315828367 3.15252429649 3.39501265379 4.4690558022 1.71688058781 3.44649631154 ;
1.78733755394 4.77936095685 2.18746276579 2.3812334721 2.87425824136 0.954717652472 3.16861175056 ;
2.2844570434 4.56430040139 2.66356567805 3.19700389108 2.81581045227 1.88044839533 1.73315238662 ;
1.54915766656 4.75119673648 2.11215009984 2.40984267203 0.0 1.07967127425 2.86028918694 ;
2.82723051422 4.57538287707 3.30375544873 3.83881463712 4.61802488436 1.91061463905 3.49244768068 ;
2.51105618856 4.64355575943 3.0052814546 3.99504608102 2.17559408424 2.14700288728 2.61950862045 ;
1.81129911307 4.77346135864 2.24803074242 2.17535294167 3.21587584818 0.975090571819 3.21868079841 ;
2.20238857779 4.78688091878 3.20399023212 4.56313849764 2.92638035035 3.85173762711 2.94850948278 ;
1.47550720299 4.7508634735 1.82559569447 1.91249611788 0.620836261184 0.752005836623 2.55826287899 ;
1.78146736801 4.77936201856 2.61684542134 2.3101950173 2.51127674088 0.93581789231 3.19419121761 ;
2.20300998469 4.78606972493 3.2081850476 4.56262999915 2.91358024225 3.85269751033 2.9449218955 ;
1.69983714904 4.71127056133 0.0 1.92874510398 2.02419095737 0.882567565046 2.82769530617 ;
2.10772626872 4.58524902282 2.90800977672 3.24578438963 1.98467852739 2.14522404565 1.65048161288 ;
2.81688538206 4.6033056625 3.24000590264 3.90211368371 4.3117159366 2.00284918165 3.41452460168 ;
1.48391844124 4.7508820523 1.79922028778 1.92567308256 0.691434852746 0.765026833036 2.56249266774 ;
2.82804211422 4.57610295001 3.30277836458 3.83986356285 4.61506300383 1.91182188615 3.49072826923 ;
1.81223306725 4.77400904222 2.26774070609 2.18788820667 3.22319183077 0.977887968742 3.22517179129 ;
2.525577344 4.63919832319 3.01590327592 3.98676608867 2.15325329678 2.14674108482 2.60937581076 ;
2.20181379945 4.7868387902 3.20217859932 4.56329308622 2.92659188464 3.85179889567 2.94916935918 ;
2.82778548372 4.57580411699 3.30526774765 3.84057036486 4.61762529022 1.9196565719 3.4925778725 ;
2.20238857779 4.78688091878 3.20399023212 4.56313849764 2.92638035035 3.85173762711 2.94850948278 ;
1.48323873348 4.75045669874 1.80006735008 1.8838786815 0.699925726758 0.746453583456 2.57339870324 ;
2.50878931448 4.64322951505 3.00165218069 3.99310750231 2.16514446455 2.1344482475 2.61536249857 ;
1.81491397565 4.77410423504 2.26777437461 2.1931264606 3.2354760355 0.982099330636 3.22582055526 ;
2.52241843375 4.64275511727 3.01105958786 3.99198483696 2.17510151884 2.14019864849 2.62106507359 ;
2.20238857779 4.78688091878 3.20399023212 4.56313849764 2.92638035035 3.85173762711 2.94850948278 ;
1.4795806167 4.75074564335 1.80911714029 1.91730634948 0.685751431247 0.763278603975 2.56645148479 ;
1.81164961802 4.77393999106 2.26062047114 2.18164371613 3.22681743117 0.978342349504 3.22378016026 ;
2.82723051422 4.57538287707 3.30375544873 3.83881463712 4.61802488436 1.91061463905 3.49244768068 ;
2.51105618856 4.64355575943 3.0052814546 3.99504608102 2.17559408424 2.14700288728 2.61950862045 ;
2.82723051422 4.57538287707 3.30375544873 3.83881463712 4.61802488436 1.91061463905 3.49244768068 ;
2.20238857779 4.78688091878 3.20399023212 4.56313849764 2.92638035035 3.85173762711 2.94850948278 ;
1.47623329112 4.75022457037 1.82914459398 1.92200939292 0.597130499424 0.747725182101 2.55997963432 ;
1.80931927031 4.77359975962 2.24449915161 2.17027026922 3.21215439482 0.975656453511 3.21467291394 ;
2.20238857779 4.78688091878 3.20399023212 4.56313849764 2.92638035035 3.85173762711 2.94850948278 ;
1.48608935326 4.75074556985 1.80182231311 1.91790827174 0.696203865545 0.76551259722 2.56560806314 ;
1.81156003236 4.77430144739 2.26621806399 2.1890109956 3.22714869618 0.977842612959 3.22497222953 ;
2.51839611014 4.63954810425 3.00978442034 3.98644693462 2.14692255467 2.13708013693 2.61069710803 ;
2.82859299219 4.57652077282 3.30428906106 3.84161089343 4.61467347398 1.92083313283 3.49086321919 ;
1.54915766656 4.75119673648 2.11215009984 2.40984267203 0.0 1.07967127425 2.86028918694 ;
2.71614624694 4.62237331449 3.15679637909 3.40766089675 4.48049190991 1.72895974773 3.44758206477 ;
2.29293175047 4.56197532202 2.66983416749 3.20065803898 2.82632372252 1.88312666945 1.7491170307 ;
1.79327579211 4.77895904512 2.19373127502 2.38138709932 2.88257323889 0.952239577468 3.17013347367 ;
2.20863589507 4.77900953519 3.19457018159 4.54818566054 2.91358244362 3.84919314861 2.93550512457 ;
1.47569088673 4.75069189108 1.81390780034 1.92344162656 0.676722138975 0.765895178903 2.55971925924 ;
2.82804211422 4.57610295001 3.30277836458 3.83986356285 4.61506300383 1.91182188615 3.49072826923 ;
1.81423216206 4.7742036305 2.25881307824 2.18532225392 3.22235309842 0.976599887517 3.22406179493 ;
2.52066051036 4.63989722198 3.01344298258 3.98845163665 2.15764749723 2.14985306418 2.61494070641 ;
2.20238857779 4.78688091878 3.20399023212 4.56313849764 2.92638035035 3.85173762711 2.94850948278 ;
1.78146736801 4.77936201856 2.61684542134 2.3101950173 2.51127674088 0.93581789231 3.19419121761 ;
2.20300998469 4.78606972493 3.2081850476 4.56262999915 2.91358024225 3.85269751033 2.9449218955 ;
1.69983714904 4.71127056133 0.0 1.92874510398 2.02419095737 0.882567565046 2.82769530617 ;
2.81688538206 4.6033056625 3.24000590264 3.90211368371 4.3117159366 2.00284918165 3.41452460168 ;
2.10772626872 4.58524902282 2.90800977672 3.24578438963 1.98467852739 2.14522404565 1.65048161288 ;
2.27644679341 4.56180000162 2.64259271996 3.18675138832 2.82631958973 1.86564171506 1.74331706681 ;
2.71273926704 4.62315828367 3.15252429649 3.39501265379 4.4690558022 1.71688058781 3.44649631154 ;
1.54915766656 4.75119673648 2.11215009984 2.40984267203 0.0 1.07967127425 2.86028918694 ;
2.20863589507 4.77900953519 3.19457018159 4.54818566054 2.91358244362 3.84919314861 2.93550512457 ;
1.78826811254 4.78031374992 2.19137593711 2.38210341384 2.87197521333 0.956425555249 3.16887032834 ;
2.19379513383 4.77660140659 3.20076486882 4.54659536401 2.89379006954 3.84894524278 2.9125534754 ;
1.59254316774 4.76049654643 2.65527441123 2.57390417757 0.0 1.16502122227 2.87497424595 ;
2.78546667374 4.60404495297 3.21027032645 3.91160462931 4.19661383927 1.94458791872 3.42004931728 ;
1.87176888302 4.75743952748 2.64926843063 2.30620151533 3.11192529257 1.05283537065 2.96610865245 ;
1.69983714904 4.71127056133 0.0 1.92874510398 2.02419095737 0.882567565046 2.82769530617 ;
