cluster 0
size:615
#377eb8
[ 2.91697198  4.49524549  3.32913594  3.56889354  4.62601452  2.23211306
  3.42751598]

cluster 1
size:330
#ff7f00
[ 1.7323088   4.71818333  0.07207153  1.75514116  2.87433286  0.72335063
  2.81681572]

cluster 2
size:381
#4daf4a
[ 0.64093758  4.73033144  2.58288333  1.34533287  3.56975716  1.03245585
  3.1073822 ]

cluster 3
size:419
#f781bf
[ 1.56375546  4.75221034  2.10857095  1.7708271   0.51038281  0.63055515
  2.54177781]

cluster 4
size:781
#a65628
[ 2.53842299  4.72120628  2.74796223  2.58268843  3.31407545  0.77374461
  3.10263425]

cluster 5
size:483
#984ea3
[ 2.16970204  4.67690451  3.06716972  4.31548392  2.59391964  3.60794148
  2.76233971]

