cluster 0
size:95
#377eb8
[ 2.21825166  4.4687127   2.92165345  3.68636942  3.18802431  2.63196081
  2.5381237 ]

cluster 1
size:352
#ff7f00
[ 2.87560752  4.51607389  3.46805548  3.82609267  4.79678728  2.43459959
  3.51088095]

cluster 2
size:249
#4daf4a
[  1.85186049e+00   4.77448677e+00   2.66600645e+00   2.60458366e+00
   7.22326344e-06   9.87976689e-01   3.06914119e+00]

cluster 3
size:334
#f781bf
[ 2.93230051  4.60928948  3.1476304   4.31327673  3.3070544   1.93569605
  3.15040972]

cluster 4
size:522
#a65628
[ 2.28180641  4.74330439  2.75235519  2.94620932  3.16145326  0.          3.1897837 ]

cluster 5
size:411
#984ea3
[ 2.06063194  4.80102415  2.68983836  2.49468405  3.31596758  1.71371563
  3.276786  ]

cluster 6
size:362
#999999
[ 2.11889359  4.71243526  3.09825124  4.49318802  3.0536861   3.77147175
  3.13833669]

cluster 7
size:236
#e41a1c
[ 1.61613496  4.76906839  0.          2.19823376  2.15783608  0.87609847
  3.02321436]

cluster 8
size:170
#dede00
[ 1.91129879  4.66194082  2.48279394  3.32240485  2.30599396  1.75495304
  0.        ]

