cluster 0
size:471
#377eb8
[ 2.71595674  4.6890439   2.84070257  2.98168786  3.5634898   0.35393499
  3.06762805]

cluster 1
size:490
#ff7f00
[ 1.30005814  4.72879747  2.61353962  1.53614692  3.93158341  1.34592851
  3.22915413]

cluster 2
size:597
#4daf4a
[ 2.95987889  4.49284941  3.33249899  3.5640789   4.5656003   2.3298139
  3.42194   ]

cluster 3
size:559
#f781bf
[ 1.59916295  4.76564497  2.54534825  1.87125703  1.15291355  0.65726512
  2.68236323]

cluster 4
size:398
#a65628
[ 1.64880359  4.72170901  0.0791602   1.69218853  2.40893646  0.70579082
  2.79916411]

cluster 5
size:494
#984ea3
[ 2.14987275  4.67631297  3.04435386  4.3030508   2.58063649  3.54358422
  2.75346476]

