1.16424293778 4.7031486365 2.37429053802 2.0237028663 2.02185049194 0.937367920483 1.96244682434 ;
2.47110139444 4.74117551181 2.81247485774 2.7491945852 2.32819924535 1.08577712115 3.24168343327 ;
2.12690208628 4.69010441895 3.11321668451 4.40056411878 2.78711372212 3.82664139686 2.81505028503 ;
1.69850629387 4.7478630404 2.67717835486 1.92144114831 4.06868203896 1.16547032166 3.32611397741 ;
1.65910292664 4.71694718228 0.0 1.74387034444 2.39602556131 0.774898250375 2.79396738834 ;
3.00486828415 4.39494288298 3.44442920018 3.53488991422 4.74962283694 2.04172425644 3.42399691643 ;
2.50247687004 4.69999520522 2.85812485062 2.76097871256 2.45930144728 0.883837319567 3.25816482858 ;
2.11502720521 4.6881194283 3.10673022403 4.39601316533 2.75088448285 3.82133768736 2.8098813139 ;
1.65910292664 4.71694718228 0.0 1.74387034444 2.39602556131 0.774898250375 2.79396738834 ;
1.20958570629 4.70551191172 2.37207097972 1.98726167024 2.03640261408 0.915023297859 1.98725629224 ;
3.01254747707 4.40511998029 3.45000067536 3.55023975809 4.7618975771 2.39145234009 3.43413887197 ;
1.77174663897 4.75415827139 2.70518230238 2.05117816452 4.0804458478 1.2887331972 3.32561990963 ;
1.50502835638 4.67497133133 2.36353291799 2.18916222094 1.92061299811 1.0935763924 1.62460551512 ;
3.01582986343 4.40520146006 3.45060011313 3.54674746748 4.75937721574 2.39802549234 3.43083912086 ;
2.12834561912 4.69223786445 3.1175876418 4.40341313258 2.79532807124 3.82768974245 2.84331567251 ;
1.65910292664 4.71694718228 0.0 1.74387034444 2.39602556131 0.774898250375 2.79396738834 ;
2.54690488209 4.68187903894 2.96474845852 2.96654892227 2.54933580488 1.06813318497 3.31763400977 ;
1.67593563139 4.76211628267 2.61421043396 1.96282377927 3.54656418136 1.03081249693 3.23340629574 ;
3.00794296879 4.40171225564 3.43469009329 3.55079186466 4.74434486941 2.03163055291 3.42587539709 ;
1.97071443974 4.7334925374 2.63171048213 2.39840815398 2.1189089098 0.925447167425 3.07673837018 ;
1.66257041993 4.7233634743 0.0 1.71455250529 2.42427307511 0.772070520448 3.05387133144 ;
2.17020205391 4.69429352593 3.1192210549 4.3990556358 2.69719149996 3.82987360134 3.09212876873 ;
1.84039345245 4.75742353139 2.72075664461 2.09056671331 4.07930482791 1.20268710448 3.36634343828 ;
1.78842330935 4.65274178771 2.22205951776 2.6578420107 2.18663655528 1.58179004459 0.0 ;
1.40241846225 4.73501886332 2.03671168964 1.68022809827 4.08091544833 1.19192345472 3.35844682811 ;
2.48467321953 4.74578340725 2.82362454812 2.66574454943 2.68835324297 1.06321054914 3.24882755905 ;
2.99534259379 4.38728611958 3.44471328225 3.52054951187 4.74205469345 2.02292933358 3.41190575081 ;
1.78842330935 4.65274178771 2.22205951776 2.6578420107 2.18663655528 1.58179004459 0.0 ;
1.20166363967 4.72664816226 1.23195659644 1.78743827517 1.99542077447 0.742425121576 2.86987459905 ;
2.16131614332 4.69705812841 3.1168756717 4.40768306711 2.70723012934 3.82952198115 3.09348316025 ;
2.54573967762 4.6823607619 2.96376981959 2.96319537031 2.53508240723 1.06575894832 3.31693060638 ;
1.50690498599 4.67352266395 2.36045579637 2.19049028899 1.93373961286 1.0949738525 1.62476080029 ;
2.12834561912 4.69223786445 3.1175876418 4.40341313258 2.79532807124 3.82768974245 2.84331567251 ;
1.67941782887 4.76250332213 2.61693352055 1.96795160173 3.54723737915 1.03191040637 3.23433150549 ;
1.65910292664 4.71694718228 0.0 1.74387034444 2.39602556131 0.774898250375 2.79396738834 ;
3.01439356596 4.40477436253 3.45046999726 3.54690205913 4.75972216482 2.39572264629 3.43035320198 ;
1.69623387034 4.74798533136 2.67606970225 1.92022066565 4.06842187266 1.16400598792 3.32669630968 ;
2.47170907411 4.74110020885 2.81306635995 2.7490169251 2.33050195078 1.08687389253 3.24138905818 ;
1.65910292664 4.71694718228 0.0 1.74387034444 2.39602556131 0.774898250375 2.79396738834 ;
3.00486828415 4.39494288298 3.44442920018 3.53488991422 4.74962283694 2.04172425644 3.42399691643 ;
2.12690208628 4.69010441895 3.11321668451 4.40056411878 2.78711372212 3.82664139686 2.81505028503 ;
1.16424293778 4.7031486365 2.37429053802 2.0237028663 2.02185049194 0.937367920483 1.96244682434 ;
2.5482851854 4.68173116628 2.96385541963 2.96492878982 2.54122605459 1.06698782016 3.31775288753 ;
3.01344783169 4.40449482466 3.45144100332 3.5479436505 4.76074983959 2.39652769003 3.43077581184 ;
1.50245620381 4.67477825687 2.36060931052 2.19364122431 1.9271358098 1.09192454388 1.63274061818 ;
1.68141238686 4.76247027357 2.61794868036 1.96614748305 3.5493824893 1.03313595317 3.23444620707 ;
2.12834561912 4.69223786445 3.1175876418 4.40341313258 2.79532807124 3.82768974245 2.84331567251 ;
1.65910292664 4.71694718228 0.0 1.74387034444 2.39602556131 0.774898250375 2.79396738834 ;
1.77174663897 4.75415827139 2.70518230238 2.05117816452 4.0804458478 1.2887331972 3.32561990963 ;
1.20958570629 4.70551191172 2.37207097972 1.98726167024 2.03640261408 0.915023297859 1.98725629224 ;
2.11502720521 4.6881194283 3.10673022403 4.39601316533 2.75088448285 3.82133768736 2.8098813139 ;
3.01254747707 4.40511998029 3.45000067536 3.55023975809 4.7618975771 2.39145234009 3.43413887197 ;
1.65910292664 4.71694718228 0.0 1.74387034444 2.39602556131 0.774898250375 2.79396738834 ;
2.50247687004 4.69999520522 2.85812485062 2.76097871256 2.45930144728 0.883837319567 3.25816482858 ;
1.97071443974 4.7334925374 2.63171048213 2.39840815398 2.1189089098 0.925447167425 3.07673837018 ;
3.00794296879 4.40171225564 3.43469009329 3.55079186466 4.74434486941 2.03163055291 3.42587539709 ;
1.66257041993 4.7233634743 0.0 1.71455250529 2.42427307511 0.772070520448 3.05387133144 ;
2.17020205391 4.69429352593 3.1192210549 4.3990556358 2.69719149996 3.82987360134 3.09212876873 ;
1.84039345245 4.75742353139 2.72075664461 2.09056671331 4.07930482791 1.20268710448 3.36634343828 ;
1.78842330935 4.65274178771 2.22205951776 2.6578420107 2.18663655528 1.58179004459 0.0 ;
2.99678240881 4.38627960357 3.44566775838 3.51692430441 4.74499576539 2.03237815916 3.41967225115 ;
1.46872965408 4.67678654884 2.38652174387 2.17383738714 1.90055834563 1.07920250072 1.55768899717 ;
1.65910292664 4.71694718228 0.0 1.74387034444 2.39602556131 0.774898250375 2.79396738834 ;
1.57055432793 4.76304334437 2.579872463 1.88571645952 3.56904859399 1.03381825303 3.24172427895 ;
2.50044774979 4.72915295099 2.88904178321 2.86822122719 2.44045528046 1.16098115962 3.28491791783 ;
2.13097514488 4.69165333421 3.11606662948 4.40109285796 2.79445143648 3.82777981017 2.84616894513 ;
1.65910292664 4.71694718228 0.0 1.74387034444 2.39602556131 0.774898250375 2.79396738834 ;
3.01254747707 4.40511998029 3.45000067536 3.55023975809 4.7618975771 2.39145234009 3.43413887197 ;
2.11502720521 4.6881194283 3.10673022403 4.39601316533 2.75088448285 3.82133768736 2.8098813139 ;
1.77174663897 4.75415827139 2.70518230238 2.05117816452 4.0804458478 1.2887331972 3.32561990963 ;
2.50247687004 4.69999520522 2.85812485062 2.76097871256 2.45930144728 0.883837319567 3.25816482858 ;
1.20958570629 4.70551191172 2.37207097972 1.98726167024 2.03640261408 0.915023297859 1.98725629224 ;
1.20958570629 4.70551191172 2.37207097972 1.98726167024 2.03640261408 0.915023297859 1.98725629224 ;
2.50001759725 4.69930202383 2.8573606507 2.76496377961 2.44790126384 0.891437255744 3.2566819075 ;
3.01505025501 4.40640656565 3.44972248705 3.55278143916 4.76278165142 2.39005942394 3.43532979766 ;
1.65910292664 4.71694718228 0.0 1.74387034444 2.39602556131 0.774898250375 2.79396738834 ;
1.7721812384 4.75389317715 2.7054728108 2.05136521796 4.07999712021 1.28905151747 3.32557014872 ;
2.11463516202 4.68923330852 3.10901952023 4.39697117384 2.76747322578 3.82372620984 2.80781260019 ;
1.78842330935 4.65274178771 2.22205951776 2.6578420107 2.18663655528 1.58179004459 0.0 ;
2.99688612529 4.38799660484 3.44443339708 3.52218566214 4.74206402966 2.02337926747 3.41180173198 ;
1.20293675208 4.72708285515 1.2342129272 1.78632865186 1.99158261074 0.743784874546 2.86969961355 ;
1.40039159756 4.73446295151 2.03210374464 1.68184136638 4.08093839565 1.18922679532 3.35755761963 ;
2.16131614332 4.69705812841 3.1168756717 4.40768306711 2.70723012934 3.82952198115 3.09348316025 ;
2.48344230706 4.74580566693 2.82313972367 2.66412877161 2.68631145976 1.06204731747 3.24871458555 ;
1.77928486919 4.75320351859 2.70912891524 2.06563827126 4.08367116184 1.2969150174 3.32494972033 ;
2.10418091185 4.68817060691 3.10516431111 4.39639960617 2.73677738294 3.82015832625 2.80652732694 ;
1.65910292664 4.71694718228 0.0 1.74387034444 2.39602556131 0.774898250375 2.79396738834 ;
3.01297970168 4.40537878403 3.44970010876 3.55055239903 4.76192522086 2.38855231313 3.43410042117 ;
1.21772316129 4.70591078647 2.36992849228 1.97029709319 2.04625911812 0.904300295945 1.98860338863 ;
2.50187326376 4.700348329 2.85637699756 2.75774406339 2.44290465763 0.873267371023 3.25843466462 ;
1.65910292664 4.71694718228 0.0 1.74387034444 2.39602556131 0.774898250375 2.79396738834 ;
3.01344783169 4.40449482466 3.45144100332 3.5479436505 4.76074983959 2.39652769003 3.43077581184 ;
1.50713675273 4.67441828194 2.36247361067 2.1896120084 1.92771550191 1.09532617797 1.6280521068 ;
2.12834561912 4.69223786445 3.1175876418 4.40341313258 2.79532807124 3.82768974245 2.84331567251 ;
2.54884969631 4.6823182587 2.96431816801 2.9639545875 2.54688530113 1.06730889288 3.31832191441 ;
1.67583624097 4.7622941634 2.61530227943 1.96521672136 3.54603339158 1.03151298253 3.23355125396 ;
2.54631491398 4.68294520153 2.96423292864 2.96222847173 2.54076753992 1.06608519888 3.31750309793 ;
1.50690498599 4.67352266395 2.36045579637 2.19049028899 1.93373961286 1.0949738525 1.62476080029 ;
2.12834561912 4.69223786445 3.1175876418 4.40341313258 2.79532807124 3.82768974245 2.84331567251 ;
1.67583624097 4.7622941634 2.61530227943 1.96521672136 3.54603339158 1.03151298253 3.23355125396 ;
3.01439356596 4.40477436253 3.45046999726 3.54690205913 4.75972216482 2.39572264629 3.43035320198 ;
1.65910292664 4.71694718228 0.0 1.74387034444 2.39602556131 0.774898250375 2.79396738834 ;
1.50690498599 4.67352266395 2.36045579637 2.19049028899 1.93373961286 1.0949738525 1.62476080029 ;
1.67583624097 4.7622941634 2.61530227943 1.96521672136 3.54603339158 1.03151298253 3.23355125396 ;
3.01439356596 4.40477436253 3.45046999726 3.54690205913 4.75972216482 2.39572264629 3.43035320198 ;
1.65910292664 4.71694718228 0.0 1.74387034444 2.39602556131 0.774898250375 2.79396738834 ;
2.12834561912 4.69223786445 3.1175876418 4.40341313258 2.79532807124 3.82768974245 2.84331567251 ;
2.54631491398 4.68294520153 2.96423292864 2.96222847173 2.54076753992 1.06608519888 3.31750309793 ;
2.48344230706 4.74580566693 2.82313972367 2.66412877161 2.68631145976 1.06204731747 3.24871458555 ;
2.99688612529 4.38799660484 3.44443339708 3.52218566214 4.74206402966 2.02337926747 3.41180173198 ;
2.16131614332 4.69705812841 3.1168756717 4.40768306711 2.70723012934 3.82952198115 3.09348316025 ;
1.78842330935 4.65274178771 2.22205951776 2.6578420107 2.18663655528 1.58179004459 0.0 ;
1.40039159756 4.73446295151 2.03210374464 1.68184136638 4.08093839565 1.18922679532 3.35755761963 ;
1.20293675208 4.72708285515 1.2342129272 1.78632865186 1.99158261074 0.743784874546 2.86969961355 ;
2.47170907411 4.74110020885 2.81306635995 2.7490169251 2.33050195078 1.08687389253 3.24138905818 ;
1.69623387034 4.74798533136 2.67606970225 1.92022066565 4.06842187266 1.16400598792 3.32669630968 ;
2.12690208628 4.69010441895 3.11321668451 4.40056411878 2.78711372212 3.82664139686 2.81505028503 ;
3.00486828415 4.39494288298 3.44442920018 3.53488991422 4.74962283694 2.04172425644 3.42399691643 ;
1.65910292664 4.71694718228 0.0 1.74387034444 2.39602556131 0.774898250375 2.79396738834 ;
1.16424293778 4.7031486365 2.37429053802 2.0237028663 2.02185049194 0.937367920483 1.96244682434 ;
3.00486828415 4.39494288298 3.44442920018 3.53488991422 4.74962283694 2.04172425644 3.42399691643 ;
2.12690208628 4.69010441895 3.11321668451 4.40056411878 2.78711372212 3.82664139686 2.81505028503 ;
1.65910292664 4.71694718228 0.0 1.74387034444 2.39602556131 0.774898250375 2.79396738834 ;
1.16424293778 4.7031486365 2.37429053802 2.0237028663 2.02185049194 0.937367920483 1.96244682434 ;
2.47170907411 4.74110020885 2.81306635995 2.7490169251 2.33050195078 1.08687389253 3.24138905818 ;
1.69623387034 4.74798533136 2.67606970225 1.92022066565 4.06842187266 1.16400598792 3.32669630968 ;
2.4731678615 4.74079316057 2.81431328975 2.75417874354 2.33939709912 1.09113084759 3.24211771648 ;
1.16593980665 4.7034564833 2.37563056145 2.02996489986 2.01956099413 0.944381292018 1.95760127663 ;
2.12764049715 4.6897351906 3.11374273453 4.400137142 2.79165128203 3.82677238347 2.82259733673 ;
1.69449359216 4.7480616229 2.67540094986 1.91644431007 4.06800470486 1.16343121178 3.32678314253 ;
3.0050004846 4.39394160609 3.44542691925 3.53195758026 4.74856416199 2.03921550032 3.42358241772 ;
1.65910292664 4.71694718228 0.0 1.74387034444 2.39602556131 0.774898250375 2.79396738834 ;
2.11502720521 4.6881194283 3.10673022403 4.39601316533 2.75088448285 3.82133768736 2.8098813139 ;
2.50247687004 4.69999520522 2.85812485062 2.76097871256 2.45930144728 0.883837319567 3.25816482858 ;
1.65910292664 4.71694718228 0.0 1.74387034444 2.39602556131 0.774898250375 2.79396738834 ;
1.77174663897 4.75415827139 2.70518230238 2.05117816452 4.0804458478 1.2887331972 3.32561990963 ;
1.20958570629 4.70551191172 2.37207097972 1.98726167024 2.03640261408 0.915023297859 1.98725629224 ;
3.01254747707 4.40511998029 3.45000067536 3.55023975809 4.7618975771 2.39145234009 3.43413887197 ;
3.01344783169 4.40449482466 3.45144100332 3.5479436505 4.76074983959 2.39652769003 3.43077581184 ;
1.68180463504 4.76227139494 2.61809481451 1.96614055497 3.54952450974 1.03261375456 3.23441681076 ;
2.12834561912 4.69223786445 3.1175876418 4.40341313258 2.79532807124 3.82768974245 2.84331567251 ;
1.50245620381 4.67477825687 2.36060931052 2.19364122431 1.9271358098 1.09192454388 1.63274061818 ;
2.54904254075 4.6818539284 2.96416998975 2.96634774699 2.53963300421 1.06765740391 3.31790555388 ;
1.65910292664 4.71694718228 0.0 1.74387034444 2.39602556131 0.774898250375 2.79396738834 ;
1.52179622942 4.73932041238 2.1499704967 1.7563522523 4.0793008279 1.2610923442 3.35144552606 ;
3.01129424847 4.4041755665 3.45099696357 3.54829397088 4.76184268594 2.39084083893 3.43399681514 ;
2.54359764451 4.71436224182 2.86980991045 2.77787894889 2.77367373797 0.934044770847 3.26874876554 ;
1.24267036676 4.72442329362 1.30502068901 1.76838721786 2.0062861379 0.753694056672 2.86157757046 ;
1.78842330935 4.65274178771 2.22205951776 2.6578420107 2.18663655528 1.58179004459 0.0 ;
2.1641398149 4.69241818203 3.11523321361 4.39693367788 2.68856998574 3.82817943226 3.09072783172 ;
3.00486828415 4.39494288298 3.44442920018 3.53488991422 4.74962283694 2.04172425644 3.42399691643 ;
1.16424293778 4.7031486365 2.37429053802 2.0237028663 2.02185049194 0.937367920483 1.96244682434 ;
1.69623387034 4.74798533136 2.67606970225 1.92022066565 4.06842187266 1.16400598792 3.32669630968 ;
2.47170907411 4.74110020885 2.81306635995 2.7490169251 2.33050195078 1.08687389253 3.24138905818 ;
1.65910292664 4.71694718228 0.0 1.74387034444 2.39602556131 0.774898250375 2.79396738834 ;
2.12690208628 4.69010441895 3.11321668451 4.40056411878 2.78711372212 3.82664139686 2.81505028503 ;
1.77174663897 4.75415827139 2.70518230238 2.05117816452 4.0804458478 1.2887331972 3.32561990963 ;
3.01254747707 4.40511998029 3.45000067536 3.55023975809 4.7618975771 2.39145234009 3.43413887197 ;
2.11502720521 4.6881194283 3.10673022403 4.39601316533 2.75088448285 3.82133768736 2.8098813139 ;
1.20958570629 4.70551191172 2.37207097972 1.98726167024 2.03640261408 0.915023297859 1.98725629224 ;
1.65910292664 4.71694718228 0.0 1.74387034444 2.39602556131 0.774898250375 2.79396738834 ;
2.50247687004 4.69999520522 2.85812485062 2.76097871256 2.45930144728 0.883837319567 3.25816482858 ;
1.65910292664 4.71694718228 0.0 1.74387034444 2.39602556131 0.774898250375 2.79396738834 ;
2.54537816045 4.68278274588 2.96382377098 2.96138259836 2.53727662942 1.06425787938 3.31704083834 ;
3.01439356596 4.40477436253 3.45046999726 3.54690205913 4.75972216482 2.39572264629 3.43035320198 ;
2.12834561912 4.69223786445 3.1175876418 4.40341313258 2.79532807124 3.82768974245 2.84331567251 ;
1.50690498599 4.67352266395 2.36045579637 2.19049028899 1.93373961286 1.0949738525 1.62476080029 ;
1.67869378534 4.7622426736 2.6164761075 1.96829818643 3.54658922858 1.03313595317 3.23414045585 ;
2.12764049715 4.6897351906 3.11374273453 4.400137142 2.79165128203 3.82677238347 2.82259733673 ;
1.16593980665 4.7034564833 2.37563056145 2.02996489986 2.01956099413 0.944381292018 1.95760127663 ;
1.65910292664 4.71694718228 0.0 1.74387034444 2.39602556131 0.774898250375 2.79396738834 ;
1.69583874609 4.74812705848 2.6756922947 1.91727492703 4.06683898541 1.16439400057 3.32625316707 ;
3.0050004846 4.39394160609 3.44542691925 3.53195758026 4.74856416199 2.03921550032 3.42358241772 ;
2.47320042328 4.74073975381 2.81428411871 2.75463357856 2.33808532028 1.09038724309 3.24237543982 ;
1.21181188381 4.70587286642 2.37202290351 1.98243821958 2.03632582143 0.917344286113 1.98941528412 ;
3.01547516042 4.40666151555 3.44942336374 3.55308696209 4.76280702157 2.38717010257 3.43528847285 ;
2.50002617206 4.69997388477 2.85612440364 2.7571449938 2.44242826137 0.873960964008 3.25770934053 ;
1.77811543677 4.75343906368 2.70843427191 2.06232731015 4.08261777431 1.29508287438 3.32497209372 ;
2.11502720521 4.6881194283 3.10673022403 4.39601316533 2.75088448285 3.82133768736 2.8098813139 ;
1.65910292664 4.71694718228 0.0 1.74387034444 2.39602556131 0.774898250375 2.79396738834 ;
1.67869378534 4.7622426736 2.6164761075 1.96829818643 3.54658922858 1.03313595317 3.23414045585 ;
3.01439356596 4.40477436253 3.45046999726 3.54690205913 4.75972216482 2.39572264629 3.43035320198 ;
2.12834561912 4.69223786445 3.1175876418 4.40341313258 2.79532807124 3.82768974245 2.84331567251 ;
1.65910292664 4.71694718228 0.0 1.74387034444 2.39602556131 0.774898250375 2.79396738834 ;
2.54537816045 4.68278274588 2.96382377098 2.96138259836 2.53727662942 1.06425787938 3.31704083834 ;
1.50690498599 4.67352266395 2.36045579637 2.19049028899 1.93373961286 1.0949738525 1.62476080029 ;
1.65910292664 4.71694718228 0.0 1.74387034444 2.39602556131 0.774898250375 2.79396738834 ;
2.47282291608 4.7405109249 2.81482586961 2.75587833955 2.33687040849 1.09171698363 3.24231905455 ;
1.16593980665 4.7034564833 2.37563056145 2.02996489986 2.01956099413 0.944381292018 1.95760127663 ;
1.69777967034 4.74844893777 2.675146502 1.9169475246 4.06553090326 1.16231472557 3.32618594956 ;
3.0050004846 4.39394160609 3.44542691925 3.53195758026 4.74856416199 2.03921550032 3.42358241772 ;
2.12764049715 4.6897351906 3.11374273453 4.400137142 2.79165128203 3.82677238347 2.82259733673 ;
2.16131614332 4.69705812841 3.1168756717 4.40768306711 2.70723012934 3.82952198115 3.09348316025 ;
1.20087132836 4.72658834677 1.22883533883 1.78749456403 1.99323444086 0.742078296989 2.87027112269 ;
1.40223677925 4.73494609805 2.03478220456 1.67897237894 4.08142506619 1.19354628923 3.35932719566 ;
2.48161036645 4.74584005472 2.82331355429 2.66280321876 2.68796811282 1.06133996399 3.24785025746 ;
2.99688612529 4.38799660484 3.44443339708 3.52218566214 4.74206402966 2.02337926747 3.41180173198 ;
1.78842330935 4.65274178771 2.22205951776 2.6578420107 2.18663655528 1.58179004459 0.0 ;
2.99678240881 4.38627960357 3.44566775838 3.51692430441 4.74499576539 2.03237815916 3.41967225115 ;
2.50122510023 4.73019225688 2.88811570083 2.86597441907 2.45434957316 1.16219873014 3.28584940818 ;
2.13097514488 4.69165333421 3.11606662948 4.40109285796 2.79445143648 3.82777981017 2.84616894513 ;
1.56357022611 4.76223751617 2.57488181582 1.8770328913 3.56391212821 1.0331893914 3.2395448604 ;
1.65910292664 4.71694718228 0.0 1.74387034444 2.39602556131 0.774898250375 2.79396738834 ;
1.46169203558 4.67637635879 2.39263863512 2.17990301452 1.89348949979 1.07505061762 1.54855097201 ;
1.49732029235 4.67555820724 2.37541375858 2.18358385686 1.90910869279 1.08589206385 1.59880275891 ;
3.01344783169 4.40449482466 3.45144100332 3.5479436505 4.76074983959 2.39652769003 3.43077581184 ;
1.66343900761 4.76276822035 2.60677616135 1.95263229146 3.54891170923 1.03319045473 3.23376516356 ;
1.65910292664 4.71694718228 0.0 1.74387034444 2.39602556131 0.774898250375 2.79396738834 ;
2.13202245376 4.69057874926 3.11536805246 4.40038108318 2.79421868288 3.82718779287 2.84652002914 ;
2.54328485095 4.68323292855 2.95808925081 2.9559308602 2.56065636144 1.0618672872 3.31284142422 ;
2.52093999377 4.72005855088 2.8537089788 2.72374510131 2.79026658288 0.775488990806 3.27530784701 ;
2.82062076871 4.49384859587 3.28031743249 3.23057168283 4.60528870636 2.30692420822 3.4179906636 ;
1.24359073563 4.6812459136 2.02087650247 1.86617697692 3.56110009168 1.39720303907 2.94349368005 ;
1.27378084614 4.77223800317 1.054630671 1.59950798021 1.90119737288 0.545426451792 3.13648123597 ;
2.16990420829 4.69220449987 3.11700186654 4.3962174591 2.68629240402 3.82561192942 3.09196588281 ;
1.78842330935 4.65274178771 2.22205951776 2.6578420107 2.18663655528 1.58179004459 0.0 ;
3.00794296879 4.40171225564 3.43469009329 3.55079186466 4.74434486941 2.03163055291 3.42587539709 ;
1.84039345245 4.75742353139 2.72075664461 2.09056671331 4.07930482791 1.20268710448 3.36634343828 ;
1.66257041993 4.7233634743 0.0 1.71455250529 2.42427307511 0.772070520448 3.05387133144 ;
1.78842330935 4.65274178771 2.22205951776 2.6578420107 2.18663655528 1.58179004459 0.0 ;
1.97071443974 4.7334925374 2.63171048213 2.39840815398 2.1189089098 0.925447167425 3.07673837018 ;
2.17020205391 4.69429352593 3.1192210549 4.3990556358 2.69719149996 3.82987360134 3.09212876873 ;
1.50690498599 4.67352266395 2.36045579637 2.19049028899 1.93373961286 1.0949738525 1.62476080029 ;
2.12834561912 4.69223786445 3.1175876418 4.40341313258 2.79532807124 3.82768974245 2.84331567251 ;
1.65910292664 4.71694718228 0.0 1.74387034444 2.39602556131 0.774898250375 2.79396738834 ;
2.54517888764 4.68297985146 2.96435064695 2.9634158535 2.54013842569 1.0656190956 3.31744483771 ;
3.01439356596 4.40477436253 3.45046999726 3.54690205913 4.75972216482 2.39572264629 3.43035320198 ;
1.67783171469 4.76217051885 2.61561765747 1.96539838998 3.54536993661 1.03194814501 3.23370033227 ;
3.01344783169 4.40449482466 3.45144100332 3.5479436505 4.76074983959 2.39652769003 3.43077581184 ;
2.54317312831 4.68339342536 2.95803629715 2.95693225128 2.5621651274 1.06041067912 3.31261652012 ;
2.13202245376 4.69057874926 3.11536805246 4.40038108318 2.79421868288 3.82718779287 2.84652002914 ;
1.48774912589 4.67539668927 2.3813511548 2.17137840908 1.90810133637 1.0811231819 1.59640890255 ;
1.66588925652 4.76267880929 2.60387811878 1.9554283639 3.5471793383 1.03630089154 3.23279917257 ;
1.65910292664 4.71694718228 0.0 1.74387034444 2.39602556131 0.774898250375 2.79396738834 ;
3.01344783169 4.40449482466 3.45144100332 3.5479436505 4.76074983959 2.39652769003 3.43077581184 ;
1.65910292664 4.71694718228 0.0 1.74387034444 2.39602556131 0.774898250375 2.79396738834 ;
1.50245620381 4.67477825687 2.36060931052 2.19364122431 1.9271358098 1.09192454388 1.63274061818 ;
1.68141238686 4.76247027357 2.61794868036 1.96614748305 3.5493824893 1.03313595317 3.23444620707 ;
2.5482851854 4.68173116628 2.96385541963 2.96492878982 2.54122605459 1.06698782016 3.31775288753 ;
2.12834561912 4.69223786445 3.1175876418 4.40341313258 2.79532807124 3.82768974245 2.84331567251 ;
1.78842330935 4.65274178771 2.22205951776 2.6578420107 2.18663655528 1.58179004459 0.0 ;
2.99688612529 4.38799660484 3.44443339708 3.52218566214 4.74206402966 2.02337926747 3.41180173198 ;
1.39839955677 4.73429188112 2.02992135108 1.68116674914 4.08064396753 1.19192345472 3.35737280834 ;
2.48323957096 4.74586919451 2.82330959441 2.66345009847 2.68782233165 1.06099474332 3.24890323254 ;
1.20293675208 4.72708285515 1.2342129272 1.78632865186 1.99158261074 0.743784874546 2.86969961355 ;
2.16131614332 4.69705812841 3.1168756717 4.40768306711 2.70723012934 3.82952198115 3.09348316025 ;
3.01439356596 4.40477436253 3.45046999726 3.54690205913 4.75972216482 2.39572264629 3.43035320198 ;
1.65910292664 4.71694718228 0.0 1.74387034444 2.39602556131 0.774898250375 2.79396738834 ;
2.12834561912 4.69223786445 3.1175876418 4.40341313258 2.79532807124 3.82768974245 2.84331567251 ;
1.67583624097 4.7622941634 2.61530227943 1.96521672136 3.54603339158 1.03151298253 3.23355125396 ;
2.54631491398 4.68294520153 2.96423292864 2.96222847173 2.54076753992 1.06608519888 3.31750309793 ;
1.50690498599 4.67352266395 2.36045579637 2.19049028899 1.93373961286 1.0949738525 1.62476080029 ;
1.21772316129 4.70591078647 2.36992849228 1.97029709319 2.04625911812 0.904300295945 1.98860338863 ;
2.50187326376 4.700348329 2.85637699756 2.75774406339 2.44290465763 0.873267371023 3.25843466462 ;
1.77928486919 4.75320351859 2.70912891524 2.06563827126 4.08367116184 1.2969150174 3.32494972033 ;
2.10418091185 4.68817060691 3.10516431111 4.39639960617 2.73677738294 3.82015832625 2.80652732694 ;
3.01297970168 4.40537878403 3.44970010876 3.55055239903 4.76192522086 2.38855231313 3.43410042117 ;
1.65910292664 4.71694718228 0.0 1.74387034444 2.39602556131 0.774898250375 2.79396738834 ;
1.20492497627 4.7271883224 1.23702041776 1.78306296877 1.99120872368 0.745557975528 2.86935991606 ;
2.99526766915 4.38695528268 3.44480378257 3.51903007965 4.7423290099 2.0221738481 3.41104340472 ;
2.16131614332 4.69705812841 3.1168756717 4.40768306711 2.70723012934 3.82952198115 3.09348316025 ;
2.48540675443 4.74554389968 2.82425108664 2.66994296577 2.69115382301 1.06386970858 3.2499516281 ;
1.40039159756 4.73446295151 2.03210374464 1.68184136638 4.08093839565 1.18922679532 3.35755761963 ;
1.78842330935 4.65274178771 2.22205951776 2.6578420107 2.18663655528 1.58179004459 0.0 ;
1.65910292664 4.71694718228 0.0 1.74387034444 2.39602556131 0.774898250375 2.79396738834 ;
3.00486828415 4.39494288298 3.44442920018 3.53488991422 4.74962283694 2.04172425644 3.42399691643 ;
2.47170907411 4.74110020885 2.81306635995 2.7490169251 2.33050195078 1.08687389253 3.24138905818 ;
1.69623387034 4.74798533136 2.67606970225 1.92022066565 4.06842187266 1.16400598792 3.32669630968 ;
1.16424293778 4.7031486365 2.37429053802 2.0237028663 2.02185049194 0.937367920483 1.96244682434 ;
2.12690208628 4.69010441895 3.11321668451 4.40056411878 2.78711372212 3.82664139686 2.81505028503 ;
2.73756686381 4.5181195116 3.32155443328 3.89417740486 3.94034320322 2.97506823809 3.31494506528 ;
1.65910292664 4.71694718228 0.0 1.74387034444 2.39602556131 0.774898250375 2.79396738834 ;
1.92783794577 4.72033758526 2.65943617861 2.22759718347 2.83309395215 0.0 3.17206824112 ;
1.62774270071 4.65128898473 2.72681106124 3.0669217701 2.08983173874 2.2417154704 1.40270506214 ;
2.56801913241 4.74112020009 2.90486269253 2.88839404192 2.80988830146 1.66905484615 3.30084034647 ;
1.3859684359 4.7494072735 2.54185708397 1.80378507968 3.72614167761 1.85090109574 3.28559430267 ;
1.78842330935 4.65274178771 2.22205951776 2.6578420107 2.18663655528 1.58179004459 0.0 ;
2.1641398149 4.69241818203 3.11523321361 4.39693367788 2.68856998574 3.82817943226 3.09072783172 ;
3.01129424847 4.4041755665 3.45099696357 3.54829397088 4.76184268594 2.39084083893 3.43399681514 ;
1.52179622942 4.73932041238 2.1499704967 1.7563522523 4.0793008279 1.2610923442 3.35144552606 ;
2.54359764451 4.71436224182 2.86980991045 2.77787894889 2.77367373797 0.934044770847 3.26874876554 ;
1.24267036676 4.72442329362 1.30502068901 1.76838721786 2.0062861379 0.753694056672 2.86157757046 ;
2.99688612529 4.38799660484 3.44443339708 3.52218566214 4.74206402966 2.02337926747 3.41180173198 ;
2.48299993227 4.7456604826 2.8232038506 2.66434491505 2.68404569544 1.0604033323 3.2476648407 ;
1.41082428044 4.73553095528 2.03983482422 1.68302149319 4.07899015079 1.19491805576 3.35777211743 ;
1.78842330935 4.65274178771 2.22205951776 2.6578420107 2.18663655528 1.58179004459 0.0 ;
2.16131614332 4.69705812841 3.1168756717 4.40768306711 2.70723012934 3.82952198115 3.09348316025 ;
1.19687979074 4.7264883039 1.22778351437 1.78696193983 1.99096364316 0.741135245259 2.87036962274 ;
2.13202245376 4.69057874926 3.11536805246 4.40038108318 2.79421868288 3.82718779287 2.84652002914 ;
2.54328485095 4.68323292855 2.95808925081 2.9559308602 2.56065636144 1.0618672872 3.31284142422 ;
1.49732029235 4.67555820724 2.37541375858 2.18358385686 1.90910869279 1.08589206385 1.59880275891 ;
1.65910292664 4.71694718228 0.0 1.74387034444 2.39602556131 0.774898250375 2.79396738834 ;
3.01344783169 4.40449482466 3.45144100332 3.5479436505 4.76074983959 2.39652769003 3.43077581184 ;
1.66343900761 4.76276822035 2.60677616135 1.95263229146 3.54891170923 1.03319045473 3.23376516356 ;
1.69623387034 4.74798533136 2.67606970225 1.92022066565 4.06842187266 1.16400598792 3.32669630968 ;
1.16424293778 4.7031486365 2.37429053802 2.0237028663 2.02185049194 0.937367920483 1.96244682434 ;
3.00486828415 4.39494288298 3.44442920018 3.53488991422 4.74962283694 2.04172425644 3.42399691643 ;
2.47170907411 4.74110020885 2.81306635995 2.7490169251 2.33050195078 1.08687389253 3.24138905818 ;
2.12690208628 4.69010441895 3.11321668451 4.40056411878 2.78711372212 3.82664139686 2.81505028503 ;
1.65910292664 4.71694718228 0.0 1.74387034444 2.39602556131 0.774898250375 2.79396738834 ;
1.67852837004 4.76221023209 2.61640208995 1.96951609944 3.54881077804 1.03313595317 3.23419174627 ;
2.12834561912 4.69223786445 3.1175876418 4.40341313258 2.79532807124 3.82768974245 2.84331567251 ;
1.50690498599 4.67352266395 2.36045579637 2.19049028899 1.93373961286 1.0949738525 1.62476080029 ;
3.01439356596 4.40477436253 3.45046999726 3.54690205913 4.75972216482 2.39572264629 3.43035320198 ;
1.65910292664 4.71694718228 0.0 1.74387034444 2.39602556131 0.774898250375 2.79396738834 ;
2.54557432901 4.68282121876 2.96391154954 2.95993825645 2.5346420595 1.06425787938 3.31698001224 ;
1.20166363967 4.72664816226 1.23195659644 1.78743827517 1.99542077447 0.742425121576 2.86987459905 ;
2.99534259379 4.38728611958 3.44471328225 3.52054951187 4.74205469345 2.02292933358 3.41190575081 ;
2.48467321953 4.74578340725 2.82362454812 2.66574454943 2.68835324297 1.06321054914 3.24882755905 ;
1.78842330935 4.65274178771 2.22205951776 2.6578420107 2.18663655528 1.58179004459 0.0 ;
2.16131614332 4.69705812841 3.1168756717 4.40768306711 2.70723012934 3.82952198115 3.09348316025 ;
1.40241846225 4.73501886332 2.03671168964 1.68022809827 4.08091544833 1.19192345472 3.35844682811 ;
1.84201549281 4.75721230758 2.71921260161 2.09056382461 4.07779043736 1.20073785471 3.36550053706 ;
1.66257041993 4.7233634743 0.0 1.71455250529 2.42427307511 0.772070520448 3.05387133144 ;
3.00794296879 4.40171225564 3.43469009329 3.55079186466 4.74434486941 2.03163055291 3.42587539709 ;
1.96985258041 4.73359787809 2.63256555973 2.39871471217 2.11789305144 0.926363451749 3.07696655333 ;
1.78842330935 4.65274178771 2.22205951776 2.6578420107 2.18663655528 1.58179004459 0.0 ;
2.17020205391 4.69429352593 3.1192210549 4.3990556358 2.69719149996 3.82987360134 3.09212876873 ;
2.17020205391 4.69429352593 3.1192210549 4.3990556358 2.69719149996 3.82987360134 3.09212876873 ;
1.84039345245 4.75742353139 2.72075664461 2.09056671331 4.07930482791 1.20268710448 3.36634343828 ;
3.00794296879 4.40171225564 3.43469009329 3.55079186466 4.74434486941 2.03163055291 3.42587539709 ;
1.97071443974 4.7334925374 2.63171048213 2.39840815398 2.1189089098 0.925447167425 3.07673837018 ;
1.66257041993 4.7233634743 0.0 1.71455250529 2.42427307511 0.772070520448 3.05387133144 ;
1.78842330935 4.65274178771 2.22205951776 2.6578420107 2.18663655528 1.58179004459 0.0 ;
1.61512344199 4.76310857396 2.60477456362 1.91105154692 3.6733006403 1.02360406804 3.26496753535 ;
2.47798888801 4.72797321118 2.87085541322 2.83213692963 2.373726157 1.17184467947 3.2691787211 ;
3.00201394164 4.39012618011 3.44556928591 3.52479410038 4.74563719392 2.03685635413 3.42216196037 ;
2.12520014449 4.69006795871 3.11484837343 4.39972807808 2.79457126227 3.8267289383 2.83845575016 ;
1.65910292664 4.71694718228 0.0 1.74387034444 2.39602556131 0.774898250375 2.79396738834 ;
1.41069867107 4.68592031721 2.37579856792 2.14744050634 1.91404290629 1.04814843038 1.65548048917 ;
1.20958570629 4.70551191172 2.37207097972 1.98726167024 2.03640261408 0.915023297859 1.98725629224 ;
1.65910292664 4.71694718228 0.0 1.74387034444 2.39602556131 0.774898250375 2.79396738834 ;
3.01254747707 4.40511998029 3.45000067536 3.55023975809 4.7618975771 2.39145234009 3.43413887197 ;
1.77174663897 4.75415827139 2.70518230238 2.05117816452 4.0804458478 1.2887331972 3.32561990963 ;
2.11463516202 4.68923330852 3.10901952023 4.39697117384 2.76747322578 3.82372620984 2.80781260019 ;
2.50126849206 4.69944028143 2.85796288776 2.76639839007 2.4527161224 0.893267331452 3.2575096365 ;
2.19096941784 4.69414102519 3.12037270461 4.39953924937 2.77392376523 3.82786520248 3.10236802842 ;
1.20248685049 4.71967608497 1.40978143064 1.77711319017 3.12155448757 0.928814700606 3.02148337657 ;
1.5792881426 4.75419312584 2.07184325836 2.01801949508 8.78938685811e-06 0.864960499404 3.04354876146 ;
3.01417180868 4.40340407178 3.45245789237 3.54624185052 4.75764136198 2.38727073779 3.42732072758 ;
2.48354064105 4.71638629102 2.8597090563 2.63664851592 3.40429051487 1.05080242699 3.30409397455 ;
1.78842330935 4.65274178771 2.22205951776 2.6578420107 2.18663655528 1.58179004459 0.0 ;
2.12834561912 4.69223786445 3.1175876418 4.40341313258 2.79532807124 3.82768974245 2.84331567251 ;
2.5482851854 4.68173116628 2.96385541963 2.96492878982 2.54122605459 1.06698782016 3.31775288753 ;
1.50245620381 4.67477825687 2.36060931052 2.19364122431 1.9271358098 1.09192454388 1.63274061818 ;
1.68141238686 4.76247027357 2.61794868036 1.96614748305 3.5493824893 1.03313595317 3.23444620707 ;
1.65910292664 4.71694718228 0.0 1.74387034444 2.39602556131 0.774898250375 2.79396738834 ;
3.01344783169 4.40449482466 3.45144100332 3.5479436505 4.76074983959 2.39652769003 3.43077581184 ;
1.52179622942 4.73932041238 2.1499704967 1.7563522523 4.0793008279 1.2610923442 3.35144552606 ;
3.01129424847 4.4041755665 3.45099696357 3.54829397088 4.76184268594 2.39084083893 3.43399681514 ;
2.1641398149 4.69241818203 3.11523321361 4.39693367788 2.68856998574 3.82817943226 3.09072783172 ;
1.78842330935 4.65274178771 2.22205951776 2.6578420107 2.18663655528 1.58179004459 0.0 ;
2.54359764451 4.71436224182 2.86980991045 2.77787894889 2.77367373797 0.934044770847 3.26874876554 ;
1.24267036676 4.72442329362 1.30502068901 1.76838721786 2.0062861379 0.753694056672 2.86157757046 ;
3.01344783169 4.40449482466 3.45144100332 3.5479436505 4.76074983959 2.39652769003 3.43077581184 ;
1.65910292664 4.71694718228 0.0 1.74387034444 2.39602556131 0.774898250375 2.79396738834 ;
1.49508658121 4.67512235607 2.37887377421 2.18304686284 1.90968041303 1.08936136757 1.59528557114 ;
2.54246894088 4.68332203813 2.9586824921 2.95656246275 2.5620720085 1.05845390204 3.31268985569 ;
1.66479685749 4.76274935243 2.60467227345 1.95255906741 3.54547876644 1.03493955586 3.23325463255 ;
2.13202245376 4.69057874926 3.11536805246 4.40038108318 2.79421868288 3.82718779287 2.84652002914 ;
2.1647340905 4.69129344143 3.11338005382 4.39541485141 2.68116345686 3.82556877124 3.09004567351 ;
2.0808447933 4.73553908491 2.82585556472 2.48105702838 3.5791044646 1.11971022054 3.32216627172 ;
3.00324945974 4.39698789751 3.43729013084 3.54276837543 4.7444818854 2.02653098822 3.41536715825 ;
1.64757438222 4.75896228521 2.38072181828 1.92974211507 1.59102068354 0.868931467657 2.95401856774 ;
1.66257041993 4.7233634743 0.0 1.71455250529 2.42427307511 0.772070520448 3.05387133144 ;
1.78842330935 4.65274178771 2.22205951776 2.6578420107 2.18663655528 1.58179004459 0.0 ;
1.69583874609 4.74812705848 2.6756922947 1.91727492703 4.06683898541 1.16439400057 3.32625316707 ;
2.12764049715 4.6897351906 3.11374273453 4.400137142 2.79165128203 3.82677238347 2.82259733673 ;
3.0050004846 4.39394160609 3.44542691925 3.53195758026 4.74856416199 2.03921550032 3.42358241772 ;
2.47320042328 4.74073975381 2.81428411871 2.75463357856 2.33808532028 1.09038724309 3.24237543982 ;
1.16593980665 4.7034564833 2.37563056145 2.02996489986 2.01956099413 0.944381292018 1.95760127663 ;
1.65910292664 4.71694718228 0.0 1.74387034444 2.39602556131 0.774898250375 2.79396738834 ;
3.01344783169 4.40449482466 3.45144100332 3.5479436505 4.76074983959 2.39652769003 3.43077581184 ;
2.54328485095 4.68323292855 2.95808925081 2.9559308602 2.56065636144 1.0618672872 3.31284142422 ;
1.49732029235 4.67555820724 2.37541375858 2.18358385686 1.90910869279 1.08589206385 1.59880275891 ;
1.65910292664 4.71694718228 0.0 1.74387034444 2.39602556131 0.774898250375 2.79396738834 ;
1.66343900761 4.76276822035 2.60677616135 1.95263229146 3.54891170923 1.03319045473 3.23376516356 ;
2.13202245376 4.69057874926 3.11536805246 4.40038108318 2.79421868288 3.82718779287 2.84652002914 ;
1.461390552 4.67632353882 2.39349179836 2.17070669901 1.89669502481 1.07851385957 1.55475276568 ;
2.50136771498 4.73034741464 2.88791177891 2.86779522124 2.45666654362 1.16066346101 3.28602342213 ;
1.65910292664 4.71694718228 0.0 1.74387034444 2.39602556131 0.774898250375 2.79396738834 ;
2.13097514488 4.69165333421 3.11606662948 4.40109285796 2.79445143648 3.82777981017 2.84616894513 ;
1.56255368567 4.76237622948 2.57480899704 1.87679258086 3.56624543657 1.03304933908 3.241331594 ;
2.99678240881 4.38627960357 3.44566775838 3.51692430441 4.74499576539 2.03237815916 3.41967225115 ;
1.69623387034 4.74798533136 2.67606970225 1.92022066565 4.06842187266 1.16400598792 3.32669630968 ;
1.16424293778 4.7031486365 2.37429053802 2.0237028663 2.02185049194 0.937367920483 1.96244682434 ;
3.00486828415 4.39494288298 3.44442920018 3.53488991422 4.74962283694 2.04172425644 3.42399691643 ;
2.47170907411 4.74110020885 2.81306635995 2.7490169251 2.33050195078 1.08687389253 3.24138905818 ;
2.12690208628 4.69010441895 3.11321668451 4.40056411878 2.78711372212 3.82664139686 2.81505028503 ;
1.65910292664 4.71694718228 0.0 1.74387034444 2.39602556131 0.774898250375 2.79396738834 ;
1.66605685854 4.76261340908 2.60711295774 1.95499824607 3.54841202309 1.03678016549 3.23391630481 ;
2.13202245376 4.69057874926 3.11536805246 4.40038108318 2.79421868288 3.82718779287 2.84652002914 ;
2.54271220296 4.68319102439 2.95867154885 2.95598662998 2.55850584971 1.05783740293 3.31288626464 ;
3.01344783169 4.40449482466 3.45144100332 3.5479436505 4.76074983959 2.39652769003 3.43077581184 ;
1.49732029235 4.67555820724 2.37541375858 2.18358385686 1.90910869279 1.08589206385 1.59880275891 ;
1.65910292664 4.71694718228 0.0 1.74387034444 2.39602556131 0.774898250375 2.79396738834 ;
1.84039345245 4.75742353139 2.72075664461 2.09056671331 4.07930482791 1.20268710448 3.36634343828 ;
2.17020205391 4.69429352593 3.1192210549 4.3990556358 2.69719149996 3.82987360134 3.09212876873 ;
3.00794296879 4.40171225564 3.43469009329 3.55079186466 4.74434486941 2.03163055291 3.42587539709 ;
1.97071443974 4.7334925374 2.63171048213 2.39840815398 2.1189089098 0.925447167425 3.07673837018 ;
1.66257041993 4.7233634743 0.0 1.71455250529 2.42427307511 0.772070520448 3.05387133144 ;
1.78842330935 4.65274178771 2.22205951776 2.6578420107 2.18663655528 1.58179004459 0.0 ;
1.57055432793 4.76304334437 2.579872463 1.88571645952 3.56904859399 1.03381825303 3.24172427895 ;
2.50044774979 4.72915295099 2.88904178321 2.86822122719 2.44045528046 1.16098115962 3.28491791783 ;
2.99678240881 4.38627960357 3.44566775838 3.51692430441 4.74499576539 2.03237815916 3.41967225115 ;
2.13097514488 4.69165333421 3.11606662948 4.40109285796 2.79445143648 3.82777981017 2.84616894513 ;
1.46872965408 4.67678654884 2.38652174387 2.17383738714 1.90055834563 1.07920250072 1.55768899717 ;
1.65910292664 4.71694718228 0.0 1.74387034444 2.39602556131 0.774898250375 2.79396738834 ;
1.65910292664 4.71694718228 0.0 1.74387034444 2.39602556131 0.774898250375 2.79396738834 ;
1.69623387034 4.74798533136 2.67606970225 1.92022066565 4.06842187266 1.16400598792 3.32669630968 ;
2.12690208628 4.69010441895 3.11321668451 4.40056411878 2.78711372212 3.82664139686 2.81505028503 ;
3.00486828415 4.39494288298 3.44442920018 3.53488991422 4.74962283694 2.04172425644 3.42399691643 ;
1.16424293778 4.7031486365 2.37429053802 2.0237028663 2.02185049194 0.937367920483 1.96244682434 ;
2.47170907411 4.74110020885 2.81306635995 2.7490169251 2.33050195078 1.08687389253 3.24138905818 ;
2.1647340905 4.69129344143 3.11338005382 4.39541485141 2.68116345686 3.82556877124 3.09004567351 ;
2.06546071211 4.73716127452 2.82331163084 2.46849869593 3.55162917059 1.10975360001 3.32053169825 ;
3.00324945974 4.39698789751 3.43729013084 3.54276837543 4.7444818854 2.02653098822 3.41536715825 ;
1.66257041993 4.7233634743 0.0 1.71455250529 2.42427307511 0.772070520448 3.05387133144 ;
1.78842330935 4.65274178771 2.22205951776 2.6578420107 2.18663655528 1.58179004459 0.0 ;
1.66138794087 4.75671199589 2.36969098498 1.93397285029 1.57240118815 0.878928150465 2.94400276706 ;
1.20166363967 4.72664816226 1.23195659644 1.78743827517 1.99542077447 0.742425121576 2.86987459905 ;
2.99534259379 4.38728611958 3.44471328225 3.52054951187 4.74205469345 2.02292933358 3.41190575081 ;
1.40241846225 4.73501886332 2.03671168964 1.68022809827 4.08091544833 1.19192345472 3.35844682811 ;
1.78842330935 4.65274178771 2.22205951776 2.6578420107 2.18663655528 1.58179004459 0.0 ;
2.48467321953 4.74578340725 2.82362454812 2.66574454943 2.68835324297 1.06321054914 3.24882755905 ;
2.16131614332 4.69705812841 3.1168756717 4.40768306711 2.70723012934 3.82952198115 3.09348316025 ;
3.01439356596 4.40477436253 3.45046999726 3.54690205913 4.75972216482 2.39572264629 3.43035320198 ;
2.54614945431 4.68340290129 2.96437341273 2.95898641851 2.54032107145 1.06458998822 3.31755149297 ;
1.65910292664 4.71694718228 0.0 1.74387034444 2.39602556131 0.774898250375 2.79396738834 ;
1.67493933283 4.76199977606 2.61476700433 1.96678355353 3.54761098142 1.03274243781 3.23341006503 ;
1.50690498599 4.67352266395 2.36045579637 2.19049028899 1.93373961286 1.0949738525 1.62476080029 ;
2.12834561912 4.69223786445 3.1175876418 4.40341313258 2.79532807124 3.82768974245 2.84331567251 ;
1.77174663897 4.75415827139 2.70518230238 2.05117816452 4.0804458478 1.2887331972 3.32561990963 ;
1.20958570629 4.70551191172 2.37207097972 1.98726167024 2.03640261408 0.915023297859 1.98725629224 ;
3.01505025501 4.40640656565 3.44972248705 3.55278143916 4.76278165142 2.39005942394 3.43532979766 ;
1.65910292664 4.71694718228 0.0 1.74387034444 2.39602556131 0.774898250375 2.79396738834 ;
2.11463516202 4.68923330852 3.10901952023 4.39697117384 2.76747322578 3.82372620984 2.80781260019 ;
2.49945941292 4.69917674812 2.85738781304 2.76424466543 2.44953094156 0.892141711178 3.25672853661 ;
1.78842330935 4.65274178771 2.22205951776 2.6578420107 2.18663655528 1.58179004459 0.0 ;
1.84201549281 4.75721230758 2.71921260161 2.09056382461 4.07779043736 1.20073785471 3.36550053706 ;
2.17020205391 4.69429352593 3.1192210549 4.3990556358 2.69719149996 3.82987360134 3.09212876873 ;
1.66257041993 4.7233634743 0.0 1.71455250529 2.42427307511 0.772070520448 3.05387133144 ;
3.00794296879 4.40171225564 3.43469009329 3.55079186466 4.74434486941 2.03163055291 3.42587539709 ;
1.96985258041 4.73359787809 2.63256555973 2.39871471217 2.11789305144 0.926363451749 3.07696655333 ;
1.78842330935 4.65274178771 2.22205951776 2.6578420107 2.18663655528 1.58179004459 0.0 ;
2.48161036645 4.74584005472 2.82331355429 2.66280321876 2.68796811282 1.06133996399 3.24785025746 ;
1.40223677925 4.73494609805 2.03478220456 1.67897237894 4.08142506619 1.19354628923 3.35932719566 ;
2.99688612529 4.38799660484 3.44443339708 3.52218566214 4.74206402966 2.02337926747 3.41180173198 ;
2.16131614332 4.69705812841 3.1168756717 4.40768306711 2.70723012934 3.82952198115 3.09348316025 ;
1.20087132836 4.72658834677 1.22883533883 1.78749456403 1.99323444086 0.742078296989 2.87027112269 ;
2.20532361439 4.71351657122 3.14194275777 4.43504806644 2.80960006188 3.84099889245 3.14893473037 ;
2.08240512806 4.46608671881 2.9818791844 3.7585975758 2.3192004534 2.48873577385 1.84414710134 ;
1.95266848494 4.76105113158 2.67283102113 2.31101243427 3.35911449587 1.05195754426 3.26614527166 ;
3.01122399492 4.40614169471 3.43491046403 3.55599804215 4.7496574737 2.03145404417 3.43147178307 ;
1.67006964613 4.76202864163 2.50370903395 1.76289842896 0.985845696332 0.739892842345 2.2177639603 ;
1.65910292664 4.71694718228 0.0 1.74387034444 2.39602556131 0.774898250375 2.79396738834 ;
2.54631491398 4.68294520153 2.96423292864 2.96222847173 2.54076753992 1.06608519888 3.31750309793 ;
1.50690498599 4.67352266395 2.36045579637 2.19049028899 1.93373961286 1.0949738525 1.62476080029 ;
1.67583624097 4.7622941634 2.61530227943 1.96521672136 3.54603339158 1.03151298253 3.23355125396 ;
2.12834561912 4.69223786445 3.1175876418 4.40341313258 2.79532807124 3.82768974245 2.84331567251 ;
1.65910292664 4.71694718228 0.0 1.74387034444 2.39602556131 0.774898250375 2.79396738834 ;
3.01439356596 4.40477436253 3.45046999726 3.54690205913 4.75972216482 2.39572264629 3.43035320198 ;
1.68141238686 4.76247027357 2.61794868036 1.96614748305 3.5493824893 1.03313595317 3.23444620707 ;
2.5482851854 4.68173116628 2.96385541963 2.96492878982 2.54122605459 1.06698782016 3.31775288753 ;
1.65910292664 4.71694718228 0.0 1.74387034444 2.39602556131 0.774898250375 2.79396738834 ;
1.50245620381 4.67477825687 2.36060931052 2.19364122431 1.9271358098 1.09192454388 1.63274061818 ;
2.12834561912 4.69223786445 3.1175876418 4.40341313258 2.79532807124 3.82768974245 2.84331567251 ;
3.01344783169 4.40449482466 3.45144100332 3.5479436505 4.76074983959 2.39652769003 3.43077581184 ;
2.73929334593 4.51874081273 3.32256680648 3.89434188807 3.94189061489 2.97458007512 3.31662111459 ;
1.65910292664 4.71694718228 0.0 1.74387034444 2.39602556131 0.774898250375 2.79396738834 ;
1.62747283171 4.64953281289 2.7264782536 3.06914379118 2.09225589817 2.24505394299 1.40504380926 ;
1.92783794577 4.72033758526 2.65943617861 2.22759718347 2.83309395215 0.0 3.17206824112 ;
1.3859684359 4.7494072735 2.54185708397 1.80378507968 3.72614167761 1.85090109574 3.28559430267 ;
2.56801913241 4.74112020009 2.90486269253 2.88839404192 2.80988830146 1.66905484615 3.30084034647 ;
1.67583624097 4.7622941634 2.61530227943 1.96521672136 3.54603339158 1.03151298253 3.23355125396 ;
2.54631491398 4.68294520153 2.96423292864 2.96222847173 2.54076753992 1.06608519888 3.31750309793 ;
3.01439356596 4.40477436253 3.45046999726 3.54690205913 4.75972216482 2.39572264629 3.43035320198 ;
1.50690498599 4.67352266395 2.36045579637 2.19049028899 1.93373961286 1.0949738525 1.62476080029 ;
2.12834561912 4.69223786445 3.1175876418 4.40341313258 2.79532807124 3.82768974245 2.84331567251 ;
1.65910292664 4.71694718228 0.0 1.74387034444 2.39602556131 0.774898250375 2.79396738834 ;
1.66257041993 4.7233634743 0.0 1.71455250529 2.42427307511 0.772070520448 3.05387133144 ;
3.00324945974 4.39698789751 3.43729013084 3.54276837543 4.7444818854 2.02653098822 3.41536715825 ;
2.08084977554 4.73558972545 2.82574390277 2.48071822231 3.57641375358 1.11932805062 3.32169185941 ;
1.6460687394 4.75895144664 2.37938652622 1.92845157577 1.58902826265 0.868757614018 2.95360641421 ;
2.1647340905 4.69129344143 3.11338005382 4.39541485141 2.68116345686 3.82556877124 3.09004567351 ;
1.78842330935 4.65274178771 2.22205951776 2.6578420107 2.18663655528 1.58179004459 0.0 ;
1.65910292664 4.71694718228 0.0 1.74387034444 2.39602556131 0.774898250375 2.79396738834 ;
3.01344783169 4.40449482466 3.45144100332 3.5479436505 4.76074983959 2.39652769003 3.43077581184 ;
1.4971500574 4.67630416795 2.3725270738 2.18514236796 1.9103921539 1.08528184991 1.60292619574 ;
2.13202245376 4.69057874926 3.11536805246 4.40038108318 2.79421868288 3.82718779287 2.84652002914 ;
1.66635407764 4.76228713262 2.60880649187 1.95353928009 3.5497297463 1.03470558462 3.23323038445 ;
2.54388741241 4.68325142567 2.95878911662 2.95804714378 2.55733354477 1.06044173318 3.31424516219 ;
2.50001759725 4.69930202383 2.8573606507 2.76496377961 2.44790126384 0.891437255744 3.2566819075 ;
3.01505025501 4.40640656565 3.44972248705 3.55278143916 4.76278165142 2.39005942394 3.43532979766 ;
1.7721812384 4.75389317715 2.7054728108 2.05136521796 4.07999712021 1.28905151747 3.32557014872 ;
1.20958570629 4.70551191172 2.37207097972 1.98726167024 2.03640261408 0.915023297859 1.98725629224 ;
1.65910292664 4.71694718228 0.0 1.74387034444 2.39602556131 0.774898250375 2.79396738834 ;
2.11463516202 4.68923330852 3.10901952023 4.39697117384 2.76747322578 3.82372620984 2.80781260019 ;
1.66257041993 4.7233634743 0.0 1.71455250529 2.42427307511 0.772070520448 3.05387133144 ;
3.00794296879 4.40171225564 3.43469009329 3.55079186466 4.74434486941 2.03163055291 3.42587539709 ;
1.84201549281 4.75721230758 2.71921260161 2.09056382461 4.07779043736 1.20073785471 3.36550053706 ;
1.78842330935 4.65274178771 2.22205951776 2.6578420107 2.18663655528 1.58179004459 0.0 ;
2.17020205391 4.69429352593 3.1192210549 4.3990556358 2.69719149996 3.82987360134 3.09212876873 ;
1.96985258041 4.73359787809 2.63256555973 2.39871471217 2.11789305144 0.926363451749 3.07696655333 ;
2.11502720521 4.6881194283 3.10673022403 4.39601316533 2.75088448285 3.82133768736 2.8098813139 ;
1.65910292664 4.71694718228 0.0 1.74387034444 2.39602556131 0.774898250375 2.79396738834 ;
3.01297970168 4.40537878403 3.44970010876 3.55055239903 4.76192522086 2.38855231313 3.43410042117 ;
1.77811543677 4.75343906368 2.70843427191 2.06232731015 4.08261777431 1.29508287438 3.32497209372 ;
2.50185644109 4.70023964081 2.8567079598 2.75933334591 2.44566054559 0.875122179142 3.25849869942 ;
1.21181188381 4.70587286642 2.37202290351 1.98243821958 2.03632582143 0.917344286113 1.98941528412 ;
3.00794296879 4.40171225564 3.43469009329 3.55079186466 4.74434486941 2.03163055291 3.42587539709 ;
1.97071443974 4.7334925374 2.63171048213 2.39840815398 2.1189089098 0.925447167425 3.07673837018 ;
1.78842330935 4.65274178771 2.22205951776 2.6578420107 2.18663655528 1.58179004459 0.0 ;
1.66257041993 4.7233634743 0.0 1.71455250529 2.42427307511 0.772070520448 3.05387133144 ;
1.84039345245 4.75742353139 2.72075664461 2.09056671331 4.07930482791 1.20268710448 3.36634343828 ;
2.17020205391 4.69429352593 3.1192210549 4.3990556358 2.69719149996 3.82987360134 3.09212876873 ;
2.99534259379 4.38728611958 3.44471328225 3.52054951187 4.74205469345 2.02292933358 3.41190575081 ;
2.16131614332 4.69705812841 3.1168756717 4.40768306711 2.70723012934 3.82952198115 3.09348316025 ;
1.40241846225 4.73501886332 2.03671168964 1.68022809827 4.08091544833 1.19192345472 3.35844682811 ;
1.20166363967 4.72664816226 1.23195659644 1.78743827517 1.99542077447 0.742425121576 2.86987459905 ;
2.48467321953 4.74578340725 2.82362454812 2.66574454943 2.68835324297 1.06321054914 3.24882755905 ;
1.78842330935 4.65274178771 2.22205951776 2.6578420107 2.18663655528 1.58179004459 0.0 ;
3.00486828415 4.39494288298 3.44442920018 3.53488991422 4.74962283694 2.04172425644 3.42399691643 ;
1.16424293778 4.7031486365 2.37429053802 2.0237028663 2.02185049194 0.937367920483 1.96244682434 ;
1.65910292664 4.71694718228 0.0 1.74387034444 2.39602556131 0.774898250375 2.79396738834 ;
2.47110139444 4.74117551181 2.81247485774 2.7491945852 2.32819924535 1.08577712115 3.24168343327 ;
2.12690208628 4.69010441895 3.11321668451 4.40056411878 2.78711372212 3.82664139686 2.81505028503 ;
1.69850629387 4.7478630404 2.67717835486 1.92144114831 4.06868203896 1.16547032166 3.32611397741 ;
1.65910292664 4.71694718228 0.0 1.74387034444 2.39602556131 0.774898250375 2.79396738834 ;
2.11502720521 4.6881194283 3.10673022403 4.39601316533 2.75088448285 3.82133768736 2.8098813139 ;
1.77811543677 4.75343906368 2.70843427191 2.06232731015 4.08261777431 1.29508287438 3.32497209372 ;
1.20958570629 4.70551191172 2.37207097972 1.98726167024 2.03640261408 0.915023297859 1.98725629224 ;
2.50140343916 4.70042561376 2.85609872746 2.75600081771 2.44512806189 0.876325256774 3.25803766349 ;
3.01297970168 4.40537878403 3.44970010876 3.55055239903 4.76192522086 2.38855231313 3.43410042117 ;
2.50247687004 4.69999520522 2.85812485062 2.76097871256 2.45930144728 0.883837319567 3.25816482858 ;
2.11502720521 4.6881194283 3.10673022403 4.39601316533 2.75088448285 3.82133768736 2.8098813139 ;
1.65910292664 4.71694718228 0.0 1.74387034444 2.39602556131 0.774898250375 2.79396738834 ;
3.01254747707 4.40511998029 3.45000067536 3.55023975809 4.7618975771 2.39145234009 3.43413887197 ;
1.20958570629 4.70551191172 2.37207097972 1.98726167024 2.03640261408 0.915023297859 1.98725629224 ;
1.77174663897 4.75415827139 2.70518230238 2.05117816452 4.0804458478 1.2887331972 3.32561990963 ;
2.54749268708 4.68270913917 2.96437967715 2.9624743738 2.54331323198 1.06750631425 3.31742843373 ;
2.12834561912 4.69223786445 3.1175876418 4.40341313258 2.79532807124 3.82768974245 2.84331567251 ;
1.65910292664 4.71694718228 0.0 1.74387034444 2.39602556131 0.774898250375 2.79396738834 ;
1.50690498599 4.67352266395 2.36045579637 2.19049028899 1.93373961286 1.0949738525 1.62476080029 ;
3.01344783169 4.40449482466 3.45144100332 3.5479436505 4.76074983959 2.39652769003 3.43077581184 ;
1.67583624097 4.7622941634 2.61530227943 1.96521672136 3.54603339158 1.03151298253 3.23355125396 ;
1.77646214292 4.75343197252 2.70767865973 2.05936225623 4.0823722566 1.29478441011 3.32539936162 ;
2.50219038043 4.70030907266 2.85708099323 2.76065804588 2.44781694105 0.875847458826 3.25826678676 ;
3.01297970168 4.40537878403 3.44970010876 3.55055239903 4.76192522086 2.38855231313 3.43410042117 ;
1.21772316129 4.70591078647 2.36992849228 1.97029709319 2.04625911812 0.904300295945 1.98860338863 ;
1.65910292664 4.71694718228 0.0 1.74387034444 2.39602556131 0.774898250375 2.79396738834 ;
2.10418091185 4.68817060691 3.10516431111 4.39639960617 2.73677738294 3.82015832625 2.80652732694 ;
2.10418091185 4.68817060691 3.10516431111 4.39639960617 2.73677738294 3.82015832625 2.80652732694 ;
2.50173752213 4.70049473753 2.85647204581 2.75732793968 2.44728249847 0.877048210334 3.25780658671 ;
3.01297970168 4.40537878403 3.44970010876 3.55055239903 4.76192522086 2.38855231313 3.43410042117 ;
1.77646214292 4.75343197252 2.70767865973 2.05936225623 4.0823722566 1.29478441011 3.32539936162 ;
1.21550055082 4.70554815942 2.36997168278 1.9751144455 2.04636057307 0.901936065718 1.98643185426 ;
1.65910292664 4.71694718228 0.0 1.74387034444 2.39602556131 0.774898250375 2.79396738834 ;
2.16131614332 4.69705812841 3.1168756717 4.40768306711 2.70723012934 3.82952198115 3.09348316025 ;
1.20166363967 4.72664816226 1.23195659644 1.78743827517 1.99542077447 0.742425121576 2.86987459905 ;
1.40241846225 4.73501886332 2.03671168964 1.68022809827 4.08091544833 1.19192345472 3.35844682811 ;
2.48467321953 4.74578340725 2.82362454812 2.66574454943 2.68835324297 1.06321054914 3.24882755905 ;
2.99534259379 4.38728611958 3.44471328225 3.52054951187 4.74205469345 2.02292933358 3.41190575081 ;
1.78842330935 4.65274178771 2.22205951776 2.6578420107 2.18663655528 1.58179004459 0.0 ;
1.78842330935 4.65274178771 2.22205951776 2.6578420107 2.18663655528 1.58179004459 0.0 ;
2.7259212792 4.52457001065 3.31629189629 3.90982449143 3.90532032237 3.03703157818 3.30124035521 ;
1.17789096415 4.71853696075 2.39797132524 2.15365289421 2.25506613499 1.27479705683 2.8205349565 ;
1.85082616751 4.66602548711 2.8435979288 2.22956041097 4.25579717168 1.11659325413 3.34764683356 ;
2.58573280937 4.7658491383 2.8413323557 2.82579108806 2.33681196713 1.02861096183 3.30006570388 ;
1.66257041993 4.7233634743 0.0 1.71455250529 2.42427307511 0.772070520448 3.05387133144 ;
1.78842330935 4.65274178771 2.22205951776 2.6578420107 2.18663655528 1.58179004459 0.0 ;
1.66257041993 4.7233634743 0.0 1.71455250529 2.42427307511 0.772070520448 3.05387133144 ;
2.72365109734 4.52519922123 3.31327712092 3.90963649926 3.91084797911 3.04138988042 3.30299302569 ;
2.659239993 4.69111578627 2.95273998729 3.02576749307 2.72257871654 0.977611094385 3.33269367257 ;
1.28312692677 4.72689445977 2.42455375615 2.15099867612 2.13955899675 1.22537735044 2.86342158565 ;
1.76059384341 4.75132309021 2.73301570303 1.98896043372 4.07942267851 1.19291556257 3.33082738682 ;
2.99678240881 4.38627960357 3.44566775838 3.51692430441 4.74499576539 2.03237815916 3.41967225115 ;
1.65910292664 4.71694718228 0.0 1.74387034444 2.39602556131 0.774898250375 2.79396738834 ;
1.56964446529 4.76277759109 2.57663259591 1.88245798452 3.56806691878 1.03376144381 3.24182593418 ;
1.46289486497 4.67660303731 2.39183527036 2.17270861513 1.89317598291 1.07705556405 1.55154825859 ;
2.50109245984 4.72946601914 2.88903114818 2.86967621146 2.44519149926 1.16162550465 3.28493720955 ;
2.13097514488 4.69165333421 3.11606662948 4.40109285796 2.79445143648 3.82777981017 2.84616894513 ;
2.11502720521 4.6881194283 3.10673022403 4.39601316533 2.75088448285 3.82133768736 2.8098813139 ;
2.50247687004 4.69999520522 2.85812485062 2.76097871256 2.45930144728 0.883837319567 3.25816482858 ;
1.77174663897 4.75415827139 2.70518230238 2.05117816452 4.0804458478 1.2887331972 3.32561990963 ;
1.20958570629 4.70551191172 2.37207097972 1.98726167024 2.03640261408 0.915023297859 1.98725629224 ;
1.65910292664 4.71694718228 0.0 1.74387034444 2.39602556131 0.774898250375 2.79396738834 ;
3.01254747707 4.40511998029 3.45000067536 3.55023975809 4.7618975771 2.39145234009 3.43413887197 ;
3.01129424847 4.4041755665 3.45099696357 3.54829397088 4.76184268594 2.39084083893 3.43399681514 ;
2.54359764451 4.71436224182 2.86980991045 2.77787894889 2.77367373797 0.934044770847 3.26874876554 ;
1.78842330935 4.65274178771 2.22205951776 2.6578420107 2.18663655528 1.58179004459 0.0 ;
1.24267036676 4.72442329362 1.30502068901 1.76838721786 2.0062861379 0.753694056672 2.86157757046 ;
2.1641398149 4.69241818203 3.11523321361 4.39693367788 2.68856998574 3.82817943226 3.09072783172 ;
1.52179622942 4.73932041238 2.1499704967 1.7563522523 4.0793008279 1.2610923442 3.35144552606 ;
2.12834561912 4.69223786445 3.1175876418 4.40341313258 2.79532807124 3.82768974245 2.84331567251 ;
1.65910292664 4.71694718228 0.0 1.74387034444 2.39602556131 0.774898250375 2.79396738834 ;
3.01439356596 4.40477436253 3.45046999726 3.54690205913 4.75972216482 2.39572264629 3.43035320198 ;
1.50690498599 4.67352266395 2.36045579637 2.19049028899 1.93373961286 1.0949738525 1.62476080029 ;
1.67869378534 4.7622426736 2.6164761075 1.96829818643 3.54658922858 1.03313595317 3.23414045585 ;
2.54537816045 4.68278274588 2.96382377098 2.96138259836 2.53727662942 1.06425787938 3.31704083834 ;
