1.64681991882 4.75946315428 1.77473846426 2.03333563871 1.4505598007 0.779613686025 2.94139595535 ;
2.0552561762 4.65454694158 3.04429449668 4.33423585176 2.57471248354 3.7299851841 3.01316932506 ;
1.40514592715 4.7773387248 2.19022527559 1.67884595021 4.06369428878 1.14847480943 3.36809785923 ;
2.68888955805 4.70204495334 3.0353197229 3.12765621429 3.53161349533 1.41311153285 3.3219458636 ;
1.85891676853 4.67942586566 2.29303429031 2.97650820802 2.1685233215 1.74713289912 0.0 ;
1.60485567197 4.75516054391 0.0 1.84762824144 2.2837316956 0.822913590823 2.775967024 ;
1.62965491993 4.7737624476 2.64402529277 2.02588374814 3.65977913817 1.11021142344 3.29990010881 ;
2.72943767889 4.74930816357 2.98984827714 3.1578134503 2.3268393852 1.14218461589 3.27550784588 ;
2.23091254691 4.57673666878 3.18190440688 4.1613976208 3.03952988977 3.47933309814 2.77123084948 ;
1.53382878541 4.74169932247 2.44037800443 1.93658840284 1.62505690089 0.833363178309 1.92437383079 ;
1.85891676853 4.67942586566 2.29303429031 2.97650820802 2.1685233215 1.74713289912 0.0 ;
1.62552548522 4.75858128287 0.0 1.84282815583 2.3040157742 0.803777006194 3.03592380217 ;
1.90135193901 4.79296597178 2.56397398286 2.12105423254 1.59610034386 0.748483842531 3.04442629226 ;
1.71628879379 4.76459239321 2.75154318374 1.95712892048 4.06463275926 1.1821694155 3.3891274941 ;
2.53823614999 4.62261122815 3.17151357761 4.05918689785 3.33867795358 2.65439162696 3.16926395426 ;
1.60485567197 4.75516054391 0.0 1.84762824144 2.2837316956 0.822913590823 2.775967024 ;
2.00645197497 4.64524580179 3.00589136095 4.32067352171 2.50388640586 3.72678462614 2.69246640198 ;
2.00895542185 4.74367203522 2.65718829192 2.36663104468 1.04540725303 0.91759911278 2.3026017616 ;
2.98277110809 4.63352745573 3.22989149237 3.88974708348 3.84471252981 1.71725953991 3.31123989814 ;
1.66538778962 4.78196019741 2.65203368375 1.90687217136 3.38705962516 1.04252088465 3.28618413178 ;
1.90036399194 4.59935813126 2.19162457396 2.87867857001 2.40645918876 1.47027055036 1.27311809545 ;
2.50919179959 4.67234790273 3.01362407344 2.82354507494 4.33449743001 1.60404479663 3.43064843099 ;
2.03866918032 4.66028869083 3.0519353607 4.34425858196 2.54207701673 3.74526319247 2.73404349834 ;
2.51298891198 4.8043780307 2.7682542154 2.51395016496 1.90074324611 0.854377225614 3.1233338869 ;
0.988587770708 4.77333331297 1.34086066255 1.73186573347 2.59094451306 0.870806449158 3.16335776277 ;
1.97677844959 4.75197539489 2.6321986134 2.42663492191 0.0 1.04145537143 2.8400989485 ;
1.60485567197 4.75516054391 0.0 1.84762824144 2.2837316956 0.822913590823 2.775967024 ;
2.30789306326 4.57375157796 3.21423722332 4.13891721784 3.34764921636 3.40597302922 2.85592649701 ;
1.97609036835 4.79029862667 2.73557088107 2.34674788185 3.35120240669 1.12912662838 3.29106955176 ;
2.22056100741 4.59796730678 2.83581722494 3.00824149307 2.92204571624 0.985038304518 1.79756297005 ;
1.72560319384 4.76378925836 2.74567021452 1.97243386996 4.05796542432 1.17372426406 3.38828534133 ;
2.51903679577 4.61727492571 3.17960008072 4.06303369119 3.35316835787 2.72868747241 3.1751291466 ;
1.93404832379 4.79338285557 2.57751750928 2.16914346975 1.60899091558 0.742048957922 3.03902856079 ;
1.62552548522 4.75858128287 0.0 1.84282815583 2.3040157742 0.803777006194 3.03592380217 ;
1.85891676853 4.67942586566 2.29303429031 2.97650820802 2.1685233215 1.74713289912 0.0 ;
2.03866918032 4.66028869083 3.0519353607 4.34425858196 2.54207701673 3.74526319247 2.73404349834 ;
2.51406355996 4.80445944915 2.76979379118 2.51541819243 1.90788958423 0.855727816228 3.1237239178 ;
2.50854596079 4.6715626488 3.01477954362 2.82573756123 4.33587286136 1.605120062 3.43135880487 ;
1.89282286499 4.59941620155 2.18292765105 2.88422851739 2.41039128415 1.47154492128 1.28003577381 ;
0.992106685432 4.7736112307 1.34387937957 1.72680478367 2.59117245386 0.870466460273 3.16397789435 ;
2.45138865859 4.79104611509 2.77465148596 2.42553998226 2.67964068532 0.983238286531 3.25242311408 ;
2.25258200624 4.53644822722 2.8400796268 3.95615221604 2.3668670521 2.25630186215 1.78515393879 ;
1.1213488426 4.76471714116 1.37566298959 1.484129336 1.2271519091 0.786151424722 1.92887437101 ;
2.44149113621 4.60645196758 3.24905243057 4.12091000696 3.64143382663 3.16401441338 3.25792840261 ;
1.04838885671 4.77040679377 1.4129263436 1.83965810168 3.18127265472 0.912245030255 3.20370725208 ;
2.51298891198 4.8043780307 2.7682542154 2.51395016496 1.90074324611 0.854377225614 3.1233338869 ;
2.50919179959 4.67234790273 3.01362407344 2.82354507494 4.33449743001 1.60404479663 3.43064843099 ;
2.03866918032 4.66028869083 3.0519353607 4.34425858196 2.54207701673 3.74526319247 2.73404349834 ;
0.988587770708 4.77333331297 1.34086066255 1.73186573347 2.59094451306 0.870806449158 3.16335776277 ;
1.90036399194 4.59935813126 2.19162457396 2.87867857001 2.40645918876 1.47027055036 1.27311809545 ;
1.97677844959 4.75197539489 2.6321986134 2.42663492191 0.0 1.04145537143 2.8400989485 ;
2.22506468075 4.59654946939 2.83946356343 3.01326593666 2.92885989507 0.991678975666 1.80572049329 ;
1.97609036835 4.79029862667 2.73557088107 2.34674788185 3.35120240669 1.12912662838 3.29106955176 ;
2.30581451763 4.5744138785 3.21329942408 4.13910012963 3.34521489661 3.40845824419 2.8543412274 ;
1.60485567197 4.75516054391 0.0 1.84762824144 2.2837316956 0.822913590823 2.775967024 ;
2.50679476256 4.75399239809 2.81701243816 2.67521132409 2.89865481644 0.715389148589 2.94107993119 ;
2.12159828208 4.65217729279 3.06823451245 4.32954726204 2.83605684742 3.77394342771 2.67597749017 ;
1.85878817512 4.75367377448 2.15430664612 2.26703369019 0.0 0.989951303575 2.81242006549 ;
1.01809965073 4.75502644468 1.34928053202 1.84787295467 3.0424842327 0.914653779313 2.86819580579 ;
2.5249501281 4.67466251447 3.06226809083 2.85315053057 4.31279191866 2.15388923647 3.42140221822 ;
0.988587770708 4.77333331297 1.34086066255 1.73186573347 2.59094451306 0.870806449158 3.16335776277 ;
2.51298891198 4.8043780307 2.7682542154 2.51395016496 1.90074324611 0.854377225614 3.1233338869 ;
1.90036399194 4.59935813126 2.19162457396 2.87867857001 2.40645918876 1.47027055036 1.27311809545 ;
2.50919179959 4.67234790273 3.01362407344 2.82354507494 4.33449743001 1.60404479663 3.43064843099 ;
2.03866918032 4.66028869083 3.0519353607 4.34425858196 2.54207701673 3.74526319247 2.73404349834 ;
1.66720422358 4.78218116922 2.64318946772 1.91229514115 3.4008840109 1.05190382574 3.28666698276 ;
2.00645197497 4.64524580179 3.00589136095 4.32067352171 2.50388640586 3.72678462614 2.69246640198 ;
1.60485567197 4.75516054391 0.0 1.84762824144 2.2837316956 0.822913590823 2.775967024 ;
2.00775593178 4.74504131799 2.68120096565 2.35699698873 1.03146027789 0.904245281393 2.30912792212 ;
2.98180464905 4.63149825842 3.22421102897 3.89123076522 3.84313936123 1.71427764222 3.30812411272 ;
1.60485567197 4.75516054391 0.0 1.84762824144 2.2837316956 0.822913590823 2.775967024 ;
1.66667830987 4.78180112419 2.65054198924 1.91132610812 3.38846922333 1.04252088465 3.2864792088 ;
2.00645197497 4.64524580179 3.00589136095 4.32067352171 2.50388640586 3.72678462614 2.69246640198 ;
2.00682181231 4.74354384774 2.65731890503 2.36132469705 1.04688506571 0.915541715667 2.30339064159 ;
2.98462013901 4.63372629357 3.23409681426 3.88975046379 3.84681813542 1.72123467773 3.31216396162 ;
2.51298891198 4.8043780307 2.7682542154 2.51395016496 1.90074324611 0.854377225614 3.1233338869 ;
0.988587770708 4.77333331297 1.34086066255 1.73186573347 2.59094451306 0.870806449158 3.16335776277 ;
2.03866918032 4.66028869083 3.0519353607 4.34425858196 2.54207701673 3.74526319247 2.73404349834 ;
1.90036399194 4.59935813126 2.19162457396 2.87867857001 2.40645918876 1.47027055036 1.27311809545 ;
2.50919179959 4.67234790273 3.01362407344 2.82354507494 4.33449743001 1.60404479663 3.43064843099 ;
1.66703934633 4.78223000238 2.64250528317 1.91449065796 3.40149137157 1.05311152244 3.2859696829 ;
2.98180464905 4.63149825842 3.22421102897 3.89123076522 3.84313936123 1.71427764222 3.30812411272 ;
2.00731632549 4.74502927819 2.68244630771 2.35173583474 1.03556834171 0.902226876747 2.31266561686 ;
1.60485567197 4.75516054391 0.0 1.84762824144 2.2837316956 0.822913590823 2.775967024 ;
2.00645197497 4.64524580179 3.00589136095 4.32067352171 2.50388640586 3.72678462614 2.69246640198 ;
2.55547817262 4.66467439291 3.10182404546 2.93163139629 4.35916604842 2.19523690106 3.42558102902 ;
0.993481152206 4.77443415522 1.33261930259 1.71263344174 2.58238080862 0.867204435566 3.1574406931 ;
2.48515396414 4.78611874294 2.77019883242 2.52557643323 2.28201952867 0.695933597172 3.17551098018 ;
1.91094180286 4.58994391586 2.2114150706 2.88432570506 2.51116787316 1.46026890217 1.2679492281 ;
2.05143576911 4.66144997363 3.05643205161 4.34402268066 2.56767491785 3.74320928721 2.74328778623 ;
1.63853744248 4.75790870766 1.77590982047 2.06368226014 1.41024633498 0.787299104783 2.94251964876 ;
2.05090618722 4.65410609617 3.04324704406 4.33407647104 2.56694140109 3.73045362117 3.01164057906 ;
2.65662896668 4.7098314885 3.00394119728 3.02270582006 3.55289375725 1.38482933586 3.31929886297 ;
1.85891676853 4.67942586566 2.29303429031 2.97650820802 2.1685233215 1.74713289912 0.0 ;
1.278438828 4.77561280944 2.08731059324 1.61793683717 4.06081764504 1.13690377997 3.35879018271 ;
2.00782008624 4.74545258837 2.68338145091 2.34577575661 1.0389978989 0.903621995333 2.31931839571 ;
2.00645197497 4.64524580179 3.00589136095 4.32067352171 2.50388640586 3.72678462614 2.69246640198 ;
2.98180464905 4.63149825842 3.22421102897 3.89123076522 3.84313936123 1.71427764222 3.30812411272 ;
1.60485567197 4.75516054391 0.0 1.84762824144 2.2837316956 0.822913590823 2.775967024 ;
1.66560152717 4.78213863059 2.64188135154 1.91607621062 3.40788657756 1.05290813011 3.28587695126 ;
1.91094180286 4.58994391586 2.2114150706 2.88432570506 2.51116787316 1.46026890217 1.2679492281 ;
0.993481152206 4.77443415522 1.33261930259 1.71263344174 2.58238080862 0.867204435566 3.1574406931 ;
2.55547817262 4.66467439291 3.10182404546 2.93163139629 4.35916604842 2.19523690106 3.42558102902 ;
2.05143576911 4.66144997363 3.05643205161 4.34402268066 2.56767491785 3.74320928721 2.74328778623 ;
2.48515396414 4.78611874294 2.77019883242 2.52557643323 2.28201952867 0.695933597172 3.17551098018 ;
2.48515396414 4.78611874294 2.77019883242 2.52557643323 2.28201952867 0.695933597172 3.17551098018 ;
1.91094180286 4.58994391586 2.2114150706 2.88432570506 2.51116787316 1.46026890217 1.2679492281 ;
2.05143576911 4.66144997363 3.05643205161 4.34402268066 2.56767491785 3.74320928721 2.74328778623 ;
0.993481152206 4.77443415522 1.33261930259 1.71263344174 2.58238080862 0.867204435566 3.1574406931 ;
2.55547817262 4.66467439291 3.10182404546 2.93163139629 4.35916604842 2.19523690106 3.42558102902 ;
2.00645197497 4.64524580179 3.00589136095 4.32067352171 2.50388640586 3.72678462614 2.69246640198 ;
1.60485567197 4.75516054391 0.0 1.84762824144 2.2837316956 0.822913590823 2.775967024 ;
2.98462013901 4.63372629357 3.23409681426 3.88975046379 3.84681813542 1.72123467773 3.31216396162 ;
2.00682181231 4.74354384774 2.65731890503 2.36132469705 1.04688506571 0.915541715667 2.30339064159 ;
1.66667830987 4.78180112419 2.65054198924 1.91132610812 3.38846922333 1.04252088465 3.2864792088 ;
2.30581451763 4.5744138785 3.21329942408 4.13910012963 3.34521489661 3.40845824419 2.8543412274 ;
2.22124036352 4.59492687679 2.83791582117 3.00359628136 2.9196637475 1.00121435043 1.79682590218 ;
1.97677844959 4.75197539489 2.6321986134 2.42663492191 0.0 1.04145537143 2.8400989485 ;
1.97721020091 4.79025533745 2.73602950943 2.34964340082 3.35212718043 1.12717143075 3.29009931526 ;
1.60485567197 4.75516054391 0.0 1.84762824144 2.2837316956 0.822913590823 2.775967024 ;
1.60485567197 4.75516054391 0.0 1.84762824144 2.2837316956 0.822913590823 2.775967024 ;
2.22692356794 4.57794659472 3.1804029092 4.16461589185 3.032326205 3.48698146956 2.76948115198 ;
1.64330979926 4.77476257718 2.64636242773 2.04198565711 3.63896251462 1.10303793649 3.29895832458 ;
1.52646424639 4.74177382062 2.43088844863 1.90254935481 1.61902277911 0.837812354324 1.92012422796 ;
2.73649981146 4.7460025172 2.99804752062 3.17517763762 2.32504556408 1.15009482581 3.26874068415 ;
2.31448112442 4.5776287264 3.2276062024 4.14716065266 3.36045742399 3.40823980675 3.14589818526 ;
1.60485567197 4.75516054391 0.0 1.84762824144 2.2837316956 0.822913590823 2.775967024 ;
1.53604106311 4.78832115759 2.69532009059 2.04994130832 2.02252270715 0.898641261929 3.13988900443 ;
2.02839127002 4.59987719349 2.76257408783 3.3035038679 2.07427228001 1.84278021406 1.429742639 ;
2.59025322703 4.76810550148 2.80439184526 2.74077293494 3.87569142694 1.27155053548 3.37122844593 ;
2.50761190739 4.67110501451 3.0145298758 2.82632483468 4.33674094688 1.60806523643 3.43140367828 ;
0.992106685432 4.7736112307 1.34387937957 1.72680478367 2.59117245386 0.870466460273 3.16397789435 ;
2.03866918032 4.66028869083 3.0519353607 4.34425858196 2.54207701673 3.74526319247 2.73404349834 ;
2.51479438943 4.80462855493 2.77034684592 2.51540404924 1.9107268508 0.854485831008 3.12413491761 ;
1.89282286499 4.59941620155 2.18292765105 2.88422851739 2.41039128415 1.47154492128 1.28003577381 ;
1.9785260637 4.75428608579 2.18717191896 2.23362701312 0.0 0.992031477401 2.88780096039 ;
2.46613823636 4.72487443316 2.90487145736 2.70917328663 3.48527157485 1.2783483278 3.29585547987 ;
2.31382557374 4.65467820031 3.04068999595 4.33724313527 2.76137736549 3.7442210832 2.7560851931 ;
2.2321573895 4.73395014459 1.02246761945 2.39356834547 2.84063128736 1.08949997678 2.23726274764 ;
0.0 4.75011784362 2.16916581006 1.93130642219 2.97388717537 1.23190122735 2.81143517179 ;
1.60485567197 4.75516054391 0.0 1.84762824144 2.2837316956 0.822913590823 2.775967024 ;
1.43201437183 4.77400161144 2.72820481591 1.83050548616 3.61713864118 1.05060503451 3.25492254252 ;
1.57644492201 4.68706654086 2.7054080249 2.7030032622 1.69300599978 1.62967832203 1.53634377292 ;
2.33804078689 4.57689585332 3.2192228293 4.1371741251 3.41096502361 3.37997614822 3.16160052229 ;
2.67552052669 4.76199283172 2.77428601505 2.97530102345 2.39721145169 1.08898713727 3.2821689024 ;
2.98180464905 4.63149825842 3.22421102897 3.89123076522 3.84313936123 1.71427764222 3.30812411272 ;
2.00798902165 4.74514583875 2.68086939007 2.35932675478 1.02930875107 0.904021281257 2.30651947332 ;
1.66747523576 4.78208522866 2.64340240496 1.91161430059 3.39926907073 1.05184912416 3.28687984543 ;
2.00645197497 4.64524580179 3.00589136095 4.32067352171 2.50388640586 3.72678462614 2.69246640198 ;
1.60485567197 4.75516054391 0.0 1.84762824144 2.2837316956 0.822913590823 2.775967024 ;
2.91735583563 4.64356844738 3.06745822564 3.67160505838 3.71842111911 1.66909449341 3.30780503945 ;
1.58909718803 4.78361551994 2.6913730546 1.87226674411 3.44126194311 1.01498345392 3.28546673853 ;
2.01338627159 4.64632203042 3.00816263282 4.32072525631 2.51150621934 3.72723164067 2.69832954997 ;
2.00308457675 4.75272521835 2.67697667271 2.34923776603 1.05540182389 0.906273995427 2.31767886745 ;
1.60485567197 4.75516054391 0.0 1.84762824144 2.2837316956 0.822913590823 2.775967024 ;
1.60485567197 4.75516054391 0.0 1.84762824144 2.2837316956 0.822913590823 2.775967024 ;
1.66747523576 4.78208522866 2.64340240496 1.91161430059 3.39926907073 1.05184912416 3.28687984543 ;
2.98180464905 4.63149825842 3.22421102897 3.89123076522 3.84313936123 1.71427764222 3.30812411272 ;
2.00798902165 4.74514583875 2.68086939007 2.35932675478 1.02930875107 0.904021281257 2.30651947332 ;
2.00645197497 4.64524580179 3.00589136095 4.32067352171 2.50388640586 3.72678462614 2.69246640198 ;
1.81613932673 4.76750431347 1.92293154645 2.04847040459 0.53011815461 0.784877056049 3.12809851767 ;
1.11471676002 4.76728104774 1.64787124339 1.60885369637 3.30052149657 0.935569558452 3.1199462437 ;
2.05292576927 4.65117899995 3.03305062907 4.33048678543 2.57612686006 3.72808587503 3.00674484346 ;
2.6016999529 4.71462538188 2.9701159258 2.98259699382 3.60823180306 1.34777248963 3.24937650344 ;
1.85891676853 4.67942586566 2.29303429031 2.97650820802 2.1685233215 1.74713289912 0.0 ;
2.55547817262 4.66467439291 3.10182404546 2.93163139629 4.35916604842 2.19523690106 3.42558102902 ;
1.91094180286 4.58994391586 2.2114150706 2.88432570506 2.51116787316 1.46026890217 1.2679492281 ;
2.05143576911 4.66144997363 3.05643205161 4.34402268066 2.56767491785 3.74320928721 2.74328778623 ;
2.48515396414 4.78611874294 2.77019883242 2.52557643323 2.28201952867 0.695933597172 3.17551098018 ;
0.993481152206 4.77443415522 1.33261930259 1.71263344174 2.58238080862 0.867204435566 3.1574406931 ;
1.66703934633 4.78223000238 2.64250528317 1.91449065796 3.40149137157 1.05311152244 3.2859696829 ;
2.98180464905 4.63149825842 3.22421102897 3.89123076522 3.84313936123 1.71427764222 3.30812411272 ;
1.60485567197 4.75516054391 0.0 1.84762824144 2.2837316956 0.822913590823 2.775967024 ;
2.00731632549 4.74502927819 2.68244630771 2.35173583474 1.03556834171 0.902226876747 2.31266561686 ;
2.00645197497 4.64524580179 3.00589136095 4.32067352171 2.50388640586 3.72678462614 2.69246640198 ;
2.59025322703 4.76810550148 2.80439184526 2.74077293494 3.87569142694 1.27155053548 3.37122844593 ;
1.53512355705 4.78835714153 2.69671108411 2.04915775942 2.02509589125 0.897167348554 3.14003218951 ;
2.31448112442 4.5776287264 3.2276062024 4.14716065266 3.36045742399 3.40823980675 3.14589818526 ;
2.02923248163 4.60046601918 2.75830726833 3.30115940788 2.06664627898 1.84356829112 1.43561617904 ;
1.60485567197 4.75516054391 0.0 1.84762824144 2.2837316956 0.822913590823 2.775967024 ;
2.26408048579 4.56752332397 3.2054947119 4.14676244649 3.2201910806 3.46082040764 2.77215260082 ;
0.996156258076 4.77216708733 2.68035824337 1.54043643592 3.26967563826 0.942505823791 3.16175183183 ;
2.01969619289 4.74074108976 2.6540465297 2.51078047599 0.796513199523 0.989519580008 2.34573935239 ;
1.60485567197 4.75516054391 0.0 1.84762824144 2.2837316956 0.822913590823 2.775967024 ;
2.63520364103 4.76050690685 2.81949179872 2.98626896492 3.54236773896 1.27546305331 3.35815057067 ;
2.51618693862 4.61649796527 3.18278015635 4.06500839494 3.35726616953 2.76271522178 3.17984561153 ;
1.85891676853 4.67942586566 2.29303429031 2.97650820802 2.1685233215 1.74713289912 0.0 ;
1.62552548522 4.75858128287 0.0 1.84282815583 2.3040157742 0.803777006194 3.03592380217 ;
1.94026992117 4.79176868611 2.57701579738 2.18745050427 1.63493059968 0.743182701559 3.03744762746 ;
1.72900303328 4.76385812101 2.75353253874 1.97518268878 4.05979521068 1.16681656595 3.38902549805 ;
1.88390679152 4.7621952732 2.16891241596 2.21209961503 0.0 0.977705848896 3.0646966318 ;
2.54859353992 4.72216603878 2.93786867652 2.75790959084 3.52596862775 1.31471262524 3.3232778624 ;
1.17339773809 4.75446618042 1.54788597015 1.94677726614 3.06002994062 0.938799174377 3.0123451917 ;
2.08457468695 4.65941710665 3.04897025169 4.35070705662 2.79323623011 3.74267112373 3.01182686957 ;
1.85891676853 4.67942586566 2.29303429031 2.97650820802 2.1685233215 1.74713289912 0.0 ;
2.98180464905 4.63149825842 3.22421102897 3.89123076522 3.84313936123 1.71427764222 3.30812411272 ;
1.60485567197 4.75516054391 0.0 1.84762824144 2.2837316956 0.822913590823 2.775967024 ;
2.00645197497 4.64524580179 3.00589136095 4.32067352171 2.50388640586 3.72678462614 2.69246640198 ;
2.00798902165 4.74514583875 2.68086939007 2.35932675478 1.02930875107 0.904021281257 2.30651947332 ;
1.66747523576 4.78208522866 2.64340240496 1.91161430059 3.39926907073 1.05184912416 3.28687984543 ;
1.93693542572 4.75548783622 2.17258919756 2.2299126537 0.0 0.971177962861 2.88673243867 ;
2.46464632006 4.72490142498 2.90455998708 2.70498244111 3.48641988142 1.27227350075 3.29652436766 ;
2.23183397881 4.73244063662 1.02382170206 2.39736452612 2.84006953563 1.09580408633 2.23786644868 ;
0.0 4.7488048143 2.18363065246 1.92861724039 3.03754836873 1.25827220163 2.81088855775 ;
2.32323149271 4.65723376594 3.04667181504 4.33901049628 2.76540048597 3.74370498411 2.76081043177 ;
1.5739250848 4.69243216668 2.68335658676 2.6200855687 1.75513897409 1.5485846181 1.60622800633 ;
2.33616346903 4.57848003999 3.2219105178 4.14094587316 3.39684435927 3.39190864637 3.15944337088 ;
1.50531098846 4.77407481412 2.71238520159 1.88034849314 3.65029364486 1.07105127281 3.2816159227 ;
1.60485567197 4.75516054391 0.0 1.84762824144 2.2837316956 0.822913590823 2.775967024 ;
2.68396917602 4.75926995461 2.80396249411 3.02154853578 2.32564228683 1.10069236755 3.27543662171 ;
2.03619457763 4.65601697458 3.04394812083 4.34078574921 2.5338335933 3.74158198713 2.70858827194 ;
1.53889011394 4.72441900749 1.16273571135 2.08465683193 2.12789430247 1.00075605611 2.35236009086 ;
2.96828970509 4.62704963572 3.24199027621 3.88991031104 3.92426248682 1.74574624559 3.30318608081 ;
2.33057218859 4.80401968258 2.70675345674 2.12633373483 1.3721411574 0.784486113314 3.13004474189 ;
1.55047764378 4.7739433953 2.71237387278 1.95768005328 3.82728638496 1.11374894605 3.35567349907 ;
2.00798902165 4.74514583875 2.68086939007 2.35932675478 1.02930875107 0.904021281257 2.30651947332 ;
1.66747523576 4.78208522866 2.64340240496 1.91161430059 3.39926907073 1.05184912416 3.28687984543 ;
2.00645197497 4.64524580179 3.00589136095 4.32067352171 2.50388640586 3.72678462614 2.69246640198 ;
1.60485567197 4.75516054391 0.0 1.84762824144 2.2837316956 0.822913590823 2.775967024 ;
2.98180464905 4.63149825842 3.22421102897 3.89123076522 3.84313936123 1.71427764222 3.30812411272 ;
1.85891676853 4.67942586566 2.29303429031 2.97650820802 2.1685233215 1.74713289912 0.0 ;
2.52546808616 4.61130727044 3.19670000968 4.0801898054 3.50837186055 2.70531731839 3.13904242037 ;
2.38497630116 4.7887516255 2.75101602507 2.25688819468 3.25070262656 1.00876469606 3.29680468082 ;
1.8780011276 4.76215461714 2.16859349003 2.21516712156 0.0 0.974640940279 3.05867818075 ;
1.06309028858 4.75908422558 1.42498784556 1.84035181076 3.06737486459 0.929111794787 3.0723941082 ;
2.51023310987 4.80362400732 2.76743294687 2.49791310819 1.91618497312 0.856476202107 3.12456552571 ;
1.89591859334 4.59861273158 2.18338283254 2.87282840467 2.41459192731 1.46572853819 1.28584383722 ;
2.51598518614 4.67278746764 3.02048540688 2.85559693504 4.33939229423 1.61146259331 3.43259237689 ;
2.03866918032 4.66028869083 3.0519353607 4.34425858196 2.54207701673 3.74526319247 2.73404349834 ;
0.992012177539 4.7735298715 1.34580780959 1.72694158229 2.58686818068 0.869020502698 3.16398985668 ;
2.4677805006 4.60792467817 3.22332894094 4.12504364699 3.59905806218 3.1663587945 3.23061116792 ;
2.05419814031 4.57976977982 2.88788786483 3.40418326739 2.33148202647 1.8264622373 1.49009780329 ;
1.60485567197 4.75516054391 0.0 1.84762824144 2.2837316956 0.822913590823 2.775967024 ;
1.7105442136 4.75501159239 2.79183958572 2.05370008959 4.09341289222 1.1962441732 3.3925389558 ;
2.08866286216 4.81084887091 2.61734602335 2.32543580624 1.80595368482 0.839939392953 3.11515955765 ;
1.90841605791 4.58985671423 2.21337202528 2.88867769143 2.51781324941 1.45438072111 1.27385120835 ;
0.993481152206 4.77443415522 1.33261930259 1.71263344174 2.58238080862 0.867204435566 3.1574406931 ;
2.55592467897 4.66442493063 3.10341822087 2.93279754341 4.36169604394 2.1966718212 3.42582480031 ;
2.05143576911 4.66144997363 3.05643205161 4.34402268066 2.56767491785 3.74320928721 2.74328778623 ;
2.48647105952 4.78635564385 2.76991634734 2.52376749243 2.2810369191 0.697887558478 3.17623014593 ;
2.30581451763 4.5744138785 3.21329942408 4.13910012963 3.34521489661 3.40845824419 2.8543412274 ;
1.97609036835 4.79029862667 2.73557088107 2.34674788185 3.35120240669 1.12912662838 3.29106955176 ;
2.22506468075 4.59654946939 2.83946356343 3.01326593666 2.92885989507 0.991678975666 1.80572049329 ;
1.97677844959 4.75197539489 2.6321986134 2.42663492191 0.0 1.04145537143 2.8400989485 ;
1.60485567197 4.75516054391 0.0 1.84762824144 2.2837316956 0.822913590823 2.775967024 ;
2.55547817262 4.66467439291 3.10182404546 2.93163139629 4.35916604842 2.19523690106 3.42558102902 ;
0.993481152206 4.77443415522 1.33261930259 1.71263344174 2.58238080862 0.867204435566 3.1574406931 ;
1.90867797557 4.59138934667 2.20854038153 2.88087847665 2.50249916225 1.46620495462 1.25994498521 ;
2.48513310793 4.78545398293 2.77037761525 2.52703036993 2.2848648916 0.695095122959 3.17558505488 ;
2.05143576911 4.66144997363 3.05643205161 4.34402268066 2.56767491785 3.74320928721 2.74328778623 ;
0.996156258076 4.77216708733 2.68035824337 1.54043643592 3.26967563826 0.942505823791 3.16175183183 ;
2.01969619289 4.74074108976 2.6540465297 2.51078047599 0.796513199523 0.989519580008 2.34573935239 ;
2.26408048579 4.56752332397 3.2054947119 4.14676244649 3.2201910806 3.46082040764 2.77215260082 ;
2.63520364103 4.76050690685 2.81949179872 2.98626896492 3.54236773896 1.27546305331 3.35815057067 ;
1.60485567197 4.75516054391 0.0 1.84762824144 2.2837316956 0.822913590823 2.775967024 ;
2.98277110809 4.63352745573 3.22989149237 3.88974708348 3.84471252981 1.71725953991 3.31123989814 ;
2.00895542185 4.74367203522 2.65718829192 2.36663104468 1.04540725303 0.91759911278 2.3026017616 ;
1.66538778962 4.78196019741 2.65203368375 1.90687217136 3.38705962516 1.04252088465 3.28618413178 ;
2.00645197497 4.64524580179 3.00589136095 4.32067352171 2.50388640586 3.72678462614 2.69246640198 ;
1.60485567197 4.75516054391 0.0 1.84762824144 2.2837316956 0.822913590823 2.775967024 ;
2.01338627159 4.64632203042 3.00816263282 4.32072525631 2.51150621934 3.72723164067 2.69832954997 ;
2.00308457675 4.75272521835 2.67697667271 2.34923776603 1.05540182389 0.906273995427 2.31767886745 ;
1.60485567197 4.75516054391 0.0 1.84762824144 2.2837316956 0.822913590823 2.775967024 ;
2.91735583563 4.64356844738 3.06745822564 3.67160505838 3.71842111911 1.66909449341 3.30780503945 ;
1.58909718803 4.78361551994 2.6913730546 1.87226674411 3.44126194311 1.01498345392 3.28546673853 ;
1.60485567197 4.75516054391 0.0 1.84762824144 2.2837316956 0.822913590823 2.775967024 ;
2.30581451763 4.5744138785 3.21329942408 4.13910012963 3.34521489661 3.40845824419 2.8543412274 ;
2.22124036352 4.59492687679 2.83791582117 3.00359628136 2.9196637475 1.00121435043 1.79682590218 ;
1.97677844959 4.75197539489 2.6321986134 2.42663492191 0.0 1.04145537143 2.8400989485 ;
1.97721020091 4.79025533745 2.73602950943 2.34964340082 3.35212718043 1.12717143075 3.29009931526 ;
2.00751919929 4.74515104738 2.681357578 2.35967002336 1.02866120251 0.906052789754 2.30441992443 ;
2.98024439311 4.63242606531 3.22247172489 3.88998038834 3.83608343631 1.71524257122 3.30848950736 ;
1.66586752588 4.78192381641 2.64272977202 1.90803447098 3.39937541204 1.04864329234 3.2865964384 ;
2.00645197497 4.64524580179 3.00589136095 4.32067352171 2.50388640586 3.72678462614 2.69246640198 ;
1.60485567197 4.75516054391 0.0 1.84762824144 2.2837316956 0.822913590823 2.775967024 ;
1.76267635001 4.76470524221 2.69896860211 2.01352587952 4.04167378593 1.20723271175 3.38836891237 ;
1.92237183037 4.79497798398 2.62788027162 2.15459687659 1.5573648715 0.71777944618 3.03395944883 ;
2.51489536839 4.61414186471 3.16428586213 4.07208682964 3.33371066915 2.72804592392 3.16650743021 ;
1.62552548522 4.75858128287 0.0 1.84282815583 2.3040157742 0.803777006194 3.03592380217 ;
1.85891676853 4.67942586566 2.29303429031 2.97650820802 2.1685233215 1.74713289912 0.0 ;
2.00798902165 4.74514583875 2.68086939007 2.35932675478 1.02930875107 0.904021281257 2.30651947332 ;
1.66747523576 4.78208522866 2.64340240496 1.91161430059 3.39926907073 1.05184912416 3.28687984543 ;
2.00645197497 4.64524580179 3.00589136095 4.32067352171 2.50388640586 3.72678462614 2.69246640198 ;
1.60485567197 4.75516054391 0.0 1.84762824144 2.2837316956 0.822913590823 2.775967024 ;
2.98180464905 4.63149825842 3.22421102897 3.89123076522 3.84313936123 1.71427764222 3.30812411272 ;
2.50991136902 4.67214959525 3.01581271422 2.82644272201 4.33595757194 1.60407575665 3.43072430016 ;
2.51298891198 4.8043780307 2.7682542154 2.51395016496 1.90074324611 0.854377225614 3.1233338869 ;
0.990458667682 4.77334608222 1.3416470218 1.73104142906 2.59251161461 0.871996270176 3.16373270357 ;
2.03866918032 4.66028869083 3.0519353607 4.34425858196 2.54207701673 3.74526319247 2.73404349834 ;
1.90036399194 4.59935813126 2.19162457396 2.87867857001 2.40645918876 1.47027055036 1.27311809545 ;
2.12159828208 4.65217729279 3.06823451245 4.32954726204 2.83605684742 3.77394342771 2.67597749017 ;
2.50907337422 4.75388907677 2.81744181736 2.67897922736 2.89798955529 0.716396738939 2.94110860044 ;
1.85878817512 4.75367377448 2.15430664612 2.26703369019 0.0 0.989951303575 2.81242006549 ;
2.5249501281 4.67466251447 3.06226809083 2.85315053057 4.31279191866 2.15388923647 3.42140221822 ;
1.01787817703 4.75515049972 1.35127516783 1.84470336127 3.04304770784 0.913084904906 2.86828590691 ;
1.8780011276 4.76215461714 2.16859349003 2.21516712156 0.0 0.974640940279 3.05867818075 ;
2.36061949155 4.7893269377 2.74535480277 2.20590119134 3.26572997983 1.00910699108 3.306658445 ;
2.53574032736 4.61738490688 3.18111073887 4.07769903507 3.47177082457 2.6320331568 3.13670156776 ;
1.85891676853 4.67942586566 2.29303429031 2.97650820802 2.1685233215 1.74713289912 0.0 ;
1.06652591241 4.76017831412 1.41807270638 1.81501354222 3.07477313513 0.925482165617 3.06860950703 ;
2.00645197497 4.64524580179 3.00589136095 4.32067352171 2.50388640586 3.72678462614 2.69246640198 ;
1.60485567197 4.75516054391 0.0 1.84762824144 2.2837316956 0.822913590823 2.775967024 ;
2.98462013901 4.63372629357 3.23409681426 3.88975046379 3.84681813542 1.72123467773 3.31216396162 ;
2.00682181231 4.74354384774 2.65731890503 2.36132469705 1.04688506571 0.915541715667 2.30339064159 ;
1.66667830987 4.78180112419 2.65054198924 1.91132610812 3.38846922333 1.04252088465 3.2864792088 ;
2.00639693674 4.74507886042 2.68222305413 2.34649811573 1.03657645714 0.90348619304 2.31432812452 ;
1.6671227125 4.78224717284 2.64257459333 1.91669122194 3.40369054306 1.05263503006 3.28623041637 ;
2.98180464905 4.63149825842 3.22421102897 3.89123076522 3.84313936123 1.71427764222 3.30812411272 ;
1.60485567197 4.75516054391 0.0 1.84762824144 2.2837316956 0.822913590823 2.775967024 ;
2.00645197497 4.64524580179 3.00589136095 4.32067352171 2.50388640586 3.72678462614 2.69246640198 ;
1.58909718803 4.78361551994 2.6913730546 1.87226674411 3.44126194311 1.01498345392 3.28546673853 ;
2.91735583563 4.64356844738 3.06745822564 3.67160505838 3.71842111911 1.66909449341 3.30780503945 ;
2.01338627159 4.64632203042 3.00816263282 4.32072525631 2.51150621934 3.72723164067 2.69832954997 ;
1.60485567197 4.75516054391 0.0 1.84762824144 2.2837316956 0.822913590823 2.775967024 ;
2.00308457675 4.75272521835 2.67697667271 2.34923776603 1.05540182389 0.906273995427 2.31767886745 ;
2.50761190739 4.67110501451 3.0145298758 2.82632483468 4.33674094688 1.60806523643 3.43140367828 ;
2.51479438943 4.80462855493 2.77034684592 2.51540404924 1.9107268508 0.854485831008 3.12413491761 ;
1.89282286499 4.59941620155 2.18292765105 2.88422851739 2.41039128415 1.47154492128 1.28003577381 ;
2.03866918032 4.66028869083 3.0519353607 4.34425858196 2.54207701673 3.74526319247 2.73404349834 ;
0.992106685432 4.7736112307 1.34387937957 1.72680478367 2.59117245386 0.870466460273 3.16397789435 ;
1.58909718803 4.78361551994 2.6913730546 1.87226674411 3.44126194311 1.01498345392 3.28546673853 ;
2.91735583563 4.64356844738 3.06745822564 3.67160505838 3.71842111911 1.66909449341 3.30780503945 ;
2.01338627159 4.64632203042 3.00816263282 4.32072525631 2.51150621934 3.72723164067 2.69832954997 ;
2.00308457675 4.75272521835 2.67697667271 2.34923776603 1.05540182389 0.906273995427 2.31767886745 ;
1.60485567197 4.75516054391 0.0 1.84762824144 2.2837316956 0.822913590823 2.775967024 ;
2.91735583563 4.64356844738 3.06745822564 3.67160505838 3.71842111911 1.66909449341 3.30780503945 ;
1.58909718803 4.78361551994 2.6913730546 1.87226674411 3.44126194311 1.01498345392 3.28546673853 ;
2.00308457675 4.75272521835 2.67697667271 2.34923776603 1.05540182389 0.906273995427 2.31767886745 ;
2.01338627159 4.64632203042 3.00816263282 4.32072525631 2.51150621934 3.72723164067 2.69832954997 ;
1.60485567197 4.75516054391 0.0 1.84762824144 2.2837316956 0.822913590823 2.775967024 ;
1.5739250848 4.69243216668 2.68335658676 2.6200855687 1.75513897409 1.5485846181 1.60622800633 ;
2.33616346903 4.57848003999 3.2219105178 4.14094587316 3.39684435927 3.39190864637 3.15944337088 ;
1.60485567197 4.75516054391 0.0 1.84762824144 2.2837316956 0.822913590823 2.775967024 ;
2.68371425399 4.75933725857 2.80445059784 3.02138984204 2.32938239889 1.09760919565 3.27606919951 ;
1.50201007488 4.77404682426 2.71157843279 1.87705700186 3.65026157006 1.07430180778 3.28094930367 ;
2.33156718096 4.79075262409 2.73246249513 2.15549902402 2.51977044382 0.981414333954 3.24533741248 ;
2.03029119645 4.65781125153 3.05090652273 4.34282133658 2.53553421554 3.74484426786 2.73011058463 ;
1.85616457232 4.61073628669 2.13669473829 2.77512396281 2.36611448399 1.42909395875 1.25265115399 ;
2.93051132767 4.63467437246 3.25131394651 3.88942620259 4.08008882018 1.72108219286 3.28845089888 ;
0.999849189295 4.77460733365 1.33341155686 1.7122395792 2.58072871043 0.856485033328 3.17161841212 ;
2.47767552388 4.61786641931 3.22134996204 4.12682634181 3.61306944377 3.10948332119 3.23021074294 ;
2.0757379194 4.80953118894 2.61477946894 2.30822162755 1.78656600976 0.823321666169 3.11582467217 ;
2.05910833095 4.57819386627 2.8782063517 3.39020352386 2.31983393493 1.82990671675 1.48777800263 ;
1.60485567197 4.75516054391 0.0 1.84762824144 2.2837316956 0.822913590823 2.775967024 ;
1.69501905017 4.75603890112 2.78225340891 2.00699639163 4.09773777297 1.18449903365 3.39486839577 ;
2.00731632549 4.74502927819 2.68244630771 2.35173583474 1.03556834171 0.902226876747 2.31266561686 ;
2.00645197497 4.64524580179 3.00589136095 4.32067352171 2.50388640586 3.72678462614 2.69246640198 ;
1.66703934633 4.78223000238 2.64250528317 1.91449065796 3.40149137157 1.05311152244 3.2859696829 ;
1.60485567197 4.75516054391 0.0 1.84762824144 2.2837316956 0.822913590823 2.775967024 ;
2.98180464905 4.63149825842 3.22421102897 3.89123076522 3.84313936123 1.71427764222 3.30812411272 ;
1.8780011276 4.76215461714 2.16859349003 2.21516712156 0.0 0.974640940279 3.05867818075 ;
2.53859766369 4.61784858262 3.18080356659 4.07750097797 3.47053282223 2.62367749599 3.13636739316 ;
1.06799573103 4.7605150134 1.42239316491 1.81639472148 3.0698981781 0.92452061234 3.06762603884 ;
1.85891676853 4.67942586566 2.29303429031 2.97650820802 2.1685233215 1.74713289912 0.0 ;
2.36007137786 4.78921496801 2.74470277402 2.20086810111 3.27061036808 1.0129035179 3.30886037076 ;
2.51725647633 4.67292373735 3.02077675691 2.85628127707 4.33840362331 1.60850034589 3.43267029662 ;
1.89932719263 4.59655142321 2.19218062686 2.88085768918 2.40734510816 1.46467985652 1.27701705231 ;
2.50693506325 4.80359166305 2.76645444822 2.49585400595 1.9106674763 0.856476202107 3.12412459467 ;
2.03866918032 4.66028869083 3.0519353607 4.34425858196 2.54207701673 3.74526319247 2.73404349834 ;
0.993685566682 4.77388882838 1.34300170218 1.72726365072 2.59360328397 0.872877311443 3.16142276151 ;
2.03866918032 4.66028869083 3.0519353607 4.34425858196 2.54207701673 3.74526319247 2.73404349834 ;
2.50919179959 4.67234790273 3.01362407344 2.82354507494 4.33449743001 1.60404479663 3.43064843099 ;
1.90036399194 4.59935813126 2.19162457396 2.87867857001 2.40645918876 1.47027055036 1.27311809545 ;
0.988587770708 4.77333331297 1.34086066255 1.73186573347 2.59094451306 0.870806449158 3.16335776277 ;
2.51298891198 4.8043780307 2.7682542154 2.51395016496 1.90074324611 0.854377225614 3.1233338869 ;
2.00308457675 4.75272521835 2.67697667271 2.34923776603 1.05540182389 0.906273995427 2.31767886745 ;
1.60485567197 4.75516054391 0.0 1.84762824144 2.2837316956 0.822913590823 2.775967024 ;
2.01338627159 4.64632203042 3.00816263282 4.32072525631 2.51150621934 3.72723164067 2.69832954997 ;
1.58909718803 4.78361551994 2.6913730546 1.87226674411 3.44126194311 1.01498345392 3.28546673853 ;
2.91735583563 4.64356844738 3.06745822564 3.67160505838 3.71842111911 1.66909449341 3.30780503945 ;
1.25878407957 4.76257853437 0.952416979041 1.81753035679 2.15911499949 0.812506355963 3.04038433599 ;
2.42404420764 4.59201614653 3.2193564228 4.09052601079 3.43719275285 2.99503055129 3.1733638173 ;
2.53886650181 4.79534966533 2.77493210182 2.56761623802 1.76539032143 0.825091861376 3.07466140804 ;
1.70398910436 4.7611010453 2.75597330364 2.01187571555 4.08040566684 1.18835227103 3.38524373749 ;
1.85891676853 4.67942586566 2.29303429031 2.97650820802 2.1685233215 1.74713289912 0.0 ;
2.23183397881 4.73244063662 1.02382170206 2.39736452612 2.84006953563 1.09580408633 2.23786644868 ;
0.0 4.7488048143 2.18363065246 1.92861724039 3.03754836873 1.25827220163 2.81088855775 ;
2.46464632006 4.72490142498 2.90455998708 2.70498244111 3.48641988142 1.27227350075 3.29652436766 ;
2.32323149271 4.65723376594 3.04667181504 4.33901049628 2.76540048597 3.74370498411 2.76081043177 ;
1.93693542572 4.75548783622 2.17258919756 2.2299126537 0.0 0.971177962861 2.88673243867 ;
1.62552548522 4.75858128287 0.0 1.84282815583 2.3040157742 0.803777006194 3.03592380217 ;
1.71224926745 4.76438131984 2.7544999196 1.95639800753 4.06744142748 1.18878382366 3.39084893649 ;
1.90149226017 4.79291519896 2.56279503361 2.11799648383 1.60617432681 0.746114909633 3.04527641945 ;
1.85891676853 4.67942586566 2.29303429031 2.97650820802 2.1685233215 1.74713289912 0.0 ;
2.53919629677 4.62291250309 3.17068758323 4.0592045391 3.33770124816 2.65153740124 3.1688643261 ;
2.98024439311 4.63242606531 3.22247172489 3.88998038834 3.83608343631 1.71524257122 3.30848950736 ;
2.00856591334 4.74540586604 2.68308755411 2.35123342563 1.03615665938 0.902703066949 2.3149998058 ;
2.00645197497 4.64524580179 3.00589136095 4.32067352171 2.50388640586 3.72678462614 2.69246640198 ;
1.6637516488 4.7819614633 2.64165687974 1.91031729375 3.40642310409 1.05103313975 3.28564982471 ;
1.60485567197 4.75516054391 0.0 1.84762824144 2.2837316956 0.822913590823 2.775967024 ;
1.72135446711 4.75651324553 2.79308813158 2.04814486616 4.08804926816 1.18989178147 3.39374745609 ;
2.45897867251 4.60934094267 3.22024270663 4.1255619611 3.59856744492 3.1615929354 3.23027108599 ;
2.08465192051 4.81038805636 2.61532556237 2.32579091219 1.79195069077 0.838475734846 3.11249504175 ;
1.60485567197 4.75516054391 0.0 1.84762824144 2.2837316956 0.822913590823 2.775967024 ;
2.06175824624 4.5782679934 2.88937468298 3.40392656108 2.33736664506 1.82853733811 1.49123788163 ;
1.66703934633 4.78223000238 2.64250528317 1.91449065796 3.40149137157 1.05311152244 3.2859696829 ;
2.00731632549 4.74502927819 2.68244630771 2.35173583474 1.03556834171 0.902226876747 2.31266561686 ;
1.60485567197 4.75516054391 0.0 1.84762824144 2.2837316956 0.822913590823 2.775967024 ;
2.00645197497 4.64524580179 3.00589136095 4.32067352171 2.50388640586 3.72678462614 2.69246640198 ;
2.98180464905 4.63149825842 3.22421102897 3.89123076522 3.84313936123 1.71427764222 3.30812411272 ;
2.00639693674 4.74507886042 2.68222305413 2.34649811573 1.03657645714 0.90348619304 2.31432812452 ;
1.60485567197 4.75516054391 0.0 1.84762824144 2.2837316956 0.822913590823 2.775967024 ;
2.98180464905 4.63149825842 3.22421102897 3.89123076522 3.84313936123 1.71427764222 3.30812411272 ;
2.00645197497 4.64524580179 3.00589136095 4.32067352171 2.50388640586 3.72678462614 2.69246640198 ;
1.6671227125 4.78224717284 2.64257459333 1.91669122194 3.40369054306 1.05263503006 3.28623041637 ;
2.91735583563 4.64356844738 3.06745822564 3.67160505838 3.71842111911 1.66909449341 3.30780503945 ;
1.60485567197 4.75516054391 0.0 1.84762824144 2.2837316956 0.822913590823 2.775967024 ;
1.58909718803 4.78361551994 2.6913730546 1.87226674411 3.44126194311 1.01498345392 3.28546673853 ;
2.01338627159 4.64632203042 3.00816263282 4.32072525631 2.51150621934 3.72723164067 2.69832954997 ;
2.00308457675 4.75272521835 2.67697667271 2.34923776603 1.05540182389 0.906273995427 2.31767886745 ;
2.67615282359 4.76201852302 2.77712049678 2.98340523577 2.38961211588 1.09007065686 3.28215195222 ;
1.60485567197 4.75516054391 0.0 1.84762824144 2.2837316956 0.822913590823 2.775967024 ;
1.443294142 4.77397825961 2.72673199994 1.83716998925 3.62293203835 1.05463581047 3.25789974043 ;
2.33804078689 4.57689585332 3.2192228293 4.1371741251 3.41096502361 3.37997614822 3.16160052229 ;
1.57439474255 4.68765578655 2.70273819046 2.68363385679 1.6944147876 1.61405840201 1.54731003791 ;
1.85891676853 4.67942586566 2.29303429031 2.97650820802 2.1685233215 1.74713289912 0.0 ;
1.25478234757 4.76382980252 0.956720686795 1.82678546156 2.16052969448 0.826608424166 3.04018540872 ;
1.76095246062 4.76141456095 2.78303085589 2.15005991708 4.12304370358 1.30628633157 3.39523396152 ;
2.29318474808 4.57284432771 3.20564484007 4.13324116775 3.18199721176 3.39774720936 3.10634144454 ;
2.57386345208 4.76516717053 2.84587168305 2.75966644766 2.11596975822 0.937558738593 3.11098087022 ;
2.00645197497 4.64524580179 3.00589136095 4.32067352171 2.50388640586 3.72678462614 2.69246640198 ;
1.66747523576 4.78208522866 2.64340240496 1.91161430059 3.39926907073 1.05184912416 3.28687984543 ;
2.00798902165 4.74514583875 2.68086939007 2.35932675478 1.02930875107 0.904021281257 2.30651947332 ;
2.98180464905 4.63149825842 3.22421102897 3.89123076522 3.84313936123 1.71427764222 3.30812411272 ;
1.60485567197 4.75516054391 0.0 1.84762824144 2.2837316956 0.822913590823 2.775967024 ;
2.05419814031 4.57976977982 2.88788786483 3.40418326739 2.33148202647 1.8264622373 1.49009780329 ;
2.4677805006 4.60792467817 3.22332894094 4.12504364699 3.59905806218 3.1663587945 3.23061116792 ;
1.7105442136 4.75501159239 2.79183958572 2.05370008959 4.09341289222 1.1962441732 3.3925389558 ;
2.08866286216 4.81084887091 2.61734602335 2.32543580624 1.80595368482 0.839939392953 3.11515955765 ;
1.60485567197 4.75516054391 0.0 1.84762824144 2.2837316956 0.822913590823 2.775967024 ;
2.98180464905 4.63149825842 3.22421102897 3.89123076522 3.84313936123 1.71427764222 3.30812411272 ;
2.00798902165 4.74514583875 2.68086939007 2.35932675478 1.02930875107 0.904021281257 2.30651947332 ;
2.00645197497 4.64524580179 3.00589136095 4.32067352171 2.50388640586 3.72678462614 2.69246640198 ;
1.66747523576 4.78208522866 2.64340240496 1.91161430059 3.39926907073 1.05184912416 3.28687984543 ;
1.60485567197 4.75516054391 0.0 1.84762824144 2.2837316956 0.822913590823 2.775967024 ;
2.00308457675 4.75272521835 2.67697667271 2.34923776603 1.05540182389 0.906273995427 2.31767886745 ;
2.91735583563 4.64356844738 3.06745822564 3.67160505838 3.71842111911 1.66909449341 3.30780503945 ;
2.01338627159 4.64632203042 3.00816263282 4.32072525631 2.51150621934 3.72723164067 2.69832954997 ;
1.58909718803 4.78361551994 2.6913730546 1.87226674411 3.44126194311 1.01498345392 3.28546673853 ;
1.60485567197 4.75516054391 0.0 1.84762824144 2.2837316956 0.822913590823 2.775967024 ;
2.4758709245 4.61634023324 3.22159742912 4.12706946376 3.61514547624 3.11999210786 3.23230440142 ;
1.60485567197 4.75516054391 0.0 1.84762824144 2.2837316956 0.822913590823 2.775967024 ;
1.69001551228 4.75557068663 2.78472770958 2.00638529527 4.1012606456 1.18883060505 3.39582758111 ;
2.08054270281 4.80965562475 2.61487025177 2.31390745716 1.79691764697 0.824703583227 3.11524053757 ;
2.0589369643 4.57785969082 2.88346733158 3.39719181475 2.33084168915 1.83741553107 1.48893627427 ;
2.00308457675 4.75272521835 2.67697667271 2.34923776603 1.05540182389 0.906273995427 2.31767886745 ;
1.60485567197 4.75516054391 0.0 1.84762824144 2.2837316956 0.822913590823 2.775967024 ;
2.01338627159 4.64632203042 3.00816263282 4.32072525631 2.51150621934 3.72723164067 2.69832954997 ;
1.58909718803 4.78361551994 2.6913730546 1.87226674411 3.44126194311 1.01498345392 3.28546673853 ;
2.91735583563 4.64356844738 3.06745822564 3.67160505838 3.71842111911 1.66909449341 3.30780503945 ;
2.03866918032 4.66028869083 3.0519353607 4.34425858196 2.54207701673 3.74526319247 2.73404349834 ;
2.51406355996 4.80445944915 2.76979379118 2.51541819243 1.90788958423 0.855727816228 3.1237239178 ;
1.89282286499 4.59941620155 2.18292765105 2.88422851739 2.41039128415 1.47154492128 1.28003577381 ;
2.50854596079 4.6715626488 3.01477954362 2.82573756123 4.33587286136 1.605120062 3.43135880487 ;
0.992106685432 4.7736112307 1.34387937957 1.72680478367 2.59117245386 0.870466460273 3.16397789435 ;
2.63520364103 4.76050690685 2.81949179872 2.98626896492 3.54236773896 1.27546305331 3.35815057067 ;
2.01969619289 4.74074108976 2.6540465297 2.51078047599 0.796513199523 0.989519580008 2.34573935239 ;
1.60485567197 4.75516054391 0.0 1.84762824144 2.2837316956 0.822913590823 2.775967024 ;
2.26408048579 4.56752332397 3.2054947119 4.14676244649 3.2201910806 3.46082040764 2.77215260082 ;
0.996156258076 4.77216708733 2.68035824337 1.54043643592 3.26967563826 0.942505823791 3.16175183183 ;
1.45552673885 4.78377142505 2.70971500186 1.79317290946 3.39003018201 0.967495514801 3.26706219942 ;
2.84329296227 4.67067301022 2.98073167233 3.44919581492 3.75759283255 1.6325626023 3.32913365777 ;
2.02475282787 4.74641290814 2.6683123413 2.37421017506 1.02322165863 0.857206738484 2.35111834886 ;
2.02503099964 4.64656831882 3.0295716337 4.32319253629 2.52835960546 3.74642276616 2.65189892466 ;
1.60485567197 4.75516054391 0.0 1.84762824144 2.2837316956 0.822913590823 2.775967024 ;
1.60485567197 4.75516054391 0.0 1.84762824144 2.2837316956 0.822913590823 2.775967024 ;
2.98180464905 4.63149825842 3.22421102897 3.89123076522 3.84313936123 1.71427764222 3.30812411272 ;
2.00645197497 4.64524580179 3.00589136095 4.32067352171 2.50388640586 3.72678462614 2.69246640198 ;
1.66560152717 4.78213863059 2.64188135154 1.91607621062 3.40788657756 1.05290813011 3.28587695126 ;
2.00782008624 4.74545258837 2.68338145091 2.34577575661 1.0389978989 0.903621995333 2.31931839571 ;
1.60485567197 4.75516054391 0.0 1.84762824144 2.2837316956 0.822913590823 2.775967024 ;
2.00308457675 4.75272521835 2.67697667271 2.34923776603 1.05540182389 0.906273995427 2.31767886745 ;
2.91735583563 4.64356844738 3.06745822564 3.67160505838 3.71842111911 1.66909449341 3.30780503945 ;
2.01338627159 4.64632203042 3.00816263282 4.32072525631 2.51150621934 3.72723164067 2.69832954997 ;
1.58909718803 4.78361551994 2.6913730546 1.87226674411 3.44126194311 1.01498345392 3.28546673853 ;
2.46464632006 4.72490142498 2.90455998708 2.70498244111 3.48641988142 1.27227350075 3.29652436766 ;
1.93693542572 4.75548783622 2.17258919756 2.2299126537 0.0 0.971177962861 2.88673243867 ;
0.0 4.7488048143 2.18363065246 1.92861724039 3.03754836873 1.25827220163 2.81088855775 ;
2.32323149271 4.65723376594 3.04667181504 4.33901049628 2.76540048597 3.74370498411 2.76081043177 ;
2.23183397881 4.73244063662 1.02382170206 2.39736452612 2.84006953563 1.09580408633 2.23786644868 ;
2.36007137786 4.78921496801 2.74470277402 2.20086810111 3.27061036808 1.0129035179 3.30886037076 ;
1.06799573103 4.7605150134 1.42239316491 1.81639472148 3.0698981781 0.92452061234 3.06762603884 ;
1.8780011276 4.76215461714 2.16859349003 2.21516712156 0.0 0.974640940279 3.05867818075 ;
2.53859766369 4.61784858262 3.18080356659 4.07750097797 3.47053282223 2.62367749599 3.13636739316 ;
1.85891676853 4.67942586566 2.29303429031 2.97650820802 2.1685233215 1.74713289912 0.0 ;
2.00308457675 4.75272521835 2.67697667271 2.34923776603 1.05540182389 0.906273995427 2.31767886745 ;
2.91735583563 4.64356844738 3.06745822564 3.67160505838 3.71842111911 1.66909449341 3.30780503945 ;
1.60485567197 4.75516054391 0.0 1.84762824144 2.2837316956 0.822913590823 2.775967024 ;
2.01338627159 4.64632203042 3.00816263282 4.32072525631 2.51150621934 3.72723164067 2.69832954997 ;
1.58909718803 4.78361551994 2.6913730546 1.87226674411 3.44126194311 1.01498345392 3.28546673853 ;
1.97721020091 4.79025533745 2.73602950943 2.34964340082 3.35212718043 1.12717143075 3.29009931526 ;
2.30581451763 4.5744138785 3.21329942408 4.13910012963 3.34521489661 3.40845824419 2.8543412274 ;
1.60485567197 4.75516054391 0.0 1.84762824144 2.2837316956 0.822913590823 2.775967024 ;
2.22124036352 4.59492687679 2.83791582117 3.00359628136 2.9196637475 1.00121435043 1.79682590218 ;
1.97677844959 4.75197539489 2.6321986134 2.42663492191 0.0 1.04145537143 2.8400989485 ;
1.62552548522 4.75858128287 0.0 1.84282815583 2.3040157742 0.803777006194 3.03592380217 ;
2.54465227027 4.62708356606 3.19105604777 4.07095163 3.37096884269 2.7048079674 3.19797865771 ;
1.66318111841 4.78422509735 2.75359031097 2.03187959957 3.74684974703 1.05720111722 3.34897492042 ;
2.01072981221 4.76709082339 2.52480593934 2.13117873694 1.46272323013 0.807595930585 2.99143394447 ;
1.85891676853 4.67942586566 2.29303429031 2.97650820802 2.1685233215 1.74713289912 0.0 ;
