38.8984547461 13.6920529801 2.51655629139 0.0783664459161 0.0 11.1114790287 0.626931567329 ;
43.9188034188 43.8205128205 1.78205128205 0.0641025641026 0.0555555555556 4.13675213675 0.0512820512821 ;
35.1067373202 4.59727479182 2.83345950038 0.0613171839516 0.00378501135503 5.52460257381 0.111657834974 ;
44.4503753128 6.51793160967 2.50959132611 0.0408673894912 0.0 4.43953294412 0.0333611342786 ;
35.531120332 4.67358229599 2.86618257261 0.0612033195021 0.00345781466113 5.49930843707 0.109612724758 ;
38.1367292225 14.3873994638 2.5509383378 0.0924932975871 0.0 11.7091152815 0.703753351206 ;
45.1433691756 7.45161290323 2.31989247312 0.0322580645161 0.0 4.81362007168 0.0546594982079 ;
43.9691629956 44.295154185 1.81057268722 0.0660792951542 0.057268722467 4.15418502203 0.0528634361233 ;
37.0357142857 9.83290816327 2.79974489796 0.0956632653061 0.0 14.1556122449 0.932397959184 ;
43.6345381526 42.8674698795 1.77510040161 0.0602409638554 0.0522088353414 4.22891566265 0.0562248995984 ;
44.1310861423 9.43970037453 2.27940074906 0.0292134831461 0.0 4.73258426966 0.0329588014981 ;
35.4959816303 4.45273631841 2.8748564868 0.0642939150402 0.00382701875239 4.77803291236 0.0482204362801 ;
35.3276740238 5.2285229202 2.78166383701 0.0577249575552 0.00339558573854 5.65500848896 0.115110356537 ;
44.3301886792 8.01161103048 2.47822931785 0.0391872278665 0.0 4.78084179971 0.0522496371553 ;
43.7142857143 41.6992481203 1.71052631579 0.0563909774436 0.0488721804511 4.00751879699 0.0338345864662 ;
37.7857142857 12.9846938776 2.88265306122 0.147959183673 0.0 16.9540816327 1.26275510204 ;
43.9102040816 8.67414965986 2.37278911565 0.0353741496599 0.0 4.90408163265 0.0469387755102 ;
43.6053639847 42.0651340996 1.73180076628 0.0574712643678 0.0498084291188 4.10344827586 0.0459770114943 ;
35.2385730212 4.69825343738 2.85878855444 0.0616871051654 0.00371609067261 5.18766257897 0.0802675585284 ;
37.228980322 11.175313059 2.78890876565 0.114490161002 0.0 15.5885509839 1.10554561717 ;
44.6912637829 6.95928753181 2.43172179813 0.0356234096692 0.0 4.62680237489 0.0441051738762 ;
35.3449842712 4.81789584062 2.83537224747 0.0611674239776 0.00349528137015 5.64348130024 0.120237679133 ;
43.9594594595 44.6216216216 1.75675675676 0.0675675675676 0.0585585585586 4.07207207207 0.0405405405405 ;
38.9360222531 14.916550765 2.5354659249 0.0904033379694 0.0 11.7510431154 0.709318497914 ;
35.0545387994 4.9663250366 2.78184480234 0.0592972181552 0.00366032210835 5.75073206442 0.124084919473 ;
43.9041666667 43.3791666667 1.75833333333 0.0625 0.0541666666667 4.025 0.0375 ;
39.2288961039 14.6737012987 2.56006493506 0.102272727273 0.0 13.0081168831 0.840909090909 ;
43.8592964824 6.89303661163 2.57932519742 0.0409188801149 0.0 4.4967695621 0.035175879397 ;
43.523297491 40.9713261649 1.73835125448 0.0537634408602 0.0465949820789 4.1541218638 0.0573476702509 ;
34.8482373173 4.64101461737 2.7192605331 0.0528804815133 0.00429922613929 4.79277730009 0.0494411006019 ;
36.9518377693 10.1837769328 2.73637515843 0.0874524714829 0.0 14.030418251 0.915082382763 ;
43.6118462508 7.78764965343 2.66099558916 0.0567107750473 0.0 4.77441713926 0.0390674228103 ;
37.0307881773 9.79679802956 2.95443349754 0.119458128079 0.0 13.9926108374 0.913793103448 ;
35.6458104647 4.70362239297 2.83424807903 0.0600073179656 0.00365898280278 4.72703988291 0.0431759970728 ;
43.592 42.8 1.768 0.06 0.052 4.212 0.056 ;
44.8397976391 9.3676222597 2.19645868465 0.0177065767285 0.0 4.73861720067 0.0345699831366 ;
44.3939914163 10.3982832618 2.23090128755 0.0248927038627 0.0 5.00343347639 0.044635193133 ;
35.9695290859 4.61599722992 2.85768698061 0.0640581717452 0.00346260387812 4.81094182825 0.0467451523546 ;
43.6345381526 42.8674698795 1.77510040161 0.0602409638554 0.0522088353414 4.22891566265 0.0562248995984 ;
36.970544919 9.57437407953 2.79528718704 0.100147275405 0.0 14.9896907216 1.05154639175 ;
35.2967741935 4.59928315412 2.85806451613 0.0616487455197 0.00358422939068 5.37275985663 0.108960573477 ;
42.3356794802 9.14022739578 2.48944233893 0.0546832701678 0.0 7.65457498646 0.297780184082 ;
44.3482142857 53.4196428571 2.10714285714 0.116071428571 0.107142857143 4.25 0.0357142857143 ;
42.7931034483 29.8405172414 1.65517241379 0.0474137931034 0.00431034482759 5.81896551724 0.245689655172 ;
39.7566600398 4.73479125249 2.95586481113 0.0675944333996 0.00318091451292 3.98170974155 0.0174950298211 ;
43.9678571429 40.8 1.725 0.0535714285714 0.0464285714286 4.06428571429 0.0428571428571 ;
35.4087209302 8.13081395349 2.26569767442 0.025 0.00116279069767 7.02848837209 0.173255813953 ;
39.4098712446 11.3798283262 2.95708154506 0.148068669528 0.0 16.5515021459 1.20386266094 ;
43.6699787083 6.55003548616 2.5621007807 0.0390347764372 0.0 4.45280340667 0.0333569907736 ;
43.9074889868 44.2995594714 1.7577092511 0.0660792951542 0.057268722467 4.13656387665 0.0528634361233 ;
39.4131652661 14.8109243697 2.5350140056 0.093837535014 0.0 11.9383753501 0.729691876751 ;
34.9403268719 4.84986697073 2.80235651843 0.0608133789434 0.00380083618396 5.78373242113 0.127328012163 ;
36.7434497817 8.83951965066 2.80895196507 0.0982532751092 0.0 13.538209607 0.843886462882 ;
36.4527653727 4.66643765029 2.82102370319 0.0594297492271 0.00343524562006 4.46822397801 0.0274819649605 ;
45.2213740458 11.5507088332 2.17448200654 0.020719738277 0.0 4.92475463468 0.0501635768811 ;
43.5780590717 43.6582278481 1.74261603376 0.0632911392405 0.0548523206751 4.34599156118 0.0675105485232 ;
43.9402882636 7.79890185312 2.46533973919 0.0363761153054 0.0 4.51750171585 0.0267673301304 ;
43.6217228464 41.7116104869 1.734082397 0.0561797752809 0.0486891385768 4.17228464419 0.0524344569288 ;
34.9598232222 4.70550421856 2.82241864202 0.0618722378465 0.00401767778224 5.0441944556 0.0670952189634 ;
37.609375 10.9479166667 2.75 0.09765625 0.0 13.9361979167 0.904947916667 ;
37.0062370062 4.91594891595 2.75764775765 0.0549450549451 0.00297000297 4.66052866053 0.049302049302 ;
44.2113821138 52.3983739837 2.0162601626 0.105691056911 0.0975609756098 4.47967479675 0.0487804878049 ;
43.0471014493 26.7934782609 1.54347826087 0.00724637681159 0.0036231884058 4.18115942029 0.0615942028986 ;
40.8625514403 10.0641975309 2.66090534979 0.0798353909465 0.0 11.1580246914 0.597530864198 ;
37.2657004831 11.0164251208 2.70917874396 0.0830917874396 0.0 12.0657004831 0.697584541063 ;
43.667953668 42.2162162162 1.7528957529 0.0579150579151 0.0501930501931 4.21235521236 0.0540540540541 ;
45.2802893309 8.1103074141 2.26130198915 0.0271247739602 0.0 4.57504520796 0.0361663652803 ;
35.4928322356 4.38357225881 2.87989151492 0.0643161565285 0.00387446726075 4.77140643162 0.0538550949244 ;
37.3911939035 10.6265876376 2.73751058425 0.0804403048264 0.0 11.4987298899 0.624047417443 ;
43.6283524904 42.1264367816 1.76245210728 0.0613026819923 0.0498084291188 4.39846743295 0.0766283524904 ;
44.5855572998 7.44976452119 2.38147566719 0.0337519623234 0.0 4.41601255887 0.030612244898 ;
34.9752759382 4.23134657837 2.85430463576 0.0631346578366 0.00441501103753 4.67991169978 0.0525386313466 ;
37.4921020656 13.1786148238 2.61482381531 0.089914945322 0.0 12.0060753341 0.719319562576 ;
44.8416326531 7.67265306122 2.38530612245 0.0342857142857 0.0 4.94040816327 0.0595918367347 ;
43.9487179487 43.8162393162 1.78632478632 0.0641025641026 0.0555555555556 4.14102564103 0.0512820512821 ;
35.3819933309 4.49129307151 2.85290848462 0.0615042608373 0.00370507595406 5.20637273064 0.0881808077066 ;
37.2624434389 10.5248868778 2.82202111614 0.107088989442 0.0 14.8868778281 1.01809954751 ;
35.8357810414 4.94025367156 2.85547396529 0.0634178905207 0.00333778371162 4.96662216288 0.0610814419226 ;
43.4864864865 42.2162162162 1.72972972973 0.0579150579151 0.0501930501931 4.16988416988 0.0540540540541 ;
45.3762935089 9.3198494826 2.18062088429 0.0197554092192 0.0 4.82031984948 0.0404515522107 ;
36.2851961754 4.78667985493 2.8404220244 0.0626442466205 0.00329706561161 4.7283217936 0.0402242004616 ;
36.9355638166 9.95786864932 2.77323420074 0.092936802974 0.0 13.9764560099 0.915737298637 ;
43.5679012346 43.2551440329 1.74485596708 0.0617283950617 0.0534979423868 4.24279835391 0.0576131687243 ;
45.7906458797 10.640311804 2.13251670379 0.0189309576837 0.0 4.79175946548 0.0445434298441 ;
37.0513418903 8.85297549592 2.77596266044 0.0921820303384 0.0 13.8961493582 0.891481913652 ;
43.527173913 47.3913043478 1.85869565217 0.0815217391304 0.0652173913043 4.4402173913 0.0597826086957 ;
38.0090472152 5.19197059655 2.74611252474 0.0568278201866 0.00282725473565 4.57308453492 0.0277070964094 ;
43.094292804 19.7245657568 1.88089330025 0.00496277915633 0.00248138957816 5.09429280397 0.104218362283 ;
36.7933649289 9.14312796209 2.85497630332 0.0995260663507 0.0 12.7725118483 0.745023696682 ;
43.4653846154 42.1653846154 1.73076923077 0.0576923076923 0.05 4.22692307692 0.0615384615385 ;
45.5527093596 9.56157635468 2.18128078818 0.0216748768473 0.0 4.8315270936 0.0443349753695 ;
35.9158807997 4.64202187854 2.8351565447 0.0584685024519 0.00377216144851 4.32893247831 0.0256506978499 ;
42.5390728477 5.59735099338 2.70198675497 0.0470198675497 0.0 3.86092715232 0.012582781457 ;
43.598540146 41.3102189781 1.72627737226 0.0583941605839 0.0474452554745 4.30656934307 0.0729927007299 ;
34.2146271511 4.54971319312 2.74617590822 0.0592734225621 0.00478011472275 5.65200764818 0.109464627151 ;
39.6470588235 12.0642533937 2.61900452489 0.0778280542986 0.0 10.9683257919 0.585520361991 ;
45.5776649746 9.92791878173 2.15736040609 0.0192893401015 0.0 4.75736040609 0.0395939086294 ;
36.0061983471 4.79063360882 2.86053719008 0.064738292011 0.0034435261708 4.67699724518 0.0392561983471 ;
37.0727056019 9.7115613826 2.75804529201 0.0893921334923 0.0 13.8379022646 0.88915375447 ;
43.5059288538 42.6126482213 1.7628458498 0.0592885375494 0.0513833992095 4.25296442688 0.0632411067194 ;
44.9915824916 8.23737373737 2.22643097643 0.0252525252525 0.0 4.55808080808 0.0345117845118 ;
37.0292294066 10.6687333924 2.65279007972 0.0770593445527 0.0 11.8077945084 0.666076173605 ;
43.7933884298 43.3140495868 1.77272727273 0.0619834710744 0.0537190082645 4.22314049587 0.0578512396694 ;
35.3893476466 4.25557390586 2.94095788604 0.0681255161024 0.00412881915772 4.61849710983 0.0445912469034 ;
43.9920564872 5.51632833186 3.08473080318 0.0909090909091 0.0 4.12356575463 0.0211827007944 ;
39.5523404255 12.4255319149 2.49106382979 0.0672340425532 0.0 10.074893617 0.512340425532 ;
43.7054263566 42.3100775194 1.75968992248 0.062015503876 0.0503875968992 4.3992248062 0.077519379845 ;
34.7718426501 4.49440993789 2.61532091097 0.0409937888199 0.00414078674948 5.51097308489 0.111387163561 ;
42.8439911797 8.03087100331 2.56339581036 0.0457552370452 0.0 4.67916207277 0.0336273428886 ;
43.6768060837 41.9353612167 1.73003802281 0.0570342205323 0.0494296577947 4.10646387833 0.0456273764259 ;
37.5777414075 11.1374795417 2.80523731588 0.108019639935 0.0 15.2176759411 1.05073649755 ;
34.6275621457 4.45617095508 2.77932839075 0.0580026166594 0.00436109899695 5.27169646751 0.0872219799389 ;
35.7210360518 4.71788589429 2.86244312216 0.0630031501575 0.00350017500875 4.95274763738 0.061603080154 ;
43.6774193548 42.9072580645 1.76612903226 0.0604838709677 0.0524193548387 4.14919354839 0.0483870967742 ;
45.3705069124 8.82396313364 2.2202764977 0.0239631336406 0.0 4.66267281106 0.0341013824885 ;
37.2351453856 11.2844500632 2.73957016435 0.0960809102402 0.0 13.5474083439 0.872313527181 ;
34.5451807229 4.62134251291 2.73278829604 0.0572289156627 0.00430292598967 6.06798623064 0.146299483649 ;
39.6479820628 14.1614349776 2.48878923767 0.0773542600897 0.0 10.630044843 0.587443946188 ;
43.9188034188 43.8205128205 1.78205128205 0.0641025641026 0.0555555555556 4.13675213675 0.0512820512821 ;
42.8745917701 5.87459177008 2.74591770085 0.0522534291313 0.0 4.18158066623 0.0254735467015 ;
43.5555555556 42.6388888889 1.74603174603 0.0595238095238 0.0515873015873 4.10714285714 0.047619047619 ;
35.6541680616 4.97556076331 2.84599933043 0.0619350518915 0.00334784064279 5.18346166722 0.0783394710412 ;
45.0085034014 9.03571428571 2.27551020408 0.0263605442177 0.0 4.82227891156 0.0442176870748 ;
37.3886925795 11.2844522968 2.78268551237 0.116607773852 0.0 15.4858657244 1.09010600707 ;
37.2645631068 11.2099514563 2.72815533981 0.0958737864078 0.0 13.3677184466 0.848300970874 ;
43.6778242678 43.4937238494 1.74476987448 0.0627615062762 0.0543933054393 4.12552301255 0.0502092050209 ;
35.6771204562 4.63292943692 2.87099073414 0.0634354953671 0.00356379187455 4.92516037063 0.06022808268 ;
45.2446043165 8.98201438849 2.22212230216 0.0224820143885 0.0 4.61600719424 0.0314748201439 ;
37.0599820949 9.32229185318 2.90420769919 0.103849597135 0.0 12.4153983885 0.705461056401 ;
43.5265151515 41.9431818182 1.75 0.0606060606061 0.0492424242424 4.36363636364 0.0757575757576 ;
35.5700598802 4.56367265469 2.82594810379 0.0574850299401 0.00399201596806 4.35449101796 0.0283433133733 ;
45.2757990868 8.8602739726 2.19817351598 0.0191780821918 0.0 4.5899543379 0.0328767123288 ;
35.9532312925 4.32993197279 2.93920068027 0.0684523809524 0.00425170068027 3.99829931973 0.014880952381 ;
43.5930232558 42.3139534884 1.7519379845 0.062015503876 0.0503875968992 4.37209302326 0.077519379845 ;
44.1092176607 10.1270333075 2.2695584818 0.0309837335399 0.0 5.37180480248 0.0766847405112 ;
35.937962963 7.81944444444 2.68240740741 0.0740740740741 0.0 12.487962963 0.70462962963 ;
34.5511909737 4.76890931885 2.75804429586 0.0580860844129 0.00417885499373 6.08399498537 0.149603008776 ;
43.8755555556 44.4444444444 1.76444444444 0.0666666666667 0.0577777777778 4.14666666667 0.0533333333333 ;
42.6528040328 6.06805293006 2.66414618778 0.0453686200378 0.0 4.36420919975 0.0327662255829 ;
40.3659793814 14.9201030928 2.53479381443 0.0914948453608 0.0 11.0 0.635309278351 ;
35.0388349515 4.74346527259 2.83121732636 0.0608663181479 0.00373412994772 5.6997759522 0.125093353249 ;
39.4682440847 14.7359900374 2.49688667497 0.0821917808219 0.0 11.1631382316 0.647571606476 ;
43.9132420091 44.8584474886 1.75342465753 0.0684931506849 0.0593607305936 4.16894977169 0.0547945205479 ;
44.0460577674 6.44808743169 2.51444184231 0.0413739266198 0.0 4.53786104606 0.0374707259953 ;
34.7925531915 4.5740589198 2.82078559738 0.0626022913257 0.00409165302782 5.47954173486 0.103518821604 ;
43.8554216867 42.8152610442 1.76305220884 0.0602409638554 0.0522088353414 4.10441767068 0.0481927710843 ;
43.6358463727 6.63371266003 2.52489331437 0.0348506401138 0.0 4.23399715505 0.0199146514936 ;
38.8458049887 12.985260771 2.6179138322 0.0907029478458 0.0 12.0034013605 0.705215419501 ;
34.7440878378 4.44594594595 2.88471283784 0.0629222972973 0.00422297297297 5.36655405405 0.0929054054054 ;
42.8835115363 8.1530669668 2.43950478334 0.038829487901 0.0 4.692740574 0.0354530106922 ;
43.6851851852 41.4851851852 1.71111111111 0.0555555555556 0.0481481481481 4.06666666667 0.0444444444444 ;
37.6219081272 11.3127208481 2.76325088339 0.113074204947 0.0 15.5636042403 1.09540636042 ;
43.2668269231 8.60637019231 2.38521634615 0.0348557692308 0.0 4.88641826923 0.0438701923077 ;
43.6053639847 42.0651340996 1.73180076628 0.0574712643678 0.0498084291188 4.10344827586 0.0459770114943 ;
37.3033707865 11.0936329588 2.77528089888 0.11797752809 0.0 15.9101123596 1.14606741573 ;
35.0 4.51863600317 2.8901665345 0.063838223632 0.00396510705789 5.25614591594 0.086439333862 ;
38.1386934673 12.9618090452 2.55778894472 0.0763819095477 0.0 11.1487437186 0.625125628141 ;
35.5078324226 4.48306010929 2.89471766849 0.0633879781421 0.00364298724954 5.19453551913 0.0874316939891 ;
43.9347826087 44.0956521739 1.79565217391 0.0652173913043 0.0565217391304 4.15652173913 0.0521739130435 ;
45.5440158259 7.19584569733 2.26310583581 0.0316518298714 0.0 4.59545004946 0.0405539070227 ;
44.6685348279 8.32025620496 2.33626901521 0.0280224179343 0.0 4.60608486789 0.0304243394716 ;
43.6217228464 41.7116104869 1.734082397 0.0561797752809 0.0486891385768 4.17228464419 0.0524344569288 ;
37.1004319654 10.3444924406 2.7343412527 0.0907127429806 0.0 13.0896328294 0.803455723542 ;
35.3580149665 4.53406853092 2.86687672312 0.0641985033478 0.00393855848759 4.71287908625 0.0468688460024 ;
35.5248691099 5.02519633508 2.84064136126 0.0625 0.0032722513089 5.87434554974 0.141688481675 ;
43.7906976744 45.1441860465 1.72558139535 0.0697674418605 0.0558139534884 4.18139534884 0.0558139534884 ;
39.6571879937 16.5529225908 2.39968404423 0.0789889415482 0.00157977883096 10.3191153239 0.595576619273 ;
45.0185701021 6.57288765088 2.43361188487 0.0380687093779 0.0 5.17270194986 0.0863509749304 ;
35.5219381915 4.46089278901 2.85616177032 0.0625715375811 0.00381533765738 4.78557802366 0.0522701259061 ;
43.5627376426 41.9657794677 1.73764258555 0.0570342205323 0.0494296577947 4.16730038023 0.0532319391635 ;
37.1699279094 10.955715757 2.75901132853 0.0885684860968 0.0 12.4541709578 0.744593202884 ;
45.2175843694 8.21758436945 2.28241563055 0.0284191829485 0.0 4.63765541741 0.0364120781528 ;
43.4639475601 6.08084486526 2.65768390386 0.0436999271668 0.0 4.3146394756 0.027676620539 ;
43.8663793103 43.9612068966 1.73706896552 0.0646551724138 0.0560344827586 4.14224137931 0.051724137931 ;
34.8094679186 4.82042253521 2.75391236307 0.0579029733959 0.00391236306729 5.81455399061 0.130672926448 ;
39.9280487805 14.3304878049 2.56219512195 0.090243902439 0.0 11.2280487805 0.64756097561 ;
35.9236461487 4.85233770602 2.85502859065 0.0642448705012 0.0033636057854 4.89404641776 0.054154053145 ;
43.6422764228 43.0365853659 1.76829268293 0.0609756097561 0.0528455284553 4.16260162602 0.0487804878049 ;
37.0352112676 10.4394366197 2.80281690141 0.1 0.0 14.5478873239 0.981690140845 ;
45.3754752852 9.69106463878 2.16634980989 0.0190114068441 0.0 4.80133079848 0.0427756653992 ;
35.6360631656 4.49540947484 2.86081527727 0.0620639001102 0.00367242012486 4.89974293059 0.0631656261476 ;
43.7 42.1461538462 1.75 0.0576923076923 0.05 4.20384615385 0.0538461538462 ;
45.7017716535 7.9094488189 2.2874015748 0.0314960629921 0.0 4.65846456693 0.0403543307087 ;
37.4083503055 11.5936863544 2.67107942974 0.0824847250509 0.0 12.0020366599 0.700610997963 ;
35.235056839 4.6868353502 2.85808580858 0.0630729739641 0.00366703337 5.46607994133 0.105243857719 ;
38.4478371501 13.8218829517 2.58778625954 0.089058524173 0.0 12.0954198473 0.729007633588 ;
44.5496368039 7.15334947538 2.38256658596 0.0322841000807 0.0 4.51493139629 0.0347054075868 ;
43.9475982533 44.1572052402 1.79912663755 0.0655021834061 0.056768558952 4.13537117904 0.0524017467249 ;
35.579020979 8.37412587413 2.62447552448 0.0713286713287 0.000699300699301 10.9447552448 0.544755244755 ;
43.5684647303 43.4149377593 1.73443983402 0.0663900414938 0.0539419087137 4.46473029046 0.0829875518672 ;
45.6233894945 10.2309217047 2.24380574827 0.0287413280476 0.0 5.34588701685 0.0852329038652 ;
36.5732290309 4.28465884398 2.93654932638 0.0651890482399 0.00391134289439 3.83876575402 0.013037809648 ;
39.5385325335 4.80664513152 3.06275957545 0.0715274573143 0.00138440239963 3.97461928934 0.0239963082603 ;
34.6730190572 6.70210631896 2.46940822467 0.0576730190572 0.00351053159478 8.97592778335 0.383149448345 ;
43.4471153846 45.6490384615 1.78365384615 0.0769230769231 0.0576923076923 4.50961538462 0.0865384615385 ;
45.2810457516 15.2696078431 2.05882352941 0.0179738562092 0.0016339869281 5.72712418301 0.132352941176 ;
35.6613123718 4.60970608339 2.84586466165 0.0601503759398 0.00341763499658 5.44429254956 0.110731373889 ;
45.8504672897 7.14018691589 2.3717549325 0.0384215991693 0.0 5.05919003115 0.0747663551402 ;
43.9347826087 44.0956521739 1.79565217391 0.0652173913043 0.0565217391304 4.15652173913 0.0521739130435 ;
38.2401392111 14.0533642691 2.5150812065 0.0800464037123 0.0 10.6682134571 0.588167053364 ;
44.7325949367 8.96598101266 2.31882911392 0.0308544303797 0.0 5.17484177215 0.0767405063291 ;
43.6297709924 41.9580152672 1.71755725191 0.0572519083969 0.0496183206107 4.01526717557 0.0343511450382 ;
35.6505911637 5.33167392657 2.82825140012 0.0600497822029 0.0031113876789 5.76322339764 0.13130056005 ;
37.398340249 13.1037344398 2.99170124481 0.207468879668 0.0 20.0746887967 1.60580912863 ;
35.2429945629 4.29025512338 2.88624006692 0.0656629025512 0.00418235048097 4.66206608114 0.0480970305312 ;
37.1408966148 10.5553522415 2.70997255261 0.0805123513266 0.0 11.9935956084 0.67978042086 ;
43.5910780669 41.5985130112 1.73234200743 0.0557620817844 0.0483271375465 4.2156133829 0.0594795539033 ;
44.7719869707 7.84609120521 2.33143322476 0.0301302931596 0.0 4.53094462541 0.0333876221498 ;
35.7666195191 4.70190947666 2.85714285714 0.0629420084866 0.0035360678925 4.81188118812 0.0530410183876 ;
43.5849056604 41.8377358491 1.7358490566 0.0566037735849 0.0490566037736 4.16981132075 0.0528301886792 ;
37.2587570621 11.0836158192 2.73333333333 0.0892655367232 0.0 12.9740112994 0.803389830508 ;
45.7577268195 8.40179461615 2.22632103689 0.024925224327 0.0 4.74476570289 0.0398803589232 ;
35.6365066876 4.48780487805 2.89221085759 0.0653029110936 0.00393391030685 4.44256490952 0.0302911093627 ;
43.530075188 41.7894736842 1.73684210526 0.0563909774436 0.0488721804511 4.22556390977 0.0601503759398 ;
36.8552123552 9.47200772201 2.72876447876 0.0849420849421 0.0 12.7538610039 0.752895752896 ;
45.0466138962 9.04397537379 2.2436235708 0.0246262093228 0.0 4.68249780123 0.0369393139842 ;
36.2292870906 4.62658959538 2.85394990366 0.0597302504817 0.00385356454721 4.14412331407 0.0169556840077 ;
43.5795918367 43.1346938776 1.79183673469 0.0612244897959 0.0530612244898 4.30612244898 0.065306122449 ;
36.1545768566 8.85924006908 2.75129533679 0.0880829015544 0.0 12.2098445596 0.683074265976 ;
45.7863682604 9.95625635809 2.1983723296 0.0254323499491 0.0 5.09257375381 0.0651068158698 ;
37.9321720771 5.40142517815 2.71971496437 0.0543679070995 0.00263921879124 4.82528371602 0.0451306413302 ;
43.7533333333 49.9933333333 1.96666666667 0.1 0.08 4.42 0.0533333333333 ;
43.5969230769 23.1630769231 1.70769230769 0.0 0.00307692307692 4.57538461538 0.0769230769231 ;
37.810320781 9.940027894 2.8410041841 0.1059972106 0.0 14.6736401674 0.991631799163 ;
34.4612706701 4.70626631854 2.75630983464 0.056135770235 0.00435161009574 5.51392515231 0.107919930374 ;
43.6134751773 40.7234042553 1.7304964539 0.0531914893617 0.0460992907801 4.02127659574 0.0425531914894 ;
42.6612309311 7.53761178327 2.61914781694 0.048395581273 0.0 4.81430825881 0.0447133087849 ;
37.954 11.984 2.782 0.122 0.0 15.994 1.14 ;
35.2714951292 4.3028377806 2.92714951292 0.0673443456163 0.00423549343499 4.51164760695 0.0381194409149 ;
43.5265151515 41.9431818182 1.75 0.0606060606061 0.0492424242424 4.36363636364 0.0757575757576 ;
44.8285243199 8.22588623248 2.24402308326 0.0255564715581 0.0 4.48145094806 0.0288540807914 ;
37.1154855643 9.98250218723 2.70953630796 0.079615048119 0.0 11.9982502187 0.673665791776 ;
42.2247590056 8.43226788432 2.48452562151 0.0492135971588 0.0 7.17656012177 0.256722475901 ;
44.2204724409 52.0157480315 2.00787401575 0.102362204724 0.0944881889764 4.43307086614 0.0472440944882 ;
34.9569892473 4.55798771121 2.9024577573 0.0652841781874 0.00384024577573 5.50499231951 0.11866359447 ;
41.9283154122 26.9713261649 1.72759856631 0.0609318996416 0.00358422939068 6.84946236559 0.336917562724 ;
35.9720406681 4.60021786492 2.87581699346 0.063543936093 0.00363108206245 4.52650689906 0.0341321713871 ;
43.4864864865 42.2162162162 1.72972972973 0.0579150579151 0.0501930501931 4.16988416988 0.0540540540541 ;
36.9134328358 9.88358208955 2.72935323383 0.0865671641791 0.0 12.7751243781 0.762189054726 ;
45.8348909657 9.43302180685 2.16095534787 0.0207684319834 0.0 4.7445482866 0.0425752855659 ;
35.2157912345 5.23051187688 2.82602877216 0.0628972900636 0.0033456005353 6.12713282034 0.171629307461 ;
44.0416666667 50.4861111111 1.97916666667 0.0972222222222 0.0833333333333 4.40277777778 0.0486111111111 ;
41.2604790419 24.2335329341 1.82335329341 0.0538922155689 0.00299401197605 7.32335329341 0.365269461078 ;
43.714663144 7.67635402906 2.54359313078 0.050858652576 0.0 6.3143989432 0.180317040951 ;
42.6897538638 7.63537492845 2.59816828849 0.0566685746995 0.0 7.17859187178 0.250715512307 ;
41.0341207349 21.624671916 2.00262467192 0.0551181102362 0.00262467191601 7.70078740157 0.396325459318 ;
34.995151063 4.75195822454 2.8239462887 0.0604252144722 0.00372995151063 5.4923535994 0.118612458038 ;
43.7906976744 48.2674418605 1.85465116279 0.0872093023256 0.0697674418605 4.38372093023 0.046511627907 ;
43.4750328515 9.48094612352 2.36399474376 0.0348226018397 0.0 5.09132720105 0.0479632063075 ;
43.6345381526 42.8674698795 1.77510040161 0.0602409638554 0.0522088353414 4.22891566265 0.0562248995984 ;
35.3814844374 4.39744612929 2.88068635275 0.0650438946528 0.00399042298484 4.67118914605 0.0407023144453 ;
36.7428977273 9.22727272727 2.74573863636 0.09375 0.0 14.8380681818 1.03125 ;
43.6819425445 6.7804377565 2.58207934337 0.0444596443228 0.0 5.05335157319 0.0738714090287 ;
39.7701543739 17.7770154374 2.35849056604 0.0891938250429 0.00171526586621 10.7272727273 0.650085763293 ;
35.0378319389 4.92251727901 2.80210985813 0.0600218261186 0.00363768643143 6.00836667879 0.15278283012 ;
43.8449197861 47.1176470588 1.8128342246 0.0802139037433 0.0641711229947 4.2513368984 0.0427807486631 ;
37.5027624309 11.2081031308 2.79926335175 0.117863720074 0.0 15.8066298343 1.12891344383 ;
35.0271614384 4.79762815608 2.83129303749 0.0615914307575 0.00382555470543 5.29954093344 0.0860749808722 ;
43.6742424242 41.8712121212 1.72727272727 0.0568181818182 0.0492424242424 4.0946969697 0.0454545454545 ;
43.6615384615 8.29423076923 2.44551282051 0.0365384615385 0.0 4.76730769231 0.0416666666667 ;
44.62 6.87416666667 2.45583333333 0.0391666666667 0.0 4.5 0.0358333333333 ;
43.9237288136 43.686440678 1.77966101695 0.0635593220339 0.0550847457627 4.14830508475 0.0508474576271 ;
35.1945701357 4.55580693816 2.83936651584 0.0607088989442 0.00377073906486 5.40007541478 0.101809954751 ;
38.4333706607 13.4143337066 2.56998880179 0.0828667413214 0.0 11.4826427772 0.660694288914 ;
42.8867165037 6.98102357677 2.70097757332 0.0592294422082 0.0 5.48016101208 0.110983323749 ;
41.2802850356 21.106888361 2.07125890736 0.0712589073634 0.00237529691211 8.93586698337 0.508313539192 ;
43.7305389222 48.6347305389 1.83832335329 0.0838323353293 0.0718562874251 4.2874251497 0.0419161676647 ;
34.7795779955 5.07611152977 2.75659382065 0.0565184626978 0.00376789751319 6.38507912585 0.188771665411 ;
36.2919200695 8.91659426586 2.65421372719 0.0755864465682 0.0 12.2041702867 0.684622067767 ;
44.566798419 9.52727272727 2.22213438735 0.0245059288538 0.0 4.85612648221 0.0482213438735 ;
43.6487603306 43.3347107438 1.77272727273 0.0619834710744 0.0537190082645 4.32644628099 0.0661157024793 ;
35.6672406371 4.22643133879 2.96900559621 0.0705983641842 0.00430477830392 4.18295307792 0.0215238915196 ;
34.9744285161 4.6299883766 2.87059279349 0.0623789228981 0.00387446726075 5.46919798528 0.105772956219 ;
43.2266588373 8.42395772167 2.41103934234 0.0369935408103 0.0 5.01879036994 0.0575455079272 ;
43.6541353383 41.7030075188 1.71428571429 0.0563909774436 0.0488721804511 4.01127819549 0.0338345864662 ;
37.2877030162 12.1368909513 2.83294663573 0.134570765661 0.0 16.7610208817 1.24129930394 ;
35.5597484277 4.6142557652 2.84206848358 0.0607966457023 0.00349406009783 5.35674353599 0.100279524808 ;
44.04 44.4 1.80444444444 0.0666666666667 0.0577777777778 4.07555555556 0.04 ;
45.1886462882 7.76331877729 2.37467248908 0.0331877729258 0.0 5.0672489083 0.0707423580786 ;
37.5767690254 14.0654205607 2.58077436582 0.0934579439252 0.0 11.8878504673 0.71829105474 ;
35.646772229 5.39799025579 2.83556638246 0.0624238733252 0.00304506699147 6.33191230207 0.18574908648 ;
40.567251462 22.201754386 1.97953216374 0.0730994152047 0.00292397660819 8.27777777778 0.464912280702 ;
43.7861271676 48.1907514451 1.84971098266 0.0867052023121 0.0693641618497 4.37572254335 0.0462427745665 ;
44.8849407783 7.58291032149 2.43908629442 0.0439932318105 0.0 5.5600676819 0.116751269036 ;
43.7952755906 42.5196850394 1.75196850394 0.0590551181102 0.0511811023622 4.1968503937 0.0551181102362 ;
43.8022788204 6.95375335121 2.54557640751 0.0408847184987 0.0 4.85321715818 0.0529490616622 ;
37.4020725389 12.2010362694 2.60829015544 0.0818652849741 0.0 11.7150259067 0.680829015544 ;
34.8004405286 4.26035242291 2.83348017621 0.0625550660793 0.00440528634361 4.99647577093 0.0726872246696 ;
44.8224852071 7.29585798817 2.40574809806 0.0346576500423 0.0 4.81487743026 0.0540997464074 ;
38.3189415042 14.1880222841 2.57938718663 0.0933147632312 0.0 12.2033426184 0.74930362117 ;
35.3909985935 4.74507735584 2.83895921238 0.0611814345992 0.00351617440225 5.45780590717 0.105836849508 ;
43.9703389831 43.6737288136 1.77966101695 0.0635593220339 0.0550847457627 4.12711864407 0.0508474576271 ;
44.430007734 7.16163959783 2.47873163186 0.0402165506574 0.0 4.67517401392 0.0448569218871 ;
38.045990566 13.5400943396 2.58018867925 0.0872641509434 0.0 11.7688679245 0.693396226415 ;
43.9736842105 44.2236842105 1.80263157895 0.0657894736842 0.0570175438596 4.14912280702 0.0526315789474 ;
35.1569678407 4.51569678407 2.82848392037 0.0597243491577 0.00382848392037 5.35336906585 0.0983920367534 ;
37.0432780847 10.2348066298 2.71362799263 0.0810313075506 0.0 12.2366482505 0.706261510129 ;
43.5740740741 41.5333333333 1.72962962963 0.0555555555556 0.0481481481481 4.20740740741 0.0592592592593 ;
35.5210484512 4.46822875298 2.87688641779 0.0643367752184 0.00397140587768 4.5325655282 0.0373312152502 ;
45.2854561879 8.16621499548 2.28906955736 0.0289069557362 0.0 4.62149954833 0.0343270099368 ;
44.3419497784 8.83308714919 2.31831610044 0.0288035450517 0.0 4.63589364845 0.0324963072378 ;
35.3017702758 4.35652531906 2.89007822149 0.0646356525319 0.00411692054343 4.63277068753 0.041992589543 ;
43.8016877637 43.6329113924 1.77637130802 0.0632911392405 0.0548523206751 4.16033755274 0.0506329113924 ;
36.8355879292 10.1321540062 2.71800208117 0.0894901144641 0.0 12.9427679501 0.787721123829 ;
43.6721991701 43.3941908714 1.77178423237 0.0622406639004 0.0539419087137 4.26556016598 0.0580912863071 ;
36.2333781061 4.74513096038 2.86064472801 0.0641370047011 0.00335795836132 4.69308260578 0.0379449294829 ;
45.6537634409 10.5655913978 2.13010752688 0.0193548387097 0.0 4.78064516129 0.0451612903226 ;
36.8762019231 9.86177884615 2.72235576923 0.0877403846154 0.0 13.8269230769 0.896634615385 ;
43.3672752809 6.14747191011 2.65168539326 0.0456460674157 0.0 4.34691011236 0.0294943820225 ;
43.9454545455 44.7909090909 1.77272727273 0.0681818181818 0.0590909090909 4.19090909091 0.0545454545455 ;
34.7149284254 4.63476482618 2.7799591002 0.0597137014315 0.0040899795501 5.73619631902 0.124744376278 ;
39.5358744395 14.2152466368 2.49887892377 0.0795964125561 0.0 11.0056053812 0.62331838565 ;
36.4360746372 4.62404975812 2.84830684174 0.0625431928127 0.00345542501728 4.46440912232 0.0272978576365 ;
43.5875 43.4625 1.725 0.0625 0.0541666666667 4.325 0.0666666666667 ;
44.9871657754 11.6203208556 2.18823529412 0.0245989304813 0.0 4.94652406417 0.0513368983957 ;
36.8388157895 8.70833333333 2.72916666667 0.0855263157895 0.0 13.5646929825 0.84649122807 ;
35.6329787234 4.54503546099 2.87092198582 0.0624113475177 0.00354609929078 5.12872340426 0.0797872340426 ;
43.9117647059 43.5504201681 1.78151260504 0.063025210084 0.0546218487395 4.14285714286 0.0504201680672 ;
45.5463228271 7.99331423114 2.2511938873 0.0286532951289 0.0 4.70678127985 0.0410697230181 ;
37.6073059361 12.6358447489 2.64269406393 0.0867579908676 0.0 12.0742009132 0.724885844749 ;
43.5287769784 41.0323741007 1.70863309353 0.0539568345324 0.0467625899281 4.15107913669 0.0575539568345 ;
35.0694610778 4.69381237525 2.81516966068 0.0614770459082 0.00399201596806 4.91137724551 0.0542914171657 ;
37.3604651163 10.3320413437 2.81395348837 0.100775193798 0.0 14.1330749354 0.93023255814 ;
44.0308988764 8.04634831461 2.44873595506 0.0351123595506 0.0 4.60533707865 0.0301966292135 ;
35.1227041813 4.52911293474 2.82688550215 0.0590074247753 0.00390777647519 4.88589292692 0.0769831965612 ;
43.6208791209 47.5274725275 1.84615384615 0.0824175824176 0.0659340659341 4.33516483516 0.043956043956 ;
41.8914316126 7.79723257052 2.61309207025 0.0569451836083 0.0 7.79457158063 0.28738690793 ;
41.648199446 21.4099722992 1.97229916898 0.0664819944598 0.00277008310249 8.35457063712 0.470914127424 ;
35.5605601817 4.39780469341 2.87130961393 0.0639666919001 0.00378501135503 4.801665405 0.0575321725965 ;
43.6653846154 42.15 1.75 0.0576923076923 0.05 4.2 0.0538461538462 ;
45.8995859213 7.82505175983 2.27329192547 0.027950310559 0.0 4.53416149068 0.036231884058 ;
37.6675651393 11.2156334232 2.65498652291 0.0772686433064 0.0 11.4968553459 0.641509433962 ;
45.6005774783 8.30606352262 2.24831568816 0.0279114533205 0.0 4.62271414822 0.0365736284889 ;
35.7172102706 4.73247744622 2.85773768217 0.0624566273421 0.00346981263012 5.03920888272 0.0693962526024 ;
43.8381742739 43.356846473 1.76348547718 0.0622406639004 0.0539419087137 4.14107883817 0.0497925311203 ;
37.4676434676 12.0903540904 2.6800976801 0.0891330891331 0.0 12.9792429792 0.811965811966 ;
43.3363057325 6.75222929936 2.71592356688 0.056050955414 0.0 4.87388535032 0.0694267515924 ;
43.5277777778 47.6888888889 1.88333333333 0.0833333333333 0.0666666666667 4.48888888889 0.0611111111111 ;
35.0734935563 5.46569139673 2.74712643678 0.0606060606061 0.00348310693138 6.89968652038 0.229885057471 ;
41.6611111111 21.5083333333 1.95 0.0555555555556 0.00277777777778 7.45833333333 0.375 ;
35.7347150259 4.67046632124 2.88566493955 0.0635578583765 0.00345423143351 5.04766839378 0.0687392055268 ;
43.6774193548 42.9072580645 1.76612903226 0.0604838709677 0.0524193548387 4.14919354839 0.0483870967742 ;
44.3828250401 9.80337078652 2.20706260032 0.0264847512039 0.0 4.92937399679 0.045746388443 ;
37.1317567568 10.5456081081 2.78716216216 0.109797297297 0.0 15.4898648649 1.09290540541 ;
44.2654996353 8.00437636761 2.4420131291 0.0342815463166 0.0 4.63384390956 0.035010940919 ;
43.6754716981 41.8075471698 1.72830188679 0.0566037735849 0.0490566037736 4.09433962264 0.0452830188679 ;
37.5941358025 11.712962963 2.76851851852 0.104938271605 0.0 14.5293209877 0.972222222222 ;
35.2035595106 4.81164256581 2.81497960697 0.0619206525769 0.0037078235076 5.22840192807 0.083426028921 ;
36.3561436673 4.4775047259 2.86049149338 0.0604914933837 0.00378071833648 4.22230623819 0.0200378071834 ;
43.5515873016 42.7023809524 1.77777777778 0.0634920634921 0.0515873015873 4.40476190476 0.0793650793651 ;
45.0339805825 10.6737864078 2.20582524272 0.0223300970874 0.0 5.16893203883 0.0669902912621 ;
36.0958254269 8.55977229602 2.75711574953 0.0929791271347 0.0 12.6679316888 0.73339658444 ;
34.7180043384 4.45726681128 2.86290672451 0.0650759219089 0.00433839479393 5.0989154013 0.0689804772234 ;
43.5963636364 41.2 1.70909090909 0.0545454545455 0.0472727272727 4.11272727273 0.0509090909091 ;
37.5762942779 10.6348773842 2.78201634877 0.0994550408719 0.0 14.3583106267 0.955040871935 ;
43.174565087 7.92441511698 2.44811037792 0.0353929214157 0.0 4.51769646071 0.0245950809838 ;
38.0204081633 12.7051020408 2.58163265306 0.0785714285714 0.0 11.2142857143 0.629591836735 ;
45.1762034514 7.09990917348 2.38782924614 0.0354223433243 0.0 4.63851044505 0.0445049954587 ;
43.8204081633 43.1102040816 1.76326530612 0.0612244897959 0.0530612244898 4.21224489796 0.0571428571429 ;
35.3416195857 4.4406779661 2.86290018832 0.0625235404896 0.00376647834275 5.20715630885 0.0885122410546 ;
37.3968531469 11.1153846154 2.76748251748 0.113636363636 0.0 15.5402097902 1.09440559441 ;
43.450799508 8.23616236162 2.4643296433 0.0387453874539 0.0 4.82226322263 0.0418204182042 ;
43.6142322097 41.6816479401 1.72284644195 0.0561797752809 0.0486891385768 4.08988764045 0.0449438202247 ;
34.9284578696 4.66653418124 2.8386327504 0.0612082670906 0.00397456279809 5.21939586645 0.0830683624801 ;
45.5865191147 7.09758551308 2.36921529175 0.0352112676056 0.0 4.92655935614 0.0674044265594 ;
35.74 4.96349206349 2.84507936508 0.0622222222222 0.0031746031746 5.91365079365 0.144126984127 ;
43.8 46.18 1.755 0.075 0.06 4.15 0.04 ;
39.1098901099 16.7880690738 2.39246467818 0.0800627943485 0.00156985871272 10.3594976452 0.605965463108 ;
45.2025089606 8.78584229391 2.2482078853 0.0250896057348 0.0 4.70519713262 0.0367383512545 ;
35.6552380952 4.44228571429 2.88723809524 0.064 0.00380952380952 4.65066666667 0.0445714285714 ;
43.5648854962 42.0305343511 1.74045801527 0.0572519083969 0.0496183206107 4.17938931298 0.0534351145038 ;
36.9243353783 10.3701431493 2.70756646217 0.0879345603272 0.0 12.6789366053 0.759713701431 ;
35.4118491921 4.79928186715 2.85888689408 0.0635547576302 0.00359066427289 5.10628366248 0.073249551167 ;
43.6053639847 42.0651340996 1.73180076628 0.0574712643678 0.0498084291188 4.10344827586 0.0459770114943 ;
37.3333333333 11.019047619 2.76349206349 0.107936507937 0.0 14.9968253968 1.0253968254 ;
44.4781609195 8.68429118774 2.32720306513 0.0283524904215 0.0 4.76168582375 0.0406130268199 ;
35.3737994622 4.67460622359 2.85363042643 0.0649250864387 0.00384172109105 4.77602766039 0.047637341529 ;
43.5313653137 41.4686346863 1.72693726937 0.0553505535055 0.0479704797048 4.20664206642 0.0590405904059 ;
44.5253067485 8.42101226994 2.36503067485 0.0314417177914 0.0 4.79217791411 0.0398773006135 ;
36.900373599 10.2528019925 2.75466998755 0.0896637608966 0.0 13.8642590286 0.900373599004 ;
42.9988655701 8.0822461713 2.43051616563 0.0357345433919 0.0 4.6488939308 0.0323312535451 ;
43.6492537313 41.6156716418 1.72014925373 0.0559701492537 0.0485074626866 4.08582089552 0.044776119403 ;
37.6006825939 10.9249146758 2.76279863481 0.110921501706 0.0 15.5136518771 1.09385665529 ;
34.6988155668 4.57529610829 2.88790186125 0.0651438240271 0.00423011844332 5.31810490694 0.086717428088 ;
34.5731601732 4.5380952381 2.69047619048 0.0510822510823 0.004329004329 5.59480519481 0.114718614719 ;
43.9361702128 43.7489361702 1.7829787234 0.063829787234 0.0553191489362 4.13191489362 0.0510638297872 ;
38.9606299213 13.633295838 2.50506186727 0.0787401574803 0.0 11.5106861642 0.664791901012 ;
43.1428571429 6.29347123465 2.79961215255 0.0607627666451 0.0 4.41241111829 0.0303813833226 ;
34.7961811723 4.35213143872 2.78596802842 0.0586145648313 0.0044404973357 4.82948490231 0.0523978685613 ;
37.301734104 9.9387283237 2.81965317919 0.0936416184971 0.0 13.6647398844 0.863583815029 ;
43.6345381526 42.8674698795 1.77510040161 0.0602409638554 0.0522088353414 4.22891566265 0.0562248995984 ;
43.3900928793 8.38885448916 2.49969040248 0.0427244582043 0.0 4.4613003096 0.0222910216718 ;
44.9643463497 8.16213921902 2.24702886248 0.025466893039 0.0 4.49320882852 0.0305602716469 ;
35.4137142857 4.52076190476 2.87619047619 0.064 0.00380952380952 4.89638095238 0.0579047619048 ;
43.5287356322 42.091954023 1.74329501916 0.0574712643678 0.0498084291188 4.1724137931 0.0536398467433 ;
37.3794983642 11.0708833152 2.76990185387 0.0916030534351 0.0 12.7797164667 0.777535441658 ;
42.7228144989 7.5 2.59434968017 0.0485074626866 0.0 5.50159914712 0.106609808102 ;
34.7085804666 4.75365757216 2.80268880981 0.0593119810202 0.00395413206801 6.02412020561 0.15579280348 ;
43.9045454545 44.7454545455 1.74545454545 0.0681818181818 0.0590909090909 4.01363636364 0.0363636363636 ;
39.2752808989 18.7752808989 2.39606741573 0.115168539326 0.0 12.6825842697 0.879213483146 ;
