cluster 0
size:536
#377eb8
[ 1.96835915  4.77333979  2.6768857   2.46067508  1.29941883  0.74533205
  2.9318153 ]

cluster 1
size:693
#ff7f00
[ 2.92701637  4.50621215  3.32271582  3.57890593  4.52102034  2.07102091
  3.42639965]

cluster 2
size:653
#4daf4a
[ 2.43484148  4.71073643  2.26052295  2.34404239  3.77148759  0.84643417
  3.11006908]

cluster 3
size:322
#f781bf
[ 1.39328847  4.72847057  0.50814802  1.42596883  1.43500083  0.54387026
  2.32172002]

cluster 4
size:457
#a65628
[ 2.14710083  4.67326861  3.06792525  4.34484905  2.67245868  3.69546444
  2.73213368]

cluster 5
size:348
#984ea3
[ 0.55231771  4.72855906  2.26187838  1.02169996  3.54279279  1.04759582
  3.07688064]

