cluster 0
size:395
#377eb8
[ 1.66511266  4.71985841  0.09223244  1.67226854  2.42581327  0.68516241
  2.78753038]

cluster 1
size:356
#ff7f00
[ 2.57008259  4.7004452   3.10007023  4.26710449  2.59383453  3.4527516
  3.27694766]

cluster 2
size:626
#4daf4a
[ 1.95770004  4.76842696  2.57238208  2.20426728  1.32933389  0.63695021
  2.73871412]

cluster 3
size:926
#f781bf
[ 2.86276268  4.55395507  3.15430726  3.32658575  4.37886315  1.73179584
  3.34741181]

cluster 4
size:541
#a65628
[ 1.10507821  4.72996249  2.58547769  1.4473027   3.68045509  0.94623975
  3.10642245]

cluster 5
size:165
#984ea3
[ 1.50624351  4.6218541   3.00832432  4.28580083  2.72057537  3.64754904
  1.70530711]

