32.619389424 3.14037797565 1.10312556787 0.0 0.0 4.00967654007 0.0 ;
35.4879341865 3.50493601463 5.0873857404 0.0 0.0 3.1773308958 0.0 ;
35.4470134875 14.021194605 9.59730250482 0.927424534361 0.411046885035 2.98394348105 0.0 ;
40.7631366209 28.9997978981 1.13379143088 0.0 0.0 2.88459983832 0.0 ;
36.0067357513 8.59240069085 2.7469775475 0.177892918826 0.0 14.9386873921 1.24438687392 ;
39.5643095055 7.45714834743 1.60780169101 0.0 0.0 4.33993082244 0.0 ;
36.006052222 8.59899706035 2.73837108767 0.176897803908 0.0 14.9486425731 1.24589313505 ;
35.4520460358 13.9725063939 9.59846547315 0.927749360614 0.409207161125 3.00063938619 0.0 ;
40.8018451665 28.8582029683 1.14560770156 0.0 0.0 2.8880866426 0.0 ;
32.587652963 3.12223291627 1.10202117421 0.0 0.0 4.00362069756 0.0 ;
39.5093258642 7.42612515119 1.59271755045 0.0 0.0 4.34419759374 0.0 ;
35.5265918958 3.53509406657 5.07308248915 0.0 0.0 3.19663531114 0.0 ;
35.483917863 3.42994730147 5.03325458841 0.0 0.0 3.12793021988 0.0 ;
35.4497760717 13.959053103 9.59884836852 0.928342930262 0.40946896993 2.99936020473 0.0 ;
32.6490358623 3.17282393224 1.09569291764 0.0 0.0 3.99653090647 0.0 ;
36.006052222 8.59899706035 2.73837108767 0.176897803908 0.0 14.9486425731 1.24589313505 ;
40.717671093 29.1793667007 1.14218590398 0.0 0.0 2.89050051073 0.0 ;
39.6330506829 7.51589099618 1.63253285002 0.0 0.0 4.37601139232 0.0 ;
34.3594887559 2.96812813461 4.4900501537 0.0 0.0 2.79388448471 0.0 ;
36.6416478555 7.84762979684 9.83408577878 1.34706546275 0.0 12.7635440181 1.02313769752 ;
35.7714343763 8.28870377895 2.1412027631 0.0 0.0 13.713124746 1.09548963836 ;
41.7483909416 20.80488677 1.69284862932 0.0 0.0 3.57854588796 0.0 ;
34.5828125 25.6296875 4.321875 0.1359375 1.0 1.546875 0.0 ;
34.9243519293 4.65255047187 1.22392784614 0.0 0.0 4.19346553578 0.0 ;
32.5962673254 3.12520012808 1.10228260372 0.0 0.0 4.00612963725 0.0 ;
35.4520460358 13.9725063939 9.59846547315 0.927749360614 0.409207161125 3.00063938619 0.0 ;
35.5265918958 3.53509406657 5.07308248915 0.0 0.0 3.19663531114 0.0 ;
40.7937399679 28.8681781701 1.1448635634 0.0 0.0 2.88804173355 0.0 ;
36.006052222 8.59899706035 2.73837108767 0.176897803908 0.0 14.9486425731 1.24589313505 ;
39.5186036122 7.43308443423 1.59384772481 0.0 0.0 4.34143850916 0.0 ;
35.4896325937 3.43597671881 5.0371044016 0.0 0.0 3.13132048017 0.0 ;
35.4497760717 13.959053103 9.59884836852 0.928342930262 0.40946896993 2.99936020473 0.0 ;
39.6589636766 7.53606301263 1.63683114178 0.0 0.0 4.38341361802 0.0 ;
36.006052222 8.59899706035 2.73837108767 0.176897803908 0.0 14.9486425731 1.24589313505 ;
32.6657698861 3.18007353601 1.09564164649 0.0 0.0 3.99161510178 0.0 ;
40.7037492317 29.2282319197 1.13829133374 0.0 0.0 2.88854742881 0.0 ;
32.6652168064 3.17931931304 1.09609434555 0.0 0.0 3.99201829514 0.0 ;
40.7044849478 29.2205611305 1.13966823674 0.0 0.0 2.88879787016 0.0 ;
36.0060501296 8.59775280899 2.74105445117 0.177182368194 0.0 14.9458945549 1.24546240277 ;
39.6611747851 7.53770513154 1.63525657723 0.0 0.0 4.38271685335 0.0 ;
35.4871888061 3.43630746865 5.03543521715 0.0 0.0 3.13301835363 0.0 ;
35.4490711083 13.9705317104 9.59769378603 0.928251121076 0.40999359385 2.99423446509 0.0 ;
32.587652963 3.12223291627 1.10202117421 0.0 0.0 4.00362069756 0.0 ;
35.4520460358 13.9725063939 9.59846547315 0.927749360614 0.409207161125 3.00063938619 0.0 ;
36.006052222 8.59899706035 2.73837108767 0.176897803908 0.0 14.9486425731 1.24589313505 ;
40.8018451665 28.8582029683 1.14560770156 0.0 0.0 2.8880866426 0.0 ;
35.5265918958 3.53509406657 5.07308248915 0.0 0.0 3.19663531114 0.0 ;
39.5093258642 7.42612515119 1.59271755045 0.0 0.0 4.34419759374 0.0 ;
40.7091095189 29.2147389969 1.13920163767 0.0 0.0 2.88925281474 0.0 ;
35.4497760717 13.959053103 9.59884836852 0.928342930262 0.40946896993 2.99936020473 0.0 ;
36.006052222 8.59899706035 2.73837108767 0.176897803908 0.0 14.9486425731 1.24589313505 ;
32.6650222003 3.17944118043 1.09570794277 0.0 0.0 3.99103018343 0.0 ;
39.6564716601 7.53322053752 1.63675408343 0.0 0.0 4.38367931281 0.0 ;
35.4847105934 3.43574808882 5.03858755005 0.0 0.0 3.13214415726 0.0 ;
32.6202975026 3.13637811036 1.10221534822 0.0 0.0 4.00746031024 0.0 ;
39.5514696445 7.4693877551 1.60139905019 0.0 0.0 4.3468745989 0.0 ;
35.4520460358 13.9725063939 9.59846547315 0.927749360614 0.409207161125 3.00063938619 0.0 ;
36.006052222 8.59899706035 2.73837108767 0.176897803908 0.0 14.9486425731 1.24589313505 ;
35.5156561086 3.50769230769 5.06045248869 0.0 0.0 3.17140271493 0.0 ;
40.7722132472 28.977180937 1.14680936995 0.0 0.0 2.89135702746 0.0 ;
34.9243519293 4.65255047187 1.22392784614 0.0 0.0 4.19346553578 0.0 ;
34.5828125 25.6296875 4.321875 0.1359375 1.0 1.546875 0.0 ;
41.7483909416 20.80488677 1.69284862932 0.0 0.0 3.57854588796 0.0 ;
36.6416478555 7.84762979684 9.83408577878 1.34706546275 0.0 12.7635440181 1.02313769752 ;
34.3594887559 2.96812813461 4.4900501537 0.0 0.0 2.79388448471 0.0 ;
35.7714343763 8.28870377895 2.1412027631 0.0 0.0 13.713124746 1.09548963836 ;
32.587652963 3.12223291627 1.10202117421 0.0 0.0 4.00362069756 0.0 ;
35.5265918958 3.53509406657 5.07308248915 0.0 0.0 3.19663531114 0.0 ;
35.4520460358 13.9725063939 9.59846547315 0.927749360614 0.409207161125 3.00063938619 0.0 ;
39.5093258642 7.42612515119 1.59271755045 0.0 0.0 4.34419759374 0.0 ;
40.8018451665 28.8582029683 1.14560770156 0.0 0.0 2.8880866426 0.0 ;
36.006052222 8.59899706035 2.73837108767 0.176897803908 0.0 14.9486425731 1.24589313505 ;
32.587652963 3.12223291627 1.10202117421 0.0 0.0 4.00362069756 0.0 ;
35.5265918958 3.53509406657 5.07308248915 0.0 0.0 3.19663531114 0.0 ;
36.006052222 8.59899706035 2.73837108767 0.176897803908 0.0 14.9486425731 1.24589313505 ;
35.4520460358 13.9725063939 9.59846547315 0.927749360614 0.409207161125 3.00063938619 0.0 ;
40.8018451665 28.8582029683 1.14560770156 0.0 0.0 2.8880866426 0.0 ;
39.5093258642 7.42612515119 1.59271755045 0.0 0.0 4.34419759374 0.0 ;
34.3511326861 2.96731391586 4.48818770227 0.0 0.0 2.7932038835 0.0 ;
34.5828125 25.6296875 4.321875 0.1359375 1.0 1.546875 0.0 ;
34.9271082179 4.65271141902 1.22396082179 0.0 0.0 4.19344242714 0.0 ;
35.7714343763 8.28870377895 2.1412027631 0.0 0.0 13.713124746 1.09548963836 ;
41.7473169568 20.8115907465 1.6932983544 0.0 0.0 3.57846410684 0.0 ;
36.6379018613 7.84940778342 9.8358714044 1.34630569656 0.0 12.7597292724 1.0225606317 ;
39.5088836528 7.43049098898 1.59421766541 0.0 0.0 4.34407438069 0.0 ;
35.4520460358 13.9725063939 9.59846547315 0.927749360614 0.409207161125 3.00063938619 0.0 ;
40.8041340558 28.8679510335 1.14770218744 0.0 0.0 2.8910295003 0.0 ;
32.5915357486 3.1226583612 1.10145193056 0.0 0.0 4.00375578253 0.0 ;
36.006052222 8.59899706035 2.73837108767 0.176897803908 0.0 14.9486425731 1.24589313505 ;
35.5250769509 3.53123302553 5.07332971211 0.0 0.0 3.1928299837 0.0 ;
34.9233112345 4.65086901989 1.22379501881 0.0 0.0 4.19321507496 0.0 ;
41.7438675875 20.7923315075 1.69540366754 0.0 0.0 3.58228149559 0.0 ;
34.3615297359 2.97066925944 4.49197860963 0.0 0.0 2.78868902933 0.0 ;
36.6416478555 7.84762979684 9.83408577878 1.34706546275 0.0 12.7635440181 1.02313769752 ;
34.5828125 25.6296875 4.321875 0.1359375 1.0 1.546875 0.0 ;
35.7714343763 8.28870377895 2.1412027631 0.0 0.0 13.713124746 1.09548963836 ;
39.5521948094 7.46504325537 1.60448574175 0.0 0.0 4.35315603973 0.0 ;
32.6128415301 3.13779599271 1.09954462659 0.0 0.0 4.00259562842 0.0 ;
35.4520460358 13.9725063939 9.59846547315 0.927749360614 0.409207161125 3.00063938619 0.0 ;
36.006052222 8.59899706035 2.73837108767 0.176897803908 0.0 14.9486425731 1.24589313505 ;
40.7733602422 28.9652875883 1.15156407669 0.0 0.0 2.89485368315 0.0 ;
35.5105034408 3.49311843535 5.05813111192 0.0 0.0 3.16859833394 0.0 ;
35.4880087209 3.43786337209 5.03561046512 0.0 0.0 3.13372093023 0.0 ;
35.4490711083 13.9705317104 9.59769378603 0.928251121076 0.40999359385 2.99423446509 0.0 ;
39.660805002 7.53718900612 1.63527419565 0.0 0.0 4.38218053927 0.0 ;
32.6654111739 3.17953546767 1.0961348758 0.0 0.0 3.99237736526 0.0 ;
40.7061232849 29.2211755069 1.13864427606 0.0 0.0 2.88838828589 0.0 ;
36.0060501296 8.59775280899 2.74105445117 0.177182368194 0.0 14.9458945549 1.24546240277 ;
35.4520460358 13.9725063939 9.59846547315 0.927749360614 0.409207161125 3.00063938619 0.0 ;
39.5093258642 7.42612515119 1.59271755045 0.0 0.0 4.34419759374 0.0 ;
32.587652963 3.12223291627 1.10202117421 0.0 0.0 4.00362069756 0.0 ;
40.8018451665 28.8582029683 1.14560770156 0.0 0.0 2.8880866426 0.0 ;
35.5265918958 3.53509406657 5.07308248915 0.0 0.0 3.19663531114 0.0 ;
36.006052222 8.59899706035 2.73837108767 0.176897803908 0.0 14.9486425731 1.24589313505 ;
35.5357851091 3.52893455922 5.06003244997 0.0 0.0 3.18766901028 0.0 ;
35.4520460358 13.9725063939 9.59846547315 0.927749360614 0.409207161125 3.00063938619 0.0 ;
40.7963037364 28.889513861 1.14684612294 0.0 0.0 2.89172358377 0.0 ;
32.5996252628 3.12882734668 1.10195594553 0.0 0.0 4.00548395942 0.0 ;
39.5244643428 7.44214902462 1.59456347937 0.0 0.0 4.34563479373 0.0 ;
36.006052222 8.59899706035 2.73837108767 0.176897803908 0.0 14.9486425731 1.24589313505 ;
39.5921935484 7.49529032258 1.61329032258 0.0 0.0 4.35380645161 0.0 ;
32.6418139892 3.15228105078 1.10100827418 0.0 0.0 4.00452140887 0.0 ;
40.7421319797 29.072284264 1.14152284264 0.0 0.0 2.89055837563 0.0 ;
36.006052222 8.59899706035 2.73837108767 0.176897803908 0.0 14.9486425731 1.24589313505 ;
35.4520460358 13.9725063939 9.59846547315 0.927749360614 0.409207161125 3.00063938619 0.0 ;
35.4978181818 3.47872727273 5.06218181818 0.0 0.0 3.16018181818 0.0 ;
35.5262490949 3.53222302679 5.07313540912 0.0 0.0 3.19315713251 0.0 ;
35.4520460358 13.9725063939 9.59846547315 0.927749360614 0.409207161125 3.00063938619 0.0 ;
32.5971459934 3.12614343213 1.10213135748 0.0 0.0 4.00612879619 0.0 ;
36.006052222 8.59899706035 2.73837108767 0.176897803908 0.0 14.9486425731 1.24589313505 ;
40.7911227154 28.8887326772 1.14581241213 0.0 0.0 2.89074111267 0.0 ;
39.5190430622 7.43291866029 1.59457735247 0.0 0.0 4.34111642743 0.0 ;
41.7483909416 20.80488677 1.69284862932 0.0 0.0 3.57854588796 0.0 ;
34.9243519293 4.65255047187 1.22392784614 0.0 0.0 4.19346553578 0.0 ;
34.5828125 25.6296875 4.321875 0.1359375 1.0 1.546875 0.0 ;
36.6416478555 7.84762979684 9.83408577878 1.34706546275 0.0 12.7635440181 1.02313769752 ;
34.3594887559 2.96812813461 4.4900501537 0.0 0.0 2.79388448471 0.0 ;
35.7714343763 8.28870377895 2.1412027631 0.0 0.0 13.713124746 1.09548963836 ;
32.6675027996 3.17388577828 1.10266517357 0.0 0.0 3.99941769317 0.0 ;
35.4470134875 14.021194605 9.59730250482 0.927424534361 0.411046885035 2.98394348105 0.0 ;
35.4990902475 3.47434497817 5.06204512373 0.0 0.0 3.15338427948 0.0 ;
39.6598395408 7.5320592264 1.62233383341 0.0 0.0 4.36749070511 0.0 ;
36.0067357513 8.59240069085 2.7469775475 0.177892918826 0.0 14.9386873921 1.24438687392 ;
40.7118609407 29.1991820041 1.12699386503 0.0 0.0 2.88200408998 0.0 ;
39.6607946761 7.53258954786 1.62249624845 0.0 0.0 4.36791283356 0.0 ;
32.6675027996 3.17388577828 1.10266517357 0.0 0.0 3.99941769317 0.0 ;
40.7085889571 29.199795501 1.12678936605 0.0 0.0 2.88241308793 0.0 ;
35.5023636364 3.47527272727 5.05927272727 0.0 0.0 3.15272727273 0.0 ;
35.4470134875 14.021194605 9.59730250482 0.927424534361 0.411046885035 2.98394348105 0.0 ;
36.0067357513 8.59240069085 2.7469775475 0.177892918826 0.0 14.9386873921 1.24438687392 ;
32.587652963 3.12223291627 1.10202117421 0.0 0.0 4.00362069756 0.0 ;
40.8018451665 28.8582029683 1.14560770156 0.0 0.0 2.8880866426 0.0 ;
36.006052222 8.59899706035 2.73837108767 0.176897803908 0.0 14.9486425731 1.24589313505 ;
39.5093258642 7.42612515119 1.59271755045 0.0 0.0 4.34419759374 0.0 ;
35.5265918958 3.53509406657 5.07308248915 0.0 0.0 3.19663531114 0.0 ;
35.4520460358 13.9725063939 9.59846547315 0.927749360614 0.409207161125 3.00063938619 0.0 ;
32.587652963 3.12223291627 1.10202117421 0.0 0.0 4.00362069756 0.0 ;
35.4520460358 13.9725063939 9.59846547315 0.927749360614 0.409207161125 3.00063938619 0.0 ;
36.006052222 8.59899706035 2.73837108767 0.176897803908 0.0 14.9486425731 1.24589313505 ;
40.8018451665 28.8582029683 1.14560770156 0.0 0.0 2.8880866426 0.0 ;
39.5093258642 7.42612515119 1.59271755045 0.0 0.0 4.34419759374 0.0 ;
35.5265918958 3.53509406657 5.07308248915 0.0 0.0 3.19663531114 0.0 ;
34.3594887559 2.96812813461 4.4900501537 0.0 0.0 2.79388448471 0.0 ;
34.5828125 25.6296875 4.321875 0.1359375 1.0 1.546875 0.0 ;
35.7714343763 8.28870377895 2.1412027631 0.0 0.0 13.713124746 1.09548963836 ;
41.7483909416 20.80488677 1.69284862932 0.0 0.0 3.57854588796 0.0 ;
34.9243519293 4.65255047187 1.22392784614 0.0 0.0 4.19346553578 0.0 ;
36.6416478555 7.84762979684 9.83408577878 1.34706546275 0.0 12.7635440181 1.02313769752 ;
40.8018451665 28.8582029683 1.14560770156 0.0 0.0 2.8880866426 0.0 ;
32.587652963 3.12223291627 1.10202117421 0.0 0.0 4.00362069756 0.0 ;
35.5265918958 3.53509406657 5.07308248915 0.0 0.0 3.19663531114 0.0 ;
36.006052222 8.59899706035 2.73837108767 0.176897803908 0.0 14.9486425731 1.24589313505 ;
39.5093258642 7.42612515119 1.59271755045 0.0 0.0 4.34419759374 0.0 ;
35.4520460358 13.9725063939 9.59846547315 0.927749360614 0.409207161125 3.00063938619 0.0 ;
34.3545881211 2.96552840265 4.48810487134 0.0 0.0 2.78896261531 0.0 ;
41.7431804646 20.7957117332 1.69577129244 0.0 0.0 3.58237045861 0.0 ;
34.9255099907 4.65281801619 1.22367910158 0.0 0.0 4.19342313551 0.0 ;
36.6416478555 7.84762979684 9.83408577878 1.34706546275 0.0 12.7635440181 1.02313769752 ;
35.7714343763 8.28870377895 2.1412027631 0.0 0.0 13.713124746 1.09548963836 ;
34.5828125 25.6296875 4.321875 0.1359375 1.0 1.546875 0.0 ;
32.6652614584 3.17934343887 1.09574849762 0.0 0.0 3.99138936227 0.0 ;
35.4520460358 13.9725063939 9.59846547315 0.927749360614 0.409207161125 3.00063938619 0.0 ;
40.7091951669 29.216874872 1.13782510752 0.0 0.0 2.88920745443 0.0 ;
35.4834304443 3.43572469046 5.03914785142 0.0 0.0 3.13146394756 0.0 ;
39.6566464962 7.53347647863 1.63686641942 0.0 0.0 4.38304378945 0.0 ;
36.006052222 8.59899706035 2.73837108767 0.176897803908 0.0 14.9486425731 1.24589313505 ;
35.5265918958 3.53509406657 5.07308248915 0.0 0.0 3.19663531114 0.0 ;
32.587652963 3.12223291627 1.10202117421 0.0 0.0 4.00362069756 0.0 ;
35.4520460358 13.9725063939 9.59846547315 0.927749360614 0.409207161125 3.00063938619 0.0 ;
36.006052222 8.59899706035 2.73837108767 0.176897803908 0.0 14.9486425731 1.24589313505 ;
40.8018451665 28.8582029683 1.14560770156 0.0 0.0 2.8880866426 0.0 ;
39.5093258642 7.42612515119 1.59271755045 0.0 0.0 4.34419759374 0.0 ;
39.5093258642 7.42612515119 1.59271755045 0.0 0.0 4.34419759374 0.0 ;
40.8018451665 28.8582029683 1.14560770156 0.0 0.0 2.8880866426 0.0 ;
35.5265918958 3.53509406657 5.07308248915 0.0 0.0 3.19663531114 0.0 ;
35.4520460358 13.9725063939 9.59846547315 0.927749360614 0.409207161125 3.00063938619 0.0 ;
32.587652963 3.12223291627 1.10202117421 0.0 0.0 4.00362069756 0.0 ;
36.006052222 8.59899706035 2.73837108767 0.176897803908 0.0 14.9486425731 1.24589313505 ;
40.7082141398 29.1836943196 1.14507560278 0.0 0.0 2.89374744585 0.0 ;
36.006052222 8.59899706035 2.73837108767 0.176897803908 0.0 14.9486425731 1.24589313505 ;
32.6532649757 3.17318762367 1.09669005217 0.0 0.0 3.99478323439 0.0 ;
35.4497760717 13.959053103 9.59884836852 0.928342930262 0.40946896993 2.99936020473 0.0 ;
35.5241528479 3.45421773612 5.02217015141 0.0 0.0 3.13752703677 0.0 ;
39.6458184185 7.52990562968 1.62557761145 0.0 0.0 4.37858769932 0.0 ;
35.7714343763 8.28870377895 2.1412027631 0.0 0.0 13.713124746 1.09548963836 ;
34.5828125 25.6296875 4.321875 0.1359375 1.0 1.546875 0.0 ;
36.6416478555 7.84762979684 9.83408577878 1.34706546275 0.0 12.7635440181 1.02313769752 ;
41.7484201741 20.809228568 1.69273876237 0.0 0.0 3.57863359962 0.0 ;
34.3552929751 2.96859825186 4.49125930722 0.0 0.0 2.79459371965 0.0 ;
34.9256793073 4.65267243953 1.22406688564 0.0 0.0 4.19313227829 0.0 ;
39.5694176629 7.47281141535 1.60599048721 0.0 0.0 4.350366371 0.0 ;
35.4484304933 13.9916720051 9.59641255605 0.927610506086 0.40999359385 2.99167200512 0.0 ;
36.0067404079 8.59661251296 2.74248185275 0.177324576564 0.0 14.9448669202 1.24524714829 ;
32.6222131408 3.14266902783 1.10130318304 0.0 0.0 4.00608454797 0.0 ;
40.760105093 28.9937348424 1.14652384802 0.0 0.0 2.8916734034 0.0 ;
35.5106112824 3.49646290586 5.062216579 0.0 0.0 3.16560856158 0.0 ;
41.7467524729 20.8026456918 1.69455368848 0.0 0.0 3.5805029198 0.0 ;
35.7714343763 8.28870377895 2.1412027631 0.0 0.0 13.713124746 1.09548963836 ;
34.9255099907 4.65281801619 1.22367910158 0.0 0.0 4.19342313551 0.0 ;
36.6379018613 7.84940778342 9.8358714044 1.34630569656 0.0 12.7597292724 1.0225606317 ;
34.5828125 25.6296875 4.321875 0.1359375 1.0 1.546875 0.0 ;
34.3552248463 2.96635393077 4.4865739243 0.0 0.0 2.79149142672 0.0 ;
33.7316750822 3.90199600122 1.19129757023 0.0 0.0 4.06316716934 0.0 ;
39.9849611634 25.317633449 0.889439762023 0.0 0.0 2.59758717567 0.0 ;
39.5672937771 6.26427078308 3.37578388808 0.0 0.0 4.168355041 0.0 ;
35.9379405455 7.96736132394 3.82209623046 0.280110327919 0.0 13.6230462764 1.09714986209 ;
35.6577708006 29.2919937206 4.10361067504 0.0 0.899529042386 1.72056514914 0.0 ;
37.1096491228 12.6359649123 15.7368421053 2.83333333333 0.293859649123 5.90350877193 0.197368421053 ;
34.3211172102 2.96351307717 4.47142395867 0.0 0.0 2.77881821117 0.0 ;
34.5828125 25.6296875 4.321875 0.1359375 1.0 1.546875 0.0 ;
34.9416910491 4.65710276467 1.22380127784 0.0 0.0 4.19421388905 0.0 ;
36.6379018613 7.84940778342 9.8358714044 1.34630569656 0.0 12.7597292724 1.0225606317 ;
35.7714343763 8.28870377895 2.1412027631 0.0 0.0 13.713124746 1.09548963836 ;
41.7284245757 20.8382739661 1.70200812814 0.0 0.0 3.58689935453 0.0 ;
33.7330489828 3.906164314 1.1917335229 0.0 0.0 4.06397887682 0.0 ;
35.6577708006 29.2919937206 4.10361067504 0.0 0.899529042386 1.72056514914 0.0 ;
39.9694960212 25.3660477454 0.888262599469 0.0 0.0 2.59681697613 0.0 ;
39.5872032193 6.26607645875 3.37714285714 0.0 0.0 4.16466800805 0.0 ;
37.0440528634 12.5286343612 15.7885462555 2.84581497797 0.295154185022 5.859030837 0.193832599119 ;
35.9404014095 7.97180940708 3.82212348705 0.280067412287 0.0 13.6234104489 1.09713497778 ;
36.006052222 8.59899706035 2.73837108767 0.176897803908 0.0 14.9486425731 1.24589313505 ;
40.7079501328 29.1876149601 1.14449213162 0.0 0.0 2.89372573064 0.0 ;
32.6573495708 3.17381926032 1.09661618658 0.0 0.0 3.99249539388 0.0 ;
39.6499967442 7.53220029954 1.62727095136 0.0 0.0 4.3810640099 0.0 ;
35.5120938628 3.45324909747 5.02472924188 0.0 0.0 3.13898916968 0.0 ;
35.4497760717 13.959053103 9.59884836852 0.928342930262 0.40946896993 2.99936020473 0.0 ;
34.3511326861 2.96731391586 4.48818770227 0.0 0.0 2.7932038835 0.0 ;
36.6379018613 7.84940778342 9.8358714044 1.34630569656 0.0 12.7597292724 1.0225606317 ;
34.9271082179 4.65271141902 1.22396082179 0.0 0.0 4.19344242714 0.0 ;
34.5828125 25.6296875 4.321875 0.1359375 1.0 1.546875 0.0 ;
35.7714343763 8.28870377895 2.1412027631 0.0 0.0 13.713124746 1.09548963836 ;
41.7473169568 20.8115907465 1.6932983544 0.0 0.0 3.57846410684 0.0 ;
34.3545881211 2.96552840265 4.48810487134 0.0 0.0 2.78896261531 0.0 ;
41.7431804646 20.7957117332 1.69577129244 0.0 0.0 3.58237045861 0.0 ;
34.9255099907 4.65281801619 1.22367910158 0.0 0.0 4.19342313551 0.0 ;
36.6416478555 7.84762979684 9.83408577878 1.34706546275 0.0 12.7635440181 1.02313769752 ;
34.5828125 25.6296875 4.321875 0.1359375 1.0 1.546875 0.0 ;
35.7714343763 8.28870377895 2.1412027631 0.0 0.0 13.713124746 1.09548963836 ;
35.5350766456 3.52660054103 5.05987376014 0.0 0.0 3.18683498647 0.0 ;
35.4520460358 13.9725063939 9.59846547315 0.927749360614 0.409207161125 3.00063938619 0.0 ;
36.006052222 8.59899706035 2.73837108767 0.176897803908 0.0 14.9486425731 1.24589313505 ;
40.7950160772 28.8981109325 1.14750803859 0.0 0.0 2.89168006431 0.0 ;
39.5246163683 7.44239130435 1.59488491049 0.0 0.0 4.34590792839 0.0 ;
32.5994241579 3.12869612906 1.10186920159 0.0 0.0 4.00525570129 0.0 ;
36.006052222 8.59899706035 2.73837108767 0.176897803908 0.0 14.9486425731 1.24589313505 ;
35.4520460358 13.9725063939 9.59846547315 0.927749360614 0.409207161125 3.00063938619 0.0 ;
40.8041340558 28.8679510335 1.14770218744 0.0 0.0 2.8910295003 0.0 ;
39.5088836528 7.43049098898 1.59421766541 0.0 0.0 4.34407438069 0.0 ;
32.5915357486 3.1226583612 1.10145193056 0.0 0.0 4.00375578253 0.0 ;
35.5250769509 3.53123302553 5.07332971211 0.0 0.0 3.1928299837 0.0 ;
36.006052222 8.59899706035 2.73837108767 0.176897803908 0.0 14.9486425731 1.24589313505 ;
32.5855740112 3.11682114343 1.10333119207 0.0 0.0 4.00490960815 0.0 ;
35.4520460358 13.9725063939 9.59846547315 0.927749360614 0.409207161125 3.00063938619 0.0 ;
35.5218732982 3.54728625885 5.08622254493 0.0 0.0 3.20548193865 0.0 ;
39.4988891005 7.41725385641 1.5902367803 0.0 0.0 4.33764997143 0.0 ;
40.799237866 28.8600080225 1.14400320899 0.0 0.0 2.88728439631 0.0 ;
35.5265918958 3.53509406657 5.07308248915 0.0 0.0 3.19663531114 0.0 ;
35.4520460358 13.9725063939 9.59846547315 0.927749360614 0.409207161125 3.00063938619 0.0 ;
39.5093258642 7.42612515119 1.59271755045 0.0 0.0 4.34419759374 0.0 ;
36.006052222 8.59899706035 2.73837108767 0.176897803908 0.0 14.9486425731 1.24589313505 ;
32.587652963 3.12223291627 1.10202117421 0.0 0.0 4.00362069756 0.0 ;
40.8018451665 28.8582029683 1.14560770156 0.0 0.0 2.8880866426 0.0 ;
34.3602394047 2.96861857004 4.49029440311 0.0 0.0 2.79472662569 0.0 ;
41.74871856 20.8066515675 1.69233520086 0.0 0.0 3.57801883419 0.0 ;
35.7714343763 8.28870377895 2.1412027631 0.0 0.0 13.713124746 1.09548963836 ;
34.5828125 25.6296875 4.321875 0.1359375 1.0 1.546875 0.0 ;
34.9243519293 4.65255047187 1.22392784614 0.0 0.0 4.19346553578 0.0 ;
36.6416478555 7.84762979684 9.83408577878 1.34706546275 0.0 12.7635440181 1.02313769752 ;
37.1096491228 12.6359649123 15.7368421053 2.83333333333 0.293859649123 5.90350877193 0.197368421053 ;
33.7315304324 3.90185712349 1.19123627491 0.0 0.0 4.06306764267 0.0 ;
35.6577708006 29.2919937206 4.10361067504 0.0 0.899529042386 1.72056514914 0.0 ;
39.5671677788 6.26441032237 3.37575367795 0.0 0.0 4.1685826835 0.0 ;
39.9849611634 25.317633449 0.889439762023 0.0 0.0 2.59758717567 0.0 ;
35.9379405455 7.96736132394 3.82209623046 0.280110327919 0.0 13.6230462764 1.09714986209 ;
35.7714343763 8.28870377895 2.1412027631 0.0 0.0 13.713124746 1.09548963836 ;
34.5828125 25.6296875 4.321875 0.1359375 1.0 1.546875 0.0 ;
41.7484201741 20.809228568 1.69273876237 0.0 0.0 3.57863359962 0.0 ;
34.9256793073 4.65267243953 1.22406688564 0.0 0.0 4.19313227829 0.0 ;
36.6416478555 7.84762979684 9.83408577878 1.34706546275 0.0 12.7635440181 1.02313769752 ;
34.3552929751 2.96859825186 4.49125930722 0.0 0.0 2.79459371965 0.0 ;
35.7714343763 8.28870377895 2.1412027631 0.0 0.0 13.713124746 1.09548963836 ;
34.5828125 25.6296875 4.321875 0.1359375 1.0 1.546875 0.0 ;
34.3195543355 2.9633457129 4.47150008074 0.0 0.0 2.77878249637 0.0 ;
36.6379018613 7.84940778342 9.8358714044 1.34630569656 0.0 12.7597292724 1.0225606317 ;
34.9417226452 4.65723242275 1.22388416182 0.0 0.0 4.19432751157 0.0 ;
41.7293808272 20.8376763089 1.70200812814 0.0 0.0 3.58630169735 0.0 ;
35.5120938628 3.45324909747 5.02472924188 0.0 0.0 3.13898916968 0.0 ;
35.4497760717 13.959053103 9.59884836852 0.928342930262 0.40946896993 2.99936020473 0.0 ;
39.6481722388 7.52829452322 1.62657733836 0.0 0.0 4.37732535449 0.0 ;
36.006052222 8.59899706035 2.73837108767 0.176897803908 0.0 14.9486425731 1.24589313505 ;
32.6532649757 3.17318762367 1.09669005217 0.0 0.0 3.99478323439 0.0 ;
40.7079501328 29.1876149601 1.14449213162 0.0 0.0 2.89372573064 0.0 ;
35.7714343763 8.28870377895 2.1412027631 0.0 0.0 13.713124746 1.09548963836 ;
41.7478831246 20.8127608825 1.69302325581 0.0 0.0 3.57781753131 0.0 ;
34.9271701156 4.65290095255 1.22404371585 0.0 0.0 4.1935859536 0.0 ;
34.5828125 25.6296875 4.321875 0.1359375 1.0 1.546875 0.0 ;
34.3511326861 2.96731391586 4.48818770227 0.0 0.0 2.7932038835 0.0 ;
36.6379018613 7.84940778342 9.8358714044 1.34630569656 0.0 12.7597292724 1.0225606317 ;
36.006052222 8.59899706035 2.73837108767 0.176897803908 0.0 14.9486425731 1.24589313505 ;
35.4520460358 13.9725063939 9.59846547315 0.927749360614 0.409207161125 3.00063938619 0.0 ;
35.5265918958 3.53509406657 5.07308248915 0.0 0.0 3.19663531114 0.0 ;
39.5093258642 7.42612515119 1.59271755045 0.0 0.0 4.34419759374 0.0 ;
32.587652963 3.12223291627 1.10202117421 0.0 0.0 4.00362069756 0.0 ;
40.8018451665 28.8582029683 1.14560770156 0.0 0.0 2.8880866426 0.0 ;
36.006391432 8.59336673001 2.74607013301 0.177750906892 0.0 14.9407496977 1.24460183106 ;
35.4720644807 3.47426268547 5.07821945411 0.0 0.0 3.15442388716 0.0 ;
35.4486521181 14.0141206675 9.59627727856 0.927471116816 0.410783055199 2.98395378691 0.0 ;
39.6433806837 7.51079976649 1.62476486995 0.0 0.0 4.36317052604 0.0 ;
40.72 29.1646938776 1.12346938776 0.0 0.0 2.87653061224 0.0 ;
32.6578190964 3.16819365849 1.10235336387 0.0 0.0 4.00103296506 0.0 ;
37.0440528634 12.5286343612 15.7885462555 2.84581497797 0.295154185022 5.859030837 0.193832599119 ;
33.7336132178 3.9056744312 1.19156283857 0.0 0.0 4.06358342362 0.0 ;
39.9701789264 25.3576872101 0.888999337309 0.0 0.0 2.59741550696 0.0 ;
35.9404014095 7.97180940708 3.82212348705 0.280067412287 0.0 13.6234104489 1.09713497778 ;
39.5830516659 6.2642040882 3.37711250604 0.0 0.0 4.16578142604 0.0 ;
35.6577708006 29.2919937206 4.10361067504 0.0 0.899529042386 1.72056514914 0.0 ;
41.7473169568 20.8115907465 1.6932983544 0.0 0.0 3.57846410684 0.0 ;
36.6379018613 7.84940778342 9.8358714044 1.34630569656 0.0 12.7597292724 1.0225606317 ;
34.3511326861 2.96731391586 4.48818770227 0.0 0.0 2.7932038835 0.0 ;
34.5828125 25.6296875 4.321875 0.1359375 1.0 1.546875 0.0 ;
34.9271082179 4.65271141902 1.22396082179 0.0 0.0 4.19344242714 0.0 ;
35.7714343763 8.28870377895 2.1412027631 0.0 0.0 13.713124746 1.09548963836 ;
41.7485693848 20.8075822604 1.69313304721 0.0 0.0 3.57880305198 0.0 ;
34.5828125 25.6296875 4.321875 0.1359375 1.0 1.546875 0.0 ;
34.3511326861 2.96731391586 4.48818770227 0.0 0.0 2.7932038835 0.0 ;
35.7714343763 8.28870377895 2.1412027631 0.0 0.0 13.713124746 1.09548963836 ;
36.6379018613 7.84940778342 9.8358714044 1.34630569656 0.0 12.7597292724 1.0225606317 ;
34.9263871469 4.65275040315 1.22397419817 0.0 0.0 4.19339425432 0.0 ;
35.5265918958 3.53509406657 5.07308248915 0.0 0.0 3.19663531114 0.0 ;
40.8018451665 28.8582029683 1.14560770156 0.0 0.0 2.8880866426 0.0 ;
39.5093258642 7.42612515119 1.59271755045 0.0 0.0 4.34419759374 0.0 ;
32.587652963 3.12223291627 1.10202117421 0.0 0.0 4.00362069756 0.0 ;
36.006052222 8.59899706035 2.73837108767 0.176897803908 0.0 14.9486425731 1.24589313505 ;
35.4520460358 13.9725063939 9.59846547315 0.927749360614 0.409207161125 3.00063938619 0.0 ;
36.6416478555 7.84762979684 9.83408577878 1.34706546275 0.0 12.7635440181 1.02313769752 ;
34.9243519293 4.65255047187 1.22392784614 0.0 0.0 4.19346553578 0.0 ;
34.5828125 25.6296875 4.321875 0.1359375 1.0 1.546875 0.0 ;
34.3594887559 2.96812813461 4.4900501537 0.0 0.0 2.79388448471 0.0 ;
41.7483909416 20.80488677 1.69284862932 0.0 0.0 3.57854588796 0.0 ;
35.7714343763 8.28870377895 2.1412027631 0.0 0.0 13.713124746 1.09548963836 ;
35.5251589464 3.54623069936 5.08773841962 0.0 0.0 3.20417801998 0.0 ;
35.4520460358 13.9725063939 9.59846547315 0.927749360614 0.409207161125 3.00063938619 0.0 ;
36.006052222 8.59899706035 2.73837108767 0.176897803908 0.0 14.9486425731 1.24589313505 ;
40.7896634615 28.8413461538 1.14242788462 0.0 0.0 2.88481570513 0.0 ;
32.5859855086 3.11863707237 1.10373291755 0.0 0.0 4.00724571219 0.0 ;
39.5039710274 7.41514708685 1.59107948408 0.0 0.0 4.33617129424 0.0 ;
34.3552929751 2.96859825186 4.49125930722 0.0 0.0 2.79459371965 0.0 ;
36.6416478555 7.84762979684 9.83408577878 1.34706546275 0.0 12.7635440181 1.02313769752 ;
34.5828125 25.6296875 4.321875 0.1359375 1.0 1.546875 0.0 ;
34.9256793073 4.65267243953 1.22406688564 0.0 0.0 4.19313227829 0.0 ;
41.7484201741 20.809228568 1.69273876237 0.0 0.0 3.57863359962 0.0 ;
35.7714343763 8.28870377895 2.1412027631 0.0 0.0 13.713124746 1.09548963836 ;
32.6674876847 3.17465293327 1.10286609942 0.0 0.0 3.99955217197 0.0 ;
40.7055453243 29.2099447514 1.12686719869 0.0 0.0 2.88152240638 0.0 ;
39.664274062 7.53389885808 1.62225122349 0.0 0.0 4.36783034258 0.0 ;
35.4470134875 14.021194605 9.59730250482 0.927424534361 0.411046885035 2.98394348105 0.0 ;
35.5023636364 3.47527272727 5.05927272727 0.0 0.0 3.15272727273 0.0 ;
36.0067357513 8.59240069085 2.7469775475 0.177892918826 0.0 14.9386873921 1.24438687392 ;
35.5262490949 3.53222302679 5.07313540912 0.0 0.0 3.19315713251 0.0 ;
40.8018849007 28.8552235813 1.14678163224 0.0 0.0 2.88951273311 0.0 ;
35.4520460358 13.9725063939 9.59846547315 0.927749360614 0.409207161125 3.00063938619 0.0 ;
36.006052222 8.59899706035 2.73837108767 0.176897803908 0.0 14.9486425731 1.24589313505 ;
32.5880357552 3.12198028879 1.10153564061 0.0 0.0 4.0027504011 0.0 ;
39.5060447951 7.42498091117 1.59378976839 0.0 0.0 4.34588953932 0.0 ;
34.9243519293 4.65255047187 1.22392784614 0.0 0.0 4.19346553578 0.0 ;
34.3594887559 2.96812813461 4.4900501537 0.0 0.0 2.79388448471 0.0 ;
34.5828125 25.6296875 4.321875 0.1359375 1.0 1.546875 0.0 ;
41.7483909416 20.80488677 1.69284862932 0.0 0.0 3.57854588796 0.0 ;
36.6416478555 7.84762979684 9.83408577878 1.34706546275 0.0 12.7635440181 1.02313769752 ;
35.7714343763 8.28870377895 2.1412027631 0.0 0.0 13.713124746 1.09548963836 ;
35.4880087209 3.43786337209 5.03561046512 0.0 0.0 3.13372093023 0.0 ;
35.4490711083 13.9705317104 9.59769378603 0.928251121076 0.40999359385 2.99423446509 0.0 ;
32.6654111739 3.17953546767 1.0961348758 0.0 0.0 3.99237736526 0.0 ;
36.0060501296 8.59775280899 2.74105445117 0.177182368194 0.0 14.9458945549 1.24546240277 ;
40.7061232849 29.2211755069 1.13864427606 0.0 0.0 2.88838828589 0.0 ;
39.660805002 7.53718900612 1.63527419565 0.0 0.0 4.38218053927 0.0 ;
40.7074119574 29.2180589681 1.13882063882 0.0 0.0 2.88861588862 0.0 ;
35.4490711083 13.9705317104 9.59769378603 0.928251121076 0.40999359385 2.99423446509 0.0 ;
35.4880087209 3.43786337209 5.03561046512 0.0 0.0 3.13372093023 0.0 ;
32.6651421397 3.1792664335 1.09622455385 0.0 0.0 3.99219800915 0.0 ;
39.660717775 7.53715886146 1.63512017195 0.0 0.0 4.38246596756 0.0 ;
36.0060501296 8.59775280899 2.74105445117 0.177182368194 0.0 14.9458945549 1.24546240277 ;
34.9243519293 4.65255047187 1.22392784614 0.0 0.0 4.19346553578 0.0 ;
36.6416478555 7.84762979684 9.83408577878 1.34706546275 0.0 12.7635440181 1.02313769752 ;
34.3594887559 2.96812813461 4.4900501537 0.0 0.0 2.79388448471 0.0 ;
34.5828125 25.6296875 4.321875 0.1359375 1.0 1.546875 0.0 ;
41.7483909416 20.80488677 1.69284862932 0.0 0.0 3.57854588796 0.0 ;
35.7714343763 8.28870377895 2.1412027631 0.0 0.0 13.713124746 1.09548963836 ;
32.6541887879 3.16408710519 1.10240259156 0.0 0.0 4.00233960227 0.0 ;
40.7171737799 29.1772513784 1.12599550745 0.0 0.0 2.88176434552 0.0 ;
35.5011846182 3.48259522508 5.06925460179 0.0 0.0 3.15709859668 0.0 ;
35.4470134875 14.021194605 9.59730250482 0.927424534361 0.411046885035 2.98394348105 0.0 ;
39.6288232245 7.51004406428 1.61936236392 0.0 0.0 4.35964230171 0.0 ;
36.0067357513 8.59240069085 2.7469775475 0.177892918826 0.0 14.9386873921 1.24438687392 ;
32.587652963 3.12223291627 1.10202117421 0.0 0.0 4.00362069756 0.0 ;
35.4520460358 13.9725063939 9.59846547315 0.927749360614 0.409207161125 3.00063938619 0.0 ;
36.006052222 8.59899706035 2.73837108767 0.176897803908 0.0 14.9486425731 1.24589313505 ;
40.8018451665 28.8582029683 1.14560770156 0.0 0.0 2.8880866426 0.0 ;
39.5093258642 7.42612515119 1.59271755045 0.0 0.0 4.34419759374 0.0 ;
35.5265918958 3.53509406657 5.07308248915 0.0 0.0 3.19663531114 0.0 ;
40.8018451665 28.8582029683 1.14560770156 0.0 0.0 2.8880866426 0.0 ;
39.5093258642 7.42612515119 1.59271755045 0.0 0.0 4.34419759374 0.0 ;
32.587652963 3.12223291627 1.10202117421 0.0 0.0 4.00362069756 0.0 ;
36.006052222 8.59899706035 2.73837108767 0.176897803908 0.0 14.9486425731 1.24589313505 ;
35.4520460358 13.9725063939 9.59846547315 0.927749360614 0.409207161125 3.00063938619 0.0 ;
35.5265918958 3.53509406657 5.07308248915 0.0 0.0 3.19663531114 0.0 ;
35.7714343763 8.28870377895 2.1412027631 0.0 0.0 13.713124746 1.09548963836 ;
41.7483909416 20.80488677 1.69284862932 0.0 0.0 3.57854588796 0.0 ;
34.3594887559 2.96812813461 4.4900501537 0.0 0.0 2.79388448471 0.0 ;
34.9243519293 4.65255047187 1.22392784614 0.0 0.0 4.19346553578 0.0 ;
34.5828125 25.6296875 4.321875 0.1359375 1.0 1.546875 0.0 ;
36.6416478555 7.84762979684 9.83408577878 1.34706546275 0.0 12.7635440181 1.02313769752 ;
39.6482144019 7.52858908476 1.62661809666 0.0 0.0 4.37669940805 0.0 ;
32.653550389 3.17317983541 1.09668570401 0.0 0.0 3.99523316994 0.0 ;
35.4497760717 13.959053103 9.59884836852 0.928342930262 0.40946896993 2.99936020473 0.0 ;
40.7079501328 29.1876149601 1.14449213162 0.0 0.0 2.89372573064 0.0 ;
35.5120938628 3.45324909747 5.02472924188 0.0 0.0 3.13898916968 0.0 ;
36.006052222 8.59899706035 2.73837108767 0.176897803908 0.0 14.9486425731 1.24589313505 ;
35.7714343763 8.28870377895 2.1412027631 0.0 0.0 13.713124746 1.09548963836 ;
41.7497018841 20.8115907465 1.69043644169 0.0 0.0 3.57691390413 0.0 ;
34.3624898949 2.97057396928 4.49151172191 0.0 0.0 2.79660468876 0.0 ;
34.9243519293 4.65255047187 1.22392784614 0.0 0.0 4.19346553578 0.0 ;
34.5828125 25.6296875 4.321875 0.1359375 1.0 1.546875 0.0 ;
36.6416478555 7.84762979684 9.83408577878 1.34706546275 0.0 12.7635440181 1.02313769752 ;
34.9255099907 4.65281801619 1.22367910158 0.0 0.0 4.19342313551 0.0 ;
36.6416478555 7.84762979684 9.83408577878 1.34706546275 0.0 12.7635440181 1.02313769752 ;
35.7714343763 8.28870377895 2.1412027631 0.0 0.0 13.713124746 1.09548963836 ;
34.5828125 25.6296875 4.321875 0.1359375 1.0 1.546875 0.0 ;
41.7431804646 20.7957117332 1.69577129244 0.0 0.0 3.58237045861 0.0 ;
34.3545881211 2.96552840265 4.48810487134 0.0 0.0 2.78896261531 0.0 ;
32.587652963 3.12223291627 1.10202117421 0.0 0.0 4.00362069756 0.0 ;
35.5265918958 3.53509406657 5.07308248915 0.0 0.0 3.19663531114 0.0 ;
39.5093258642 7.42612515119 1.59271755045 0.0 0.0 4.34419759374 0.0 ;
40.8018451665 28.8582029683 1.14560770156 0.0 0.0 2.8880866426 0.0 ;
36.006052222 8.59899706035 2.73837108767 0.176897803908 0.0 14.9486425731 1.24589313505 ;
35.4520460358 13.9725063939 9.59846547315 0.927749360614 0.409207161125 3.00063938619 0.0 ;
37.0440528634 12.5286343612 15.7885462555 2.84581497797 0.295154185022 5.859030837 0.193832599119 ;
35.9404014095 7.97180940708 3.82212348705 0.280067412287 0.0 13.6234104489 1.09713497778 ;
35.6577708006 29.2919937206 4.10361067504 0.0 0.899529042386 1.72056514914 0.0 ;
39.9685117667 25.3624461385 0.888631090487 0.0 0.0 2.59728206828 0.0 ;
39.5853050056 6.2642040882 3.37727345888 0.0 0.0 4.16465475616 0.0 ;
33.7334281265 3.90615478367 1.19154986797 0.0 0.0 4.06398537477 0.0 ;
39.6481722388 7.52829452322 1.62657733836 0.0 0.0 4.37732535449 0.0 ;
35.5120938628 3.45324909747 5.02472924188 0.0 0.0 3.13898916968 0.0 ;
32.6532649757 3.17318762367 1.09669005217 0.0 0.0 3.99478323439 0.0 ;
40.7079501328 29.1876149601 1.14449213162 0.0 0.0 2.89372573064 0.0 ;
35.4497760717 13.959053103 9.59884836852 0.928342930262 0.40946896993 2.99936020473 0.0 ;
36.006052222 8.59899706035 2.73837108767 0.176897803908 0.0 14.9486425731 1.24589313505 ;
39.5472496474 7.46403385049 1.60167970253 0.0 0.0 4.35055776382 0.0 ;
35.4513444302 13.9839948784 9.59731113956 0.927656850192 0.409731113956 2.99551856594 0.0 ;
32.6144841722 3.13559553632 1.10047825097 0.0 0.0 4.0044636757 0.0 ;
40.7747729566 28.9660948537 1.14813319879 0.0 0.0 2.89202825429 0.0 ;
35.5191543188 3.50867365378 5.05746295627 0.0 0.0 3.17329237441 0.0 ;
36.0060501296 8.59775280899 2.74105445117 0.177182368194 0.0 14.9458945549 1.24546240277 ;
34.9255099907 4.65281801619 1.22367910158 0.0 0.0 4.19342313551 0.0 ;
41.7431804646 20.7957117332 1.69577129244 0.0 0.0 3.58237045861 0.0 ;
34.3545881211 2.96552840265 4.48810487134 0.0 0.0 2.78896261531 0.0 ;
34.5828125 25.6296875 4.321875 0.1359375 1.0 1.546875 0.0 ;
35.7714343763 8.28870377895 2.1412027631 0.0 0.0 13.713124746 1.09548963836 ;
36.6416478555 7.84762979684 9.83408577878 1.34706546275 0.0 12.7635440181 1.02313769752 ;
34.3552248463 2.96635393077 4.4865739243 0.0 0.0 2.79149142672 0.0 ;
41.7467524729 20.8026456918 1.69455368848 0.0 0.0 3.5805029198 0.0 ;
35.7714343763 8.28870377895 2.1412027631 0.0 0.0 13.713124746 1.09548963836 ;
34.9255099907 4.65281801619 1.22367910158 0.0 0.0 4.19342313551 0.0 ;
36.6379018613 7.84940778342 9.8358714044 1.34630569656 0.0 12.7597292724 1.0225606317 ;
34.5828125 25.6296875 4.321875 0.1359375 1.0 1.546875 0.0 ;
34.9283048165 4.65358774523 1.22398399474 0.0 0.0 4.1937651169 0.0 ;
34.5828125 25.6296875 4.321875 0.1359375 1.0 1.546875 0.0 ;
34.3490215106 2.96587417111 4.48698043021 0.0 0.0 2.79330422125 0.0 ;
41.747554283 20.8174659986 1.69315199236 0.0 0.0 3.57730851825 0.0 ;
35.7714343763 8.28870377895 2.1412027631 0.0 0.0 13.713124746 1.09548963836 ;
36.6379018613 7.84940778342 9.8358714044 1.34630569656 0.0 12.7597292724 1.0225606317 ;
35.4990902475 3.47434497817 5.06204512373 0.0 0.0 3.15338427948 0.0 ;
35.4470134875 14.021194605 9.59730250482 0.927424534361 0.411046885035 2.98394348105 0.0 ;
32.6563791554 3.16846361186 1.10184186882 0.0 0.0 3.99968553459 0.0 ;
39.6440777078 7.51997920863 1.62114222598 0.0 0.0 4.36579819375 0.0 ;
40.7180796731 29.1818181818 1.12808988764 0.0 0.0 2.88273748723 0.0 ;
36.0067357513 8.59240069085 2.7469775475 0.177892918826 0.0 14.9386873921 1.24438687392 ;
36.0067404079 8.59661251296 2.74248185275 0.177324576564 0.0 14.9448669202 1.24524714829 ;
40.7046292503 29.2240884883 1.13867267513 0.0 0.0 2.88795575584 0.0 ;
35.4461538462 13.9782051282 9.59679487179 0.928205128205 0.410256410256 2.99038461538 0.0 ;
35.4880087209 3.43786337209 5.03561046512 0.0 0.0 3.13372093023 0.0 ;
32.6654111739 3.17953546767 1.0961348758 0.0 0.0 3.99237736526 0.0 ;
39.6613480951 7.53767502442 1.63523282318 0.0 0.0 4.38222077499 0.0 ;
34.3594887559 2.96812813461 4.4900501537 0.0 0.0 2.79388448471 0.0 ;
34.5828125 25.6296875 4.321875 0.1359375 1.0 1.546875 0.0 ;
35.7714343763 8.28870377895 2.1412027631 0.0 0.0 13.713124746 1.09548963836 ;
41.7483909416 20.80488677 1.69284862932 0.0 0.0 3.57854588796 0.0 ;
34.9243519293 4.65255047187 1.22392784614 0.0 0.0 4.19346553578 0.0 ;
36.6416478555 7.84762979684 9.83408577878 1.34706546275 0.0 12.7635440181 1.02313769752 ;
32.6179949054 3.13832787482 1.10102802038 0.0 0.0 4.00559497817 0.0 ;
36.0067404079 8.59661251296 2.74248185275 0.177324576564 0.0 14.9448669202 1.24524714829 ;
35.4484304933 13.9916720051 9.59641255605 0.927610506086 0.40999359385 2.99167200512 0.0 ;
39.5563258232 7.46800179729 1.60337633994 0.0 0.0 4.35021503306 0.0 ;
40.7695722357 28.9634786118 1.14911218725 0.0 0.0 2.89265536723 0.0 ;
35.5124026797 3.49990946949 5.05920695274 0.0 0.0 3.16892992939 0.0 ;
35.5194429372 3.50931452342 5.05950443118 0.0 0.0 3.17200217037 0.0 ;
39.5501123596 7.46921348315 1.60051364366 0.0 0.0 4.34703049759 0.0 ;
35.4520460358 13.9725063939 9.59846547315 0.927749360614 0.409207161125 3.00063938619 0.0 ;
36.006052222 8.59899706035 2.73837108767 0.176897803908 0.0 14.9486425731 1.24589313505 ;
40.7747729566 28.9660948537 1.14813319879 0.0 0.0 2.89202825429 0.0 ;
32.6202975026 3.13637811036 1.10221534822 0.0 0.0 4.00746031024 0.0 ;
35.7714343763 8.28870377895 2.1412027631 0.0 0.0 13.713124746 1.09548963836 ;
34.5828125 25.6296875 4.321875 0.1359375 1.0 1.546875 0.0 ;
34.9263871469 4.65275040315 1.22397419817 0.0 0.0 4.19339425432 0.0 ;
34.3511326861 2.96731391586 4.48818770227 0.0 0.0 2.7932038835 0.0 ;
36.6379018613 7.84940778342 9.8358714044 1.34630569656 0.0 12.7597292724 1.0225606317 ;
41.7485693848 20.8075822604 1.69313304721 0.0 0.0 3.57880305198 0.0 ;
34.9243519293 4.65255047187 1.22392784614 0.0 0.0 4.19346553578 0.0 ;
34.5828125 25.6296875 4.321875 0.1359375 1.0 1.546875 0.0 ;
41.7483909416 20.80488677 1.69284862932 0.0 0.0 3.57854588796 0.0 ;
36.6416478555 7.84762979684 9.83408577878 1.34706546275 0.0 12.7635440181 1.02313769752 ;
34.3594887559 2.96812813461 4.4900501537 0.0 0.0 2.79388448471 0.0 ;
35.7714343763 8.28870377895 2.1412027631 0.0 0.0 13.713124746 1.09548963836 ;
36.006052222 8.59899706035 2.73837108767 0.176897803908 0.0 14.9486425731 1.24589313505 ;
35.4520460358 13.9725063939 9.59846547315 0.927749360614 0.409207161125 3.00063938619 0.0 ;
32.587652963 3.12223291627 1.10202117421 0.0 0.0 4.00362069756 0.0 ;
35.5265918958 3.53509406657 5.07308248915 0.0 0.0 3.19663531114 0.0 ;
39.5093258642 7.42612515119 1.59271755045 0.0 0.0 4.34419759374 0.0 ;
40.8018451665 28.8582029683 1.14560770156 0.0 0.0 2.8880866426 0.0 ;
39.5149234694 7.43335459184 1.59451530612 0.0 0.0 4.34228316327 0.0 ;
32.5966509585 3.12494852908 1.10179805097 0.0 0.0 4.0052614723 0.0 ;
35.5262490949 3.53222302679 5.07313540912 0.0 0.0 3.19315713251 0.0 ;
40.7960248946 28.8779361574 1.14695844208 0.0 0.0 2.89098574583 0.0 ;
35.4520460358 13.9725063939 9.59846547315 0.927749360614 0.409207161125 3.00063938619 0.0 ;
36.006052222 8.59899706035 2.73837108767 0.176897803908 0.0 14.9486425731 1.24589313505 ;
35.7714343763 8.28870377895 2.1412027631 0.0 0.0 13.713124746 1.09548963836 ;
34.3594887559 2.96812813461 4.4900501537 0.0 0.0 2.79388448471 0.0 ;
41.7483909416 20.80488677 1.69284862932 0.0 0.0 3.57854588796 0.0 ;
34.9243519293 4.65255047187 1.22392784614 0.0 0.0 4.19346553578 0.0 ;
36.6416478555 7.84762979684 9.83408577878 1.34706546275 0.0 12.7635440181 1.02313769752 ;
34.5828125 25.6296875 4.321875 0.1359375 1.0 1.546875 0.0 ;
40.7722132472 28.977180937 1.14680936995 0.0 0.0 2.89135702746 0.0 ;
36.006052222 8.59899706035 2.73837108767 0.176897803908 0.0 14.9486425731 1.24589313505 ;
32.6197490453 3.13879796327 1.10206401164 0.0 0.0 4.00691034734 0.0 ;
35.4520460358 13.9725063939 9.59846547315 0.927749360614 0.409207161125 3.00063938619 0.0 ;
39.557752809 7.46966292135 1.6030176565 0.0 0.0 4.34869983949 0.0 ;
35.5120492843 3.50317086429 5.06142417105 0.0 0.0 3.16796521109 0.0 ;
32.587652963 3.12223291627 1.10202117421 0.0 0.0 4.00362069756 0.0 ;
35.4520460358 13.9725063939 9.59846547315 0.927749360614 0.409207161125 3.00063938619 0.0 ;
39.5093258642 7.42612515119 1.59271755045 0.0 0.0 4.34419759374 0.0 ;
36.006052222 8.59899706035 2.73837108767 0.176897803908 0.0 14.9486425731 1.24589313505 ;
40.8018451665 28.8582029683 1.14560770156 0.0 0.0 2.8880866426 0.0 ;
35.5265918958 3.53509406657 5.07308248915 0.0 0.0 3.19663531114 0.0 ;
32.6658300466 3.17439046253 1.10066332019 0.0 0.0 4.00017927573 0.0 ;
40.7097830536 29.2128530495 1.1248465002 0.0 0.0 2.87986082685 0.0 ;
35.479554582 3.46385542169 5.06553486674 0.0 0.0 3.15169769989 0.0 ;
35.4470134875 14.021194605 9.59730250482 0.927424534361 0.411046885035 2.98394348105 0.0 ;
39.6593778472 7.52791878173 1.62814004946 0.0 0.0 4.36554731225 0.0 ;
36.0067357513 8.59240069085 2.7469775475 0.177892918826 0.0 14.9386873921 1.24438687392 ;
32.5855504587 3.11720183486 1.10389908257 0.0 0.0 4.00564220183 0.0 ;
40.7931517821 28.8346015218 1.14237084501 0.0 0.0 2.88446135362 0.0 ;
35.5264209188 3.54821136735 5.08734338115 0.0 0.0 3.20446704195 0.0 ;
35.4520460358 13.9725063939 9.59846547315 0.927749360614 0.409207161125 3.00063938619 0.0 ;
39.5007305762 7.41471316943 1.59043262817 0.0 0.0 4.33860618766 0.0 ;
36.006052222 8.59899706035 2.73837108767 0.176897803908 0.0 14.9486425731 1.24589313505 ;
36.006052222 8.59899706035 2.73837108767 0.176897803908 0.0 14.9486425731 1.24589313505 ;
35.4520460358 13.9725063939 9.59846547315 0.927749360614 0.409207161125 3.00063938619 0.0 ;
35.5265918958 3.53509406657 5.07308248915 0.0 0.0 3.19663531114 0.0 ;
32.587652963 3.12223291627 1.10202117421 0.0 0.0 4.00362069756 0.0 ;
40.8018451665 28.8582029683 1.14560770156 0.0 0.0 2.8880866426 0.0 ;
39.5093258642 7.42612515119 1.59271755045 0.0 0.0 4.34419759374 0.0 ;
36.0067357513 8.59240069085 2.7469775475 0.177892918826 0.0 14.9386873921 1.24438687392 ;
35.504819058 3.47099472631 5.05637388616 0.0 0.0 3.15111838516 0.0 ;
39.672263966 7.54126102581 1.6245017968 0.0 0.0 4.36661221823 0.0 ;
32.6696488481 3.17638112279 1.10319838962 0.0 0.0 4.00156564527 0.0 ;
40.7036657792 29.2230186361 1.12451361868 0.0 0.0 2.87835347123 0.0 ;
35.4470134875 14.021194605 9.59730250482 0.927424534361 0.411046885035 2.98394348105 0.0 ;
32.6062665329 3.13541001551 1.10220742497 0.0 0.0 4.00820943172 0.0 ;
39.5408209003 7.45405647692 1.59716975091 0.0 0.0 4.34379202152 0.0 ;
35.4520460358 13.9725063939 9.59846547315 0.927749360614 0.409207161125 3.00063938619 0.0 ;
36.006052222 8.59899706035 2.73837108767 0.176897803908 0.0 14.9486425731 1.24589313505 ;
35.5288808664 3.51624548736 5.05776173285 0.0 0.0 3.17797833935 0.0 ;
40.7838273846 28.9520064529 1.14761040532 0.0 0.0 2.89211534584 0.0 ;
32.587652963 3.12223291627 1.10202117421 0.0 0.0 4.00362069756 0.0 ;
35.4520460358 13.9725063939 9.59846547315 0.927749360614 0.409207161125 3.00063938619 0.0 ;
35.5265918958 3.53509406657 5.07308248915 0.0 0.0 3.19663531114 0.0 ;
36.006052222 8.59899706035 2.73837108767 0.176897803908 0.0 14.9486425731 1.24589313505 ;
40.8018451665 28.8582029683 1.14560770156 0.0 0.0 2.8880866426 0.0 ;
39.5093258642 7.42612515119 1.59271755045 0.0 0.0 4.34419759374 0.0 ;
