[[ 0.26962619  4.63755111  2.79384876 ...,  2.61390118  3.29618385
   2.28679157]
 [ 2.51187212  4.72306187  2.50833034 ...,  3.25019376  0.56976103
   3.00679926]
 [ 2.82304013  4.52722208  3.23089647 ...,  4.52730995  2.20108484
   3.41818433]
 ..., 
 [ 1.62919095  4.72335163  0.07553937 ...,  2.25071755  0.62341848
   2.74276082]
 [ 2.14210002  4.67606885  3.05576635 ...,  2.61276806  3.6431595
   2.75080396]
 [ 1.52916353  4.76049609  2.5410596  ...,  1.03700366  0.67468339
   2.61379535]]