2.41655234876 4.67045016061 3.18004913624 4.22377299536 3.30940218616 3.29377159321 3.0782841628 ;
1.37519815462 4.78092867005 1.78366701356 2.05001844858 0.826635338042 0.704522765497 2.72564048708 ;
2.0783674725 4.72802514558 2.34998478786 2.22291158657 3.70291089279 0.970042267354 3.13348780644 ;
2.02737030015 4.73690540636 2.31781810627 2.1846055055 3.61471895467 0.922112563867 3.10607580375 ;
2.4209682912 4.66507331214 3.17519619631 4.198375587 3.33641045953 3.25877880815 3.08771462131 ;
1.37695267341 4.78690860426 1.74724339496 2.02753746636 0.702844763388 0.694620504428 2.72279331456 ;
2.57572732946 4.64306525861 3.02820331194 3.08920464988 4.16678581224 1.70938359766 3.36967916007 ;
1.54968200086 4.76798001351 1.7848000187 1.93714105225 2.01605226652 0.674515132423 2.80778386092 ;
2.20767965728 4.72128830212 3.1254127538 4.43053905117 2.7781246444 3.73550048467 2.91899101855 ;
2.42748691139 4.66757028004 3.1766817073 4.20738299115 3.34855492591 3.2579134196 3.0864000409 ;
1.40318148255 4.77758626241 1.82223182962 2.10541315687 0.751600237203 0.736709096551 2.73918017736 ;
2.03086376237 4.73598660644 2.30442988145 2.15834566091 3.66774999083 0.934859877629 3.11188480192 ;
2.67038898145 4.63264665183 3.07677159962 3.19688595513 4.20908954137 1.73915684369 3.3827682599 ;
1.55328046898 4.7656438275 1.84384145511 1.9450060938 2.15059441501 0.728205501752 2.83795572033 ;
2.20991361865 4.722213884 3.12635044163 4.42717730011 2.78107509289 3.74104409308 2.92372704146 ;
2.42078482026 4.66800737195 3.17757403541 4.21698893655 3.32688559209 3.27122063031 3.08196557769 ;
2.05491138108 4.73354268132 2.3227978076 2.16731948111 3.71238092956 0.963248113907 3.13598948433 ;
1.40681021593 4.77801389658 1.82199672407 2.10951996015 0.820335998858 0.708021002609 2.71974679989 ;
1.39743674788 4.77878993834 1.81459989391 2.07968811968 0.771152076487 0.708437019358 2.73285798374 ;
2.40659194612 4.67720574226 3.18058971782 4.24755491626 3.2967241255 3.32966591182 3.0769656458 ;
2.08523908211 4.71918094362 2.3587588829 2.25017017601 3.70605226782 1.0064787169 3.12568510518 ;
2.42989523916 4.66049803061 2.91455348973 2.86733418583 4.09607999802 1.5829003825 3.31172629427 ;
1.52253854276 4.7709794369 1.67095992785 1.98264518832 1.66996567126 0.613106201634 2.76641964264 ;
2.21877000821 4.72013714643 3.12689169206 4.42167830072 2.78226029519 3.71890108833 2.92551258135 ;
1.98912341418 4.74061336187 2.25807176857 2.13996605964 3.58600082685 0.916218484726 3.10439193868 ;
2.43063414995 4.66760041868 3.17928825904 4.20099687583 3.36987124254 3.2551911938 3.0900655044 ;
1.42678528661 4.77145106438 1.86987419334 2.15706130001 0.607000343731 0.765940443035 2.71188139681 ;
1.54191384785 4.76770861021 1.80676491315 1.91544337362 2.06164224202 0.687220703347 2.81912964333 ;
2.2093889301 4.72194702412 3.12563135216 4.42824152054 2.77758418014 3.73785239504 2.92254393553 ;
2.60522812475 4.63995192727 3.03165408176 3.14054048167 4.16539275821 1.71620104751 3.36632951987 ;
2.43618182796 4.66896156573 3.1639307148 4.10577167134 3.44619669634 3.20394756384 3.12796595796 ;
1.34714406181 4.76294953306 1.42807349851 1.46636449486 3.24032003338 0.960807268049 2.97905832284 ;
2.10522787616 4.74510270363 2.62196981262 2.67426647317 1.96062777962 0.698485923488 2.90252320705 ;
1.7532433937 4.73695913649 2.14923665124 1.7935263104 3.90407879285 1.05364882732 3.14361181682 ;
2.43905625839 4.66402229793 3.17160996183 4.17502344105 3.38503603434 3.21510653667 3.11095249244 ;
1.81206012791 4.77388800364 2.0792372878 2.41747622092 1.36998097487 0.648033646407 2.77982010025 ;
2.28833369784 4.72230908749 3.15644407649 4.40703396029 2.95735111605 3.67515972165 2.98521823674 ;
2.26255588482 4.67003111853 2.60296734332 2.64131559412 3.91075273264 1.33536213018 3.20091897386 ;
1.44530571798 4.78346612509 1.807644396 2.02382177041 0.977787534058 0.665031626389 2.73579411476 ;
2.42019893322 4.66899159321 3.17769451267 4.21833082451 3.32003340517 3.27435642975 3.0805056114 ;
2.05703480447 4.73125552385 2.32856082978 2.17741319013 3.7031662522 0.964763454174 3.12383216242 ;
1.3939994074 4.78033840821 1.8048498837 2.0928172294 0.801789517153 0.699779285892 2.7380008312 ;
1.44310590157 4.77227910823 1.69945665875 1.95471711899 1.43679100119 0.596009291374 2.71943877817 ;
2.38396666287 4.66676486054 2.78203722633 2.78382584743 4.02559310732 1.49505685155 3.29118445308 ;
2.24261701967 4.72198527634 3.13279347207 4.41800487748 2.81170033231 3.69044071906 2.93597764574 ;
2.70287780659 4.61884789418 3.12093637651 3.3053997249 4.27658619806 1.90762277203 3.42728445048 ;
1.61980950465 4.76590392324 1.91152384737 1.959354116 2.28541291072 0.699249503211 2.86167654522 ;
2.21094871582 4.7195285515 3.12015055207 4.42039706307 2.76915041446 3.70565079197 2.91463154819 ;
2.26241968324 4.67329679127 2.6180980512 2.62302421661 3.83214527871 1.27034224213 3.18128535724 ;
1.3568221631 4.78248643456 1.66081200608 1.90264805287 0.996666733212 0.680226278166 2.73104138795 ;
2.31030831271 4.71972360433 3.16593971003 4.38926073352 3.00075041241 3.61051948207 3.00841962999 ;
2.41597383954 4.67033673168 3.17990803201 4.22157938547 3.31876864644 3.28432244329 3.07888971787 ;
1.44294450707 4.77863603148 1.84429843647 2.11974372699 0.895643324906 0.682964168883 2.7442601439 ;
2.06286043421 4.7279257463 2.3296403253 2.17699252936 3.76110367912 0.990956861665 3.13738885654 ;
2.21650995197 4.71997498066 3.12553091943 4.42039963402 2.78045183418 3.71321482857 2.91633492214 ;
1.45976121827 4.76738238311 1.73811731258 1.92496414469 1.77349631731 0.652582098547 2.75968619257 ;
2.51585365712 4.65933671861 2.90775337432 2.94492819432 4.10659899928 1.58895894227 3.34573097333 ;
1.54014647118 4.77164951816 1.68461291369 2.00720034544 1.66486803969 0.618054430432 2.78012318155 ;
2.22893347865 4.71871268037 3.12315287843 4.41483370325 2.78353619957 3.67863559717 2.92293299948 ;
2.4193501189 4.65920506824 2.9145734824 2.83504583708 4.1431897247 1.58501427165 3.31508005621 ;
2.34556715097 4.70687079781 3.16644888877 4.3453014541 3.1076553468 3.49167226364 3.02630431074 ;
2.19483431547 4.68160234039 2.49866853641 2.44709442619 3.85290084997 1.20113249367 3.16764746194 ;
1.41797985833 4.78323635378 1.81666105355 2.0628269641 0.870461808355 0.669693017555 2.75167689678 ;
2.42318437276 4.66576003416 3.17503269057 4.20622635355 3.32599156846 3.26129197136 3.08469476996 ;
2.02753972675 4.73600252807 2.31905078598 2.181868932 3.64430100911 0.936541414514 3.1092888723 ;
1.38791057407 4.78500690478 1.76679679481 2.04022631663 0.72374714476 0.693084646699 2.7315302223 ;
2.097855668 4.71537556586 2.39548878471 2.23996154192 3.78562759559 1.03377537829 3.15889870563 ;
2.40234578752 4.67717790932 3.17592876659 4.24596436143 3.27237035698 3.32992443662 3.07029177989 ;
1.43653320967 4.78105397667 1.79904901278 2.10304748954 0.917240212379 0.670873308156 2.72099069633 ;
2.42126482545 4.6650360853 3.17440525836 4.19805272483 3.33443795791 3.25381020523 3.0880227707 ;
2.03410636977 4.73795368493 2.31971008226 2.14962404723 3.64791957977 0.930599802471 3.11167463193 ;
1.3850213981 4.78360548582 1.76157832387 2.08828606969 0.754505121746 0.685628300567 2.7256425431 ;
2.52648319447 4.64800451257 2.97169125079 3.01119272944 4.2049917907 1.67663866361 3.37936822939 ;
2.22281599451 4.7179004941 3.12266133346 4.41618123584 2.7752635893 3.69653996801 2.92266592595 ;
1.55250497632 4.76943615676 1.79292327727 1.95306907769 1.92652578179 0.657215287077 2.78242665423 ;
1.51600538791 4.76500322693 1.97545060096 2.25915849083 0.891713743008 0.726964212048 2.75419779096 ;
2.43420597431 4.66749963766 3.16966720209 4.1768166101 3.36938854566 3.21553158661 3.09499201779 ;
1.97474719611 4.74424535404 2.21289168797 2.02486176943 3.76911840128 0.93040017709 3.11685758124 ;
2.03594302466 4.73489985839 2.3140315878 2.17289525755 3.66250602082 0.946281147697 3.11932757807 ;
2.42219136637 4.66611877538 3.17596845633 4.20738393519 3.32488126869 3.26266787255 3.08427954634 ;
1.38941904436 4.78490738901 1.78848387241 2.06365258385 0.753734237475 0.68324254786 2.7214643193 ;
2.1904854444 4.68769699288 2.65377954374 2.41608580034 3.88172094624 1.18385022513 3.23016403778 ;
2.37415170488 4.69776208741 3.16260437378 4.30598531089 3.1546634645 3.40512733925 3.04433908262 ;
1.46977620687 4.77224497536 1.6070275689 2.00070916185 1.28122424653 0.64579235257 2.70411128884 ;
2.06151111335 4.73212589486 2.32568487619 2.1851272963 3.70344906804 0.955158769872 3.12550411623 ;
2.41964696725 4.66832132418 3.17802246286 4.21754647771 3.32324608267 3.27817489972 3.08026071245 ;
1.392211876 4.77994224135 1.81480844303 2.08727052268 0.809266604612 0.716090005027 2.73771405943 ;
2.02269996433 4.74004493577 2.26378012972 2.13758207574 3.63540436459 0.93813557482 3.12569973876 ;
2.42365311127 4.66514838301 3.17506815842 4.19690255544 3.35006522505 3.24584806485 3.08884995394 ;
1.39528001465 4.77980911314 1.86086109957 2.10768245826 0.719847808908 0.683668025727 2.6942399765 ;
2.26029653551 4.72259486378 3.14714678384 4.42393337584 2.90569733149 3.7123421004 2.95738762691 ;
2.29099297694 4.67067767752 2.62960052101 2.66636925023 3.93179370385 1.37545435833 3.22802068704 ;
1.44148987916 4.78271148134 1.80738038954 2.05043463237 1.00621907886 0.659832638986 2.71561136965 ;
2.43391257191 4.66506247181 3.17702910154 4.20764460369 3.36190602069 3.27039900203 3.09945831172 ;
1.94360060773 4.73561681007 2.25899314989 1.97920626637 3.94054984901 1.04117911067 3.16959968063 ;
1.66256883097 4.77034807107 2.01393012016 2.34061575144 1.22273647629 0.682896104543 2.75393085586 ;
1.3478609012 4.78187520244 1.74286467907 2.06545180613 0.716029018957 0.705194364094 2.71560525294 ;
2.42230597846 4.66472540451 3.17480532251 4.19597597919 3.34233850434 3.25116058708 3.08759064973 ;
2.04034169549 4.74009657886 2.31826498893 2.15968804414 3.61061104295 0.916770527282 3.11117191174 ;
1.43121641566 4.77686261312 1.7650424724 1.99491084778 1.34392133847 0.600964092274 2.71146457896 ;
2.37265459558 4.66650002909 2.72462765308 2.7310236119 4.05042756894 1.47335321472 3.29091680771 ;
2.24572295167 4.72062782561 3.12725446407 4.41175454118 2.80559339223 3.66048664349 2.93410441569 ;
2.08119343251 4.72109719117 2.38091673486 2.22288771887 3.72604916454 0.990182093198 3.13903335439 ;
2.40820845669 4.6742960551 3.17852370562 4.23330475026 3.29094031125 3.30942713572 3.07448751171 ;
1.40501111205 4.78250376183 1.75706189964 2.08123248341 0.84307709235 0.693190102418 2.72663981669 ;
2.21691557175 4.71864832839 3.11898296167 4.413298252 2.7610161105 3.68864350895 2.90397956457 ;
2.64953186341 4.63409640203 3.0638188678 3.17851687496 4.22076792143 1.74327220594 3.38194067085 ;
1.54608385258 4.76899120142 1.82831171597 1.91249390249 2.1382087201 0.699941820213 2.85256160074 ;
1.42357083441 4.76954712977 1.85374320464 2.17422434229 0.725084177901 0.758340656506 2.69448362341 ;
2.42525587345 4.66735009133 3.17714398732 4.19959985516 3.3713046227 3.24660047723 3.09319219687 ;
2.01833951435 4.74120715741 2.27954790894 2.1185292361 3.64305708322 0.923117312195 3.12550723233 ;
2.40165638296 4.6786239219 3.17462481913 4.25702247571 3.26591868557 3.33248701575 3.06847714823 ;
1.44051252604 4.78041698587 1.79630865465 2.10887310585 0.91244368045 0.667631581492 2.71959424345 ;
2.09782224427 4.71370159385 2.40394353658 2.23821997337 3.78797572575 1.04995859495 3.16061095358 ;
2.28733862101 4.66964060105 2.64441936945 2.64415528978 3.99314237957 1.38453184701 3.2492860435 ;
2.28535048452 4.72170816779 3.141979705 4.40944187421 2.88003498285 3.62557271138 2.95952653768 ;
1.44599062856 4.77780630583 1.78151182196 2.01305215101 1.11910260183 0.635717385592 2.71082757431 ;
1.53566341654 4.77034669736 1.76408760563 1.97695886542 1.84021591685 0.649538470936 2.77369810745 ;
2.22903869519 4.71863165324 3.1227334738 4.40862734288 2.77509304755 3.66660036342 2.92559750499 ;
2.49888763756 4.6505902756 2.94485272409 2.92852950518 4.20885495679 1.63601195323 3.3661506301 ;
2.21140529666 4.71928590663 3.1186641888 4.41577411367 2.74935160148 3.68443305253 2.9029585178 ;
1.60504860106 4.76665480633 1.90240872445 1.94490726635 2.30664343758 0.70928065695 2.87343315022 ;
2.72651635147 4.61735013131 3.13164445321 3.31354600267 4.27893197441 1.8906830562 3.4276586938 ;
2.41944843478 4.66865364814 3.17733251136 4.21735254434 3.31608568411 3.27466926858 3.08075708191 ;
2.05435416082 4.73214076505 2.31601711765 2.13638383565 3.81171564432 0.991717302854 3.14579269594 ;
1.47183893978 4.77450108774 1.8800829641 2.16086637682 0.967524657991 0.681559290218 2.74694951621 ;
1.48136442461 4.77537999053 1.79089156308 2.07326034702 1.32601144208 0.631690091301 2.73859682197 ;
2.29315590269 4.72112715967 3.14809886004 4.39916097171 2.9538580917 3.60374566144 2.97682179787 ;
2.32432263281 4.66198758248 2.68988296929 2.62510342647 4.0473239573 1.41527528361 3.26515179094 ;
1.46588633098 4.77132782726 1.8930132056 2.1725950436 0.919400451471 0.708689797477 2.75037904848 ;
2.42608071832 4.66629383584 3.17505249125 4.19660421157 3.34751124055 3.24878555976 3.08890305936 ;
2.03141768872 4.73999901507 2.28276229739 2.10522139937 3.77401421474 0.948673668741 3.12802908074 ;
2.41350286487 4.66348387391 2.79973075782 2.78586033505 3.94960213969 1.4056164044 3.25422116333 ;
2.28517052246 4.72280808088 3.15352703818 4.39803223399 2.94132464114 3.63194016021 2.99146601757 ;
1.38051465811 4.76841809031 1.64843004514 1.86998273708 1.55300624977 0.65821430304 2.74624344393 ;
2.39452940664 4.66547132656 2.77302433496 2.76118893643 4.09884264974 1.52568615139 3.30189955365 ;
1.47740783102 4.77263030806 1.76840065522 2.01989555565 1.46012410538 0.600434500341 2.74151953509 ;
2.23797311827 4.71911656033 3.12741316204 4.41645444283 2.80529627704 3.67160755883 2.92827730965 ;
2.39233739453 4.66399888745 2.8163181809 2.78494736169 4.11017424141 1.54592240528 3.30851545334 ;
1.50181380882 4.77094099731 1.72959500066 1.99877193871 1.52972623144 0.58924184472 2.74650251395 ;
2.24002275294 4.7198212422 3.1255140777 4.41176335605 2.7948907281 3.66431843635 2.92946247294 ;
1.52179734903 4.76962704184 1.68725379315 1.98603887717 1.66337704691 0.608652873122 2.76016006245 ;
2.22673005504 4.71909478324 3.12383546192 4.41540943749 2.77764998601 3.68110614642 2.92285223264 ;
2.42700045571 4.66144808824 2.90164346246 2.84542298922 4.1258482339 1.58454186889 3.32481500734 ;
2.20328529086 4.68298812532 2.50335964093 2.40833111145 3.88086294022 1.19535640174 3.20362958262 ;
2.34526767404 4.70329174382 3.15973645603 4.33344417598 3.12688028068 3.4570110005 3.02815755079 ;
1.43253794345 4.78135135518 1.81973905163 2.08097038692 0.963052696403 0.656644684875 2.70708685497 ;
1.74289081055 4.76212543188 2.03057837804 2.0034858222 2.56622311326 0.776724967733 2.94730819159 ;
2.83166746868 4.63579463908 3.27419904448 3.86231180415 4.07905318756 2.62093598664 3.41324220728 ;
1.93281499825 4.70274524977 3.01341701605 4.38125711665 2.46798100262 3.60629188036 2.74044434568 ;
2.41965596396 4.66926965151 3.17963332436 4.21859336996 3.3169661209 3.28091168384 3.08063092239 ;
2.06118274484 4.73020331571 2.32596153759 2.19834704624 3.7070673159 0.961308779593 3.12656048854 ;
1.3938351263 4.78090895996 1.81284791198 2.06669960779 0.817027096698 0.705031016842 2.73475711685 ;
2.03164478841 4.73804410525 2.2942861854 2.19669211769 3.61698867602 0.919351061801 3.10479202649 ;
2.42796050145 4.66667798486 3.17657427153 4.20135790266 3.35011432024 3.25790507717 3.08830557855 ;
1.36281585045 4.77877474999 1.80852244351 2.02288821377 0.694750943354 0.734936721467 2.72838053066 ;
1.49661361902 4.76911666297 1.75429328154 1.90925478775 1.90826889844 0.686839769324 2.7839072558 ;
2.55325111882 4.65077327496 2.97364567251 3.0351782538 4.13669509682 1.62295553919 3.36286556186 ;
2.21520235418 4.71992518172 3.12485547261 4.42047642591 2.77808408502 3.72193959368 2.91442014577 ;
2.38200828771 4.66770180403 2.68984495818 2.75538665009 4.01314970408 1.47132786815 3.26501060316 ;
1.41789884146 4.7772269709 1.83428592916 2.01809810883 1.27658207682 0.621907395264 2.732455603 ;
2.23089355624 4.72182408911 3.13370666479 4.4288409386 2.83422188304 3.7362877621 2.93429132745 ;
2.27612013614 4.66757980394 2.63624201712 2.64389354205 3.92320761683 1.3402122077 3.21299439305 ;
2.2956314607 4.72338032968 3.15011123378 4.4036469985 2.9338924475 3.63604651678 2.98558288407 ;
1.41468743337 4.7835362474 1.73981095795 1.97146477499 1.06209295829 0.648029082999 2.72342812861 ;
1.36878084787 4.78191460201 1.78445334111 2.05183822964 0.735891306123 0.694067597009 2.71887393335 ;
2.03325009631 4.73817179453 2.30701456982 2.17704189607 3.63669301403 0.930398922872 3.11285900805 ;
2.42707283384 4.66541701285 3.17609544391 4.19876364612 3.33834576876 3.25808497064 3.08826514767 ;
2.18959450994 4.72266409 3.12015098053 4.43967807936 2.77192932207 3.76277069276 2.89764574153 ;
1.56805303049 4.7694637512 1.88133639808 1.91849501638 2.25695102362 0.707533066807 2.88094818256 ;
2.72191610477 4.62198869861 3.10190099258 3.31779201302 4.15426723539 1.84827578309 3.37139620558 ;
2.52808351293 4.65716301488 2.94939696687 2.98488948641 4.08122120702 1.59314840107 3.3363529346 ;
1.46537237505 4.76786603098 1.71042511119 1.90743002411 1.82485773466 0.669532937021 2.76897467977 ;
2.21099008408 4.72102859224 3.12658067574 4.42862523168 2.78320524071 3.73801615341 2.92268293182 ;
2.02225908415 4.73649853678 2.29846788127 2.16284392619 3.64912368661 0.935898134824 3.10822108004 ;
2.42796050145 4.66667798486 3.17657427153 4.20135790266 3.35011432024 3.25790507717 3.08830557855 ;
1.40308150566 4.78033031511 1.81694731023 2.09280831614 0.732222024404 0.709817209365 2.73455160806 ;
2.18392148766 4.72177417118 3.11838738854 4.43903531603 2.77000524786 3.75797221166 2.90362967774 ;
2.69014850246 4.62870405004 3.09159378159 3.2687087972 4.15072704889 1.83802595891 3.36577366518 ;
1.56851180904 4.76856365389 1.8590715332 1.91979825479 2.21382726952 0.687019935561 2.86844124252 ;
2.42231462332 4.66944426203 3.17824640557 4.21881981959 3.33166093608 3.27028141132 3.08193326804 ;
1.42539105307 4.77663213234 1.83119936425 2.14385185297 0.840896244887 0.703861585331 2.73166426036 ;
2.05008012877 4.73172873013 2.32371725146 2.14885914736 3.72661286944 0.973740049661 3.13382728417 ;
2.58750661843 4.64285834644 3.02834927958 3.10240856651 4.16738830339 1.68644044343 3.37444849227 ;
1.53643702876 4.76824016036 1.78268425551 1.91981026014 2.01996737739 0.6910280573 2.81247468182 ;
2.21059419276 4.72089458252 3.12471978937 4.42431383389 2.77916838525 3.72552420331 2.9111203479 ;
2.38326818678 4.6646723888 2.75336210906 2.73893690046 4.08766357909 1.50831319197 3.29535477652 ;
1.45954984957 4.77402740992 1.76689874593 2.00702716344 1.4405083527 0.587350714478 2.73569042697 ;
2.25279924497 4.7198046293 3.1291651697 4.41072763067 2.813603799 3.64827077388 2.93810216996 ;
2.23698472835 4.71962373061 3.12525032843 4.41415574834 2.78949878448 3.66939753857 2.92736117957 ;
2.40914960515 4.66082774912 2.90069288751 2.80556802247 4.1501403549 1.58171301692 3.32574088486 ;
1.54238436102 4.76844567259 1.69409701156 2.03134887768 1.64981590159 0.613139081044 2.76198983667 ;
2.13950472011 4.70115623411 2.43726350433 2.34273675948 3.75101136355 1.07584876558 3.13657643405 ;
1.3882045298 4.78243314096 1.77561333124 2.05054648128 0.828184670153 0.689151849069 2.74378698436 ;
2.38432520947 4.68913491739 3.17532699727 4.28523156713 3.23193186743 3.40233063693 3.06275898318 ;
2.4260094953 4.6672845915 3.17641243377 4.20992773094 3.34179819661 3.26067146156 3.08495171895 ;
2.03331120634 4.73663749487 2.31162168446 2.15192069436 3.67805229209 0.951331079411 3.12908545846 ;
1.40921812192 4.77654196897 1.8166697868 2.11731009051 0.774893662638 0.708340425277 2.71465087584 ;
2.13308110391 4.69609551304 2.46999818175 2.35850348264 3.7763970802 1.10845020277 3.16678844185 ;
2.38562223867 4.69445213495 3.16988375853 4.2996817807 3.18735015665 3.40763694581 3.0487144714 ;
1.4007143271 4.78119602397 1.73555433499 2.03543115991 0.844191217853 0.66921651855 2.70820393698 ;
2.47735504237 4.65820474459 2.92636835838 2.9225291247 4.1188308463 1.5994389165 3.32299841932 ;
1.50622055534 4.76929911137 1.71474482241 1.96224287209 1.7446200388 0.641274581243 2.78090833646 ;
2.21632562129 4.71993557358 3.12697644061 4.4221374855 2.78386768471 3.7261727149 2.92028742617 ;
2.41672824557 4.66522159889 3.17502796463 4.20422813907 3.32350694144 3.25519831972 3.0847309796 ;
1.4478124553 4.77835863448 1.86080245334 2.16311222896 0.913349151245 0.663184683444 2.7440354956 ;
2.04920924614 4.73737616847 2.30015798749 2.10823095245 3.76737730505 0.972156780439 3.13218349352 ;
2.03550494903 4.73787173818 2.29638358376 2.09581577983 3.81311676249 0.985020377566 3.13822710535 ;
2.42279510475 4.66629943269 3.17705996567 4.20936871047 3.34031833552 3.26100346172 3.08412061658 ;
1.49669891005 4.77155679399 1.90366167276 2.20443432686 0.971572679926 0.691384044646 2.75876669144 ;
2.42615767573 4.66545000409 3.17750799056 4.19941279929 3.35220529057 3.25855601933 3.09259572525 ;
1.35698866451 4.7802842947 1.73990782366 2.0600668929 0.697497333191 0.722606167816 2.72169893752 ;
2.0331592096 4.73925820363 2.32330717921 2.17690449744 3.59936056592 0.920004643344 3.10055687717 ;
2.21071738356 4.72096185363 3.12457495822 4.42490343335 2.78012634983 3.72971295689 2.91282476083 ;
1.52482071818 4.76787872369 1.75665630731 1.92275346855 1.99321163058 0.692976263552 2.80266400401 ;
2.57775022476 4.6457520126 3.0302521852 3.07780276709 4.14880865811 1.66429831161 3.37086994065 ;
2.41547428792 4.66870563189 3.17771199733 4.21788380529 3.31423918129 3.28445583584 3.07966401129 ;
2.05611547361 4.73105507336 2.33787496621 2.21365510919 3.66948910331 0.957408626115 3.12216688046 ;
1.38371737456 4.7830380106 1.77104474433 2.03274224511 0.76402581042 0.691701665096 2.72774599674 ;
2.41702962196 4.67065275652 3.17905343739 4.22478524022 3.32518027244 3.288524627 3.07862622164 ;
2.06682270654 4.72946438568 2.32982509088 2.20537629784 3.68507280726 0.965223619042 3.12652339136 ;
1.3832240892 4.77865161676 1.81411745545 2.07757464072 0.769462963867 0.721925453054 2.73064101259 ;
2.420689239 4.6678549152 3.17851814232 4.21512937484 3.30972451429 3.28327608288 3.08551233266 ;
1.35933994094 4.78253047813 1.66071302124 1.9629490887 0.766287736158 0.688096284235 2.66786907139 ;
2.04376130317 4.73390792254 2.37293424298 2.23736947911 3.6083684466 0.943682579058 3.13443739342 ;
2.42391567503 4.66506455978 3.17516512081 4.2000251162 3.33244442811 3.25653060557 3.08786950415 ;
2.03983497161 4.73805863464 2.31237301148 2.17613896962 3.63746501096 0.926839855019 3.09952080881 ;
1.35898220285 4.78358258442 1.77048128394 2.04309790731 0.732949099225 0.696405944049 2.74359053853 ;
1.42874229336 4.77608258216 1.68381071311 1.93006084875 1.38155679338 0.609199760654 2.75002859901 ;
2.37616440312 4.66659388171 2.77223425029 2.78864036475 3.99778043135 1.47238220461 3.25564399933 ;
2.23830997712 4.72255779717 3.13263796616 4.42265335601 2.81280984954 3.70626304649 2.94252444842 ;
1.42141534862 4.77715661747 1.81439488044 2.1263812436 0.799369756184 0.713534891911 2.71969774813 ;
2.03384609343 4.73471474855 2.31878316321 2.15161074398 3.69537568367 0.954047020533 3.13097381095 ;
2.42604762835 4.66797634631 3.17772463356 4.21159685884 3.33920452883 3.26379973731 3.08438416235 ;
2.41657498058 4.66831239784 3.17685492751 4.21670117669 3.31297393267 3.27482811915 3.08058404936 ;
2.04383853249 4.73165666179 2.34431466222 2.1731378565 3.70090603347 0.967156923976 3.13489519217 ;
1.42116339897 4.78196058295 1.76991033771 2.09211483313 0.808627508965 0.678932160975 2.71548449081 ;
2.21520235418 4.71992518172 3.12485547261 4.42047642591 2.77808408502 3.72193959368 2.91442014577 ;
1.51173022065 4.7692498531 1.76425700105 1.92639408589 1.88915210292 0.655739135668 2.78367439723 ;
2.53456952032 4.65120798527 2.95887726173 3.0143354317 4.14358470998 1.64678968662 3.36035880607 ;
2.04635596709 4.73401504319 2.31966554262 2.16765604551 3.69252475237 0.958733370829 3.120207087 ;
2.42237826024 4.6680771052 3.17675233078 4.21369084407 3.33127799395 3.26705785702 3.0819471436 ;
1.40172852299 4.77848297063 1.81178940277 2.09775368186 0.789023967188 0.700859583457 2.74036841425 ;
2.315619643 4.71367063167 3.16256769828 4.37878104592 3.02663432695 3.57635656321 3.00424759437 ;
2.23050343046 4.67720700603 2.55239520704 2.54743905684 3.86732644531 1.26041384247 3.1947598346 ;
1.41366866789 4.78355090742 1.78932769355 2.01875135489 0.894661485924 0.671602665487 2.71436044615 ;
1.42414257722 4.77551321325 1.79854384872 2.12228223229 0.790206098919 0.713405805823 2.70497370921 ;
2.413203462 4.67522849474 3.17899584622 4.23796373274 3.31171558344 3.30671099148 3.07447164164 ;
2.06194435543 4.72377536141 2.35814418037 2.20369062753 3.70738109568 0.991967955229 3.14766339562 ;
2.17038795379 4.69280482594 2.49535632259 2.44030179195 3.76950488457 1.12171745682 3.1626762648 ;
2.37399738985 4.69615054125 3.17127459608 4.30873544146 3.16477855606 3.43258432119 3.05339889404 ;
1.36365548854 4.78354014061 1.7107336498 1.9162516331 0.912942678359 0.671823936973 2.70642308327 ;
2.38426438177 4.68876495642 3.17046656773 4.28084743479 3.23226523004 3.38084427452 3.06134929552 ;
1.39473069247 4.78194846105 1.76401528854 2.0597158265 0.809730680734 0.683747881815 2.73894790912 ;
2.12841129818 4.70246318734 2.43382029273 2.31314183613 3.75019580041 1.06661890259 3.13933097947 ;
2.44083746664 4.66867484993 3.19210240596 4.1964121058 3.39880672577 3.25863133233 3.11502964032 ;
1.53676087002 4.75673408648 1.96642513113 2.36377235521 0.872361043183 0.808667023362 2.70550811055 ;
1.97322099157 4.74408038264 2.23303051684 2.03766847216 3.70937788713 0.929067312341 3.11668891625 ;
2.06421751787 4.72974032789 2.33566992501 2.19861448023 3.69722853435 0.966340962573 3.12588196402 ;
1.38879446904 4.77957276341 1.79743931424 2.08265070307 0.800229097214 0.706484398839 2.73399486628 ;
2.41874332491 4.67004828951 3.18085120226 4.2211442411 3.31888031377 3.28675487431 3.07981868035 ;
2.06882136566 4.71645205292 2.34721361383 2.16769190368 3.9101518369 1.06387663311 3.1589828024 ;
2.40964742839 4.67504168966 3.17816256377 4.24310815222 3.28440264643 3.30702045447 3.07446728707 ;
1.534772513 4.77677807435 1.91436905065 2.17593468616 1.08281491117 0.663360356886 2.76786965402 ;
2.02442754047 4.73837375967 2.29110099406 2.14311585682 3.6372832541 0.927043411716 3.11340000096 ;
2.4230305556 4.66555713182 3.1746463362 4.19790538079 3.34871961235 3.24798938887 3.08861879321 ;
1.39486647831 4.78169604648 1.81237816637 2.10078811801 0.718936930736 0.706424406484 2.71834709737 ;
2.12352938885 4.70356850079 2.42562102305 2.28572259811 3.80326754657 1.06661982397 3.15333005986 ;
1.42500497084 4.78260784894 1.79677360679 2.08368655675 0.898525373007 0.683565696329 2.74371125983 ;
2.39147073835 4.68551880557 3.17078556006 4.27224061445 3.23734298173 3.35928303568 3.05986714317 ;
2.4250476596 4.66610610267 3.17587357494 4.19941837651 3.34817158439 3.25189592261 3.08873713063 ;
2.03954416846 4.73832242275 2.29199650233 2.15588571561 3.66580383186 0.935123037705 3.11186375232 ;
1.38638969403 4.77829514374 1.83136394776 2.09342553992 0.761899639676 0.709802470525 2.73368430405 ;
1.42086927605 4.78105030035 1.72151624274 2.02984197346 0.894217761895 0.671501519659 2.70153604702 ;
2.38008870297 4.6950275222 3.16987373242 4.30319473241 3.19099591105 3.42350769708 3.05118507947 ;
2.14199052487 4.69431677574 2.49451379433 2.38157829582 3.78362909312 1.11959240621 3.1728353616 ;
1.54418475607 4.76823282344 1.80156491687 1.9224188272 2.05915216538 0.707984628489 2.82517186829 ;
2.60647966908 4.63968791379 3.04407733087 3.13262872685 4.19673733815 1.69325884256 3.37535478612 ;
2.21592265022 4.71997652217 3.12421824249 4.41918314547 2.77678319239 3.71861812534 2.91506112705 ;
1.46838931499 4.7687575657 1.59548292656 1.94282795165 1.53646220084 0.61980281843 2.73440608665 ;
2.2476926451 4.72126492027 3.12775689582 4.41324361189 2.80664838021 3.66690046744 2.93808798601 ;
2.38331214523 4.66696700116 2.86895098595 2.79326872205 4.02934059128 1.49250369523 3.29478137695 ;
2.42718697102 4.66702322608 3.16905745131 4.12846243053 3.41511036486 3.23133927017 3.11994835027 ;
2.17867994685 4.75091613001 2.73250700736 2.58550742934 2.26287577388 0.666865659221 2.96218700233 ;
1.23805562089 4.75794846891 1.21945083852 1.52385292614 2.97828926723 1.02027719895 2.92200432435 ;
2.43094331456 4.66582899849 3.17640304169 4.19635528839 3.35593841766 3.25089274801 3.08918420501 ;
1.40663359865 4.7791336052 1.83934936493 2.04668409933 0.618798990623 0.711509102086 2.70361668754 ;
1.98987583036 4.74034598428 2.26382810184 2.17581549264 3.58279188788 0.92112397689 3.10717271376 ;
2.30943444735 4.72053588459 3.15825478053 4.38861253665 2.97303228137 3.59154648201 2.99830782661 ;
2.26044821213 4.67310644551 2.62807575765 2.5904191737 3.86786022581 1.28505106983 3.20677329932 ;
1.37238913178 4.77968791294 1.65726279317 1.96435065035 1.00900857505 0.662519133147 2.69993224788 ;
2.42892673353 4.66683434381 3.17908062758 4.18892864176 3.3753632123 3.23690960554 3.09658970833 ;
1.49478117865 4.76487015999 1.9916925084 2.28374064589 0.808503063377 0.733577091261 2.73128183196 ;
1.98739063018 4.74450665948 2.20005307088 2.04519046486 3.69427041917 0.934277369527 3.1142250377 ;
1.42254714516 4.77624308241 1.8342869883 2.14379134403 0.870478790429 0.690758514627 2.73387341713 ;
2.41807636046 4.67058663704 3.17954248303 4.22376023394 3.31934321802 3.28271694623 3.0788026014 ;
2.06642804741 4.72939857543 2.33263895768 2.16263158405 3.74603676321 0.989309687645 3.13963876607 ;
2.33428029427 4.66657695724 2.68739218858 2.69956468239 4.03217944581 1.44983455194 3.26891273329 ;
2.25450438064 4.72174883255 3.13836196815 4.42218513459 2.86629864984 3.69286998785 2.94723877842 ;
1.47656181293 4.77720817557 1.81479561932 2.06102302035 1.24490671249 0.630836067732 2.72070305551 ;
