cluster 0
size:359
#377eb8
[ 1.68452119  4.72279142  0.26170089  1.58846754  2.82127353  0.65840053
  2.73134069]

cluster 1
size:705
#ff7f00
[ 2.89713996  4.50154753  3.28807606  3.5242483   4.57647587  2.04842817
  3.42029926]

cluster 2
size:730
#4daf4a
[ 2.44567074  4.74178478  2.69158397  2.57944851  3.14691855  0.75777927
  3.04615531]

cluster 3
size:460
#f781bf
[ 2.15904946  4.67533405  3.07488973  4.34558188  2.6533987   3.70153529
  2.75321355]

cluster 4
size:431
#a65628
[ 1.47970002  4.75086203  2.15498534  1.89189795  0.52353526  0.64799053
  2.60485015]

cluster 5
size:324
#984ea3
[ 0.71606477  4.72952054  2.61180544  1.16618796  3.78364949  1.23542323
  3.20688936]

