2.39585279827 4.59944495997 3.06082881733 2.79052480126 4.34575677982 1.54433329693 3.37695105444 ;
1.83281914142 4.73220730415 1.88505238828 2.15031338279 2.07833766947 0.880432825142 2.75053306849 ;
2.10135000404 4.684056563 3.10816570337 4.3911330957 2.6875142514 3.81954677221 2.79616352529 ;
1.86960282388 4.75014534158 2.62548589648 2.16421036712 2.74763804586 0.948862350565 2.96764912665 ;
2.61265632449 4.53239836134 3.27376872662 3.92612678043 3.81229694844 2.76060589105 3.14562985885 ;
1.65910292664 4.71694718228 0.0 1.74387034444 2.39602556131 0.774898250375 2.79396738834 ;
2.10672813334 4.68331973504 3.1078436732 4.3895788815 2.68601984388 3.81909093223 2.79591637508 ;
1.41732444269 4.72496589854 1.69825255468 1.86037461153 2.23746098811 0.903011059158 2.66019242574 ;
2.64851907361 4.62707690791 3.0263764431 2.92843434571 3.84834293967 1.41863353716 3.35099439047 ;
2.77976070555 4.54213866307 3.29488521161 3.89875861013 3.9869601826 2.57362805625 3.33225258876 ;
1.78677150699 4.76567707136 2.13441219635 1.99444636992 2.72828551276 0.894790492168 3.21411196528 ;
1.79736905453 4.59591584793 2.30954392674 2.86836755974 2.35523721623 1.77432385472 1.49776242868 ;
1.83281914142 4.73220730415 1.88505238828 2.15031338279 2.07833766947 0.880432825142 2.75053306849 ;
2.39585279827 4.59944495997 3.06082881733 2.79052480126 4.34575677982 1.54433329693 3.37695105444 ;
2.10135000404 4.684056563 3.10816570337 4.3911330957 2.6875142514 3.81954677221 2.79616352529 ;
1.78773142462 4.76581498309 2.13495668204 1.99582332878 2.72785829237 0.895487534959 3.2140658095 ;
2.78102792312 4.54155017882 3.29532456707 3.89780937366 3.99108996993 2.57278301198 3.33285224185 ;
1.7955489258 4.59599623854 2.31149322998 2.87190546646 2.3547821207 1.7792021022 1.50120002911 ;
2.39585279827 4.59944495997 3.06082881733 2.79052480126 4.34575677982 1.54433329693 3.37695105444 ;
1.83281914142 4.73220730415 1.88505238828 2.15031338279 2.07833766947 0.880432825142 2.75053306849 ;
2.10135000404 4.684056563 3.10816570337 4.3911330957 2.6875142514 3.81954677221 2.79616352529 ;
1.793427556 4.59594948107 2.3109477998 2.87022704072 2.35363269027 1.77934382731 1.49847300972 ;
2.78102792312 4.54155017882 3.29532456707 3.89780937366 3.99108996993 2.57278301198 3.33285224185 ;
1.78828403458 4.76572482066 2.13520383803 1.99678427205 2.72793055576 0.895982968129 3.21373891337 ;
2.77976070555 4.54213866307 3.29488521161 3.89875861013 3.9869601826 2.57362805625 3.33225258876 ;
1.78677150699 4.76567707136 2.13441219635 1.99444636992 2.72828551276 0.894790492168 3.21411196528 ;
1.79736905453 4.59591584793 2.30954392674 2.86836755974 2.35523721623 1.77432385472 1.49776242868 ;
2.77976070555 4.54213866307 3.29488521161 3.89875861013 3.9869601826 2.57362805625 3.33225258876 ;
1.78677150699 4.76567707136 2.13441219635 1.99444636992 2.72828551276 0.894790492168 3.21411196528 ;
1.79736905453 4.59591584793 2.30954392674 2.86836755974 2.35523721623 1.77432385472 1.49776242868 ;
2.78102792312 4.54155017882 3.29532456707 3.89780937366 3.99108996993 2.57278301198 3.33285224185 ;
1.7955489258 4.59599623854 2.31149322998 2.87190546646 2.3547821207 1.7792021022 1.50120002911 ;
1.78773142462 4.76581498309 2.13495668204 1.99582332878 2.72785829237 0.895487534959 3.2140658095 ;
2.77976070555 4.54213866307 3.29488521161 3.89875861013 3.9869601826 2.57362805625 3.33225258876 ;
1.79736905453 4.59591584793 2.30954392674 2.86836755974 2.35523721623 1.77432385472 1.49776242868 ;
1.78677150699 4.76567707136 2.13441219635 1.99444636992 2.72828551276 0.894790492168 3.21411196528 ;
2.78102792312 4.54155017882 3.29532456707 3.89780937366 3.99108996993 2.57278301198 3.33285224185 ;
1.793427556 4.59594948107 2.3109477998 2.87022704072 2.35363269027 1.77934382731 1.49847300972 ;
1.78828403458 4.76572482066 2.13520383803 1.99678427205 2.72793055576 0.895982968129 3.21373891337 ;
2.78102792312 4.54155017882 3.29532456707 3.89780937366 3.99108996993 2.57278301198 3.33285224185 ;
1.78828403458 4.76572482066 2.13520383803 1.99678427205 2.72793055576 0.895982968129 3.21373891337 ;
1.793427556 4.59594948107 2.3109477998 2.87022704072 2.35363269027 1.77934382731 1.49847300972 ;
1.79736905453 4.59591584793 2.30954392674 2.86836755974 2.35523721623 1.77432385472 1.49776242868 ;
2.77976070555 4.54213866307 3.29488521161 3.89875861013 3.9869601826 2.57362805625 3.33225258876 ;
1.78677150699 4.76567707136 2.13441219635 1.99444636992 2.72828551276 0.894790492168 3.21411196528 ;
1.79736905453 4.59591584793 2.30954392674 2.86836755974 2.35523721623 1.77432385472 1.49776242868 ;
2.77976070555 4.54213866307 3.29488521161 3.89875861013 3.9869601826 2.57362805625 3.33225258876 ;
1.78677150699 4.76567707136 2.13441219635 1.99444636992 2.72828551276 0.894790492168 3.21411196528 ;
2.77976070555 4.54213866307 3.29488521161 3.89875861013 3.9869601826 2.57362805625 3.33225258876 ;
1.79736905453 4.59591584793 2.30954392674 2.86836755974 2.35523721623 1.77432385472 1.49776242868 ;
1.78677150699 4.76567707136 2.13441219635 1.99444636992 2.72828551276 0.894790492168 3.21411196528 ;
2.77976070555 4.54213866307 3.29488521161 3.89875861013 3.9869601826 2.57362805625 3.33225258876 ;
1.79736905453 4.59591584793 2.30954392674 2.86836755974 2.35523721623 1.77432385472 1.49776242868 ;
1.78677150699 4.76567707136 2.13441219635 1.99444636992 2.72828551276 0.894790492168 3.21411196528 ;
2.6126787603 4.53227371628 3.27355746436 3.92657985625 3.81102173118 2.76334730703 3.14518498122 ;
1.65910292664 4.71694718228 0.0 1.74387034444 2.39602556131 0.774898250375 2.79396738834 ;
1.8700459116 4.75008861993 2.62601543149 2.16501336162 2.74908257395 0.948278794384 2.96803410359 ;
2.09943081101 4.68371179091 3.10482231749 4.38902565592 2.68495950455 3.81891138054 2.80411898517 ;
2.35363523708 4.64258753013 2.98316417569 2.73797568292 3.8312832215 1.37781752361 3.33655914258 ;
1.64653926384 4.72025668453 1.47799477938 1.94616466292 1.90936857668 0.857801447797 2.52798703663 ;
2.77976070555 4.54213866307 3.29488521161 3.89875861013 3.9869601826 2.57362805625 3.33225258876 ;
1.79736905453 4.59591584793 2.30954392674 2.86836755974 2.35523721623 1.77432385472 1.49776242868 ;
1.78677150699 4.76567707136 2.13441219635 1.99444636992 2.72828551276 0.894790492168 3.21411196528 ;
1.79736905453 4.59591584793 2.30954392674 2.86836755974 2.35523721623 1.77432385472 1.49776242868 ;
1.78677150699 4.76567707136 2.13441219635 1.99444636992 2.72828551276 0.894790492168 3.21411196528 ;
2.77976070555 4.54213866307 3.29488521161 3.89875861013 3.9869601826 2.57362805625 3.33225258876 ;
2.77976070555 4.54213866307 3.29488521161 3.89875861013 3.9869601826 2.57362805625 3.33225258876 ;
1.78677150699 4.76567707136 2.13441219635 1.99444636992 2.72828551276 0.894790492168 3.21411196528 ;
1.79736905453 4.59591584793 2.30954392674 2.86836755974 2.35523721623 1.77432385472 1.49776242868 ;
1.78677150699 4.76567707136 2.13441219635 1.99444636992 2.72828551276 0.894790492168 3.21411196528 ;
1.79736905453 4.59591584793 2.30954392674 2.86836755974 2.35523721623 1.77432385472 1.49776242868 ;
2.77976070555 4.54213866307 3.29488521161 3.89875861013 3.9869601826 2.57362805625 3.33225258876 ;
2.6408358425 4.62888467502 3.02559481721 2.90703512695 3.8489557767 1.41936626363 3.3519820591 ;
2.10672813334 4.68331973504 3.1078436732 4.3895788815 2.68601984388 3.81909093223 2.79591637508 ;
1.41414539044 4.72375011252 1.6856130422 1.87569488436 2.22021538822 0.896832620251 2.65190753575 ;
2.77976070555 4.54213866307 3.29488521161 3.89875861013 3.9869601826 2.57362805625 3.33225258876 ;
1.79736905453 4.59591584793 2.30954392674 2.86836755974 2.35523721623 1.77432385472 1.49776242868 ;
1.78677150699 4.76567707136 2.13441219635 1.99444636992 2.72828551276 0.894790492168 3.21411196528 ;
1.78677150699 4.76567707136 2.13441219635 1.99444636992 2.72828551276 0.894790492168 3.21411196528 ;
1.79736905453 4.59591584793 2.30954392674 2.86836755974 2.35523721623 1.77432385472 1.49776242868 ;
2.77976070555 4.54213866307 3.29488521161 3.89875861013 3.9869601826 2.57362805625 3.33225258876 ;
2.77976070555 4.54213866307 3.29488521161 3.89875861013 3.9869601826 2.57362805625 3.33225258876 ;
1.78677150699 4.76567707136 2.13441219635 1.99444636992 2.72828551276 0.894790492168 3.21411196528 ;
1.79736905453 4.59591584793 2.30954392674 2.86836755974 2.35523721623 1.77432385472 1.49776242868 ;
1.79736905453 4.59591584793 2.30954392674 2.86836755974 2.35523721623 1.77432385472 1.49776242868 ;
2.77976070555 4.54213866307 3.29488521161 3.89875861013 3.9869601826 2.57362805625 3.33225258876 ;
1.78677150699 4.76567707136 2.13441219635 1.99444636992 2.72828551276 0.894790492168 3.21411196528 ;
2.77976070555 4.54213866307 3.29488521161 3.89875861013 3.9869601826 2.57362805625 3.33225258876 ;
1.79736905453 4.59591584793 2.30954392674 2.86836755974 2.35523721623 1.77432385472 1.49776242868 ;
1.78677150699 4.76567707136 2.13441219635 1.99444636992 2.72828551276 0.894790492168 3.21411196528 ;
2.39585279827 4.59944495997 3.06082881733 2.79052480126 4.34575677982 1.54433329693 3.37695105444 ;
1.83281914142 4.73220730415 1.88505238828 2.15031338279 2.07833766947 0.880432825142 2.75053306849 ;
2.10135000404 4.684056563 3.10816570337 4.3911330957 2.6875142514 3.81954677221 2.79616352529 ;
1.79736905453 4.59591584793 2.30954392674 2.86836755974 2.35523721623 1.77432385472 1.49776242868 ;
2.77976070555 4.54213866307 3.29488521161 3.89875861013 3.9869601826 2.57362805625 3.33225258876 ;
1.78677150699 4.76567707136 2.13441219635 1.99444636992 2.72828551276 0.894790492168 3.21411196528 ;
2.77976070555 4.54213866307 3.29488521161 3.89875861013 3.9869601826 2.57362805625 3.33225258876 ;
1.78677150699 4.76567707136 2.13441219635 1.99444636992 2.72828551276 0.894790492168 3.21411196528 ;
1.79736905453 4.59591584793 2.30954392674 2.86836755974 2.35523721623 1.77432385472 1.49776242868 ;
2.10672813334 4.68331973504 3.1078436732 4.3895788815 2.68601984388 3.81909093223 2.79591637508 ;
1.41414539044 4.72375011252 1.6856130422 1.87569488436 2.22021538822 0.896832620251 2.65190753575 ;
2.6408358425 4.62888467502 3.02559481721 2.90703512695 3.8489557767 1.41936626363 3.3519820591 ;
1.64653926384 4.72025668453 1.47799477938 1.94616466292 1.90936857668 0.857801447797 2.52798703663 ;
2.35363523708 4.64258753013 2.98316417569 2.73797568292 3.8312832215 1.37781752361 3.33655914258 ;
2.09943081101 4.68371179091 3.10482231749 4.38902565592 2.68495950455 3.81891138054 2.80411898517 ;
2.39585279827 4.59944495997 3.06082881733 2.79052480126 4.34575677982 1.54433329693 3.37695105444 ;
1.83281914142 4.73220730415 1.88505238828 2.15031338279 2.07833766947 0.880432825142 2.75053306849 ;
2.10135000404 4.684056563 3.10816570337 4.3911330957 2.6875142514 3.81954677221 2.79616352529 ;
2.35363523708 4.64258753013 2.98316417569 2.73797568292 3.8312832215 1.37781752361 3.33655914258 ;
1.64653926384 4.72025668453 1.47799477938 1.94616466292 1.90936857668 0.857801447797 2.52798703663 ;
2.09943081101 4.68371179091 3.10482231749 4.38902565592 2.68495950455 3.81891138054 2.80411898517 ;
1.78677150699 4.76567707136 2.13441219635 1.99444636992 2.72828551276 0.894790492168 3.21411196528 ;
2.77976070555 4.54213866307 3.29488521161 3.89875861013 3.9869601826 2.57362805625 3.33225258876 ;
1.79736905453 4.59591584793 2.30954392674 2.86836755974 2.35523721623 1.77432385472 1.49776242868 ;
2.35363523708 4.64258753013 2.98316417569 2.73797568292 3.8312832215 1.37781752361 3.33655914258 ;
1.64653926384 4.72025668453 1.47799477938 1.94616466292 1.90936857668 0.857801447797 2.52798703663 ;
2.09943081101 4.68371179091 3.10482231749 4.38902565592 2.68495950455 3.81891138054 2.80411898517 ;
1.78677150699 4.76567707136 2.13441219635 1.99444636992 2.72828551276 0.894790492168 3.21411196528 ;
2.77976070555 4.54213866307 3.29488521161 3.89875861013 3.9869601826 2.57362805625 3.33225258876 ;
1.79736905453 4.59591584793 2.30954392674 2.86836755974 2.35523721623 1.77432385472 1.49776242868 ;
1.78677150699 4.76567707136 2.13441219635 1.99444636992 2.72828551276 0.894790492168 3.21411196528 ;
2.77976070555 4.54213866307 3.29488521161 3.89875861013 3.9869601826 2.57362805625 3.33225258876 ;
1.79736905453 4.59591584793 2.30954392674 2.86836755974 2.35523721623 1.77432385472 1.49776242868 ;
1.78773142462 4.76581498309 2.13495668204 1.99582332878 2.72785829237 0.895487534959 3.2140658095 ;
1.7955489258 4.59599623854 2.31149322998 2.87190546646 2.3547821207 1.7792021022 1.50120002911 ;
2.78102792312 4.54155017882 3.29532456707 3.89780937366 3.99108996993 2.57278301198 3.33285224185 ;
2.39585279827 4.59944495997 3.06082881733 2.79052480126 4.34575677982 1.54433329693 3.37695105444 ;
1.83281914142 4.73220730415 1.88505238828 2.15031338279 2.07833766947 0.880432825142 2.75053306849 ;
2.10135000404 4.684056563 3.10816570337 4.3911330957 2.6875142514 3.81954677221 2.79616352529 ;
2.77976070555 4.54213866307 3.29488521161 3.89875861013 3.9869601826 2.57362805625 3.33225258876 ;
1.78677150699 4.76567707136 2.13441219635 1.99444636992 2.72828551276 0.894790492168 3.21411196528 ;
1.79736905453 4.59591584793 2.30954392674 2.86836755974 2.35523721623 1.77432385472 1.49776242868 ;
2.39585279827 4.59944495997 3.06082881733 2.79052480126 4.34575677982 1.54433329693 3.37695105444 ;
1.83281914142 4.73220730415 1.88505238828 2.15031338279 2.07833766947 0.880432825142 2.75053306849 ;
2.10135000404 4.684056563 3.10816570337 4.3911330957 2.6875142514 3.81954677221 2.79616352529 ;
1.41414539044 4.72375011252 1.6856130422 1.87569488436 2.22021538822 0.896832620251 2.65190753575 ;
2.6408358425 4.62888467502 3.02559481721 2.90703512695 3.8489557767 1.41936626363 3.3519820591 ;
2.10672813334 4.68331973504 3.1078436732 4.3895788815 2.68601984388 3.81909093223 2.79591637508 ;
2.39585279827 4.59944495997 3.06082881733 2.79052480126 4.34575677982 1.54433329693 3.37695105444 ;
1.83281914142 4.73220730415 1.88505238828 2.15031338279 2.07833766947 0.880432825142 2.75053306849 ;
2.10135000404 4.684056563 3.10816570337 4.3911330957 2.6875142514 3.81954677221 2.79616352529 ;
1.78677150699 4.76567707136 2.13441219635 1.99444636992 2.72828551276 0.894790492168 3.21411196528 ;
2.77976070555 4.54213866307 3.29488521161 3.89875861013 3.9869601826 2.57362805625 3.33225258876 ;
1.79736905453 4.59591584793 2.30954392674 2.86836755974 2.35523721623 1.77432385472 1.49776242868 ;
2.77976070555 4.54213866307 3.29488521161 3.89875861013 3.9869601826 2.57362805625 3.33225258876 ;
1.78677150699 4.76567707136 2.13441219635 1.99444636992 2.72828551276 0.894790492168 3.21411196528 ;
1.79736905453 4.59591584793 2.30954392674 2.86836755974 2.35523721623 1.77432385472 1.49776242868 ;
1.41449492841 4.72384857133 1.68682479065 1.87249949274 2.22113335516 0.896964189258 2.65273179005 ;
2.64225856069 4.62867205558 3.02647042367 2.91108392239 3.85047373464 1.41998646229 3.35228322519 ;
2.10672813334 4.68331973504 3.1078436732 4.3895788815 2.68601984388 3.81909093223 2.79591637508 ;
1.793427556 4.59594948107 2.3109477998 2.87022704072 2.35363269027 1.77934382731 1.49847300972 ;
2.78102792312 4.54155017882 3.29532456707 3.89780937366 3.99108996993 2.57278301198 3.33285224185 ;
1.78828403458 4.76572482066 2.13520383803 1.99678427205 2.72793055576 0.895982968129 3.21373891337 ;
1.78828403458 4.76572482066 2.13520383803 1.99678427205 2.72793055576 0.895982968129 3.21373891337 ;
2.78102792312 4.54155017882 3.29532456707 3.89780937366 3.99108996993 2.57278301198 3.33285224185 ;
1.793427556 4.59594948107 2.3109477998 2.87022704072 2.35363269027 1.77934382731 1.49847300972 ;
2.39585279827 4.59944495997 3.06082881733 2.79052480126 4.34575677982 1.54433329693 3.37695105444 ;
1.83281914142 4.73220730415 1.88505238828 2.15031338279 2.07833766947 0.880432825142 2.75053306849 ;
2.10135000404 4.684056563 3.10816570337 4.3911330957 2.6875142514 3.81954677221 2.79616352529 ;
2.77840594124 4.54436090573 3.29109795178 3.89983445848 3.97122621395 2.56156331916 3.3318674846 ;
1.78306065733 4.76593918369 2.13255380286 1.98393236775 2.72812200066 0.89325110876 3.21436884978 ;
1.78914878359 4.59461481788 2.29630009067 2.86374374715 2.35516550496 1.76952865251 1.4824718308 ;
2.77976070555 4.54213866307 3.29488521161 3.89875861013 3.9869601826 2.57362805625 3.33225258876 ;
1.79736905453 4.59591584793 2.30954392674 2.86836755974 2.35523721623 1.77432385472 1.49776242868 ;
1.78677150699 4.76567707136 2.13441219635 1.99444636992 2.72828551276 0.894790492168 3.21411196528 ;
1.79736905453 4.59591584793 2.30954392674 2.86836755974 2.35523721623 1.77432385472 1.49776242868 ;
2.77976070555 4.54213866307 3.29488521161 3.89875861013 3.9869601826 2.57362805625 3.33225258876 ;
1.78677150699 4.76567707136 2.13441219635 1.99444636992 2.72828551276 0.894790492168 3.21411196528 ;
2.61265632449 4.53239836134 3.27376872662 3.92612678043 3.81229694844 2.76060589105 3.14562985885 ;
1.86960282388 4.75014534158 2.62548589648 2.16421036712 2.74763804586 0.948862350565 2.96764912665 ;
1.65910292664 4.71694718228 0.0 1.74387034444 2.39602556131 0.774898250375 2.79396738834 ;
1.83281914142 4.73220730415 1.88505238828 2.15031338279 2.07833766947 0.880432825142 2.75053306849 ;
2.39585279827 4.59944495997 3.06082881733 2.79052480126 4.34575677982 1.54433329693 3.37695105444 ;
2.10135000404 4.684056563 3.10816570337 4.3911330957 2.6875142514 3.81954677221 2.79616352529 ;
2.77976070555 4.54213866307 3.29488521161 3.89875861013 3.9869601826 2.57362805625 3.33225258876 ;
1.79736905453 4.59591584793 2.30954392674 2.86836755974 2.35523721623 1.77432385472 1.49776242868 ;
1.78677150699 4.76567707136 2.13441219635 1.99444636992 2.72828551276 0.894790492168 3.21411196528 ;
2.77976070555 4.54213866307 3.29488521161 3.89875861013 3.9869601826 2.57362805625 3.33225258876 ;
1.79736905453 4.59591584793 2.30954392674 2.86836755974 2.35523721623 1.77432385472 1.49776242868 ;
1.78677150699 4.76567707136 2.13441219635 1.99444636992 2.72828551276 0.894790492168 3.21411196528 ;
2.77976070555 4.54213866307 3.29488521161 3.89875861013 3.9869601826 2.57362805625 3.33225258876 ;
1.79736905453 4.59591584793 2.30954392674 2.86836755974 2.35523721623 1.77432385472 1.49776242868 ;
1.78677150699 4.76567707136 2.13441219635 1.99444636992 2.72828551276 0.894790492168 3.21411196528 ;
2.77976070555 4.54213866307 3.29488521161 3.89875861013 3.9869601826 2.57362805625 3.33225258876 ;
1.79736905453 4.59591584793 2.30954392674 2.86836755974 2.35523721623 1.77432385472 1.49776242868 ;
1.78677150699 4.76567707136 2.13441219635 1.99444636992 2.72828551276 0.894790492168 3.21411196528 ;
1.79736905453 4.59591584793 2.30954392674 2.86836755974 2.35523721623 1.77432385472 1.49776242868 ;
2.77976070555 4.54213866307 3.29488521161 3.89875861013 3.9869601826 2.57362805625 3.33225258876 ;
1.78677150699 4.76567707136 2.13441219635 1.99444636992 2.72828551276 0.894790492168 3.21411196528 ;
1.79109013874 4.59691169837 2.29712169029 2.85540351771 2.35005105239 1.76917839906 1.48155341971 ;
2.77608592883 4.54447310808 3.28910849867 3.90089009925 3.96633327964 2.55854727498 3.33086633 ;
1.78146548905 4.76571697079 2.13075921425 1.98136727113 2.72897640327 0.891536851339 3.21383821498 ;
1.79736905453 4.59591584793 2.30954392674 2.86836755974 2.35523721623 1.77432385472 1.49776242868 ;
2.77976070555 4.54213866307 3.29488521161 3.89875861013 3.9869601826 2.57362805625 3.33225258876 ;
1.78677150699 4.76567707136 2.13441219635 1.99444636992 2.72828551276 0.894790492168 3.21411196528 ;
1.83281914142 4.73220730415 1.88505238828 2.15031338279 2.07833766947 0.880432825142 2.75053306849 ;
2.10135000404 4.684056563 3.10816570337 4.3911330957 2.6875142514 3.81954677221 2.79616352529 ;
2.39585279827 4.59944495997 3.06082881733 2.79052480126 4.34575677982 1.54433329693 3.37695105444 ;
2.61251838646 4.53243172389 3.27390880634 3.92730000792 3.81463900208 2.76336309723 3.14472829594 ;
1.65910292664 4.71694718228 0.0 1.74387034444 2.39602556131 0.774898250375 2.79396738834 ;
1.87105723925 4.74972349249 2.62659404658 2.16673288285 2.74815414709 0.950498860644 2.96853365547 ;
2.77976070555 4.54213866307 3.29488521161 3.89875861013 3.9869601826 2.57362805625 3.33225258876 ;
1.79736905453 4.59591584793 2.30954392674 2.86836755974 2.35523721623 1.77432385472 1.49776242868 ;
1.78677150699 4.76567707136 2.13441219635 1.99444636992 2.72828551276 0.894790492168 3.21411196528 ;
2.77976070555 4.54213866307 3.29488521161 3.89875861013 3.9869601826 2.57362805625 3.33225258876 ;
1.78677150699 4.76567707136 2.13441219635 1.99444636992 2.72828551276 0.894790492168 3.21411196528 ;
1.79736905453 4.59591584793 2.30954392674 2.86836755974 2.35523721623 1.77432385472 1.49776242868 ;
1.78677150699 4.76567707136 2.13441219635 1.99444636992 2.72828551276 0.894790492168 3.21411196528 ;
2.77976070555 4.54213866307 3.29488521161 3.89875861013 3.9869601826 2.57362805625 3.33225258876 ;
1.79736905453 4.59591584793 2.30954392674 2.86836755974 2.35523721623 1.77432385472 1.49776242868 ;
2.10135000404 4.684056563 3.10816570337 4.3911330957 2.6875142514 3.81954677221 2.79616352529 ;
1.83281914142 4.73220730415 1.88505238828 2.15031338279 2.07833766947 0.880432825142 2.75053306849 ;
2.39585279827 4.59944495997 3.06082881733 2.79052480126 4.34575677982 1.54433329693 3.37695105444 ;
1.78677150699 4.76567707136 2.13441219635 1.99444636992 2.72828551276 0.894790492168 3.21411196528 ;
2.77976070555 4.54213866307 3.29488521161 3.89875861013 3.9869601826 2.57362805625 3.33225258876 ;
1.79736905453 4.59591584793 2.30954392674 2.86836755974 2.35523721623 1.77432385472 1.49776242868 ;
1.78677150699 4.76567707136 2.13441219635 1.99444636992 2.72828551276 0.894790492168 3.21411196528 ;
2.77976070555 4.54213866307 3.29488521161 3.89875861013 3.9869601826 2.57362805625 3.33225258876 ;
1.79736905453 4.59591584793 2.30954392674 2.86836755974 2.35523721623 1.77432385472 1.49776242868 ;
1.78677150699 4.76567707136 2.13441219635 1.99444636992 2.72828551276 0.894790492168 3.21411196528 ;
2.77976070555 4.54213866307 3.29488521161 3.89875861013 3.9869601826 2.57362805625 3.33225258876 ;
1.79736905453 4.59591584793 2.30954392674 2.86836755974 2.35523721623 1.77432385472 1.49776242868 ;
2.77976070555 4.54213866307 3.29488521161 3.89875861013 3.9869601826 2.57362805625 3.33225258876 ;
1.79736905453 4.59591584793 2.30954392674 2.86836755974 2.35523721623 1.77432385472 1.49776242868 ;
1.78677150699 4.76567707136 2.13441219635 1.99444636992 2.72828551276 0.894790492168 3.21411196528 ;
1.41699203903 4.7238120951 1.68935722734 1.87769066585 2.22087728576 0.898354155027 2.65388556439 ;
2.64192308313 4.62856922644 3.02626201761 2.90827523988 3.85295617423 1.41957603328 3.35231269816 ;
2.10672813334 4.68331973504 3.1078436732 4.3895788815 2.68601984388 3.81909093223 2.79591637508 ;
2.6408358425 4.62888467502 3.02559481721 2.90703512695 3.8489557767 1.41936626363 3.3519820591 ;
2.10672813334 4.68331973504 3.1078436732 4.3895788815 2.68601984388 3.81909093223 2.79591637508 ;
1.41414539044 4.72375011252 1.6856130422 1.87569488436 2.22021538822 0.896832620251 2.65190753575 ;
2.77976070555 4.54213866307 3.29488521161 3.89875861013 3.9869601826 2.57362805625 3.33225258876 ;
1.79736905453 4.59591584793 2.30954392674 2.86836755974 2.35523721623 1.77432385472 1.49776242868 ;
1.78677150699 4.76567707136 2.13441219635 1.99444636992 2.72828551276 0.894790492168 3.21411196528 ;
2.77976070555 4.54213866307 3.29488521161 3.89875861013 3.9869601826 2.57362805625 3.33225258876 ;
1.79736905453 4.59591584793 2.30954392674 2.86836755974 2.35523721623 1.77432385472 1.49776242868 ;
1.78677150699 4.76567707136 2.13441219635 1.99444636992 2.72828551276 0.894790492168 3.21411196528 ;
1.78677150699 4.76567707136 2.13441219635 1.99444636992 2.72828551276 0.894790492168 3.21411196528 ;
2.77976070555 4.54213866307 3.29488521161 3.89875861013 3.9869601826 2.57362805625 3.33225258876 ;
1.79736905453 4.59591584793 2.30954392674 2.86836755974 2.35523721623 1.77432385472 1.49776242868 ;
2.77976070555 4.54213866307 3.29488521161 3.89875861013 3.9869601826 2.57362805625 3.33225258876 ;
1.79736905453 4.59591584793 2.30954392674 2.86836755974 2.35523721623 1.77432385472 1.49776242868 ;
1.78677150699 4.76567707136 2.13441219635 1.99444636992 2.72828551276 0.894790492168 3.21411196528 ;
1.83281914142 4.73220730415 1.88505238828 2.15031338279 2.07833766947 0.880432825142 2.75053306849 ;
2.39585279827 4.59944495997 3.06082881733 2.79052480126 4.34575677982 1.54433329693 3.37695105444 ;
2.10135000404 4.684056563 3.10816570337 4.3911330957 2.6875142514 3.81954677221 2.79616352529 ;
1.79736905453 4.59591584793 2.30954392674 2.86836755974 2.35523721623 1.77432385472 1.49776242868 ;
2.77976070555 4.54213866307 3.29488521161 3.89875861013 3.9869601826 2.57362805625 3.33225258876 ;
1.78677150699 4.76567707136 2.13441219635 1.99444636992 2.72828551276 0.894790492168 3.21411196528 ;
1.79109013874 4.59691169837 2.29712169029 2.85540351771 2.35005105239 1.76917839906 1.48155341971 ;
2.77608592883 4.54447310808 3.28910849867 3.90089009925 3.96633327964 2.55854727498 3.33086633 ;
1.78146548905 4.76571697079 2.13075921425 1.98136727113 2.72897640327 0.891536851339 3.21383821498 ;
2.77976070555 4.54213866307 3.29488521161 3.89875861013 3.9869601826 2.57362805625 3.33225258876 ;
1.79736905453 4.59591584793 2.30954392674 2.86836755974 2.35523721623 1.77432385472 1.49776242868 ;
1.78677150699 4.76567707136 2.13441219635 1.99444636992 2.72828551276 0.894790492168 3.21411196528 ;
1.78773142462 4.76581498309 2.13495668204 1.99582332878 2.72785829237 0.895487534959 3.2140658095 ;
1.7955489258 4.59599623854 2.31149322998 2.87190546646 2.3547821207 1.7792021022 1.50120002911 ;
2.78102792312 4.54155017882 3.29532456707 3.89780937366 3.99108996993 2.57278301198 3.33285224185 ;
2.77976070555 4.54213866307 3.29488521161 3.89875861013 3.9869601826 2.57362805625 3.33225258876 ;
1.79736905453 4.59591584793 2.30954392674 2.86836755974 2.35523721623 1.77432385472 1.49776242868 ;
1.78677150699 4.76567707136 2.13441219635 1.99444636992 2.72828551276 0.894790492168 3.21411196528 ;
2.10135000404 4.684056563 3.10816570337 4.3911330957 2.6875142514 3.81954677221 2.79616352529 ;
1.83281914142 4.73220730415 1.88505238828 2.15031338279 2.07833766947 0.880432825142 2.75053306849 ;
2.39585279827 4.59944495997 3.06082881733 2.79052480126 4.34575677982 1.54433329693 3.37695105444 ;
2.64816915503 4.62774769546 3.02764266138 2.92248619705 3.855780178 1.41959315686 3.35256986645 ;
1.41878421366 4.72407664854 1.69785066679 1.86842876475 2.22987686772 0.902292210557 2.65888082126 ;
2.10672813334 4.68331973504 3.1078436732 4.3895788815 2.68601984388 3.81909093223 2.79591637508 ;
2.77976070555 4.54213866307 3.29488521161 3.89875861013 3.9869601826 2.57362805625 3.33225258876 ;
1.78677150699 4.76567707136 2.13441219635 1.99444636992 2.72828551276 0.894790492168 3.21411196528 ;
1.79736905453 4.59591584793 2.30954392674 2.86836755974 2.35523721623 1.77432385472 1.49776242868 ;
2.10135000404 4.684056563 3.10816570337 4.3911330957 2.6875142514 3.81954677221 2.79616352529 ;
2.39585279827 4.59944495997 3.06082881733 2.79052480126 4.34575677982 1.54433329693 3.37695105444 ;
1.83281914142 4.73220730415 1.88505238828 2.15031338279 2.07833766947 0.880432825142 2.75053306849 ;
1.78677150699 4.76567707136 2.13441219635 1.99444636992 2.72828551276 0.894790492168 3.21411196528 ;
1.79736905453 4.59591584793 2.30954392674 2.86836755974 2.35523721623 1.77432385472 1.49776242868 ;
2.77976070555 4.54213866307 3.29488521161 3.89875861013 3.9869601826 2.57362805625 3.33225258876 ;
1.78828403458 4.76572482066 2.13520383803 1.99678427205 2.72793055576 0.895982968129 3.21373891337 ;
2.78102792312 4.54155017882 3.29532456707 3.89780937366 3.99108996993 2.57278301198 3.33285224185 ;
1.793427556 4.59594948107 2.3109477998 2.87022704072 2.35363269027 1.77934382731 1.49847300972 ;
1.79736905453 4.59591584793 2.30954392674 2.86836755974 2.35523721623 1.77432385472 1.49776242868 ;
2.77976070555 4.54213866307 3.29488521161 3.89875861013 3.9869601826 2.57362805625 3.33225258876 ;
1.78677150699 4.76567707136 2.13441219635 1.99444636992 2.72828551276 0.894790492168 3.21411196528 ;
2.77976070555 4.54213866307 3.29488521161 3.89875861013 3.9869601826 2.57362805625 3.33225258876 ;
1.78677150699 4.76567707136 2.13441219635 1.99444636992 2.72828551276 0.894790492168 3.21411196528 ;
1.79736905453 4.59591584793 2.30954392674 2.86836755974 2.35523721623 1.77432385472 1.49776242868 ;
1.79736905453 4.59591584793 2.30954392674 2.86836755974 2.35523721623 1.77432385472 1.49776242868 ;
2.77976070555 4.54213866307 3.29488521161 3.89875861013 3.9869601826 2.57362805625 3.33225258876 ;
1.78677150699 4.76567707136 2.13441219635 1.99444636992 2.72828551276 0.894790492168 3.21411196528 ;
2.78102792312 4.54155017882 3.29532456707 3.89780937366 3.99108996993 2.57278301198 3.33285224185 ;
1.78828403458 4.76572482066 2.13520383803 1.99678427205 2.72793055576 0.895982968129 3.21373891337 ;
1.793427556 4.59594948107 2.3109477998 2.87022704072 2.35363269027 1.77934382731 1.49847300972 ;
2.10672813334 4.68331973504 3.1078436732 4.3895788815 2.68601984388 3.81909093223 2.79591637508 ;
2.6408358425 4.62888467502 3.02559481721 2.90703512695 3.8489557767 1.41936626363 3.3519820591 ;
1.41414539044 4.72375011252 1.6856130422 1.87569488436 2.22021538822 0.896832620251 2.65190753575 ;
1.79736905453 4.59591584793 2.30954392674 2.86836755974 2.35523721623 1.77432385472 1.49776242868 ;
2.77976070555 4.54213866307 3.29488521161 3.89875861013 3.9869601826 2.57362805625 3.33225258876 ;
1.78677150699 4.76567707136 2.13441219635 1.99444636992 2.72828551276 0.894790492168 3.21411196528 ;
2.10672813334 4.68331973504 3.1078436732 4.3895788815 2.68601984388 3.81909093223 2.79591637508 ;
2.6408358425 4.62888467502 3.02559481721 2.90703512695 3.8489557767 1.41936626363 3.3519820591 ;
1.41414539044 4.72375011252 1.6856130422 1.87569488436 2.22021538822 0.896832620251 2.65190753575 ;
